2003,1737753#0EBBIHWx85,9911343.7,-18605954,-19370204.2500,2018-04-26 07:39:16.000,-213.4,-194.20,-10452183,-8403532,-157.790,18699513,3122422,4274061#wwFNnSCewh9U7TQKyZg2ls0t7DO0e4bNX5qMS,-8061070,11593498,-5610242.07,-3046966,-16998938.5900
2004,7076422#5XTnnmZMy4,-4165593.5,8156673,-5000620.4700,2018-09-15 23:55:08.000,-572.4,-635.50,-2852425,11812120,-631.460,1298352,-19593696,18751220#OigQM7jHsF9jZuHZ44l16dRTbSCHHBPhWHvL2,-5185730,13980662,1.805456037E7,-7817777,-19825673.0100
2005,880620#owApun7HMy,9139406.24,-2235583,9240464.2300,2020-01-18 13:55:10.000,-228.7,-196.15,15270324,19960205,-164.490,-1622820,-7066172,19240652#N9W4qb51Z2AMfWyyRofqhT3GS9IjLGwe0Wn02,12053649,3465809,1.267791646E7,5732223,-10691032.2500
2006,4219688#B6egNXeZ4k,1.605630086E7,16434591,9624707.9600,2018-09-27 09:24:33.000,170.7,-603.97,-3627020,-8132279,648.540,-13579686,11688987,14847170#VDGEUZmUV8M1c7XZJ1Ftng4duTodsSeoCk0Wb,-17769123,737171,1.749764304E7,-16362618,1636611.7700
2007,4178633#LacqMiE6SO,7137212.82,-1857279,3218029.2900,2018-02-26 16:22:31.000,742.6,699.99,18416402,9803658,412.690,7246427,172454,9748883#7kJglo4w9yaMshg8CVN5PmqaqJA6TdMjvOhxu,4836167,8089025,-6637888.16,-7496409,-13082280.7600
2008,14002237#SMBWQCuWDe,-1.407375234E7,13110580,-5613076.0100,2019-02-06 21:22:23.000,-416.0,508.66,-14376510,14640567,349.150,-16412228,-1058066,6586863#ra44hgJU0QkOmoh2cEcoN7Ty67hZcRvyjechL,-3976579,1342633,-1.603806388E7,-18887649,12707079.7100
2009,14447973#hfI5ksgwEh,1.912644469E7,13669743,16294934.2900,2019-03-26 17:55:50.000,740.0,346.14,-3997533,7896747,20.414,5944318,11382221,2614983#z7VW0KYN26ZS3trO4YnGQCvuoodHmbA1sDqTY,-18450333,-10517928,1.092419954E7,-7891054,18205236.1400
2010,11844207#gD7LT3PjEg,-6568607.46,8097032,6201234.4900,2018-06-21 16:48:29.000,-58.1,-648.23,-17502444,16130009,-111.960,-12631517,7676389,13576137#BKdHiTiceFfWIZpePoZx5Uz5ljfLATKvcZAic,-11677012,14331882,1.440158844E7,-7353692,17136700.3500
2011,9548758#12ow1LPzab,-1.525357755E7,-5646113,11554253.4200,2019-09-27 05:53:54.000,507.1,135.03,173163,13276388,-392.690,15919414,-7007408,3607205#YfXp7iRsWzsEAHVFlRCHeW2lQAGgW9OKLeo0g,1572057,4012766,-9165778.45,-16936598,5300029.1500
2012,9079502#sGYsjoPfMb,6022600.66,-19197638,-6907976.3100,2020-01-09 22:38:19.000,-162.4,224.00,17888352,-14040077,-629.860,16782884,2264030,13463917#cFikvgg08vlKmbpabC2RJdNlWWVhYu9D6cMUk,-6513704,-7758592,-1.718725665E7,14480306,1062224.1100
2013,15738659#x4iVZYbEBQ,8782870.53,-13175598,2762160.3900,2020-01-17 18:20:30.000,-395.2,23.89,-17416121,-11160654,445.740,13360379,-2084242,1163823#ryXkSXIu5GifFxajJzloHCdZrv8nmiBeej3si,-19745589,-5868094,-1.739534846E7,4710702,-17691032.2700
2014,16197767#eGbOmvPumF,1964937.06,3742184,13658876.3500,2019-07-01 13:28:41.000,-92.0,767.93,19014723,-9289433,-427.720,-13263948,6994418,6907657#I98rX5nvIvsk2MJ2LT9mxhsNAukcYVwRHZQ21,-8549420,2502009,-1.903881143E7,11550699,-13009025.1900
2015,17631622#4NQueE8FoP,-8259688.84,-7395701,-13763556.5800,2020-01-01 06:55:44.000,568.6,-31.40,43594,6937702,-180.110,16918038,10542093,8058015#MpYWLWb8Z5OibfIUfWO9d8PJuWNjaDgfhpZhK,12816253,-10287977,6392405.74,-8369520,8798247.5400
2016,15225887#GK6Yj9Qamk,-7648271.1,-5513071,-10601218.6600,2020-03-05 02:17:34.000,-571.9,-157.79,918451,16161764,-241.020,9248683,-7879929,17938453#mCpKiaM3Jo5R1Oj3wj4swUuNeJFpCUfc8p8Dc,8460490,17882211,7654373.27,13589425,-8760454.1400
2017,1720070#rwK3CihqRT,-4558078.07,8480560,-6828916.3500,2020-01-30 10:17:28.000,657.9,-19.17,7376265,3141000,658.620,4733858,6715048,18708237#SJ3lG1T1etIRzjpdmpnO3YA62mGXPzJIawFzP,-19138727,-10119796,1.048486814E7,-17589231,14397459.1700
2018,16568506#IOc2YpHY7n,-1.259257216E7,-19385589,-19964108.6800,2019-03-02 05:24:38.000,-100.8,-645.41,3247922,-7618428,646.750,-6983381,14295675,1841200#do5xqcf2YO4hsgia2pt2K5fM8Tag0fVi6ZvcG,-14881959,1787003,6784555.76,4216643,12371875.7500
2019,8864526#BMjoP0vNEZ,-8171470.7,19706419,-1286404.9300,2019-10-28 15:53:33.000,-99.1,-421.66,17128861,-7638106,549.430,14189865,10344715,10809190#xscqx0zWRojLYNaX5KB10dJ9Ki0DIANrl1Yqr,-9607527,3620340,3724790.95,-16010408,3101784.4000
2020,3353299#vHA1he2yij,3789709.43,16764099,-5177307.6200,2018-07-16 15:45:31.000,131.0,303.85,-16519126,541800,697.290,-19979986,9072413,209532#9lg8r7CpIoMwZDL03cFtRLM1DjCIy3ns47cKi,-15205815,-19973746,-5854270.56,-501179,-10359518.8700
2021,2058293#XzhpYQuR9r,1.992525259E7,-5641640,7516061.7000,2019-03-12 05:40:06.000,667.7,-412.09,6112572,6610374,766.130,-2428022,-378537,125783#Bs9c5OQ0OKDFMF0Qbt1fD5jyooPV3ESTOEdwl,2947380,-12592191,1.907025074E7,1211597,-17683913.6200
2022,9712606#OoDBCWKOU2,1.377656305E7,9862366,18794401.9100,2018-09-13 09:12:18.000,280.9,631.20,-13388488,9915222,63.770,-18020374,9634295,15127111#PcVgDMRH2GnSwWNHDhQ848LDZQ4Nzg867Ck8s,-1591832,17291735,1.145582623E7,6507570,-13905164.7800
2023,2733363#Q6zOkKRojk,-1.825533082E7,-14034508,13264209.3400,2019-06-02 00:20:23.000,-418.2,-576.70,4848345,619589,-64.830,-11064888,-16358252,5332090#9K9iETxBgaVo2zSL2WsF71tHyNwWuKMTsJEX9,12687879,1552626,617619.89,6687656,-6441405.6300
2024,7996698#dk1NlSVmJq,-1.777531127E7,-9374007,-15978579.0600,2019-04-16 22:28:09.000,733.3,621.28,15806819,-12868170,184.882,2414879,-8759114,9511336#aj3JpYWhDnRN0SaaqFJLAbuYbgAuSFKuN9ikp,-16833570,-13507338,-1.979521479E7,17057542,12416168.9800
2025,10367134#62iPkmL7lC,-1.820156566E7,-8375341,-14368858.0900,2018-03-21 23:31:16.000,-391.1,776.68,-13964133,11865878,570.000,-4876983,-19966725,18559795#qmX6Pd7Pl8lp2YF3oNguXDyXIQ4aMesKXWcOT,12836665,802163,1982623.19,-4704366,14720260.7700
2026,12670774#c30Wk7f5ii,-1.036323461E7,-17794682,6076887.2200,2020-02-29 20:10:13.000,-430.1,-105.61,15293584,-6972080,-392.280,-6699969,-18597310,16914569#G5pi4zN4BnNSaqQ8NKWAb73B8Tt1082KoexXJ,19820327,8292389,-2035445.81,15410203,-12964489.8300
2027,9797767#eGbOmvPumF,-1.914450648E7,-8363830,14007202.9900,2018-08-28 00:02:51.000,79.0,709.73,9674782,16346020,-101.050,-17938227,6527481,4991466#MahpjvwnIv5AJEFJzuUOGdNrFWkm8RHAOE9Yk,-6179715,-15557685,-1.881732669E7,11523325,15128757.0900
2028,10036566#Pl9loAD8ez,3734356.8,-18233089,-7758119.4500,2019-09-06 05:05:30.000,-415.6,461.26,10051160,8315455,331.410,14038567,7804839,6615159#gh2RbfSIFQZ3xK9D8XlvbIlBkNI0pfCC4TKK3,4129465,-18395206,1.078238941E7,14057942,7157955.7300
2029,5137890#B1ZvFZe3lQ,-3047181.09,-19839377,-7428147.9100,2018-03-30 10:09:13.000,-576.3,-359.34,-11347402,-18567998,710.160,-11589162,10079540,17489932#HpCFqIMW8LaEZHXLwTSXVU505Fkrc9Yac3ehQ,7817210,11992663,1.578749981E7,-15415741,11493277.0600
2030,10648879#MlPPaX7SkK,1.867753522E7,-5731213,18368146.2600,2018-01-06 10:59:55.000,142.5,248.53,17603922,3348908,75.020,-5331239,-7132157,3061362#YoHFT2eTQCEpBk85wwiKMCwwKRhuVLHjfPqT4,-15223575,-9695720,-6568701.76,10893000,-15195720.7200
2031,12375631#lXsSbh871Z,-1392556.95,1514418,12915820.4500,2018-03-08 12:45:49.000,-402.9,600.30,-14205125,11383847,-15.183,5082902,7723909,3165979#ypTOAJBjsY2TfVtA4ZBJpbIlQFwp1Wlj4bpZj,1346970,-5999719,-9447288.85,-10310140,13325808.6000
2032,16755454#uUIvnwU32Z,6044974.45,19169460,-11118159.8700,2018-12-29 20:56:16.000,-395.3,362.00,5412400,3519727,-235.630,8565713,-16779318,5951023#5PjO7nYeLIndfcjXIIVZP6edb3Z56U1MNMHfH,7521058,15431779,-1.414549602E7,6107236,15560784.2800
2033,18487305#z44AdfLvCr,1.592910465E7,-2278902,-57258.2500,2019-02-03 19:32:50.000,15.2,-11.13,-15826943,2220990,-217.530,-12200892,17123339,13051276#k8mHsx59jOL1Z0X0EtPFoRGPDfGMTeB1zKpRM,6590445,-6564950,-1.812497978E7,4709435,12151385.3800
2034,18589426#5aHJt1bpQG,3541560.75,-17426449,-18243780.9800,2018-07-21 19:29:57.000,-438.8,-582.38,-6606832,471171,766.900,-18358333,-1364893,18713403#2T3WntkZ5gcqACEGub1eULVWralA03i133dB5,-9234629,-7225610,-6990081.23,-2017548,-9365910.1100
2035,11400715#tvZAcar22z,-1.391115682E7,7282871,-3473418.7700,2018-07-26 03:29:48.000,-216.9,258.54,2473033,-19264263,-628.280,5459139,4135636,7449859#JlJu3lvn9wpwGJ8wwDMoTSVZrqyuToF1W9rBd,6613748,15912724,-8702868.13,15905675,19841406.5500
2036,20265023#1uw6aCVVlm,1.990107756E7,9954995,9470772.6700,2020-01-10 13:45:17.000,-199.7,-394.65,-8484862,19431116,-456.350,17041080,-3575964,914541#UENReJ8J5PCmv2b1FAnFJ7bqZMYWnfRSsJHpc,17821359,-15266191,-1.974819378E7,-16060203,-2754020.2600
2037,17560437#v6w354sJYX,1.863631059E7,9033367,1660912.1700,2018-01-09 08:27:16.000,264.9,750.14,1041694,18279568,380.440,-899403,1396667,15781767#O0s2p4WgumJZpxN0GOBPvStuWU9qQU7tdT2PI,14844233,-11416612,-6299448.11,-4955127,-13567646.1200
2038,2471765#tJSgdvjqIx,8649576.84,13604143,2184708.5800,2019-04-05 11:02:45.000,-386.6,255.58,3512935,1073329,731.710,-2539125,1973198,13207633#fqeP92SXLbZ1ZmqCRJ4VVexxoNWi06pK4yFa3,-18938918,3328364,1.008315968E7,19055817,19322808.5100
2039,3797402#fHTx8yrHRZ,1.253654605E7,20220176,4670829.2400,2019-11-15 02:20:31.000,-645.4,-226.63,16579488,5009393,672.590,-19814486,14630887,978885#gf2eFexphRbzLVfhnnYZsSyCTpKfSYixsWokR,-20198219,-1599005,9196032.09,16470512,-10020551.5400
2040,3425031#zO7jqJrjaw,4574984.02,8253293,9188061.0400,2018-06-08 19:12:59.000,-427.7,-207.06,18143262,-12442178,-656.400,-329176,-2953551,1023259#I4MQnnIQB5sthv8VHjshgM010qUYu5TAHxJjV,14080398,19924183,6625336.2,14212665,7080850.9600
2041,7046744#B41OlZuFIQ,8026445.19,2965491,-6036800.3500,2018-05-27 10:27:40.000,-590.5,441.90,1405899,-9823760,-93.440,4344865,867158,7500038#7x8aW1vWth47ruqwVnoYLQRwXpj5ojRQ4w68j,1888590,-8461171,7116100.88,-11020560,17415860.3900
2042,10303182#Nnz3l1rtVs,3524944.48,12419961,5261177.2200,2019-12-23 11:11:24.000,412.5,634.93,-1108952,12456945,228.320,-6671346,14643110,2540606#PHTvfsiYyP9LQmNcEuLhX2u6ZCn5ECBW1sv1R,2246138,5967180,9931818.5,-4817685,-18246525.8200
2043,10116747#mK58V7DJTk,-1.460193434E7,18753560,-5009744.0600,2019-03-24 23:26:08.000,-169.3,699.13,12721516,-12975843,-660.990,767603,-10735917,3583067#8DomH0SASiCjJLhnIGD4QhRkKLjKnP7v7N4UU,-7711713,333491,-1.26515677E7,-12313511,-16716536.4500
2044,10252076#wdinKetYnN,1.579433246E7,19775828,-5252175.7400,2018-11-01 10:53:19.000,-419.3,424.19,-19926364,2639227,-219.710,2705040,12084004,4078543#eLC8E2BiBbiKH8HxzRr5SABWrBgwQvakTul4V,13016817,-5333889,-1.075147734E7,18321085,3163058.1100
2045,17209043#oRvF3396gj,-2527400.62,-10157508,4298618.6800,2019-04-20 04:34:35.000,-586.0,-191.79,6999646,-292391,320.820,2741728,8719775,17201788#g6EzJuvEhBSFbV62s1Vp5jZGuPEdpCUl6xzEJ,-16462626,6368825,1.079928841E7,-1871641,10035862.7400
2046,12086082#NnJoTfCDxN,-1.963164945E7,6949597,-5362202.0700,2019-12-29 23:31:31.000,-622.5,-429.11,11709812,-1988736,615.940,-17502134,15159080,16043641#ZL0TKIiCW1LZg4PPlu6yI71iYSSIj7ai54m6e,14149364,60070,-1.603204512E7,19773109,-9134258.5900
2047,17084797#bg56zl6Hh4,-1.644253561E7,15815983,17156529.8800,2018-03-22 00:43:53.000,489.6,342.21,4267212,-8051548,547.530,9234104,16094323,9349255#fDEbCLH5IJmVoCjx1dbl1S7Ydao7SZGDisq7B,3868612,11834765,1.890350217E7,-12667539,-16209386.8100
2048,3940464#Nvrc15I2UT,-2.020968343E7,1666164,-16386195.7400,2019-05-23 10:49:34.000,409.3,-202.91,11464236,11676462,-223.780,-4505046,17369410,14944318#w4BYc3P6KhQ4XLDpQ65i8eWq09IlQJT36Iims,-1310293,-11490092,-973731.06,-12636316,-3624167.2800
2049,11644451#GW0BpRBbfW,-4384677.31,19098070,-17591495.4100,2018-08-01 14:10:45.000,224.4,-211.32,12698320,1920424,155.393,-5009139,5042217,12857160#WTxlIjDJIYEwfQ3eSQM4U9B94OdxiXxDIFWXY,13531723,8984283,-1.114566002E7,-15844585,-9307548.2100
2050,16617373#DzsrraxKci,-5158606.32,10903405,-12180488.8000,2018-05-07 11:18:49.000,-615.2,721.33,7852757,13117319,241.700,14488604,-10870374,9022451#GYELWOZUw8AoJVKxudBMyRzfTJJSjXK3WEN0S,8540950,-16958605,-8781898.29,-14240819,6023438.7600
2051,8234643#9nsFM6pYbW,4664731.86,13580163,-3739782.3600,2019-09-29 00:57:56.000,580.1,820.33,-302766,-16253132,238.920,18872898,12197688,10339974#oZVNzOhU1jqG1VfiH3T1E13GVD3Qg1si0kLQV,-19605622,-13119156,-1.441205867E7,11421186,-4659065.9300
2052,17922429#XdaBSk7i5O,467560.01,-9341615,-20450632.8200,2019-08-08 11:38:50.000,334.8,286.47,-3898718,18780125,218.134,-4077999,-18666688,5236369#UYCxPMhmmUplHoAltVMPx3XwH0UGO5rR3Iz6v,12585646,15039608,-1.944126009E7,-19462478,10070363.0500
2053,1780991#B9E0UYOW4X,1.01585437E7,-19070329,-19853746.7500,2018-08-24 09:18:18.000,-218.4,-198.70,-10712958,-8613494,-161.790,19166063,3200322,4380730#77VqFcmjDtgCoFsP97qydTodTsy1zetlwdoCT,-8262178,11882758,-5750242.07,-3122895,-17423371.0900
2054,7252875#hAYqKl2ZGs,-4269593.5,8359946,-5125512.9700,2018-12-20 12:59:50.000,-587.4,-650.50,-2923438,12107077,-646.460,1330902,-20082471,19219034#QffBO87MGjyqD0ujObkmxMmLtyTrkmj79fzmA,-5315219,14329364,1.850496037E7,-8012636,-20320310.0100
2055,902576#F2ax2qq9uj,9367406.24,-2291279,9471095.2300,2020-01-28 13:38:24.000,-233.7,-201.15,15651174,20458130,-169.490,-1663151,-7242322,19720413#ELjQlwDu3km3Eu4dCISP2DSrvdtbiCpPio3Vl,12354191,3552469,1.299391646E7,5875049,-10957771.2500
2056,4324673#kwOhjhLLdd,1.645630086E7,16844093,9864829.9600,2018-12-30 14:29:11.000,173.9,-618.97,-3717470,-8334854,665.540,-13918099,11980318,15217024#553sRrxJX8WT1keD520mfGFQq3lutABVCnYB5,-18212234,755498,1.793364304E7,-16770690,1677628.2700
2057,4282518#ptlXm7iVYy,7314812.82,-1903584,3298394.7900,2018-07-08 19:23:30.000,761.1,718.49,18875277,10047692,422.690,7426815,176554,9991731#o6YddPEUBbNPTHON8LjZL6esJ02g40iD1U16x,4956401,8290686,-6803488.16,-7683175,-13408284.2600
2058,14350787#JMMNd7Gspq,-1.442415234E7,13436840,-5752743.5100,2019-04-19 06:39:46.000,-426.0,520.16,-14734629,15004917,357.650,-16820841,-1084366,6750709#4OvtmqPVaA6u74JORPZHXrzVlEyxSsNjSylIo,-4075584,1375986,-1.643726388E7,-19357899,13023504.2100
2059,14807404#ZB9bQJdFHj,1.960244469E7,14009994,16700353.7900,2019-05-28 20:56:52.000,757.5,354.64,-4097171,8093522,21.214,6092486,11665296,2680004#WcAYp02kjYQL2fN3lJjeAmJTlLYeRdVvG3moj,-18909722,-10779909,1.119619954E7,-8087459,18658095.1400
2060,12138636#dYq0QnGB12,-6731807.46,8298529,6355526.9900,2018-10-12 16:51:55.000,-58.6,-663.23,-17937774,16531459,-114.460,-12945492,7867139,13913655#pl4eIZIH1eX0u5PpE6Px3TCEJ1nLT2P7YGiEm,-11967720,14688399,1.475998844E7,-7536731,17562965.3500
2061,9785974#usQAmJ3g67,-1.563277755E7,-5786346,11841312.9200,2019-10-27 18:14:00.000,519.1,139.48,177600,13606513,-402.690,16315252,-7181670,3696868#Uftu2Q9ydphl9T8SVHBaU7DO24C4AjCENSSpH,1611167,4112694,-9393778.45,-17357697,5431900.6500
2062,9304983#WCcJNpW8Yb,6172200.66,-19674778,-7079480.8100,2020-01-21 17:40:34.000,-166.9,229.50,18333089,-14389052,-644.860,17200072,2320230,13798442#DpQzUlrTADbgxSLQBUPmYWkffc76Nj3dHTOVH,-6675501,-7951363,-1.761445665E7,14840203,1088698.6100
2063,16129440#cETWXXAdG1,9001270.53,-13502927,2830662.8900,2020-01-28 04:31:11.000,-405.2,24.74,-17848871,-11437867,457.740,13692091,-2135992,1192651#JmxVSREbDG1s6cFM6nsSILhBZm3wh3KFoCE9e,-20235820,-6013641,-1.782734846E7,4827721,-18130282.2700
2064,16599682#Qd39DhqPYC,2013737.06,3834977,13998005.8500,2019-08-17 07:00:32.000,-94.0,786.93,19486665,-9519833,-437.720,-13593158,7168061,7079146#MXg6PMKdBtQUPgngvZyRtavIi0ZQmIgivjW6j,-8761501,2564362,-1.951161143E7,11837413,-13332174.1900
2065,18068911#pNKafwHtru,-8464488.84,-7579191,-14105087.5800,2020-01-14 18:49:10.000,583.6,-32.40,44581,7109902,-185.110,17337866,10803587,8257920#8UHtVUvWMCO1GzYpSFNmUlurvYnRBD2ziSzcT,13134378,-10543122,6550805.74,-8577077,9016594.5400
2066,15603446#2NQ4kxYYpK,-7837871.1,-5649783,-10864010.6600,2020-03-06 23:55:11.000,-586.9,-162.79,941079,16562514,-246.020,9478020,-8075279,18383236#EXHFTqIt2gSZfzJVKoHsIj0I6ctarYv0x32w8,8670194,18325489,7843973.27,13926323,-8977973.1400
2067,1762619#SvxCJao4be,-4670878.07,8690547,-6998229.3500,2020-02-07 16:27:59.000,675.4,-20.17,7559240,3219075,675.120,4851383,6881311,19171951#Vm1nkuzDHlGLL8f2xb2mj7gmMTLJDXSxnTnZP,-19613282,-10370465,1.074486814E7,-18025261,14754439.1700
2068,16978998#n5GtMgz32T,-1.290457216E7,-19866064,-20458871.6800,2019-05-10 22:44:27.000,-103.8,-660.41,3328410,-7807203,663.250,-7156456,14650100,1886799#OHpdYWtzl5eXPsqx1OEhoVOkfpmk8IQazvWhj,-15250684,1831284,6952555.76,4321166,12678600.2500
2069,9083839#tA81QZXPzp,-8373870.7,20194609,-1318446.4300,2019-11-23 06:43:59.000,-101.1,-431.66,17553086,-7827331,562.430,14541503,10600840,11076710#ZWVEkUbpv2YJPAAjkpXqWIgo2sjz8NceRoZGP,-9845234,3710159,3816790.95,-16406997,3178610.9000
2070,3436075#kB0e9skwd9,3883309.43,17178936,-5305307.6200,2018-11-06 05:20:44.000,133.5,311.85,-16928126,555152,713.790,-20474354,9297113,214562#R2eVkk5nE1zYTyxKSU8sByCzlv3eew2q9pjWO,-15582359,-20468031,-5999070.56,-513709,-10616044.3700
2071,2109104#MAW7or3RRm,2.041805259E7,-5781124,7702074.7000,2019-05-19 21:00:10.000,683.7,-422.09,6263721,6773749,785.130,-2488047,-387662,128694#nQJb1ENPiBPvL4oGWq2ylUwfyz2xBUiLnork9,3020311,-12903948,1.954225074E7,1241433,-18121619.6200
2072,9952537#5y9N3eIlL0,1.411736305E7,10106179,19259138.4100,2018-12-24 19:59:48.000,286.9,646.20,-13719463,10160185,65.020,-18466049,9872770,15501068#kBd97atjbIX2FpzEqtVudzdxkBpHOtAdvOP89,-1631086,17719467,1.173902623E7,6668431,-14248918.2800
2073,2800896#aK2sl14btZ,-1.870653082E7,-14381139,13591822.8400,2019-07-25 20:28:21.000,-428.2,-591.70,4968295,634689,-65.330,-11338288,-16762527,5463836#Lrrtqg4UyKciBOTQFCETOEe3oMtoM5EFX2ZQz,13001231,1590804,632819.89,6853074,-6600533.1300
2074,8194145#iIXDd9zkRS,-1.821451127E7,-9605339,-16373391.0600,2019-06-18 15:19:47.000,751.8,637.28,16197507,-13186120,189.032,2474729,-8975564,9746190#xscqx0zWRojLYNaX5KB10dJ9Ki0DIANrl1Yqr,-17249477,-13840911,-2.028401479E7,17478941,12723068.9800
2075,10623066#9PvlW570KZ,-1.865116566E7,-8582086,-14723435.0900,2018-08-05 16:25:41.000,-401.1,795.68,-14308871,12159078,584.500,-4997608,-20459650,19017918#Md1HRnYC2TVXZzawxLjSE1oX8Zx3MIpyzoOV2,13153604,821791,2031423.19,-4820759,15083933.2700
2076,12983274#g015yXUtm1,-1.061923461E7,-18233905,6227063.7200,2020-03-03 14:52:01.000,-440.1,-107.61,15671184,-7143905,-402.280,-6865107,-19056060,17331847#L2K7Haoykmd9IF5MVs3hquRHbFkhjVpXwnJ3S,20309286,8496957,-2085845.81,15790277,-13284600.8300
2077,10039304#2bR86R0VSD,-1.961650648E7,-8570058,14352476.4900,2018-12-13 12:19:44.000,81.0,726.23,9913532,16749370,-103.050,-18380902,6688581,5114439#nqiSDBkhJ60IWuh4eNerERxEr3WJtqrFYsKGC,-6332291,-15941346,-1.928132669E7,11807794,15501731.0900
2078,10283965#KkAV7Mt16d,3826356.8,-18682728,-7949247.4500,2019-10-12 17:16:55.000,-425.6,473.26,10298935,8520367,338.910,14384467,7997189,6778192#kYYnYlciDBDw2sEoCLPRsSDGj1CfPQiETiQbJ,4231232,-18848652,1.104798941E7,14404311,7334553.7300
2079,5264390#iZohfrNATv,-3122381.09,-20328481,-7611239.4100,2018-08-14 14:31:27.000,-591.3,-369.34,-11626958,-19025348,727.160,-11874803,10327965,17920851#aStxi9v366LhDM0Nvn7luc6YvzIS28IcfORhd,8009728,12288229,1.617629981E7,-15795394,11776409.0600
2080,10910942#9yFtOw97hd,1.913753522E7,-5872424,18820618.7600,2018-06-09 02:56:48.000,145.5,253.53,18037447,3431483,76.570,-5462339,-7307645,3136598#kSFJIyUMpMIUCXtZSIXZz4713h1Lidt42OYLT,-15598507,-9934420,-6730301.76,11161361,-15570165.7200
2081,12680199#QdA3gbQjB6,-1426956.95,1551533,13233639.9500,2018-07-28 23:59:04.000,-412.9,615.80,-14554738,11664097,-15.333,5207877,7914209,3243771#5MsSIVargdCQAGIEY4mdWYUaCGYrASJRDTSti,1380189,-6147606,-9680088.85,-10563891,13653864.6000
2082,17167667#1gIlcoONqt,6193774.45,19641197,-11391723.8700,2019-03-25 11:04:59.000,-405.3,371.00,5545800,3606289,-240.630,8776513,-17192093,6097389#XzT3QztyWrLPB2s1Th9Bk0QdKYV9GJHywpvDV,7705885,15811744,-1.449349602E7,6257658,15943756.7800
2083,18941881#PPs5Fcwynt,1.632110465E7,-2335082,-58763.7500,2019-04-23 17:51:45.000,14.7,-10.82,-16216205,2275590,-222.530,-12500967,17544289,13372025#1TFH0hS98sVWSJIZfEw7N0F68PVy5CLTQ3F9W,6752698,-6726399,-1.857057978E7,4825208,12450441.3800
2084,19046296#HxOfN9mERn,3628760.75,-17854646,-18692236.9800,2018-11-16 12:39:40.000,-448.8,-597.38,-6769432,482871,785.900,-18809808,-1398493,19173305#zW1T5hjoSxrgoCqOVWL3a0fFZKG8EMI8bft4Q,-9461732,-7403349,-7162081.23,-2067036,-9596147.1100
2085,11680615#Dc8SkvuOGm,-1.425275682E7,7461927,-3558822.7700,2018-11-20 11:20:45.000,-221.9,265.54,2533858,-19737813,-643.280,5593264,4237373,7632869#OJtUc8piX920GcVaDs5UXIJauDytgZ37yG7rP,6776476,16303707,-8916468.13,16296612,20329101.5500
2086,20762564#JKveg1obUE,2.038987756E7,10199414,9703489.6700,2020-01-23 08:33:37.000,-203.7,-404.65,-8693412,19908191,-466.350,17459730,-3663789,936781#b2Vko2FwTOenpmI0JnBVCpG8vwKfqOviuZbE0,18258876,-15640869,-2.023299378E7,-16454788,-2821567.2600
2087,17991303#1WQhCDeUrc,1.909391059E7,9254875,1701747.1700,2018-06-15 16:42:51.000,272.4,768.14,1067482,18728393,388.940,-921278,1430930,16169011#hBjMWIYXzpRUvYgXbgxRrPKnJV6EoMylSQ6o0,15208663,-11696865,-6453848.11,-5076998,-13900525.6200
2088,2532357#ubB8IzvDUh,8861576.84,13938013,2238546.0800,2019-06-12 22:09:26.000,-396.6,262.58,3599085,1099829,750.710,-2601438,2021398,13531632#8A0NyVOgduoDGE7rqEc6Jt6GCfXAx6HO5EYC5,-19403743,3410121,1.033035968E7,19523529,19796665.0100
2089,3890325#jxojMkOPHz,1.284374605E7,20715842,4785265.7400,2019-12-09 06:49:02.000,-660.4,-231.63,16985938,5132331,688.590,-20300261,14989537,1002766#iXP9Sz9jSQA26lvSEf42l5JgSctLmpNgiw2Ht,-20693531,-1637988,9421632.09,16874568,-10266310.5400
2090,3508938#hBygjktuwc,4686984.02,8455693,9413352.0400,2018-10-15 22:38:19.000,-437.7,-212.06,18588162,-12747353,-671.400,-337476,-3026071,1048297#opYFpDlMEFaM37GQ2tbWxNbFQqIUF6cakOBOl,14425336,20412450,6787736.2,14560789,7254227.4600
2091,7219268#Gt8DGOdIg7,8223245.19,3038323,-6184608.8500,2018-10-06 13:55:13.000,-605.5,453.90,1440299,-10064260,-96.940,4451152,888433,7683721#677kcJQzMe251XFnXaKPjCsbkbQPYlCDNXpoj,1934750,-8668461,7290500.88,-11290620,17842456.3900
2092,10555228#aPpnNG8VWo,3611344.48,12724312,5389975.7200,2020-01-09 05:01:57.000,422.5,649.93,-1135952,12762007,234.820,-6834834,15001535,2602768#Nog9oEbNHEXIkipVJ4zxVZHLAWh0VTkh61KOz,2301320,6113170,1.01750185E7,-4935441,-18693257.8200
2093,10364179#4KGH5Rw134,-1.495953434E7,19212683,-5132470.5600,2019-06-05 03:36:00.000,-174.3,715.13,13032641,-13293506,-675.990,786503,-10998867,3670717#Erdsmfvkj4143SDITNICeAnutfASxRH8DUc16,-7900399,341432,-1.29611677E7,-12614736,-17125717.9500
2094,10502707#Q9MOdJLYuz,1.618073246E7,20259545,-5380832.7400,2019-02-11 02:12:20.000,-429.3,433.69,-20413689,2703652,-224.710,2771303,12379468,4178095#MsCVKHPxYeewHgwawxerRH54G94Xj9YCiMijh,13335459,-5464543,-1.101467734E7,18769388,3240195.1100
2095,17629727#UkDt3EU3De,-2589000.62,-10405658,4403858.6800,2019-06-26 14:29:06.000,-601.0,-195.79,7170821,-299391,329.820,2808916,8932866,17622318#w4BYc3P6KhQ4XLDpQ65i8eWq09IlQJT36Iims,-16865178,6524593,1.106328841E7,-1917529,10281082.2400
2096,12381347#gbxvgF6b23,-2.011164945E7,7119302,-5493053.5700,2020-01-14 15:55:09.000,-637.5,-439.11,11996130,-2037511,630.440,-17930084,15529380,16435513#WVDGqj3ZInVCgZUDNo1VAnjm9F9AyRlQf4uI1,14495303,61626,-1.642404512E7,20256519,-9357513.0900
2097,17501940#1LyCYTWHMZ,-1.684413561E7,16202107,17575454.3800,2018-08-18 02:25:34.000,502.6,351.21,4371387,-8248248,561.530,9459829,16487610,9577457#bRNHenr6BwP7l5bvEr9wH7xlTaOpxjmsN6HV9,3962865,12124053,1.936510217E7,-12976958,-16605511.8100
2098,4036663#4NL2E9f7ww,-2.070328343E7,1706741,-16786223.7400,2019-07-23 19:51:49.000,418.8,-206.91,11744186,11961362,-228.780,-4615071,17793260,15308965#bfXixnwgZnJBrSYM7o7wdF4YbfMxqXygqufJQ,-1342260,-11770789,-997731.06,-12944776,-3712775.7800
2099,11928497#HfCzGuR412,-4491877.31,19564073,-18020639.9100,2018-12-02 09:30:46.000,230.9,-216.32,13008301,1967299,159.743,-5131164,5165342,13170885#gf2eFexphRbzLVfhnnYZsSyCTpKfSYixsWokR,13862162,9203642,-1.141766002E7,-16231276,-9534748.2100
2100,17022439#FCySCpZsEK,-5284206.32,11169487,-12477407.8000,2018-09-25 17:31:29.000,-630.2,739.83,8044207,13437069,247.200,14842079,-11135287,9242508#TJSn4wvOat9gG9Z4NkEYI0eVTbXh2FD2xd4xm,8749037,-17372458,-8996298.29,-14588155,6170196.2600
2101,8435186#GsOE3hZDQo,4778331.86,13911294,-3830946.3600,2019-11-03 06:51:26.000,593.1,839.33,-309966,-16649326,243.920,19333073,12494837,10591803#J4kqPOPHe4TbyGv0liZFKH9SonHcFUfuAorQG,-20083461,-13438933,-1.476325867E7,11699394,-4772508.4300
2102,18358894#BCUAXZAgPp,478760.01,-9569037,-20948987.3200,2019-09-23 17:02:02.000,343.3,292.97,-3993699,19237800,222.984,-4177486,-19121669,5363892#HeMCCuTVhWn93wj4XouRtQ5VIjaKXMJrWHz5l,12892475,15406233,-1.991486009E7,-19936485,10315799.0500
2103,1824230#GVyhlPb9Nr,1.04057437E7,-19534703,-20337289.2500,2018-12-22 10:57:19.000,-223.4,-203.20,-10973733,-8823457,-165.790,19632613,3278222,4487399#AzYctF0QENEh1pjLf8CZUXxXzWy4gTKqoz8WF,-8463286,12172018,-5890242.07,-3198823,-17847803.5900
2104,7429328#dA6U2glodv,-4373593.5,8563218,-5250405.4700,2019-03-26 02:04:33.000,-602.4,-665.50,-2994450,12402035,-661.460,1363452,-20571246,19686848#mtNdlNP5Ny35luQRnewOUsR4RVfIX63pN2aZx,-5444709,14678066,1.895536037E7,-8207495,-20814947.0100
2105,924531#FYTYVCXGf4,9595406.24,-2346974,9701726.2300,2020-02-07 13:21:39.000,-238.7,-206.15,16032024,20956055,-174.490,-1703482,-7418472,20200174#WVfvgDeMqFlUmdqYeBioTqXsOA2sVwp9cC0ms,12654733,3639129,1.330991646E7,6017874,-11224510.2500
2106,4429658#6gvmqRuj5C,1.685630086E7,17253594,10104951.9600,2019-04-03 19:33:49.000,177.1,-633.97,-3807920,-8537429,682.540,-14256511,12271649,15586879#IFNhRpkzSuVEVyuKlZgPA4drFUmawDCb6AdBk,-18655345,773825,1.836964304E7,-17178761,1718644.7700
2107,4386403#KpCPsE0fyc,7492412.82,-1949889,3378760.2900,2018-11-17 22:24:29.000,779.6,736.99,19334152,10291726,432.690,7607202,180654,10234580#9j6hJzUn9HuvRDeh1yFV13azJYjRkocmARt34,5076635,8492348,-6969088.16,-7869942,-13734287.7600
2108,14699337#p77HGk133F,-1.477455234E7,13763099,-5892411.0100,2019-06-29 15:57:10.000,-436.0,531.66,-15092747,15369267,366.150,-17229453,-1110666,6914556#xSkjZucci7xG1lTIBHl8KOaNAvXgKnphyYWYl,-4174589,1409338,-1.683646388E7,-19828149,13339928.7100
2109,15166834#zAPpJVugJt,2.007844469E7,14350245,17105773.2900,2019-07-30 23:57:55.000,775.0,363.14,-4196808,8290297,22.014,6240655,11948371,2745025#1TFH0hS98sVWSJIZfEw7N0F68PVy5CLTQ3F9W,-19369111,-11041889,1.146819954E7,-8283865,19110954.1400
2110,12433064#oEShcXeGp5,-6895007.46,8500026,6509819.4900,2019-02-02 16:55:20.000,-59.1,-678.23,-18373104,16932909,-116.960,-13259467,8057889,14251173#rzqKJ2EE38j8V5nKsfndvFLgwMcIyoY4ejr1U,-12258428,15044917,1.511838844E7,-7719771,17989230.3500
2111,10023190#VgSdRyVoG3,-1.601197755E7,-5926579,12128372.4200,2019-11-27 06:34:06.000,531.1,143.93,182038,13936638,-412.690,16711089,-7355933,3786530#jKPGqH7Je6C15DHSVZGjEOrczUTePKPntNgfu,1650278,4212621,-9621778.45,-17778796,5563772.1500
2112,9530463#JlBK2vwh9k,6321800.66,-20151918,-7250985.3100,2020-02-02 12:42:50.000,-171.4,235.00,18777827,-14738027,-659.860,17617259,2376430,14132966#ibZ1hj3Kn2jyswLR7pQnfJIqdWEjgMoa7PD3h,-6837297,-8144134,-1.804165665E7,15200101,1115173.1100
2113,16520221#FVVNOlDEef,9219670.53,-13830257,2899165.3900,2020-02-07 14:41:52.000,-415.2,25.59,-18281621,-11715079,469.740,14023804,-2187742,1221479#qVd94f16Gbe2nwkWMqiAl4E7vAXvTVNWHeLFi,-20726051,-6159188,-1.825934846E7,4944740,-18569532.2700
2114,17001596#Xt5sz1KtiR,2062537.06,3927769,14337135.3500,2019-10-03 00:32:23.000,-96.0,805.93,19958607,-9750233,-447.720,-13922368,7341705,7250636#8OAzqCvSzHL7E8UxTZC7c5mKkldCWShFBBkd2,-8973581,2626715,-1.998441143E7,12124127,-13655323.1900
2115,18506200#TjDzWFx2Cf,-8669288.84,-7762681,-14446618.5800,2020-01-28 06:42:37.000,598.6,-33.40,45569,7282102,-190.110,17757694,11065080,8457826#JyrLoQ5xAEYToaQanX9ymeLD7Fcckro6pynp9,13452503,-10798267,6709205.74,-8784634,9234941.5400
2116,15981005#6auQyjTyYL,-8027471.1,-5786495,-11126802.6600,2020-03-08 21:32:47.000,-601.9,-167.79,963707,16963264,-251.020,9707358,-8270629,18828018#KWdBnele7AIXUBsgi29DZEAzOtVhpb944zBgM,8879898,18768767,8033573.27,14263222,-9195492.1400
2117,1805168#LIP3IF4gJh,-4783678.07,8900533,-7167542.3500,2020-02-15 22:38:30.000,692.9,-21.17,7742215,3297150,691.620,4968908,7047573,19635665#5yTntkqcmfqolBl12r0CRBAypRY1BkmnIK04k,-20087838,-10621134,1.100486814E7,-18461291,15111419.1700
2118,17389489#cFADOUHFFv,-1.321657216E7,-20346539,-20953634.6800,2019-07-19 16:04:17.000,-106.8,-675.41,3408897,-7995978,679.750,-7329531,15004525,1932397#OstP2JwYidBTHKTMNV5lzbzAmpwiZAqh2Np9l,-15619409,1875565,7120555.76,4425688,12985324.7500
2119,9303152#T8W1Ak0RcK,-8576270.7,20682798,-1350487.9300,2019-12-18 21:34:25.000,-103.1,-441.66,17977311,-8016556,575.430,14893140,10856965,11344230#39eG1dvBnepxpe3QfYivJYboazrkqiCKjUg5M,-10082942,3799978,3908790.95,-16803585,3255437.4000
2120,3518851#DlSLQfoPJM,3976909.43,17593772,-5433307.6200,2019-02-26 18:55:57.000,135.9,319.85,-17337126,568503,730.290,-20968723,9521813,219592#l9dMvowEoSJVCPI5eFcQpklLNkzCxKdXj1n5M,-15958904,-20962317,-6143870.56,-526240,-10872569.8700
2121,2159914#nG7CqtbOKt,2.091085259E7,-5920609,7888087.7000,2019-07-27 12:20:14.000,699.7,-432.09,6414869,6937124,804.130,-2548072,-396787,131604#jfQXVjGfWl98ZwWmzEeAvjvdbK6tmjQvfUZ13,3093242,-13215704,2.001425074E7,1271268,-18559325.6200
2122,10192469#Zm6OYnp1eQ,1.445816305E7,10349992,19723874.9100,2019-04-06 06:47:17.000,292.9,661.20,-14050438,10405147,66.270,-18911724,10111245,15875025#1TFH0hS98sVWSJIZfEw7N0F68PVy5CLTQ3F9W,-1670340,18147199,1.202222623E7,6829291,-14592671.7800
2123,2868429#XdaBSk7i5O,-1.915773082E7,-14727770,13919436.3400,2019-09-17 16:36:18.000,-438.2,-606.70,5088245,649789,-65.830,-11611688,-17166802,5595582#jK5aRO65uJCv6dhimIDQcD87JiYHmeHD55c6G,13314583,1628982,648019.89,7018492,-6759660.6300
2124,8391593#DjTyjUthfF,-1.865371127E7,-9836671,-16768203.0600,2019-08-20 08:11:26.000,770.3,653.28,16588194,-13504070,193.182,2534579,-9192014,9981044#BOCHCh6eCrYg0mXHjcHEQm8rbgi6p3OqBo6Yq,-17665384,-14174484,-2.077281479E7,17900339,13029968.9800
2125,10878998#n5GtMgz32T,-1.910076566E7,-8788831,-15078012.0900,2018-12-20 09:20:06.000,-411.1,814.68,-14653608,12452278,599.000,-5118233,-20952575,19476041#SDQ5Fw1eTeTcBvgsZsPbCbA7ClKUnwoxvE5fR,13470544,841418,2080223.19,-4937151,15447605.7700
2126,13295775#InFuYeWk4I,-1.087523461E7,-18673129,6377240.2200,2020-03-06 09:33:48.000,-450.1,-109.61,16048784,-7315730,-412.280,-7030244,-19514810,17749125#CB6Y0gXa7bF6Hr9aJxn2ReZMuIoDP2tFWve78,20798244,8701526,-2136245.81,16170351,-13604711.8300
2127,10280842#mNgZXrkp8L,-2.008850648E7,-8776287,14697749.9900,2019-03-31 00:36:37.000,82.9,742.73,10152282,17152720,-105.050,-18823577,6849681,5237412#97k3A2FYUSKfFVIDOiSxIwQNazIUiBSwKURCu,-6484867,-16325007,-1.974532669E7,12092263,15874705.0900
2128,10531364#znJr9OT67v,3918356.8,-19132366,-8140375.4500,2019-11-18 05:28:19.000,-435.6,485.26,10546710,8725280,346.410,14730367,8189539,6941226#AiuXDB9aPe6JVoPa2IHDmOz6LkrNC914NEFRW,4332998,-19302099,1.131358941E7,14750680,7511151.7300
2129,5390889#uPIsxNx1eR,-3197581.09,-20817584,-7794330.9100,2018-12-29 18:53:41.000,-606.3,-379.34,-11906514,-19482698,744.160,-12160443,10576390,18351771#5MsSIVargdCQAGIEY4mdWYUaCGYrASJRDTSti,8202246,12583795,1.656509981E7,-16175048,12059541.0600
2130,11173005#6auQyjTyYL,1.959753522E7,-6013635,19273091.2600,2018-11-09 18:53:40.000,148.6,258.53,18470972,3514058,78.120,-5593439,-7483132,3211834#dE4eBkL1sIsj0dNMwut1kUFD8Uigi4BquQec3,-15973439,-10173119,-6891901.76,11429722,-15944610.7200
2131,12984766#RQX0UVo3lD,-1461356.95,1588649,13551459.4500,2018-12-18 11:12:19.000,-422.9,631.30,-14904350,11944347,-15.483,5332852,8104509,3321563#aIkLZuzNE2FQziO7npIE9tliK9mU8Uip29Jgm,1413408,-6295493,-9912888.85,-10817642,13981920.6000
2132,17579880#hfReCxfaTy,6342574.45,20112935,-11665287.8700,2019-06-19 01:13:43.000,-415.3,380.00,5679200,3692852,-245.630,8987313,-17604868,6243756#tvmYX1WIQAI0IJ0AK1XUVpHF52IqdDJlpU8ho,7890711,16191709,-1.484149602E7,6408080,16326729.2800
2133,19396458#xNTNCB4Lfm,1.671310465E7,-2391262,-60269.2500,2019-07-11 16:10:40.000,14.2,-10.51,-16605468,2330190,-227.530,-12801042,17965239,13692773#b2DLmd9zfbpJTDUfT1e7awWXkl20R3hSgawIu,6914951,-6887848,-1.901617978E7,4940981,12749497.3800
2134,19503166#wOf4cYcEee,3715960.75,-18282843,-19140692.9800,2019-03-14 05:49:23.000,-458.8,-612.38,-6932032,494571,804.900,-19261283,-1432093,19633207#M6TZ3Goc6jc92Td3Za9OhT1khxMoD9NcvodQU,-9688836,-7581088,-7334081.23,-2116525,-9826384.1100
2135,11960515#MMaIK54fgB,-1.459435682E7,7640983,-3644226.7700,2019-03-17 19:11:43.000,-226.9,272.54,2594683,-20211363,-658.280,5727389,4339111,7815878#JOPYXyQqe6rgq51dHEPa4sZdrnOU7HWP2UwlR,6939205,16694690,-9130068.13,16687549,20816796.5500
2136,21260105#B7vRtNoQPv,2.087867756E7,10443834,9936206.6700,2020-02-05 03:21:58.000,-207.7,-414.65,-8901962,20385266,-476.350,17878380,-3751614,959022#3HpWa2ScG6ZyCWzLe7R4hG6m0O8FivhF6TR5s,18696393,-16015546,-2.071779378E7,-16849372,-2889114.2600
2137,18422169#0NNYlJdTUm,1.955151059E7,9476383,1742582.1700,2018-11-20 00:58:25.000,279.9,786.14,1093269,19177218,397.440,-943153,1465192,16556255#fDEbCLH5IJmVoCjx1dbl1S7Ydao7SZGDisq7B,15573093,-11977118,-6608248.11,-5198870,-14233405.1200
2138,2592949#PY8kGKqtjl,9073576.84,14271883,2292383.5800,2019-08-20 09:16:08.000,-406.6,269.58,3685235,1126329,769.710,-2663750,2069598,13855630#xmNBO1dpIm9tvgTZ0Pw9SqxS0fo8JWwflkho9,-19868567,3491878,1.057755968E7,19991240,20270521.5100
2139,3983248#r5HU7YrQlE,1.315094605E7,21211508,4899702.2400,2020-01-02 11:17:33.000,-675.4,-236.63,17392388,5255268,704.590,-20786036,15348187,1026646#QJhr9QSR9yhIl8NRDZkNnwvdV49WQzWhQW5s8,-21188843,-1676971,9647232.09,17278624,-10512069.5400
2140,3592844#8jfZKwq2YN,4798984.02,8658093,9638643.0400,2019-02-22 02:03:40.000,-447.7,-217.06,19033062,-13052528,-686.400,-345776,-3098591,1073335#UtsI4wL5IgJwK9HZMCpxHV5ysaGCxWIfx1cuj,14770273,20900716,6950136.2,14908912,7427603.9600
2141,7391792#LIcbp54rVS,8420045.19,3111156,-6332417.3500,2019-02-15 17:22:46.000,-620.5,465.90,1474699,-10304760,-100.440,4557440,909708,7867403#2T3WntkZ5gcqACEGub1eULVWralA03i133dB5,1980910,-8875751,7464900.88,-11560680,18269052.3900
2142,10807274#g015yXUtm1,3697744.48,13028662,5518774.2200,2020-01-25 22:52:29.000,432.5,664.93,-1162952,13067070,241.320,-6998321,15359960,2664929#d7ZBSHe7OCJPtkQTMyp2VX9a1mVGHq9Js9HFN,2356502,6259159,1.04182185E7,-5053197,-19139989.8200
2143,10611610#uVWXsrfmUV,-1.531713434E7,19671805,-5255197.0600,2019-08-16 07:45:52.000,-179.3,731.13,13343766,-13611168,-690.990,805403,-11261817,3758368#8DxHuuEnO1CE1kvrmBaOMwVQV1Y8Wg2ZONhKo,-8089084,349374,-1.32707677E7,-12915962,-17534899.4500
2144,10753339#ojrHkEPKz2,1.656713246E7,20743262,-5509489.7400,2019-05-23 17:31:21.000,-439.3,443.19,-20901014,2768077,-229.710,2837565,12674932,4277648#IXdX7UXJuRmy1wE4HoucI8rn32q5igbg6WIrg,13654102,-5595197,-1.127787734E7,19217692,3317332.1100
2145,18050410#8dPjnfzM7S,-2650600.62,-10653808,4509098.6800,2019-09-02 00:23:36.000,-616.0,-199.79,7341996,-306391,338.820,2876103,9145956,18042848#mtNdlNP5Ny35luQRnewOUsR4RVfIX63pN2aZx,-17267730,6680362,1.132728841E7,-1963417,10526301.7400
2146,12676611#7uLB6Apab2,-2.059164945E7,7289008,-5623905.0700,2020-01-30 08:18:47.000,-652.5,-449.11,12282449,-2086286,644.940,-18358034,15899680,16827386#cH5ME6Y4sIe2ORwqAIEVlFpkLjm6yfAhuvdZA,14841242,63182,-1.681604512E7,20739929,-9580767.5900
2147,17919084#PtwHrCfWJ1,-1.724573561E7,16588231,17994378.8800,2019-01-14 04:07:15.000,515.6,360.21,4475562,-8444948,575.530,9685554,16880898,9805660#6bMaZgLtflKtRmyPuaf3MkEz4sOSD1B23PbvX,4057118,12413341,1.982670217E7,-13286376,-17001636.8100
2148,4132863#xO8yDR5g6F,-2.119688343E7,1747318,-17186251.7400,2019-09-23 04:54:04.000,428.3,-210.91,12024136,12246262,-233.780,-4725096,18217110,15673612#G0IFO7r7cXEhjq9u2gWVTRXFdhpCom1Q6fpfa,-1374228,-12051486,-1021731.06,-13253237,-3801384.2800
2149,12212542#PofELM7hVp,-4599077.31,20030076,-18449784.4100,2019-04-04 04:50:48.000,237.4,-221.32,13318282,2014174,164.093,-5253189,5288467,13484610#1GqscH9dajGtsDsf0Qq3PeFZnDhhACxhz8ZBF,14192601,9423002,-1.168966002E7,-16617966,-9761948.2100
2150,17427505#WrASPst0d4,-5409806.32,11435569,-12774326.8000,2019-02-13 23:44:10.000,-645.2,758.33,8235657,13756819,252.700,15195554,-11400199,9462564#6nejo4pX9TWD5P0veFj4vVDObfUovVjUpSHL4,8957124,-17786310,-9210698.29,-14935491,6316953.7600
2151,8635729#bkF7Isrozb,4891931.86,14242425,-3922110.3600,2019-12-08 12:44:56.000,606.1,858.33,-317166,-17045519,248.920,19793248,12791985,10843631#KDxu7pNHaH9SFX6MrKKrZuuxF4FJVVzFWdC2g,-20561301,-13758710,-1.511445867E7,11977603,-4885950.9300
2152,18795358#2eTVakNUjn,489960.01,-9796459,-21447341.8200,2019-11-08 22:25:14.000,351.8,299.47,-4088680,19695475,227.834,-4276974,-19576650,5491414#ibTLrAAYsazrjTOv4t9HfbJLXdxit22bCz1K9,13199304,15772858,-2.038846009E7,-20410492,10561235.0500
2153,1867468#FaRrv0phjA,1.06529437E7,-19999078,-20820831.7500,2019-04-21 12:36:21.000,-228.4,-207.70,-11234508,-9033419,-169.790,20099163,3356122,4594068#kBd97atjbIX2FpzEqtVudzdxkBpHOtAdvOP89,-8664394,12461278,-6030242.07,-3274752,-18272236.0900
2154,7605781#Nq76qSEW39,-4477593.5,8766491,-5375297.9700,2019-06-29 15:09:16.000,-617.4,-680.50,-3065463,12696992,-676.460,1396002,-21060021,20154662#eH7lX8fudKQ0fWviFvVE1KNZxCLGkQl3y7Js7,-5574198,15026768,1.940576037E7,-8402354,-21309584.0100
2155,946487#zIYT1hiYn6,9823406.24,-2402670,9932357.2300,2020-02-17 13:04:54.000,-243.7,-211.15,16412874,21453980,-179.490,-1743813,-7594622,20679935#JOjdIRG5mNLt6t7F6i85Yi26390XGpQoDXn6q,12955275,3725789,1.362591646E7,6160700,-11491249.2500
2156,4534643#9nsFM6pYbW,1.725630086E7,17663096,10345073.9600,2019-07-07 00:38:27.000,180.3,-648.97,-3898370,-8740004,699.540,-14594924,12562980,15956733#mlTIfcA647LoxhCB5Sgom4CsRAqe23OQv2b1d,-19098456,792152,1.880564304E7,-17586833,1759661.2700
2157,4490288#rMuQTTkAyl,7670012.82,-1996194,3459125.7900,2019-03-30 01:25:28.000,798.1,755.49,19793027,10535760,442.690,7787590,184754,10477428#f7E1JSCVNaWREL0DSKnShnqnhzdpJG85KmHpl,5196869,8694009,-7134688.16,-8056708,-14060291.2600
2158,15047887#GK6Yj9Qamk,-1.512495234E7,14089359,-6032078.5100,2019-09-09 01:14:33.000,-446.0,543.16,-15450866,15733617,374.650,-17638066,-1136966,7078402#XeF4tDbzTtI9GSTKAA7nVVRehgX5Tgjh6KaWe,-4273594,1442691,-1.723566388E7,-20298399,13656353.2100
2159,15526265#lOS6DS2jTx,2.055444469E7,14690496,17511192.7900,2019-10-02 02:58:57.000,792.5,371.64,-4296446,8487072,22.814,6388823,12231446,2810046#ZklqQnIozH0HAoHPddZmxhWio1UuhqMAKBSx0,-19828500,-11303870,1.174019954E7,-8480270,19563813.1400
2160,12727493#nHDxtDsb8y,-7058207.46,8701523,6664111.9900,2019-05-26 16:58:46.000,-59.6,-693.23,-18808434,17334359,-119.460,-13573442,8248639,14588691#49JCi59E3ecsDvgdfbs7tJ2J6ed14VKOh2eSf,-12549136,15401434,1.547678844E7,-7902810,18415495.3500
2161,10260406#eiBMFvHF7g,-1.639117755E7,-6066812,12415431.9200,2019-12-27 18:54:12.000,543.1,148.38,186475,14266763,-422.690,17106927,-7530195,3876193#uGinxa9gAo9ZVxQ6P0Sb9TuOJfEcYvMLshMwz,1689388,4312549,-9849778.45,-18199895,5695643.6500
2162,9755944#5bveN47WOX,6471400.66,-20629058,-7422489.8100,2020-02-14 07:45:05.000,-175.9,240.50,19222564,-15087002,-674.860,18034447,2432630,14467491#x2MOdCAvusO1yc8qyOhYRn5Ed5A53cs6QI83m,-6999094,-8336905,-1.846885665E7,15559998,1141647.6100
2163,16911002#75wSnByEEV,9438070.53,-14157586,2967667.8900,2020-02-18 00:52:32.000,-425.2,26.44,-18714371,-11992292,481.740,14355516,-2239492,1250307#r6ibx787qLhXTFHpIwaE3OgJ8OpQ3ueiFfDxJ,-21216282,-6304735,-1.869134846E7,5061759,-19008782.2700
2164,17403511#h0T2ra4UkH,2111337.06,4020562,14676264.8500,2019-11-18 18:04:13.000,-98.0,824.93,20430549,-9980633,-457.720,-14251578,7515348,7422125#CB6Y0gXa7bF6Hr9aJxn2ReZMuIoDP2tFWve78,-9185662,2689068,-2.045721143E7,12410841,-13978472.1900
2165,18943489#cFADOUHFFv,-8874088.84,-7946171,-14788149.5800,2020-02-10 18:36:04.000,613.6,-34.40,46556,7454302,-195.110,18177522,11326574,8657731#o6YddPEUBbNPTHON8LjZL6esJ02g40iD1U16x,13770628,-11053412,6867605.74,-8992191,9453288.5400
2166,16358564#JKveg1obUE,-8217071.1,-5923207,-11389594.6600,2020-03-10 19:10:24.000,-616.9,-172.79,986335,17364014,-256.020,9936695,-8465979,19272801#RauEvsmRYx0g37DNg0RfOZuyZho9DjEN3b8pA,9089602,19212045,8223173.27,14600120,-9413011.1400
2167,1847717#RTbL5WIjY6,-4896478.07,9110520,-7336855.3500,2020-02-24 04:49:01.000,710.4,-22.17,7925190,3375225,708.120,5086433,7213836,20099379#Hz56hGfNJOuaq7vQ6rqW6AE9yllDBFjc235o9,-20562393,-10871803,1.126486814E7,-18897321,15468399.1700
2168,17799981#d4evZKfk7A,-1.352857216E7,-20827014,-21448397.6800,2019-09-27 09:24:06.000,-109.8,-690.41,3489385,-8184753,696.250,-7502606,15358950,1977996#lZeAYNQsYlGhQOjvuiX3jSEhxQHRrclCqL3IF,-15988134,1919846,7288555.76,4530211,13292049.2500
2169,9522465#7JDl1NkSdj,-8778670.7,21170988,-1382529.4300,2020-01-13 12:24:50.000,-105.1,-451.66,18401536,-8205781,588.430,15244778,11113090,11611750#3opDIGnW0AP6otNxC3p0AWPbYWtLPdUjEWhpo,-10320649,3889797,4000790.95,-17200174,3332263.9000
2170,3601627#lb7K1qKmX2,4070509.43,18008609,-5561307.6200,2019-06-19 08:31:10.000,138.4,327.85,-17746126,581855,746.790,-21463091,9746513,224622#oaCjo2PZODGjbnno0rI9sqwczVtKqovY8ze06,-16335448,-21456602,-6288670.56,-538770,-11129095.3700
2171,2210725#aJIZzG32oF,2.140365259E7,-6060093,8074100.7000,2019-10-04 03:40:18.000,715.7,-442.09,6566018,7100499,823.130,-2608097,-405912,134515#mQIfgpBGUC5gsGYZrlSnlBrgjGBlG138u0RZR,3166173,-13527461,2.048625074E7,1301104,-18997031.6200
2172,10432400#a5YViR3Prw,1.479896305E7,10593805,20188611.4100,2019-07-17 17:34:47.000,298.9,676.20,-14381413,10650110,67.520,-19357399,10349720,16248982#AOFCKxqC8fJSbeNkXzWmp8bPvCaoWAoDlgrCo,-1709594,18574931,1.230542623E7,6990152,-14936425.2800
2173,2935962#Uu8iKIK3Mo,-1.960893082E7,-15074401,14247049.8400,2019-11-10 12:44:15.000,-448.2,-621.70,5208195,664889,-66.330,-11885088,-17571077,5727328#iOQtaaBwpcEVKINREeIGH0y8NaLA9P1H0osFa,13627935,1667160,663219.89,7183910,-6918788.1300
2174,8589040#NkLTdnt97h,-1.909291127E7,-10068003,-17163015.0600,2019-10-22 01:03:04.000,788.8,669.28,16978882,-13822020,197.332,2594429,-9408464,10215898#Ej2GzTvUYyZKB1ya2GFM4mobZCSoVovKbZcsw,-18081291,-14508057,-2.126161479E7,18321738,13336868.9800
2175,11134930#zopp6NJx5p,-1.955036566E7,-8995576,-15432589.0900,2019-05-06 02:14:31.000,-421.1,833.68,-14998346,12745478,613.500,-5238858,-21445500,19934164#9nkc6AEnqG0PouOq4VsB975nq9dIQeNl0Xg0j,13787483,861046,2129023.19,-5053544,15811278.2700
2176,13608275#4BIWFeNDQ9,-1.113123461E7,-19112352,6527416.7200,2020-03-09 04:15:35.000,-460.1,-111.61,16426384,-7487555,-422.280,-7195382,-19973560,18166403#2T3WntkZ5gcqACEGub1eULVWralA03i133dB5,21287203,8906094,-2186645.81,16550425,-13924822.8300
2177,10522379#gAbYThtstq,-2.056050648E7,-8982515,15043023.4900,2019-07-16 12:53:30.000,84.9,759.23,10391032,17556070,-107.050,-19266252,7010781,5360385#dqeYY8QB8hexTlL1kmQl9A8P7wMR2WMEWjX6l,-6637443,-16708668,-2.020932669E7,12376732,16247679.0900
2178,10778763#tAQH9gHkxb,4010356.8,-19582005,-8331503.4500,2019-12-24 17:39:43.000,-445.6,497.26,10794485,8930192,353.910,15076267,8381889,7104259#I4MQnnIQB5sthv8VHjshgM010qUYu5TAHxJjV,4434765,-19755545,1.157918941E7,15097049,7687749.7300
2179,5517389#FNKXxAq5Kn,-3272781.09,-21306688,-7977422.4100,2019-05-15 23:15:55.000,-621.3,-389.34,-12186070,-19940048,761.160,-12446084,10824815,18782690#m0ZGCVW3EyY8v8Xt72tvnisuUsmWrbdk2MeS8,8394764,12879361,1.695389981E7,-16554701,12342673.0600
2180,11435068#0k1c82hsDC,2.005753522E7,-6154846,19725563.7600,2019-04-12 10:50:33.000,151.6,263.53,18904497,3596633,79.670,-5724539,-7658620,3287070#ZTq15w2U8CFHqfUgujSMe9fgsdqNA5GsbNLxJ,-16348371,-10411819,-7053501.76,11698083,-16319055.7200
2181,13289334#Sr2G1sFeCD,-1495756.95,1625764,13869278.9500,2019-05-09 22:25:35.000,-432.9,646.80,-15253963,12224597,-15.633,5457827,8294809,3399355#i6FjbOEZcW2DGup80cKlaxinOwyqf3Bs4UP3t,1446627,-6443380,-1.014568885E7,-11071393,14309976.6000
2182,17992093#P6OmVds32G,6491374.45,20584672,-11938851.8700,2019-09-12 15:22:26.000,-425.3,389.00,5812600,3779414,-250.630,9198113,-18017643,6390122#sH2C6LXBcQRvs1IhQLc6z0KgrFLtqGB9SC3tO,8075538,16571674,-1.518949602E7,6558502,16709701.7800
2183,19851034#3Lhz7IhxcS,1.710510465E7,-2447442,-61774.7500,2019-09-28 14:29:35.000,13.7,-10.20,-16994730,2384790,-232.530,-13101117,18386189,14013522#qY28V9byDX2JrucOmt5rkgCG9TtDFauINUnWt,7077204,-7049297,-1.946177978E7,5056754,13048553.3800
2184,19960036#ArDintvX4h,3803160.75,-18711040,-19589148.9800,2019-07-09 22:59:05.000,-468.8,-627.38,-7094632,506271,823.900,-19712758,-1465693,20093109#yJ0dgz3mHD4PgpYxCWl1xcy2j8meHm1Nb94gM,-9915939,-7758827,-7506081.23,-2166013,-10056621.1100
2185,12240415#TD1c8Q9jhc,-1.493595682E7,7820039,-3729630.7700,2019-07-13 03:02:40.000,-231.9,279.54,2655508,-20684913,-673.280,5861514,4440848,7998888#TXhQA2GjU0rdGPC3Z6gUoHSK6Yr4bBwr7Jhw0,7101933,17085673,-9343668.13,17078486,21304491.5500
2186,21757646#4T7jQcbCS0,2.136747756E7,10688253,10168923.6700,2020-02-17 22:10:19.000,-211.7,-424.65,-9110512,20862341,-486.350,18297030,-3839439,981262#SX5KOqbpzXBuDlvWyiYHy3P7POHpN6fgDrHnj,19133910,-16390224,-2.120259378E7,-17243957,-2956661.2600
2187,18853035#UeDghrzY0O,2.000911059E7,9697891,1783417.1700,2019-04-26 09:13:59.000,287.4,804.14,1119057,19626043,405.940,-965028,1499455,16943499#dMu40RWlaA5vlmhX7v9be7sLrLkkhDp2WDqkV,15937523,-12257371,-6762648.11,-5320741,-14566284.6200
2188,2653541#fdMnyrjStp,9285576.84,14605753,2346221.0800,2019-10-27 20:22:49.000,-416.6,276.58,3771385,1152829,788.710,-2726063,2117798,14179629#FaL8xq1P8rsGbrmVMqrUpku8Jq2CMelWwycz5,-20333392,3573635,1.082475968E7,20458952,20744378.0100
2189,4076171#yNo9EdYisr,1.345814605E7,21707174,5014138.7400,2020-01-26 15:46:04.000,-690.4,-241.63,17798838,5378206,720.590,-21271811,15706837,1050527#FQp8qltf47pEiE3xEIMMjJUp7yVsl2eJuqAwN,-21684155,-1715954,9872832.09,17682680,-10757828.5400
2190,3676751#ipFFSFxhaZ,4910984.02,8860493,9863934.0400,2019-07-01 05:29:00.000,-457.7,-222.06,19477962,-13357703,-701.400,-354076,-3171111,1098373#RrixutpWclfW1DRgjMtQSSpf1zvIPLCKt1K55,15115211,21388983,7112536.2,15257036,7600980.4600
2191,7564316#FjHaZ4obI7,8616845.19,3183988,-6480225.8500,2019-06-27 20:50:19.000,-635.5,477.90,1509099,-10545260,-103.940,4663727,930983,8051086#LmHBx7Ots12Vp3zRJPeEbuQmp2BjzcPwZS4Hp,2027070,-9083041,7639300.88,-11830740,18695648.3900
2192,11059320#dlEpEt20kl,3784144.48,13333013,5647572.7200,2020-02-11 16:43:01.000,442.5,679.93,-1189952,13372132,247.820,-7161809,15718385,2727091#G3BzspRwKOCfMtGmnqgBsE5OjWZ96xmfyez3q,2411684,6405149,1.06614185E7,-5170953,-19586721.8200
2193,10859042#NbXELUvIJl,-1.567473434E7,20130928,-5377923.5600,2019-10-27 11:55:44.000,-184.3,747.13,13654891,-13928831,-705.990,824303,-11524767,3846018#KWdBnele7AIXUBsgi29DZEAzOtVhpb944zBgM,-8277770,357315,-1.35803677E7,-13217187,-17944080.9500
2194,11003970#LvVOQcHUlo,1.695353246E7,21226979,-5638146.7400,2019-09-02 08:50:22.000,-449.3,452.69,-21388339,2832502,-234.710,2903828,12970396,4377200#do5xqcf2YO4hsgia2pt2K5fM8Tag0fVi6ZvcG,13972744,-5725851,-1.154107734E7,19665995,3394469.1100
2195,18471094#ZGJO23jwxg,-2712200.62,-10901958,4614338.6800,2019-11-08 10:18:07.000,-631.0,-203.79,7513171,-313391,347.820,2943291,9359047,18463378#rzrwbzbybxsTiD4BJ9lSUZ6Y3JiSHtHzj4GpL,-17670282,6836130,1.159128841E7,-2009305,10771521.2400
2196,12971876#T1CfQrkNyZ,-2.107164945E7,7458713,-5754756.5700,2020-02-15 00:42:26.000,-667.5,-459.11,12568767,-2135061,659.440,-18785984,16269980,17219258#U9LwDMMF9frYIltAmbq7VcuOYJijmbPZ7EDx8,15187181,64738,-1.720804512E7,21223339,-9804022.0900
2197,18336227#ncZcCRt1Yo,-1.764733561E7,16974355,18413303.3800,2019-06-12 05:48:56.000,528.6,369.21,4579737,-8641648,589.530,9911279,17274185,10033862#rlvhpFWrtiZxx5oESHT94Fh4UUdzUK3RpfD11,4151371,12702629,2.028830217E7,-13595795,-17397761.8100
2198,4229062#LpCRDGP9yE,-2.169048343E7,1787895,-17586279.7400,2019-11-23 13:56:19.000,437.8,-214.91,12304086,12531162,-238.780,-4835121,18640960,16038259#I4MQnnIQB5sthv8VHjshgM010qUYu5TAHxJjV,-1406195,-12332183,-1045731.06,-13561697,-3889992.7800
2199,12496588#VcU4UX6So8,-4706277.31,20496079,-18878928.9100,2019-08-05 00:10:49.000,243.9,-226.32,13628263,2061049,168.443,-5375214,5411592,13798335#UtsI4wL5IgJwK9HZMCpxHV5ysaGCxWIfx1cuj,14523040,9642361,-1.196166002E7,-17004657,-9989148.2100
2200,17832571#qenVtcAciQ,-5535406.32,11701651,-13071245.8000,2019-07-05 05:56:51.000,-660.2,776.83,8427107,14076569,258.200,15549029,-11665112,9682621#cKL3Xyi0X9GlpGkfwdQkETOZL1Hj9f7OPWSLf,9165211,-18200163,-9425098.29,-15282827,6463711.2600
2201,8836272#JahlVQlcnp,5005531.86,14573556,-4013274.3600,2020-01-12 18:38:26.000,619.1,877.33,-324366,-17441713,253.920,20253423,13089134,11095460#eL7jJofth8O3P65l7cvb5FAv2dAkTb0HxgaNG,-21039140,-14078487,-1.546565867E7,12255811,-4999393.4300
2202,19231823#CuOCOafMLW,501160.01,-10023881,-21945696.3200,2019-12-25 03:48:26.000,360.3,305.97,-4183661,20153150,232.684,-4376461,-20031631,5618937#93vydDl1SSbOQWjzhUwgVCyfW7lX37kKGLDCN,13506133,16139483,-2.086206009E7,-20884499,10806671.0500
2203,1910707#Q9MOdJLYuz,1.09001437E7,-20463452,-21304374.2500,2019-08-19 14:15:22.000,-233.4,-212.20,-11495283,-9243382,-173.790,20565713,3434022,4700737#5wHwDxfTE3PQK4qRm0VRzH2DSFvu6Ibe5C9AN,-8865502,12750538,-6170242.07,-3350680,-18696668.5900
2204,7782234#o0jZHWzcwq,-4581593.5,8969763,-5500190.4700,2019-10-03 04:13:58.000,-632.4,-695.50,-3136475,12991950,-691.460,1428552,-21548796,20622476#J2TDwcrQDCFbz3Qq8MMCvebACwvgLtoMpHFIc,-5703688,15375470,1.985616037E7,-8597213,-21804221.0100
2205,968442#PLpVbBwzpw,1.005140624E7,-2458365,10162988.2300,2020-02-27 12:48:09.000,-248.7,-216.15,16793724,21951905,-184.490,-1784144,-7770772,21159696#zBaeoKvbh9c1Tb05ducbBbshskIYXwFLVtgpW,13255817,3812449,1.394191646E7,6303525,-11757988.2500
2206,4639628#jk2KXiy8Ax,1.765630086E7,18072597,10585195.9600,2019-10-09 05:43:05.000,183.5,-663.97,-3988820,-8942579,716.540,-14933336,12854311,16326588#bMbVZug0K97YGr8WdqCVTHRCa4yOaLcWRnadC,-19541567,810479,1.924164304E7,-17994904,1800677.7700
2207,4594173#A6HdyQnBcO,7847612.82,-2042499,3539491.2900,2019-08-09 04:26:27.000,816.6,773.99,20251902,10779794,452.690,7967977,188854,10720277#bLt93dakaBZi9r6iX21ciGFrws0gpQiyBoWG4,5317103,8895671,-7300288.16,-8243475,-14386294.7600
2208,15396437#v6w354sJYX,-1.547535234E7,14415618,-6171746.0100,2019-11-19 10:31:57.000,-456.0,554.66,-15808984,16097967,383.150,-18046678,-1163266,7242249#zQlfql3eNAlDAjAkzb7wFDv8yHf36NxUvA8bb,-4372599,1476043,-1.763486388E7,-20768649,13972777.7100
2209,15885695#hIdizA3m6V,2.103044469E7,15030747,17916612.2900,2019-12-04 05:59:59.000,810.0,380.14,-4396083,8683847,23.614,6536992,12514521,2875067#8DomH0SASiCjJLhnIGD4QhRkKLjKnP7v7N4UU,-20287889,-11565850,1.201219954E7,-8676676,20016672.1400
2210,13021921#9ieXrSMCwe,-7221407.46,8903020,6818404.4900,2019-09-16 17:02:11.000,-60.1,-708.23,-19243764,17735809,-121.960,-13887417,8439389,14926209#FQvJIICxbpklUxJdK6D6VmaETmMQquTeVcR9s,-12839844,15757952,1.583518844E7,-8085850,18841760.3500
2211,10497622#4NQueE8FoP,-1.677037755E7,-6207045,12702491.4200,2020-01-27 07:14:18.000,555.1,152.83,190913,14596888,-432.690,17502764,-7704458,3965855#b0C9oDaW57cxW8gZPlJ3nPYINwx4nqWVsHO83,1728499,4412476,-1.007777845E7,-18620994,5827515.1500
2212,9981424#MX5zv3Oq1P,6621000.66,-21106198,-7593994.3100,2020-02-26 02:47:21.000,-180.4,246.00,19667302,-15435977,-689.860,18451634,2488830,14802015#MpYWLWb8Z5OibfIUfWO9d8PJuWNjaDgfhpZhK,-7160890,-8529676,-1.889605665E7,15919896,1168122.1100
2213,17301783#FVU2v5bsqn,9656470.53,-14484916,3036170.3900,2020-02-28 11:03:13.000,-435.2,27.29,-19147121,-12269504,493.740,14687229,-2291242,1279135#4q1Y9E5Q8yAJlBboUXPP0mwejQpxgnGIP47XC,-21706513,-6450282,-1.912334846E7,5178778,-19448032.2700
2214,17805425#yD6Uac8wNg,2160137.06,4113354,15015394.3500,2020-01-04 11:36:04.000,-100.0,843.93,20902491,-10211033,-467.720,-14580788,7688992,7593615#eJ7xBhpja0STvCh2rSg7hjbLA4Sr1qsSGwqaP,-9397742,2751421,-2.093001143E7,12697555,-14301621.1900
2215,19380778#QSPYwuW6Wk,-9078888.84,-8129661,-15129680.5800,2020-02-24 06:29:30.000,628.6,-35.40,47544,7626502,-200.110,18597350,11588067,8857637#tZMQTJQGjHtBYgySQFHsiM7r4SLhPge5jG5W3,14088753,-11308557,7026005.74,-9199748,9671635.5400
2216,16736123#NcMG1iCz7V,-8406671.1,-6059919,-11652386.6600,2020-03-12 16:48:01.000,-631.9,-177.79,1008963,17764764,-261.020,10166033,-8661329,19717583#0F4IylWkOWJGUsuRdvArpr1htRI6mIJGA4tp3,9299306,19655323,8412773.27,14937019,-9630530.1400
2217,1890266#G5vX5VIu6j,-5009278.07,9320506,-7506168.3500,2020-03-03 10:59:31.000,727.9,-23.17,8108165,3453300,724.620,5203958,7380098,20563093#EgN1UxS2Xb5ON9kpO8mcfrNe9FLYacMcPFzac,-21036949,-11122472,1.152486814E7,-19333351,15825379.1700
2218,18210472#4hG6bnacwD,-1.384057216E7,-21307489,-21943160.6800,2019-12-06 02:43:56.000,-112.8,-705.41,3569872,-8373528,712.750,-7675681,15713375,2023594#JqcHiGy0lNHmDVLTbTJpUr4Kb2MOKdq6UXlsm,-16356859,1964127,7456555.76,4634733,13598773.7500
2219,9741778#QSPYwuW6Wk,-8981070.7,21659177,-1414570.9300,2020-02-08 03:15:16.000,-107.1,-461.66,18825761,-8395006,601.430,15596415,11369215,11879270#4fyQnk8GRgrPB7PKq2fIg77EyQbeL8P609GhM,-10558357,3979616,4092790.95,-17596762,3409090.4000
2220,3684403#KpCPsE0fyc,4164109.43,18423445,-5689307.6200,2019-10-09 22:06:22.000,140.8,335.85,-18155126,595206,763.290,-21957460,9971213,229652#N9W4qb51Z2AMfWyyRofqhT3GS9IjLGwe0Wn02,-16711993,-21950888,-6433470.56,-551301,-11385620.8700
2221,2261535#UcuZb5aNIE,2.189645259E7,-6199578,8260113.7000,2019-12-11 19:00:23.000,731.7,-452.09,6717166,7263874,842.130,-2668122,-415037,137425#FaoZlotjfc8oEI3VnpcFFyg0FKKqqxHuzZB3c,3239104,-13839217,2.095825074E7,1330939,-19434737.6200
2222,10672332#ZcfdeQ0Y1q,1.513976305E7,10837618,20653347.9100,2019-10-28 04:22:17.000,304.9,691.20,-14712388,10895072,68.770,-19803074,10588195,16622939#umqwdKA20RZqDvUL013u4Xdzoz9mFjteyRluD,-1748848,19002663,1.258862623E7,7151012,-15280178.7800
2223,3003495#cL4hPJ4rDT,-2.006013082E7,-15421032,14574663.3400,2020-01-03 08:52:13.000,-458.2,-636.70,5328145,679989,-66.830,-12158488,-17975352,5859074#3w1llIV9P7z64x4RBQqHzwzZvUGsgMDYOkzrt,13941287,1705338,678419.89,7349328,-7077915.6300
2224,8786488#OG9EcmOQpk,-1.953211127E7,-10299335,-17557827.0600,2019-12-23 17:54:42.000,807.3,685.28,17369569,-14139970,201.482,2654279,-9624914,10450752#pNjRvbswEcdGgafVqqWnANzShD7bGAGV60L5l,-18497198,-14841630,-2.175041479E7,18743136,13643768.9800
2225,11390862#MAoZYrtT6A,-1.999996566E7,-9202321,-15787166.0900,2019-09-19 19:08:56.000,-431.1,852.68,-15343083,13038678,628.000,-5359483,-21938425,20392287#JFpKSZBMtF3Ohf0VX2Pr5yD1yx6ouYybQr8FT,14104423,880673,2177823.19,-5169936,16174950.7700
2226,13920776#VTV4FOjvBH,-1.138723461E7,-19551576,6677593.2200,2020-03-11 22:57:23.000,-470.1,-113.61,16803984,-7659380,-432.280,-7360519,-20432310,18583681#oEIuL0AqUlQHA22Suc0iknmy48MyQlGmkEbIZ,21776161,9110663,-2237045.81,16930499,-14244933.8300
2227,10763917#HrCU4HjmL6,-2.103250648E7,-9188744,15388296.9900,2019-11-01 01:10:24.000,86.8,775.73,10629782,17959420,-109.050,-19708927,7171881,5483358#gdQHBB9mKrQ4vLUKmKZpNPe9bWg2FWSeMGmGK,-6790019,-17092329,-2.067332669E7,12661201,16620653.0900
2228,11026162#vkuLiK7qEn,4102356.8,-20031643,-8522631.4500,2020-01-30 05:51:08.000,-455.6,509.26,11042260,9135105,361.410,15422167,8574239,7267293#It30NCQO16yx6euWCLQseb5y7j0JfiWxG3tLx,4536531,-20208992,1.184478941E7,15443418,7864347.7300
2229,5643888#10O1ZfwiiI,-3347981.09,-21795791,-8160513.9100,2019-09-30 03:38:09.000,-636.3,-399.34,-12465626,-20397398,778.160,-12731724,11073240,19213610#1GqscH9dajGtsDsf0Qq3PeFZnDhhACxhz8ZBF,8587282,13174927,1.734269981E7,-16934355,12625805.0600
2230,11697131#UOGbaCDVXz,2.051753522E7,-6296057,20178036.2600,2019-09-13 02:47:25.000,154.7,268.53,19338022,3679208,81.220,-5855639,-7834107,3362306#AsrmI1qMyoe1qIWDm1htXlfoOBl32c1At7aWC,-16723303,-10650518,-7215101.76,11966444,-16693500.7200
2231,13593901#hOzRkymSp6,-1530156.95,1662880,14187098.4500,2019-09-29 09:38:50.000,-442.9,662.30,-15603575,12504847,-15.783,5582802,8485109,3477147#aKtEPekEbNtncIDBMvYw9GRdNIODEp2lKn20r,1479846,-6591267,-1.037848885E7,-11325144,14638032.6000
2232,18404306#zQzVw8goZO,6640174.45,21056410,-12212415.8700,2019-12-07 05:31:09.000,-435.3,398.00,5946000,3865977,-255.630,9408913,-18430418,6536489#7Xjow7IzOYoT8U1LJloigj3h56pJlAOJf0ZHO,8260364,16951639,-1.553749602E7,6708924,17092674.2800
2233,20305611#7uLB6Apab2,1.749710465E7,-2503622,-63280.2500,2019-12-16 12:48:30.000,13.2,-9.89,-17383993,2439390,-237.530,-13401192,18807139,14334270#4fyQnk8GRgrPB7PKq2fIg77EyQbeL8P609GhM,7239457,-7210746,-1.990737978E7,5172527,13347609.3800
2234,20416906#aXFRSLzahR,3890360.75,-19139237,-20037604.9800,2019-11-04 16:08:48.000,-478.8,-642.38,-7257232,517971,842.900,-20164233,-1499293,20553011#hBjMWIYXzpRUvYgXbgxRrPKnJV6EoMylSQ6o0,-10143043,-7936566,-7678081.23,-2215502,-10286858.1100
2235,12520315#HbreQtqAPz,-1.527755682E7,7999095,-3815034.7700,2019-11-07 10:53:37.000,-236.9,286.54,2716333,-21158463,-688.280,5995639,4542586,8181897#DUrz7RSzRUE24ObWjp7la1i7EXoZlzKgntf6R,7264662,17476656,-9557268.13,17469423,21792186.5500
2236,22255187#Eo3gbzQKqI,2.185627756E7,10932673,10401640.6700,2020-03-01 16:58:39.000,-215.7,-434.65,-9319062,21339416,-496.350,18715680,-3927264,1003503#wwNj1OFDY2b0dk0CtfGKZUPb2YxRhDIheCVNd,19571427,-16764901,-2.168739378E7,-17638541,-3024208.2600
2237,19283901#hOzRkymSp6,2.046671059E7,9919399,1824252.1700,2019-09-30 17:29:34.000,294.9,822.14,1144844,20074868,414.440,-986903,1533717,17330743#1zX0k2vk88aj0i0kyqKlzikDP12otUkR2LpoK,16301953,-12537624,-6917048.11,-5442613,-14899164.1200
2238,2714133#NugEQ0XtI3,9497576.84,14939623,2400058.5800,2020-01-04 07:29:31.000,-426.6,283.58,3857535,1179329,807.710,-2788375,2165998,14503627#sk7NMTjvSROODPjbhXkfDP431xN1llpdj4sL0,-20798216,3655392,1.107195968E7,20926663,21218234.5100
2239,4169094#ZGJO23jwxg,1.376534605E7,22202840,5128575.2400,2020-02-19 20:14:35.000,-705.4,-246.63,18205288,5501143,736.590,-21757586,16065487,1074407#JLrxaAHA7bLh05BodrqmvMtJ6nzb1clthVMgv,-22179467,-1754937,1.009843209E7,18086736,-11003587.5400
2240,3760657#7fv175I6lr,5022984.02,9062893,10089225.0400,2019-11-07 08:54:20.000,-467.7,-227.06,19922862,-13662878,-716.400,-362376,-3243631,1123411#1ka0VcR2lGr6N37sWDghergJs5C8Xx5jrTQAB,15460148,21877249,7274936.2,15605159,7774356.9600
2241,7736840#7bN8eRNRgQ,8813645.19,3256821,-6628034.3500,2019-11-07 00:17:52.000,-650.5,489.90,1543499,-10785760,-107.440,4770015,952258,8234768#Nog9oEbNHEXIkipVJ4zxVZHLAWh0VTkh61KOz,2073230,-9290331,7813700.88,-12100800,19122244.3900
2242,11311366#8o5O3XuuOD,3870544.48,13637363,5776371.2200,2020-02-28 10:33:33.000,452.5,694.93,-1216952,13677195,254.320,-7325296,16076810,2789252#MjTbJ7YaBDkS9eBlpEORGLgKvxiy9q2XSMIuz,2466866,6551138,1.09046185E7,-5288709,-20033453.8200
2243,11106473#2rSPNtht28,-1.603233434E7,20590050,-5500650.0600,2020-01-07 16:05:36.000,-189.3,763.13,13966016,-14246493,-720.990,843203,-11787717,3933669#cQLa9s0wh8hkBd9lSmjhwUs7KilZiIMAxWAei,-8466455,365257,-1.38899677E7,-13518413,-18353262.4500
2244,11254602#JhQUFzmioe,1.733993246E7,21710696,-5766803.7400,2019-12-13 00:09:23.000,-459.3,462.19,-21875664,2896927,-239.710,2970090,13265860,4476753#qlSR5HLRrtW7MLSCkZJy5PReUTlcg1SXaYTJW,14291387,-5856505,-1.180427734E7,20114299,3471606.1100
2245,18891777#uikLOO9dL0,-2773800.62,-11150108,4719578.6800,2020-01-14 20:12:37.000,-646.0,-207.79,7684346,-320391,356.820,3010478,9572137,18883908#MLFWd6hdwRoy7GxRy6Q6TtnisM82fTdkbpX90,-18072834,6991899,1.185528841E7,-2055193,11016740.7400
2246,13267140#hvr1batKhF,-2.155164945E7,7628419,-5885608.0700,2020-03-01 17:06:04.000,-682.5,-469.11,12855086,-2183836,673.940,-19213934,16640280,17611131#Y6VSmG50etwrq8TTQTjbTJbroF53yUgk0ttWE,15533120,66294,-1.760004512E7,21706749,-10027276.5900
2247,18753371#60luUWiKmf,-1.804893561E7,17360479,18832227.8800,2019-11-08 07:30:37.000,541.6,378.21,4683912,-8838348,603.530,10137004,17667473,10262065#PB32WHXAul0SWrXJVwX99jRoRCXeh01avZNOj,4245624,12991917,2.074990217E7,-13905213,-17793886.8100
2248,4325262#wrlEme288D,-2.218408343E7,1828472,-17986307.7400,2020-01-23 22:58:35.000,447.3,-218.91,12584036,12816062,-243.780,-4945146,19064810,16402906#YmENzBVFNTypLIEv4iRElvTyOpCqZpreh5YKR,-1438163,-12612880,-1069731.06,-13870158,-3978601.2800
2249,12780633#LacqMiE6SO,-4813477.31,20962082,-19308073.4100,2019-12-05 19:30:51.000,250.4,-231.32,13938244,2107924,172.793,-5497239,5534717,14112060#N4kmX046TgBeZn2xbN7K7oyP5EnSvi60QcHnX,14853479,9861721,-1.223366002E7,-17391347,-10216348.2100
2250,18237637#cdegoAGGiW,-5661006.32,11967733,-13368164.8000,2019-11-23 12:09:32.000,-675.2,795.33,8618557,14396319,263.700,15902504,-11930024,9902677#mOmm4wTCcQsF7wcGLs54A64BjMnOrGI0AQMhi,9373298,-18614015,-9639498.29,-15630163,6610468.7600
2251,9036815#yIuhVQHcq2,5119131.86,14904687,-4104438.3600,2020-02-17 00:31:56.000,632.1,896.33,-331566,-17837906,258.920,20713598,13386282,11347288#4zxbgtfoidozlmZ4M4DF0rKN7X7RKrcjFA0ms,-21516980,-14398264,-1.581685867E7,12534020,-5112835.9300
2252,19668287#sjqF4SEGZ4,512360.01,-10251303,-22444050.8200,2020-02-09 09:11:38.000,368.8,312.47,-4278642,20610825,237.534,-4475949,-20486612,5746459#THnR8sA1l78juNRVsUo9Fgq6NoIXOMUYm1mFo,13812962,16506108,-2.133566009E7,-21358506,11052107.0500
2253,1953945#pLfou6KRNF,1.11473437E7,-20927827,-21787916.7500,2019-12-17 15:54:24.000,-238.4,-216.70,-11756058,-9453344,-177.790,21032263,3511922,4807406#qTpLlMfgnyDYF2DvEOLxMnoc2OYD0c0DLb5GA,-9066610,13039798,-6310242.07,-3426609,-19121101.0900
2254,7958687#gUjYSmU2TC,-4685593.5,9173036,-5625082.9700,2020-01-06 17:18:41.000,-647.4,-710.50,-3207488,13286907,-706.460,1461102,-22037571,21090290#RgT2LCsGbNGWgzk8TonP05pE6JKQc4XC3WcrZ,-5833177,15724172,2.030656037E7,-8792072,-22298858.0100
2255,990398#fJN4CTsOo4,1.027940624E7,-2514061,10393619.2300,2020-03-08 12:31:24.000,-253.7,-221.15,17174574,22449830,-189.490,-1824475,-7946922,21639457#bRNHenr6BwP7l5bvEr9wH7xlTaOpxjmsN6HV9,13556359,3899109,1.425791646E7,6446351,-12024727.2500
2256,4744613#jUU5A80NiT,1.805630086E7,18482099,10825317.9600,2020-01-11 10:47:43.000,186.7,-678.97,-4079270,-9145154,733.540,-15271749,13145642,16696442#DpQzUlrTADbgxSLQBUPmYWkffc76Nj3dHTOVH,-19984678,828806,1.967764304E7,-18402976,1841694.2700
2257,4698058#kmJKcDxXwf,8025212.82,-2088804,3619856.7900,2019-12-19 07:27:25.000,835.1,792.49,20710777,11023828,462.690,8148365,192954,10963125#CB6Y0gXa7bF6Hr9aJxn2ReZMuIoDP2tFWve78,5437337,9097332,-7465888.16,-8430241,-14712298.2600
2258,15744987#wuzc7TxvyT,-1.582575234E7,14741878,-6311413.5100,2020-01-29 19:49:20.000,-466.0,566.16,-16167103,16462317,391.650,-18455291,-1189566,7406095#MsCVKHPxYeewHgwawxerRH54G94Xj9YCiMijh,-4471604,1509396,-1.803406388E7,-21238899,14289202.2100
2259,16245126#7LFdZaHLtw,2.150644469E7,15370998,18322031.7900,2020-02-05 09:01:02.000,827.5,388.64,-4495721,8880622,24.414,6685160,12797596,2940088#UHZ03Ae3yPtxft9C4dPpOa2j4J4Q1u0Mo8K52,-20747278,-11827831,1.228419954E7,-8873081,20469531.1400
2260,13316350#GhDX3QjkIn,-7384607.46,9104517,6972696.9900,2020-01-07 17:05:37.000,-60.6,-723.23,-19679094,18137259,-124.460,-14201392,8630139,15263727#xjFHpw2V7XD5YdNlMoQFI8uvLwlUw3cAC7cj4,-13130552,16114469,1.619358844E7,-8268889,19268025.3500
2261,10734838#wrxg7O3Mvy,-1.714957755E7,-6347278,12989550.9200,2020-02-26 19:34:25.000,567.1,157.28,195350,14927013,-442.690,17898602,-7878720,4055518#5xgzRNyugziNm75blvzRvTTjNjZschHlS5mbS,1767609,4512404,-1.030577845E7,-19042093,5959386.6500
2262,10206905#KMUHrpn0nt,6770600.66,-21583338,-7765498.8100,2020-03-08 21:49:36.000,-184.9,251.50,20112039,-15784952,-704.860,18868822,2545030,15136540#EjwGokysFdg3P7y9cBenSnoZWDFbwDtbpsXU9,-7322687,-8722447,-1.932325665E7,16279793,1194596.6100
2263,17692564#JKveg1obUE,9874870.53,-14812245,3104672.8900,2020-03-09 21:13:54.000,-445.2,28.14,-19579871,-12546717,505.740,15018941,-2342992,1307963#IcZkyC3McHjIZpan8TfqDwq7K3dV4pWTdGdXT,-22196744,-6595829,-1.955534846E7,5295797,-19887282.2700
2264,18207340#lnXZwvRbuc,2208937.06,4206147,15354523.8500,2020-02-20 05:07:55.000,-102.0,862.93,21374433,-10441433,-477.720,-14909998,7862635,7765104#cP17DNDRdZBnAxzGM3WpuNhJNxcqeALoBSAAM,-9609823,2813774,-2.140281143E7,12984269,-14624770.1900
2265,19818067#JiXgVuZUZK,-9283688.84,-8313151,-15471211.5800,2020-03-08 18:22:57.000,643.6,-36.40,48531,7798702,-205.110,19017178,11849561,9057542#iA8Wx5MEZzfGQUtikvikVvzfhuWLc2MUBIAL6,14406878,-11563702,7184405.74,-9407305,9889982.5400
2266,17113682#Qd39DhqPYC,-8596271.1,-6196631,-11915178.6600,2020-03-14 14:25:37.000,-646.9,-182.79,1031591,18165514,-266.020,10395370,-8856679,20162366#axIs5vY1b5P4FmpYQlLBSFo5Wc5bD9IWJwjzE,9509010,20098601,8602373.27,15273917,-9848049.1400
2267,1932815#yIuhVQHcq2,-5122078.07,9530493,-7675481.3500,2020-03-11 17:10:02.000,745.4,-24.17,8291140,3531375,741.120,5321483,7546361,21026807#BYe7s8PRunqPfeEgIyVGHdLZmpdsHyqXAVmfM,-21511504,-11373141,1.178486814E7,-19769381,16182359.1700
2268,18620964#9b3gL9vllb,-1.415257216E7,-21787964,-22437923.6800,2020-02-13 20:03:45.000,-115.8,-720.41,3650360,-8562303,729.250,-7848756,16067800,2069193#uGinxa9gAo9ZVxQ6P0Sb9TuOJfEcYvMLshMwz,-16725584,2008408,7624555.76,4739256,13905498.2500
2269,9961091#AQMRfCwDCR,-9183470.7,22147367,-1446612.4300,2020-03-04 18:05:41.000,-109.1,-471.66,19249986,-8584231,614.430,15948053,11625340,12146790#8fZxI7fqgjnIuxDVn9q8RPZnjSb7lmS6HO2VZ,-10796064,4069435,4184790.95,-17993351,3485916.9000
2270,3767179#4KGH5Rw134,4257709.43,18838282,-5817307.6200,2020-01-30 11:41:35.000,143.3,343.85,-18564126,608558,779.790,-22451828,10195913,234682#HYYOvGIZA4dzBGkNu9282SU5rMbLtx0vtvtYH,-17088537,-22445173,-6578270.56,-563831,-11642146.3700
2271,2312346#BCdKXszX29,2.238925259E7,-6339062,8446126.7000,2020-02-18 10:20:27.000,747.7,-462.09,6868315,7427249,861.130,-2728147,-424162,140336#aj3JpYWhDnRN0SaaqFJLAbuYbgAuSFKuN9ikp,3312035,-14150974,2.143025074E7,1360775,-19872443.6200
2272,10912263#P4wnjG1N0E,1.548056305E7,11081431,21118084.4100,2020-02-07 15:09:46.000,310.9,706.20,-15043363,11140035,70.020,-20248749,10826670,16996896#lgkK3cUYpmIysVbirKoGHxx9MXv3oAV9r2Tjh,-1788102,19430395,1.287182623E7,7311873,-15623932.2800
2273,3071028#Vze6MgQYVV,-2.051133082E7,-15767663,14902276.8400,2020-02-26 05:00:10.000,-468.2,-651.70,5448095,695089,-67.330,-12431888,-18379627,5990820#um8xuX9CUMprj2v5g80RPfvPheHjtGrrcnTlw,14254639,1743516,693619.89,7514746,-7237043.1300
2274,8983935#lTVN7QHn9H,-1.997131127E7,-10530667,-17952639.0600,2020-02-24 10:46:21.000,825.8,701.28,17760257,-14457920,205.632,2714129,-9841364,10685606#PHTvfsiYyP9LQmNcEuLhX2u6ZCn5ECBW1sv1R,-18913105,-15175203,-2.223921479E7,19164535,13950668.9800
2275,11646794#XcBcHbyB4Q,-2.044956566E7,-9409066,-16141743.0900,2020-02-03 12:03:21.000,-441.1,871.68,-15687821,13331878,642.500,-5480108,-22431350,20850410#WUQLE3rqIHbpqdz1hL6Vft2uVBSCatOmCaw60,14421362,900301,2226623.19,-5286329,16538623.2700
2276,14233276#4QTCiSTlKk,-1.164323461E7,-19990799,6827769.7200,2020-03-14 17:39:10.000,-480.1,-115.61,17181584,-7831205,-442.280,-7525657,-20891060,19000959#82xvER3qW2N91I2M4l2UvHKG0bvR8556eqMLw,22265120,9315231,-2287445.81,17310573,-14565044.8300
2277,11005454#uUIvnwU32Z,-2.150450648E7,-9394972,15733570.4900,2020-02-16 13:27:17.000,88.8,792.23,10868532,18362770,-111.050,-20151602,7332981,5606331#bf29IwbZHV1xnqaOnqfZu3y1hdmpOjp32ymZ4,-6942595,-17475990,-2.113732669E7,12945670,16993627.0900
2278,11273561#MYMCoWuYgf,4194356.8,-20481282,-8713759.4500,2020-03-06 18:02:32.000,-465.6,521.26,11290035,9340017,368.910,15768067,8766589,7430326#NE3c21bToC8aYAA8JqDBJXT7PrRdIU1xDdBHb,4638298,-20662438,1.211038941E7,15789787,8040945.7300
2279,5770388#zq7yHp07DH,-3423181.09,-22284895,-8343605.4100,2020-02-14 08:00:23.000,-651.3,-409.34,-12745182,-20854748,795.160,-13017365,11321665,19644529#d04ua7nIc3szV8oTldlEra06cEXd7G6gsXmcJ,8779800,13470493,1.773149981E7,-17314008,12908937.0600
2280,11959194#fYH0WH0vdv,2.097753522E7,-6437268,20630508.7600,2020-02-13 18:44:18.000,157.7,273.53,19771547,3761783,82.770,-5986739,-8009595,3437542#iA8Wx5MEZzfGQUtikvikVvzfhuWLc2MUBIAL6,-17098235,-10889218,-7376701.76,12234805,-17067945.7200
2281,13898469#Zm6OYnp1eQ,-1564556.95,1699995,14504917.9500,2020-02-18 20:52:05.000,-452.9,677.80,-15953188,12785097,-15.933,5707777,8675409,3554939#umqwdKA20RZqDvUL013u4Xdzoz9mFjteyRluD,1513065,-6739154,-1.061128885E7,-11578895,14966088.6000
2282,18816519#sn1PV7bng6,6788974.45,21528147,-12485979.8700,2020-03-01 19:39:53.000,-445.3,407.00,6079400,3952539,-260.630,9619713,-18843193,6682855#b0C9oDaW57cxW8gZPlJ3nPYINwx4nqWVsHO83,8445191,17331604,-1.588549602E7,6859346,17475646.7800
2283,20760187#Eo3gbzQKqI,1.788910465E7,-2559802,-64785.7500,2020-03-04 11:07:25.000,12.7,-9.58,-17773255,2493990,-242.530,-13701267,19228089,14655019#0mqt5Gq0RlZbNbHyP3E43QuOTC756Fnb1fR0K,7401710,-7372195,-2.035297978E7,5288300,13646665.3800
2284,20873776#VTV4FOjvBH,3977560.75,-19567434,-20486060.9800,2020-03-01 09:18:30.000,-488.8,-657.38,-7419832,529671,861.900,-20615708,-1532893,21012913#y6Fw8uY6MGic2rH2xe20068fk7jZYFisqlHwK,-10370146,-8114305,-7850081.23,-2264990,-10517095.1100
2285,12800215#UJwliXybLx,-1.561915682E7,8178151,-3900438.7700,2020-03-03 18:44:35.000,-241.9,293.54,2777158,-21632013,-703.280,6129764,4644323,8364907#3VEpscMU3tGfr6Qt89hhDE8X8uVBnYMMBgHcb,7427390,17867639,-9770868.13,17860360,22279881.5500
2286,22752728#CEqkZxJnYF,2.234507756E7,11177092,10634357.6700,2020-03-14 11:47:00.000,-219.7,-444.65,-9527612,21816491,-506.350,19134330,-4015089,1025743#1zX0k2vk88aj0i0kyqKlzikDP12otUkR2LpoK,20008944,-17139579,-2.217219378E7,-18033126,-3091755.2600
2287,19714767#eGbOmvPumF,2.092431059E7,10140907,1865087.1700,2020-03-06 01:45:08.000,302.4,840.14,1170632,20523693,422.940,-1008778,1567980,17717987#ic153Q7LHkXPOwVyDmvVo07d9kXVbtAnOlXHp,16666383,-12817877,-7071448.11,-5564484,-15232043.6200
2288,2774725#aJIZzG32oF,9709576.84,15273493,2453896.0800,2020-03-12 18:36:12.000,-436.6,290.58,3943685,1205829,826.710,-2850688,2214198,14827626#01XIduiG3ywY7XXQX2DZaoqwJ2LZLu1L9BMJs,-21263041,3737149,1.131915968E7,21394375,21692091.0100
2289,4262017#4e4sZOAoWE,1.407254605E7,22698506,5243011.7400,2020-03-15 00:43:06.000,-720.4,-251.63,18611738,5624081,752.590,-22243361,16424137,1098288#4zxbgtfoidozlmZ4M4DF0rKN7X7RKrcjFA0ms,-22674779,-1793920,1.032403209E7,18490792,-11249346.5400
2290,3844564#JKveg1obUE,5134984.02,9265293,10314516.0400,2020-03-15 12:19:40.000,-477.7,-232.06,20367762,-13968053,-731.400,-370676,-3316151,1148449#cNG1TsrSeEoSm1C1ftg0R2Cq8eDxdNwlz8UgW,15805086,22365516,7437336.2,15953283,7947733.4600
