337,97,600,101,1671561#7HGUrBzRG1oxVTpvuDtC3OUUFcCCItxNqXELx7e5pIKeYELBkEDzeN6xCUmvXKguROj,2668203,-733410.6100,2230662#mBBoKfDDgnK9G,1919825#SUIVg81bfYt,3309351.980,136179.03,66160,-1537536.000,-5611.2700,2467104.2000,2326957#wgmMmUKgwINiUFMJsJU,2823349.5,45.5,-1734688,2811442#k5nitrm0EwqxnozsMF1pU8MtHpH5cA
338,695,1311,145,1160340#euAyA9RxKFKQna96xr8dEr2t9Nwr0GEGeMxvQDVK8vN6a1MNiMKOe7TE0uxWlu4GHTA,-2102119,31820.7800,2835220#kFfZqYH6oW4pe,2902220#2EIYVKLGPvF,-583223.190,898087.05,-642249,-3194776.000,-1539.8100,192918.1200,1785047#Kpbog51UKURx8hbpB56,-274406.47,-21.5,2530128,750153#5roS2pnjEndgieYQlXd4K0EQ0N0lDS
339,659,1764,19,1085935#au22IB0ntWqr0pzKOnmOFWwL0xRME8u5IF5Bvod4FI77wPLsoD2DUBouFJEabYFkpX0,-1844993,-2260710.5800,927660#XKbIi9iWgjEh5,3340132#Q4lVmG0uUz4,1341539.370,-1613464.93,-238060,-807808.000,-6063.2000,-1596852.9800,291946#t02oSQLciJ2Se3SIxSe,2456203.0,-38.4,-3145022,322205#UQ3H5nnYjw2YE1hXE7xYvTAuvVJYws
340,178,1450,314,1318408#uWa9Hu2tPTIyioaTPcKDeDSYEsr0n083cdJaLC7nJICj88pMPMFu4VaQiaVHxWPa0H3,298991,-2220207.0200,665360#6UPu8R9ygZU9u,2155900#eKKvLp7VIgf,-540297.870,1704777.42,2962989,-3041040.000,6291.1000,369132.3700,1397812#YlO7Vs9FGznRuvt9XNy,83583.14,-64.6,252158,1160165#hcmaL6p0DMyCvWh4WcTFrRSE5gvRf8
341,1134,2040,281,388329#F83UGzL9NQU95jzEchmBmKFulczySJuPpToeCWfB2IRinoL0xJngWuEpqmYn1SDE0o8,2635232,2806991.7500,2823997#v03uoir6vMEIQ,183610#ZRX5tM8VOVZ,2995602.100,1901646.41,2641038,-468640.000,-206.2000,2511215.4700,576021#rmzGRX3gNrPZJtwZ8Sr,2229669.0,-30.1,3415725,3164329#GB3HJvfLF1WCAgCvVb4xMljqlHg3UY
342,1118,580,279,572236#yIhgt2HEtxWx92q7DULPEMv9j7gF1huB1nVSNSgrbyH0vqrJ2lvF4saIdvBIBxdJzd9,1215581,2953665.5000,2160255#ck6r7RkZR1eOb,2945016#g3H8IB5yIFP,3390663.990,-673330.04,2083263,-2147200.000,-568.8100,-1316994.4200,3398500#jc7PWWt6JuJg5SsUJXK,-3419613.8,15.8,-3098069,1013091#U1qo8XGKHAS6OeIrm6NYiXid3mdoeT
343,41,2256,313,1090661#KfvSvLHD9rnStRcI8NNca1zcsGB2iLom6WkkTBTLdjwniAa4u78Gpq4msqXerfXPWya,-2303288,3258604.5800,93390#RgugSSKUmZjcz,158630#2zb44ebihyi,2312930.670,-1351767.45,-605955,-421040.000,7078.7300,1583201.4800,47975#Kn7BMZWoIZ1tgMagvNh,-1211877.5,-32.2,-425919,1360215#RfPFVBD1tVdmKbfh1PZpCtmDSWkINc
344,10,48,299,1041996#wDJDmsJTTCjGc310jOn54J0fkjcrwsyTFjW56zLmPT6uHs3DDY9KFudJ8sF0spFI0M2,-1056186,2908803.4000,1795654#Uoc1dkZEYfLWf,9078#mpDg76C6oT4,3120293.420,3278653.71,703811,1300064.000,-405.0100,2791101.5000,2187570#8gz6MGCwsEOXkTfpqab,-609751.44,59.2,-680957,1327855#fu28RqIhHOfbaGUExYQSl8RFMPnTlV
345,596,1574,97,2065190#fb8Wc5VWAuTdO4C9QYo2YgUeRFtxCjbGLgjS3C5aKrdoQkY3MS0KCSALgRNvPZnDabZ,-2638342,2374205.3500,3320379#wtqhhnoDGQfQi,2808795#nYh07oj511Y,-1887346.310,-1859046.11,3089507,-106688.000,2801.5800,-2425041.9500,406714#1m7AE3KRnHflsYRDaQH,2888986.0,-36.0,-2794754,2545188#MSStF4ZPbuUqXGTKXILdHsza40PjIM
346,1254,1284,58,491602#9VbZOO5VJjqut5bBDlyJpl3CoPEZUW45DrFGI5nhICc0EAobzoeeiomUwW6Xkwtwaco,-3144348,1250048.6800,3222332#TtwVUCfA2pc06,3137899#tC73EGA2vvq,880124.800,3168409.6,-929004,616528.000,2718.6400,708170.2600,256947#0bmvpLSuzcaAAfrxuDq,-2998061.2,-8.8,1847987,2746109#MH2ckxBB8VEdAfaojhCSRG6hy9tamu
347,843,1570,184,2997124#b8HBhsgnLSa4dm63QUHE8u0Bdo4PqxkcCbDt5J7TJ48mBlhBPbXOrT9ujqooyxL9aw4,-656580,1128038.9800,744233#ZocnkfrolNcsW,590822#EIvFJqdTslP,-659706.470,792314.78,-1908083,2713248.000,5776.9000,-1163823.9100,637404#HhvA3vfGM9yLzljCdcV,663678.9,49.9,-2929176,3379906#qUm0ZcTOVLcWKWW4YCyfOuV3eQIEsO
348,630,1432,2,2164318#BcslQluKL8EbIyk9TfDNJeXh9Tv4hWw6qIZhchia1BCi3KQ2kdvsVkhoaGwKvhoteIS,-3034130,-2983100.7000,2767100#GfIaZZLHM3Zd5,2427613#0WTmiLFcIFR,-3187203.090,3064711.73,-670599,-1557600.000,-5570.0700,1078651.0900,596470#HarGnOI7gaZd45H5SDy,-380772.03,-9.4,-1945044,505613#sBAo91aR70qGXZNkncLkivMyzqVXLF
349,150,1303,41,1117326#0SNTC6BL78BCgXH219ILBcOT7eQZTfvQ8jmyqLDDIFHM1auw4QwGdJM8Ze5bA0R7XOo,1540005,-2654186.1200,3100048#XTwnzCJbOTF2K,2903855#DkGL7F74ghZ,2289734.490,2070994.09,1718093,2863968.000,-189.7400,-2395195.0800,416565#c2AZFYAnf0TvwfemfXf,2463873.5,-37.3,-2883345,2165400#dbzu0qCVIIZfAQ4IvMeFpm2rDGi451
350,67,37,301,3481185#9ZCesHirlx35ySZdl7h7gdCGqU0xFQgL6BLjRJpvD0L4IN5U0sUJAiZwfHaCsoHG2h7,1607278,1523473.0000,658188#6QF0ZOWLEC2pL,2601217#91kxxOOqNP3,2605793.200,1447711.44,605195,-2840592.000,-7501.4500,3158944.3400,1940619#332HP491pNHB4Y5Wzqa,3200275.0,-5.0,3100983,827480#Had145LGsEvMXjwhhGspYgTEFDEo8Z
351,907,1474,191,1864195#9qnGNPBBdrtwUv5M2y6UYPzI9kdRmQT1aWTQqzVXa5S7wOlLhLbftvk9Ihrv67HyZtk,-92313,288478.7500,806467#XweM2QggOCxvQ,1231741#1epzaC8cAaD,-1218853.870,951323.24,2874366,13184.000,2669.7200,3147544.2500,577901#m1EsciHYs6i6WVJ46S7,908848.2,-29.6,627792,859019#zdvV5cqCiR0CIKB8KZPpzYQjOsSOfV
352,258,432,174,644567#TOdFqhn7Z1Am4bhSGVbuNP1E1f8Ost74Wv077CsSnbh5tVLwVjTZxXBLVFUXKaDIvoY,-1525600,-2677961.0800,3086024#X6ELIwinBIZaE,3230032#yyVaKvUOVln,-2144949.980,381306.53,2157503,-3230928.000,6226.7800,-82164.6800,2395965#OJacUnMZBgBWpFJD1Cs,-1124935.5,-67.1,-2922410,2128130#YuedclXNVWIfOlXjeZgNv98Tr3C4cu
353,658,452,128,3058016#Gf4RCwAppPu0ffuV4Wx4fYQfOv1sDb7EU8KcikqWBC0hGyIF01ASCARn4Wn3th4VZ7v,-619990,931046.8200,1901#XPQoOyPjq8ep7,585486#a2XP1PiviZd,-1488048.840,-935704.8,1215095,2842574.000,-2651.8000,1901475.9400,3098240#YSvhRM301etrknlB1Nv,-2321888.8,20.3,-2976852,1738253#fSBN0CB1eFPh1SeLMQktsoTRUp7Ifa
354,590,1815,1,2082017#CeLWoom6tglHGsZG06gx3tI3qcXmJrtlnG8hVVR5ZRnfYP5Iz7mpaRKqxn7RPM8KHp4,1836388,2478505.9800,33128#lD2fAuwgzjoSQ,2430336#8S6RhX0qwTj,-1915017.480,3351211.27,-238699,-1723072.000,5365.1900,-1246890.7900,1750985#K7xUBsiTqJ3VqlSfIo6,-3327175.2,-38.7,2344360,664004#V7uY2rZoqRzrGJoiDSYr6sJTVYB4Ic
355,57,1916,324,3158871#iqnQj6UvGjQ91uleVkveSEK11zu6SQoOe0ffiq3gdxsNvawj03w05AadIE1EVpt7uQz,1849744,676658.6500,422394#QzYZgE3imqTWX,1737516#yx9qe1PLLeX,2482830.960,913292.23,-22032,3397568.000,-8438.0700,2933850.7300,2656247#ibfATsF22GXDhL5BsV4,-760424.3,4.4,1249222,2531318#EYMiLVveak45IqC4ksUR2380YUM5lm
356,194,50,1,2927256#Zx1QIxB1oN6u5TAmcXpzthV6Ned8qW20MLuXgLA3q7VU5yrebQkRXxzKWbltqvaWHeL,-3132328,-397883.5400,3521854#Zdvk5k5dvzwHw,1837258#bhSaNn32IpV,1952195.340,2680863.09,2663561,139504.000,5862.7900,-1411718.8500,3327841#Dkhgz7p0vHTshP2dDnL,-1460485.4,64.3,-913604,1702259#Lvi6j7qXDg7mWPImmWl6WsS7usMFmM
357,392,965,126,1329128#V61XDLpLl13RwfjmlcBEk673WUjvPPiqAMWuZseSawtK7ZNVhBoYYk4v9KRRDDMiNSb,-3232380,1308278.5300,3151945#Vx2kUMtMB0fhs,2140753#F08krp7p6IZ,2247662.670,-3467988.8,2556161,-1998992.000,3154.6200,-3336783.9000,2611337#wFMPuXHO9h9qEhKLdNM,3070994.0,-67.4,-197450,1075622#Q8lwzFanMM72Byc3JL3p7qSeqWxKxW
358,639,1089,232,2744404#uusP2TdlOmYRtlOQKXsyiJ37bTpBJSzFuBpYc6PL2MPV2EVDgzCYaJFFfaI2b5Wj7id,-2781655,-2110347.0000,1982446#ueo2mjVTnXpO8,861281#WdWQjq9yXyw,-1525789.800,1150282.0,767314,2841888.000,2937.5700,36079.5800,2421146#H29Yq2gWXnJTB5TQ0mN,-2987825.2,22.9,1905790,282481#KzcY6c3mEdl6XBav6EMIkQOcc999hR
359,1051,1542,268,1773404#uusP2TdlOmYRtlOQKXsyiJ37bTpBJSzFuBpYc6PL2MPV2EVDgzCYaJFFfaI2b5Wj7id,808329,-1191724.0800,2023923#r1fyG3DB1ouWQ,3056804#r3FOZTk7q4A,605103.630,1185521.29,-2154073,1462424.000,5747.4900,-654767.1600,3381574#VAQotrBWIOScMum5yui,-2501822.5,-26.1,-1002617,1235843#GBSUhfTS9ea3ZJuAju6cbsMJpnhQc4
360,748,846,177,1340091#l9D8zHMMO77EqPE6CjXt2zvCQPt5zOB7AgW1ntBJ9SsAb2jIIi2AASJHAaaIL1YO8vz,-1628761,683953.1000,3146828#WD1mjM2TRD9YP,1012462#RADxtMSCqQC,2358913.420,-2071484.72,2574692,2233280.000,1454.2000,-1785478.1100,1464414#UIBpM1MfHfrHTBIyvsR,2066022.1,-33.5,1372993,2181599#haYi1T1Ogtgc9YfZ14NrqggEquS9PO
361,543,1060,250,2975831#qiJXlo9kFj7XCm6nWtP9Dg8yy4Rufb3AnQFDvR9yunFuvaQPoeDKjc8eokutjSzg3rE,212406,1209137.2400,3198397#P6pXUbjrmvn2z,1034499#C5yAO28Dy7Q,3063450.270,2424521.03,496869,-3153674.000,-7700.1900,-3277338.7800,673292#4klPzDP91n85pCN6xSl,-2153932.2,-37.0,1008098,2277257#RBTcejhqje2cZ9p6GXUqEgfXwf1mrd
362,1110,884,151,2779813#otQ3L0gK8PwYz7HJZn50NQfW4yjptQXuYAj5BMbqJzgJNXeeInFlXHSNJs0r2PHXtFc,-3228610,-2600306.2000,150562#Czpoep2hGCpW6,2326261#4fBldGkk6KE,2535745.680,-3526798.51,-420099,2194864.000,1515.2800,2352341.1800,1222375#XRDR5DcJOowEkRn3szc,-2392138.8,-33.6,-2771167,3478730#m18sFGzl8QKytUgJ6vvYZcZIrNj0Cu
363,1079,589,273,2735617#1bnByJslu3hdzvkQxirg1m3fN0zEBD0lTw9b9Xxm0N71WuX3obqqWu3QT14AXMu5vbu,961221,-290633.2400,3484927#9Z3ItWKLgcfbD,1833908#Qyk339Vsrtf,-1562844.450,239053.81,2740121,1268688.000,-5892.0400,413334.0300,1756935#p2r9A0EiGWgaHqAgcix,3167801.2,71.9,-2996922,2415969#n852hUK8sH69YJqgZhUSvUE8UsqohA
364,115,1999,19,2761228#5Z1CxhsIcB3MoBlJQqReQ1X2hx0HGeuVqUakoNoiN7UNCDTQDNVhYWaDHSiCakQk3tY,-1455070,394427.9100,1571210#nYa7aNp2htb65,2495382#eEarJoWSV8V,1636822.160,-2504663.52,3239106,-2092640.000,850.0200,-3587399.5900,2076114#vcgwoNLLkNhr7MM6sLh,702210.3,17.4,1621994,3257959#wxU908jsohDTSBpTfCkqpM6siiDQQt
365,216,481,235,1587586#Gjw50HzoVCXbZWX5ZOK6LgOGjd7kVKCfy6RzqxJMdeFSb6TLCoj0R3XCSoj90ykwEf4,2646320,852969.6500,2152369#0gj4ajwK4xv2n,2281008#mZp8LIY8WQy,-2216796.560,1155408.01,3049489,1950266.000,-6883.6400,2367793.6900,684855#VtlRnWusgSJQ4SwK66g,-3379453.8,-7.3,-886170,2505655#lz6Byp0vBI47aOTJlEupvYweLHpzKO
366,490,1815,302,931242#QZVtYmWG8JjAB68auB7mP1Xkx660MeZ3cZGyYFUMhKbJl6s6jiwOtgaAyO9XTH2DYNn,-2353315,1478469.5000,2075249#es61u74qaAZt7,3643576#MHcBp5F8EUH,-1865189.380,31901.18,1546522,-3612096.000,-8297.0500,-618943.3600,3565758#L3rayELCdPp4BVdnmOY,-1192701.0,26.5,2076407,1765855#fu28RqIhHOfbaGUExYQSl8RFMPnTlV
367,923,1943,214,1761581#CG9MIRDJYPd1wvhSZuvb1LYdxeiAWCDOIP016g2o3Lr4C3fbuOSRUB5T7ZVLh46h2v0,1972720,-3441521.3200,617243#VEMdYnKESRYoL,1140558#rV1U1aAc1Ia,2436130.020,1451187.29,-1771058,1208864.000,-2608.1000,-225246.2400,1493724#m9jDu0Oh0pfxzQY988q,-839581.7,-28.3,682478,1136684#q8YgLyALLVxlNBnHxonGHKpC9E8EZo
368,1065,1327,79,112913#HHm9jjK3U3R3ug6XOWAK2x9uHpud4R9CeSLOuhBnlmDZu9J6qZFJF97Sy6f6TCBCwRv,-2952434,14306.7400,582090#EYCX6YMU1wq2y,326466#NkxiOeMbA0P,-1150450.310,-939223.79,-2913203,-128320.000,-1146.4600,1174648.5200,912471#uBRWtO8ZG5ZI5n7FB3C,-2569940.8,52.0,1884915,2384923#hjGQlnNNR6YfFpmYy9icqDAyH3lCdb
369,596,1734,187,3438770#KBoIjWCPMIXmXp5pmzqT2gvIWAqG5DHe9q79xJrvHKfMUSGEh7VPk7VZUAabXucHIUV,1193244,229515.2400,1167130#uMSVs4UROIMzx,3608605#fG3saXTpJub,1445522.890,-1717179.24,353271,-2170496.000,-3977.3300,-1344773.4300,1463948#Ogr5A6HfMAYLQWqM3wC,-862018.7,48.7,-1646961,1513139#geADafJwSCE5fjPxGFDNPdAAx2xh1Q
370,753,1252,8,1353017#CeLWoom6tglHGsZG06gx3tI3qcXmJrtlnG8hVVR5ZRnfYP5Iz7mpaRKqxn7RPM8KHp4,2628735,2551885.7000,2733571#Kx9WhZuAp540q,1301713#DeQO2q2VZv2,3588364.860,1038560.91,48553,1642176.000,4835.5700,1773099.6600,1219678#SCRX7AZccs0UjZKL3GB,-653401.75,-0.2,3176852,2041301#ZHsSgKa0W0Y7fKAbcJvx4jOdEIcsdf
371,142,1315,343,351777#5jclWKaWwA3sziCkEdEe9VFICaoBLjaZz9ycm2A4pP65BEmR2xwntr742hTv93oOmSK,-2432546,-2012790.5200,1332254#ZH31m32RANZBQ,1670259#SjALnLXqJ2N,361568.660,-12831.28,2306560,-3596308.340,-2045.4300,2150414.6100,2195558#kYLH2dP7IBjrYRydxRT,-2798132.8,-79.1,-2556326,3081741#8haPUBRaJQUD2NLhXRUhBAUI0AKpxO
372,1003,2160,57,2046069#rlu1aADqMWES3aYzxjvxvBYlA2ktLQ2Jt2lmjZN7OBGqNzkyhiC4Z13NBsDjNxnOnyL,1819920,-2335573.2700,1804975#PvfF3sOmXFNVf,581157#bliiqrGALEk,3319203.270,-3211624.99,-2501922,1027616.000,-2220.5900,-1145084.0200,939273#ZEg97YUWoyfhaka0DDB,1890765.2,-16.0,-3273985,668682#xSNkMJxy0wDT56ZRzDYjwuMPbTgZSD
373,141,1003,317,2755261#mWLnhQimNDtjfXrGGd649eBiOpWj7e8Pr6QJpZPiBC3OglXlWzBe4u9ZD02NwtmgJIc,-159263,-1599002.7300,1645018#YX0jbbBbbcDvE,2438032#yyVaKvUOVln,1052787.090,2178514.71,-3184858,846512.000,-5272.8600,1671665.4500,3446311#pgNnYi4yVF0Ya9IPR1v,-1341828.4,-39.6,-3511028,1537711#9CMF1pRG3TeNXEhulChhEHbEDQiFdE
374,341,1168,258,1445903#LvhU6qNPhiDmMOquU6c3mC2v8RQ3l0vN0NE8dU1sVBZk1NNEqOJpm3PVG1jVHcsKGMk,-621484,562505.6800,797568#Qg4HNAV1dfrvm,1799460#snJuEdbjvRH,-912051.860,-55643.58,2807156,-2813408.000,7798.3800,3089319.0600,1392643#iagrEpRBmgsfuLDYQ6F,-2802976.2,46.8,-570092,1230856#kDdqK94siIRWW2Nsqgr1GrApYBG34z
375,1143,1953,156,2105871#iqnQj6UvGjQ91uleVkveSEK11zu6SQoOe0ffiq3gdxsNvawj03w05AadIE1EVpt7uQz,-2268959,2616662.5000,554399#6Mh1XIK5YTkgH,913451#LNsRYollwnD,-1287925.260,-2600482.33,-2729934,3629536.000,5052.6700,-3723617.1800,1167427#vHPwu7R3XwTqWERngRQ,3680360.0,-38.3,2989793,883056#jzuofJrYzQoQ9txJr1h9o1I6Zb9ec5
376,917,1549,255,2336026#tm90uiJa2twjvNuN8UAcY6A81EmokmINFlgNh4p3a0dYLqSQLDYfMhepkLShOolLi3X,3714282,2906685.5600,2996558#B8nGaOMoT3ohP,134887#Zr2WtHT8w10,-944142.650,1280418.81,2282038,3553760.000,-7238.0700,-3370485.7400,1617304#OCcodASdkWsAFEERsDC,2775869.2,-23.0,-504061,1698554#AaLrABWSNHJSG0QPEbVmfv4UyVrYqv
377,849,31,100,2928479#JrOTRAtvSpeFfYb1bCbopQbkqmWABQxBtrvD7X8s8venVFk2d3x6dOQ645iIOzZaEzT,-3213665,-1844503.4300,543847#yGsNSer4KP6CH,807144#oFrbRIOMN1d,-3205479.680,1237063.24,-1849805,-881120.000,3470.8800,-355325.8100,236152#cDZBK7rGPJPs4GoxGud,-3519933.0,48.3,1646275,841825#wC2s3M6FmYJzyUySNg40D24WvkAKCE
378,1255,897,247,771684#zS3RjfZtZ8u2PgQ5TFHNVWAdFbzZQoNJI7OeAF3wNV3R0dXpkcvBPsSCrpAsodLJpEj,-1431346,-2751259.6700,3184282#lGkMUdkbjnWlv,2072646#A6rjz1rx2EX,-2463169.120,424828.27,-1028487,-1906928.000,6817.7400,1733984.7300,1661198#QeCKxYkitmTIToUKK8L,280729.8,-34.2,-2568263,1301197#ejtVz3GAo7YR23Jl3YPyfdcMBdOSrP
379,470,182,130,526380#XkIZTo0VJgv6eAXrOUwD1oESigLueoxNFGzr4r00Xmth8klkRRHdYVavHbNo9x3NPf4,1290243,-2215642.7500,1256295#9XSoou0XkE6rJ,2580594#qMlb3WaBkWI,944598.020,672741.58,777071,1003648.000,4764.3400,-2810014.9600,418909#e970WKWynVnhBLYUbQb,2950296.2,-17.4,1431178,2195733#hdIXBzi0pYrJIRtWeeg2IigedPJn2w
380,1236,1229,222,964734#t8XVuHQCg4xvkmXpj854I8lyz8Y22PlL7e5w1fVxyNG9Vm7FFs1xrRSWIxbGmjtRi5r,-588002,-3257617.8500,2384862#GwMJ6hn959l51,1496851#OIYiWDo14Vh,3767559.840,-826257.04,3602062,3000128.000,-8381.4500,655763.8300,2144279#FFeGkUoMryuNdNUYygI,-768836.0,11.5,-2229205,1147812#X8f4t3lzVS6xboK7irkUXTk0f4HOm6
381,92,365,2,3386753#lNvRvbn5cxuypUeKwetp10X4IQ8FsNZL8t31lf6ZyJPGICX5oas0JVucChdakZeOs5U,-2769005,100089.1500,1044120#dHHb5fa9cKHps,3394502#xv142QpWiiX,-1912795.950,3630011.36,2568555,110064.000,5876.0000,866050.0500,3347410#jTwJ7e1UFOWNub43iUK,1049100.8,-71.2,-2333608,1063841#vIpZTUk3cQLRiXz9UM79We26OXVIxh
382,724,2248,134,2252955#zmB0SY1OXDmWO39aFxlthZwM38Rod8JJM6wGpJV5ELctepIZmHqtfDTXrKVk4ZpY8hC,2172649,-2148865.8400,1472527#pqgig5IrfDGXc,768078#mpDg76C6oT4,-1298878.380,-959526.02,-188907,646544.000,-1379.5000,1365933.2100,1592779#WkXcNMR7m747yo40ne5,-3627927.8,-40.5,87948,3188245#cSXkDP40r5qXbsLzLA2Xr36XJg6znU
383,1293,893,254,940489#XiFA3rwmmt8PvRfnBrqKK9PoIrJki7iBbja4Txj0v3nTgwg4frnntSbE9dzNZvjSTfx,1345236,2770114.9800,864056#ESZYfCyITSWNf,308165#bAjhP89xoPQ,-1130675.150,-2533389.02,1146315,789168.000,-5566.4700,-1911529.8700,3161803#k8J46FUkhKeOPzZOIsc,1416719.6,-36.6,-2404345,3344147#j6vNg8jsJNY2ryQaqCv1luPKZRdxeM
384,880,121,62,2453804#qaKllkM0u0qP63k9VGAFTgf8H0ypaup4iszW06ylDG03E6PGMYiYqsZCvGD1lSwUaL4,2993732,-2562533.7700,3389075#4A2n8bFcsLHhD,531190#lAzHGgVA84b,312954.690,-67335.99,-3562760,2329664.000,-5851.6000,3374441.2300,402176#M6MLFgifZwzURCkggrs,3070565.0,-23.9,2856760,2707068#diTXzvBOoc7k0rCJ7FPBwquD10QGUk
385,935,1784,308,1635309#SO6ON24P8RvpmQlBJidlTksMa8XSmTcfVywOukfEAyyCpNiPE0YumyadTuiP6UL8eWF,1913548,-2823153.8000,612638#DIRLqg3P5EU6a,3805844#GsoTW4mPMER,2902110.130,2096997.95,509487,-795488.000,-6609.4500,2632021.9300,2941654#AlgXSGQKXqvTJGCMwkN,75960.77,2.3,-3767811,345106#18qZzoo3BRwKYm5AhEQbrASt9MZiAE
386,518,433,66,1365779#2QqUM4LpC3NgASQBfkayI1t8CvZRGcuvKPiqSQCjuuSw7ZQlzDsQ5qX4go6V37xrSOm,-2507674,-772471.6000,3461279#mtYvJYQhTNHOX,1476461#BFjZfwUN5m5,2137530.350,1161858.7,-1829171,-3827816.000,-5162.3400,973112.1900,1942686#M5Ds4qMBvsYohfprKVc,1312783.4,-34.8,-3327711,2484690#UQoPbkRZPWSfJP9LrlpTKnaaNuqA2J
387,624,1260,44,1919160#wMItah92C4ZFV3EOTYLXOSIAByLkjIWWE0GPShAcUe6uHc5dpvCSLH6GLNLW82hs2tV,3065153,-841862.1100,2561385#lc3v2oZxyEuKZ,2203365#19g5H5hrfvE,3801806.480,156179.03,76826,-1765536.000,-6395.7700,2833705.2000,2672159#Q7mCI8NsXD6epm6murl,3242549.5,52.5,-1990697,3228331#cf3vehSmwjGIGGVccmhMSuWWF3mZTy
388,663,1671,190,1330631#iohTI9T3xftu0g7V5wCZBZwlTuYV33VMkSJjCMw42KYNjipIRRTlwtrRlqgbCIxQ6cA,-2412619,37311.2800,3254548#d4DJu4VEvKAKl,3330276#4EbEhT41jpF,-668809.190,1031687.05,-737274,-3666176.000,-1724.8100,220996.6200,2048381#3BHjRlfTk6fgzLFp6Gt,-316006.47,-24.0,2904704,860356#yVhcy8cFlDdd4UltD3Xe99f0snjYuo
