2,2,16,128,26169.57,-172705,167519#ufc3k8thJXZMEcLk,-570505,366416.00,-183201
2,2,17,1421,-460762.01,-420709,634015#yAzWL2jFMeYCrfCN,-678938,589949.00,-398617
2,2,18,1378,-109419.45,209623,405901#LFH45tG0fFPk5tZF,-123228,-555984.00,-719902
2,2,19,1094,381826.83,603520,49384#BtKwy1JAGyZSNnUB,436572,-673639.96,-364279
2,2,20,106,-55504.27,-499667,155134#8Sz38geshu1yD2zC,546617,428760.00,-288299
2,2,21,2130,554794.06,-754645,415316#qlUqdDzLv2rdfzBB,726409,-268604.00,741187
2,2,22,542,101231.16,-648541,504353#1A9TLsQtfuvopTmr,38344,278224.00,-547697
2,2,23,1306,754433.54,-215747,625706#4yORkjPLpYP8DTj8,255266,211843.04,621572
2,2,24,1409,149808.88,-799736,124076#wqhFZjd3oTaI6QK3,554824,380544.00,617588
2,2,25,1019,503573.39,474719,158335#tim6rS3PpcT71wuZ,-347082,135832.00,216546
2,2,26,282,-504064.37,-986213,180286#8xQjDgeANZy3RgTA,588078,910308.00,-166000
2,2,27,985,-962105.59,-816431,255824#VecnmTFUNKFOnqAY,-904061,1042048.96,-587273
2,2,28,883,52199.55,758776,885565#ydLddCpWXJ5NoPZF,-38061,455200.00,-827626
2,2,29,1112,-653329.98,-668480,791770#n637g2AsqqROZmmR,1129839,-1075594.00,-598526
2,2,30,2523,132476.89,-102589,1187123#ctGQ4It2ol5aTRZ1,980015,859568.00,-247590
2,2,31,874,-9108.49,-474302,482833#USmAvty1kRcYPtJB,-501992,878806.00,-18303
2,2,32,213,-193244.24,-644524,923291#tSn7kKpAfGtAj3XF,-762343,-408135.04,-571886
2,2,33,188,-813008.96,777398,1002990#HopRcU04Vozn7HIn,752550,-229746.00,-673042
2,2,34,885,1052382.83,56082,909216#BEPU3i0msT7eifoF,650204,244086.00,-1315677
2,2,35,1542,954336.61,-488295,506135#qQqAnSLQxA3xdru6,-139306,753576.00,-775484
2,2,36,114,-380632.98,-401097,1431512#S2IRW2pWMmW4S4oq,-328621,982272.00,547695
2,2,37,1960,-1088247.98,1109901,235764#SgwZ5KSQ4cPCC7Eu,769045,1003226.00,-349892
2,2,38,2011,-957608.25,1448681,1459116#qeGJCsHou1L4NHQ7,537653,-533321.00,-1451490
2,2,39,2401,-1117783.75,-145860,1275897#8psMjuAHzKs8tRGl,-898262,421188.00,132371
2,2,40,1578,1550733.28,-673466,1363369#yNvXLC87O32L9KGE,457137,1415456.00,905631
2,2,41,279,1164388.01,298069,21874#MmMhADbvLPvUqgJS,-1448223,507498.00,-528374
2,2,42,339,592187.88,-221460,1206319#NU9LMF2wOSH0J5i9,-1310890,-1143376.00,1042735
2,2,43,2406,617419.99,-91885,66619#Khmw4te2c0UrhNo4,829509,-236056.00,-1070044
2,2,44,2489,-1207848.33,1559113,1237509#HCprN9tSCw0nR0c1,1030598,863936.00,340622
2,2,45,213,606258.51,-537737,1359630#1qmPYJ99TiYgyMRG,551569,753414.00,117931
2,3,1,1994,-32400.19,19281,30424#uv9Xjefeqq8eVCcr,28264,-23464.00,45644
2,3,2,1698,28278.83,-8967,75965#AORQazOy1jLBfCF1,6854,19500.00,-33496
2,3,3,315,-141307.62,49780,114758#ZjXHTQxqOaiVMBuP,-160548,25828.00,-179314
2,3,4,2144,117076.79,106218,218029#mhYNOjFjmMfMWuzA,31693,181202.00,-30544
2,3,5,1237,-177591.34,124817,289491#t6v3e8FAEcaiMV8B,244397,23454.00,-28579
2,3,6,1607,-342504.36,149021,102026#ujwxZXE2pgaGM3rV,-263447,-266987.72,133552
2,3,7,608,-164253.43,108716,275668#VanGsk3scjAjlHSi,-284912,104872.00,-241965
2,3,8,1900,309337.13,-427203,437909#SYWZpBVj644P3hFh,-346303,-454696.00,-298860
2,3,9,305,-36725.46,-482139,110654#6lI5OK05Fxnkt2gp,-377811,-486324.50,-162103
2,3,10,531,-531347.72,-253436,323020#DkrEtNjmEsUfYxGi,180392,-205182.00,-539236
2,3,11,831,-405597.16,-38841,375217#F18BZF3ueMinDvKV,-392975,458740.00,-376327
2,3,12,2229,-680276.71,-190823,280446#unLsdGZL0MVlWQQd,66212,-173442.00,536833
2,3,13,1952,474633.49,655326,422479#x2L7D3Tcm8gLGZs4,352957,-682804.00,25947
2,3,14,1989,346413.1,204968,327400#ZlmT6CwyapmJkzAp,-347916,59841.08,-654802
2,3,15,1012,34489.57,-246597,233367#N279gmzOq10bqn6Y,-801042,511613.00,-258952
2,3,16,453,-647578.01,-596913,894827#HiM4nAGqn1pcLK0e,-958042,831624.00,-562487
2,3,17,388,-155979.45,295794,571958#kDRdFvLrlgOq95N5,-175829,-791064.00,-1018792
2,3,18,1284,544642.83,858456,69376#z92gfOSuUsPuDxJh,616319,-958126.68,-519319
2,3,19,193,-78352.27,-713425,217130#OJOrwEsJi5xgtCUt,779540,609487.00,-408523
2,3,20,2394,789226.06,-1075927,589884#CC327kaJf4DaZzrj,1037978,-385352.00,1058469
2,3,21,2088,146223.16,-927499,718961#If2tjOlnIbOwNORn,54882,399520.00,-786451
2,3,22,901,1082753.54,-311827,896814#e6JAVx2xTbMLNFA0,367235,302167.84,895852
2,3,23,1913,219696.88,-1145952,176796#GTXRMYvkvskeTVzL,799914,547368.00,889076
2,3,24,1819,728149.39,687096,224094#HDve7i0cT1FkBFx4,-503097,194880.00,310420
2,3,25,849,-725600.37,-1420303,255927#gQTuEr2kSPdMu66O,846658,1311543.00,-243234
2,3,26,388,-1392953.59,-1176815,367638#gEdjxC8rdDQITmm1,-1304530,1509526.72,-844553
2,3,27,1572,71399.55,1093676,1276823#EcU2KtgEakUdDX7I,-53600,662400.00,-1201113
2,3,28,1528,-949521.98,-966544,1142385#8jG3hfCl0NsQwEUr,1634673,-1560468.00,-862972
2,3,29,2355,189500.89,-151243,1718830#X5wMoJEXSGpUEDgZ,1418158,1248800.00,-361746
2,3,30,1624,-9108.49,-690910,697727#O166YCBe6zEfxvKa,-728586,1274530.00,-30014
2,3,31,286,-278620.24,-936409,1339514#ZjM3zXuDehswrx3l,-1106363,-595862.48,-829986
2,3,32,1448,-1183568.96,1131698,1455956#dp5hH1GhGixNzPKv,1095490,-330336.00,-981082
2,3,33,1773,1529534.83,77596,1322578#Gg3IjV2IZee4DreM,943204,355856.50,-1915884
2,3,34,2057,1394656.61,-714599,733206#GFuu8IL6kbZN6b34,-199646,1100200.00,-1131356
2,3,35,72,-552760.98,-584181,2083810#92rCW9FT3nq5QYQH,-481932,1435428.00,800409
2,3,36,25,-1584375.98,1618337,342558#MsNsprkloHSQ1711,1122156,1462396.00,-512820
2,3,37,1311,-1397768.25,2114937,2129297#z16tgOCKq2QhHIrj,781863,-774716.00,-2123998
2,3,38,1264,-1635031.75,-215412,1861237#VwbQeDCtq49rxIuU,-1312579,618684.00,196325
2,3,39,19,2271789.28,-983360,1992216#BEPU3i0msT7eifoF,666004,2068987.00,1327209
2,3,40,1331,1701860.01,432893,30297#z16tgOCKq2QhHIrj,-2122186,741464.00,-772258
2,3,41,86,866747.88,-322314,1764660#k6u7xeFk5JnXclIL,-1921428,-1675024.00,1523839
2,3,42,2221,904139.99,-137585,95220#wuyckKfVZSXVEhMm,1211359,-347896.00,-1564044
2,3,43,365,-1773320.33,2281574,1811492#zspg0tChcwFBHi1u,1511642,1268278.00,500194
2,3,44,1185,887154.51,-787679,1994048#cZQUvxGjijxfm7Dk,808852,1100964.00,174683
2,3,45,1658,76934.06,1875614,1552161#Exh95qVseoBdmupA,-2286448,2221374.00,1147989
2,4,1,2148,17654.83,-6643,51620#u5Qzkb4ecp8WiiOY,1988,12616.00,-23410
2,4,2,1761,-124699.62,44617,103114#7xSzTQoGyNSUC6bW,-141731,23280.00,-160075
2,4,3,2144,117076.79,106218,218029#mhYNOjFjmMfMWuzA,31693,181202.00,-30544
2,4,4,1608,-190039.34,132810,308628#3OHFkUpi3MLvzOJ4,260166,24664.00,-30548
2,4,5,773,-380136.36,165221,112627#in872U3qUzDc0Jl8,-291639,-296838.80,149368
2,4,6,377,-187485.43,125495,314632#OzaS5qjJg3iLrdJX,-324268,119440.00,-277529
2,4,7,2133,362329.13,-499171,510250#o3PTIaurIJYBaq7w,-403237,-530764.00,-348173
2,4,8,2450,-44565.46,-570913,130939#gzEMwrJUy40UdH5w,-448766,-576912.00,-191533
2,4,9,2511,-635987.72,-304076,386799#eHyALXRBzYj94okv,218237,-246084.00,-646624
2,4,10,1683,-493405.16,-47536,454237#VwbQeDCtq49rxIuU,-476447,553968.00,-456393
2,4,11,1537,-832084.71,-233583,341607#TNFGL1DxutpZaAps,79311,-212678.00,658041
2,4,12,1145,582345.49,805896,519020#DkrEtNjmEsUfYxGi,433594,-838432.00,30582
2,4,13,1584,427053.1,253488,403364#0vvKUdUrdq3ERZSo,-428427,74218.48,-810237
2,4,14,590,41529.57,-309121,289084#ADUbK7jsZtpvXpZ9,-996112,634472.00,-323049
2,4,15,1434,-807706.01,-747945,1118379#PcXTp56QY406puXf,-1197274,1038774.00,-702947
2,4,16,2065,-196331.45,370476,715874#MmMhADbvLPvUqgJS,-221417,-994800.00,-1277830
2,4,17,2084,687106.83,1081525,86868#mluJwp9ObuasoWDD,773598,-1207052.56,-654979
2,4,18,1911,-98512.27,-902035,271832#87fpJzUHoNORNSnr,985061,768952.00,-514603
2,4,19,1502,997610.06,-1361511,745056#G2n2OejnDSY4Io5J,1314929,-489128.00,1340496
2,4,20,536,186479.16,-1177093,910980#6UNJb8u7eXQd0vXw,69679,508048.00,-1000073
2,4,21,2311,1378241.54,-398299,1140810#92rCW9FT3nq5QYQH,468007,383460.16,1142704
2,4,22,679,282928.88,-1459196,224495#ev28DYpPaICiGE3r,1021662,698304.00,1134708
2,4,23,1394,932309.39,880166,283876#FXbz7FdtJHvrT20Z,-644929,248560.00,395760
2,4,24,2028,-927872.37,-1816647,324990#HopRcU04Vozn7HIn,1082752,1677888.00,-313752
2,4,25,1742,-1787897.59,-1507167,470133#RdG0bebEtua1VC3q,-1671626,1938048.00,-1080393
2,4,26,1090,89063.55,1401784,1636781#T2Calqb8IJfOFs5v,-67896,853024.00,-1544722
2,4,27,1522,-1222929.98,-1241680,1466030#m1Od0l7JypvE4Xw4,2100675,-2008044.00,-1107076
2,4,28,1730,242300.89,-196293,2211152#CvfF2qlX2DEzuU5F,1823845,1609200.00,-467446
2,4,29,1234,-9108.49,-892046,897271#1dhsDTsnP500jWjD,-938994,1641988.00,-40888
2,4,30,441,-358108.24,-1208164,1727032#SfDcRchzCSqT8xUo,-1426658,-770643.20,-1070286
2,4,31,1272,-1529424.96,1462378,1878725#pl2vYysD3XlagaLT,1415567,-424220.00,-1268586
2,4,32,1050,1975902.83,97722,1709272#vWkCcYwxorIe3gN3,1217300,460416.00,-2477367
2,4,33,797,1807456.61,-926759,946086#CRdtRTAaEWhOeP4Z,-256215,1425160.00,-1464986
2,4,34,1953,-714456.98,-756169,2696576#tV0USTKfQH2fpxdL,-625951,1861120.00,1037807
2,4,35,2230,-2051319.98,2096865,443070#EgKGd1LClGHDK1eY,1454497,1894556.00,-666164
2,4,36,1665,-1812776.25,2743120,2761181#bNZPHAloVlkdHMDD,1012118,-1002317.00,-2758076
2,4,37,331,-2123543.75,-281100,2414058#E0GYf2OZmqm5NPYO,-1703879,805208.00,256726
2,4,38,2244,2953869.28,-1276502,2587071#JbLgXPXbpM98HrC8,863581,2687192.00,1725999
2,4,39,593,2211044.01,560621,38277#AD7yraaH2hREXtHM,-2760678,963116.00,-1003306
2,4,40,1340,1127227.88,-417996,2294368#XdLvhtemcVE8lJtw,-2500656,-2179408.00,1980271
2,4,41,2172,1176523.99,-181000,122392#x98V5dNiDUSIAVGg,1574117,-454144.00,-2033344
2,4,42,14,-2311208.33,2968793,2357476#y1JxBfL7mJ1EW9pf,1969219,1652896.00,651982
2,4,43,1990,1154674.51,-1025719,2598255#LaejTXINp71PgxCj,1053883,1431964.00,228733
2,4,44,188,97926.06,2447769,2021399#KBrbLHq1mxeNNNXK,-2980655,2898448.00,1498580
2,4,45,1335,2755716.38,-1599748,555540#N35D045Zr4yUr8qD,954692,-1736272.00,1857210
2,5,1,1030,-74875.62,29128,68181#bNZPHAloVlkdHMDD,-85278,15636.00,-102358
2,5,2,1300,98196.79,89482,183135#qQqAnSLQxA3xdru6,25156,151903.00,-23931
2,5,3,1237,-177591.34,124817,289491#t6v3e8FAEcaiMV8B,244397,23454.00,-28579
2,5,4,773,-380136.36,165221,112627#in872U3qUzDc0Jl8,-291639,-296838.80,149368
2,5,5,300,-195229.43,131088,327620#u5Qzkb4ecp8WiiOY,-337387,124296.00,-289383
2,5,6,982,388825.13,-535155,546420#9e5dNgCg0WWyDdHY,-431704,-568798.00,-372830
2,5,7,1202,-49269.46,-624177,143110#KbpWZY3KQknREz3e,-491338,-631264.50,-209191
2,5,8,451,-705747.72,-337836,429318#KWr4pXDLUU7M0xoV,243468,-273352.00,-718216
2,5,9,843,-556125.16,-53747,510680#sYatKgCfkWVu6Fzl,-536069,621988.00,-513583
2,5,10,1018,-945940.71,-265653,387478#2GzLH0zJemfMdEcv,89136,-242105.00,748947
2,5,11,1644,666121.49,923006,594107#SoZpGlWa18bUbcfA,496312,-959476.00,34187
2,5,12,2274,491565.1,292304,464135#qQqAnSLQxA3xdru6,-492836,85720.40,-934584
2,5,13,1397,47289.57,-360277,334671#ipMsXmQGuna3aVBy,-1155715,734993.00,-375492
2,5,14,1829,-941146.01,-873805,1304673#Qo4XihlDvROKmd0O,-1396634,1211399.00,-819997
2,5,15,1339,-230475.45,433668,837649#GR6WG3qeHnrAqCjF,-259991,-1167192.00,-1497016
2,5,16,959,809218.83,1272727,101862#ZzuPYM3qAxzaReXE,908408,-1420417.60,-771259
2,5,17,188,-115984.27,-1065497,319241#tDxj5qvrkhPcOpyV,1163178,907155.00,-606539
2,5,18,1989,1179946.06,-1611397,880832#87fpJzUHoNORNSnr,1557260,-579932.00,1587271
2,5,19,956,221999.16,-1397323,1080408#gF0CorWfZ3FeXMWc,82736,603808.00,-1188563
2,5,20,466,1640897.54,-475163,1357696#oVsATl7ot3bQQOJ5,557582,455720.00,1362128
2,5,21,242,339504.88,-1739466,267173#J68XeEWXv2pM1MTI,1220068,833352.00,1354484
2,5,22,2279,1116053.39,1053929,337679#5w22fEAdUh7zP1AT,-772577,296872.00,472566
2,5,23,1284,-1110880.37,-2175243,387476#y1JxBfL7mJ1EW9pf,1296361,2009343.00,-377554
2,5,24,2512,-2146937.59,-1807487,563311#bPZ7m3yjAusiydiC,-2005350,2327612.80,-1294793
2,5,25,1972,105191.55,1683100,1965438#SsFjfWvJMUZ47Z3k,-80949,1027072.00,-1858451
2,5,26,1094,-1473553.98,-1493888,1762704#G3Dz4g0dB7egLftw,2527843,-2418322.00,-1330838
2,5,27,648,290876.89,-237739,2664089#lHbbdcokvC9CSl7J,2197078,1940768.00,-564690
2,5,28,2239,-9108.49,-1077710,1081466#429CFIJKvLbBsn0U,-1133217,1981180.00,-50926
2,5,29,679,-431708.24,-1459789,2085845#3uDmpwiH8fRoXSv7,-1723227,-932477.20,-1292786
2,5,30,2195,-1850576.96,1769438,2271296#RSJlfj7LNo00xcSM,1712781,-511398.00,-1535554
2,5,31,1251,2391486.83,116460,2069297#z16tgOCKq2QhHIrj,1472494,557764.50,-3000128
2,5,32,297,2192736.61,-1124775,1144773#ETLjY4tStvrZK4cZ,-309012,1728456.00,-1776374
2,5,33,687,-865720.98,-917061,3269808#Cq7ivBNqUoBHiZu9,-760679,2259348.00,1259889
2,5,34,970,-2489079.98,2545485,537300#gtYrEKixcsim3cIN,1766066,2299706.00,-809924
2,5,35,538,-2202632.25,3333232,3354770#n637g2AsqqROZmmR,1228418,-1216124.00,-3353726
2,5,36,2137,-2583319.75,-342924,2934360#Khi5LtzwKpHuJOAz,-2072161,980760.00,313574
2,5,37,648,3596973.28,-1552894,3147935#5kA1yU5n95zUxuek,1049868,3270071.00,2102001
2,5,38,601,2691940.01,681253,45813#GqglYEd61V5p1BZQ,-3363698,1172454.00,-1221518
2,5,39,1568,1373627.88,-508506,2795444#SzaKSv5KmgwpQGzK,-3048575,-2656528.00,2412031
2,5,40,2259,1434571.99,-222130,148133#RdG0bebEtua1VC3q,1917783,-554800.00,-2477944
2,5,41,1436,-2821512.33,3620770,2875460#FDyytGAYZ51yHMgZ,2403331,2017790.00,795986
2,5,42,93,1408818.51,-1251857,3172252#rjkeGMPntX1T3BNa,1286663,1746414.00,280080
2,5,43,2313,117894.06,2992014,2467748#CcgNH0ByIqxcW0wH,-3640998,3542494.00,1832069
2,5,44,1135,3368836.38,-1953628,676808#Cq7ivBNqUoBHiZu9,1168654,-2122672.00,2269690
2,5,45,156,-3746834.16,-2880888,4353861#P6UCnisCnW68RmOj,-1345989,-3726130.00,-1780711
2,6,1,2147,60436.79,56010,113346#kGGl9nFLEUR4cfRK,12082,93305.00,-10705
2,6,2,122,-140247.34,100839,232080#DPsVqjBWTbAphwBR,197089,19824.00,-22670
2,6,3,1607,-342504.36,149021,102026#ujwxZXE2pgaGM3rV,-263447,-266987.72,133552
2,6,4,377,-187485.43,125495,314632#OzaS5qjJg3iLrdJX,-324268,119440.00,-277529
2,6,5,982,388825.13,-535155,546420#9e5dNgCg0WWyDdHY,-431704,-568798.00,-372830
2,6,6,1631,-50837.46,-641932,147167#23Oib4QGBERyZQ0n,-505529,-649382.00,-215077
2,6,7,1956,-740627.72,-354716,450577#C6ILJ6G5xfpEjy7Q,256083,-286986.00,-754012
2,6,8,846,-593757.16,-57474,544546#UdQQon3wnWtaglTv,-571843,662800.00,-547897
2,6,9,672,-1021844.71,-287033,418059#nxujzHsUqVAufR8u,95685,-261723.00,809551
2,6,10,914,725961.49,1006656,647741#z0dWEKMaihwxtiH0,541111,-1045936.00,36762
2,6,11,1524,539949.1,321416,509713#gwpPvxpHgg4oGqlP,-541142,94346.84,-1027844
2,6,12,898,51769.57,-400065,370128#AcmpiANmZufCZFJ5,-1279850,813176.00,-416281
2,6,13,1638,-1047898.01,-974493,1453708#QNzucdShM3kPIJhj,-1556122,1349499.00,-913637
2,6,14,745,-258411.45,485371,937283#isOn2GhHte3mKr4R,-291552,-1308240.00,-1676350
2,6,15,444,910978.83,1432062,114356#emorHoCrWlUnShPk,1020750,-1598221.80,-868159
2,6,16,96,-130768.27,-1203811,359356#emorHoCrWlUnShPk,1313893,1024096.00,-684331
2,6,17,1320,1336234.06,-1825585,997211#fQ3bdxXx4SXjlhpJ,1764973,-657764.00,1798792
2,6,18,813,252783.16,-1588189,1227245#Qiluxvk18ngw3zXf,94051,686800.00,-1351921
2,6,19,436,1870721.54,-542419,1547472#y8EdcQ5qYemV1Z9L,635960,518947.36,1554124
2,6,20,602,389424.88,-1986764,304830#X5wMoJEXSGpUEDgZ,1395132,952512.00,1548404
