1,5,9,9,258,852,647795,411919.03,1767948,1971667#tuZdVgtM51PIp9yUdKpZtDobLUI4,1473624,-1354499,-345009,2014-11-10 19:42:34.000,1570274#WMrfovfCDPO,0.3450,486391
2,1,1,1,848,910,-20110,-8965.97,13996,19315#zIBE6hwUHTu7RhQiCYDIYmLAuJVh,-24381,7796,-22566,2014-05-19 16:32:24.000,17792#LI6AYcDDtK9,0.0780,2600
2,1,1,2,1095,405,-18621,-22767.26,-6762,30421#XqTJSqqOqy45gL8aDDyNxbfmlerF,-32781,-16165,-16702,2004-10-11 06:44:23.000,8293#yct93pJloIa,-0.0240,-20538
2,1,1,3,2034,205,6339,12111.3,-41550,24674#ioWFPSdr5j789DCbKmRiSwuf0Go8,-13455,13138,-21544,2018-05-04 21:17:57.000,40311#TllRcQs879C,0.0370,-33966
2,1,1,4,357,1105,-50460,-54756.1,-47211,11173#kVaGcvpGiN1VPmvzVbqA8F86jQv6,63924,83739,19430,2013-02-01 23:13:15.000,39324#Ed8Fm8jfBLj,-0.0980,27890
2,1,1,5,532,1025,44284,95337.62,65054,101181#jakkdXCPKVVx1yhaI9Ew8dBHG4bG,-38251,-89490,14464,2009-10-07 17:39:51.000,25638#sNJGRWUZyMa,-0.0800,30336
2,1,1,6,424,354,8590,58504.18,-35364,86818#wJo99rCtj87Dgv2sD6q5gfXaHbg9,-106195,59435,29494,2018-09-27 09:50:21.000,95519#bOw3ctrzSoJ,0.0590,118588
2,1,1,7,1382,830,-57790,-59094.78,-38450,144979#uz4qYsoln2viHleMMc9aEV9AswWK,-24906,4856,25855,2011-04-23 06:44:34.000,120297#lcyMz7bclB8,-0.0360,107984
2,1,1,8,605,294,-4676,57499.42,83617,116057#aLwtaNAYsIKtOtnGErdNjyqUAOD0,44948,51251,-8118,2013-12-29 09:01:07.000,38899#mhzfyHCG5oP,-0.0140,-149480
2,1,1,9,1840,1054,63033,-128026.64,-128487,101773#tD0iqxRJz3klY1fm8CucC1116hZm,-122093,-86641,155745,2005-01-11 21:14:44.000,25367#TnoueSiPi4w,-0.0420,-78181
2,1,2,1,1095,405,-18621,-22767.26,-6762,30421#XqTJSqqOqy45gL8aDDyNxbfmlerF,-32781,-16165,-16702,2004-10-11 06:44:23.000,8293#yct93pJloIa,-0.0240,-20538
2,1,2,2,1646,1093,10411,14991.3,-53620,32000#NEntTgTqQu530zLWM7cDbSipt186,-16025,17951,-29724,2018-05-06 13:56:00.000,53342#ZDinqAjCbO0,0.0350,-45580
2,1,2,3,530,824,-79660,-83236.1,-74122,12258#zBBFfZfHvWvsJDsvTnsMAlhLZFUC,100273,123567,31102,2013-02-14 22:16:08.000,56678#d06W3HKkPh4,-0.1020,46704
2,1,2,4,810,1037,75826,151401.62,102461,159737#vdaXtNJbcFOYv7Pr56Uw4ugTgOEQ,-61729,-137202,17232,2009-11-05 07:47:03.000,37358#VXfI6eSm47v,-0.0740,49581
2,1,2,5,2037,1100,10270,93448.18,-53663,142891#2tQYw4d9pndUIkirnzBCRRBHKBtv,-181459,101715,42609,2018-10-02 18:35:09.000,154137#wd7kXdit8qs,0.0670,197125
2,1,2,6,646,661,-104250,-106774.78,-66335,241959#qjjifUUDRTFNqzLFysKyBjaNfWBY,-39057,13966,45373,2011-06-03 02:24:39.000,204537#Qmnr1Oa9C3t,-0.0260,188218
2,1,2,7,369,913,-12692,100507.42,150519,196904#TScQO06exBvkrfhnypAICCZuz7V7,78601,87959,-10670,2014-02-01 15:43:07.000,63827#frU7pz34V5T,-0.0020,-262643
2,1,2,8,1322,698,110087,-225914.64,-224798,180633#5r2XVGSiDl1VyZcbhPuolSWTlbWT,-210060,-146925,279241,2005-04-19 20:14:22.000,38233#tn4gOpyzF0D,-0.0280,-134266
2,1,2,9,185,12,-17906,-107699.12,-210076,317233#GzL0UVanoagjxupJeaCK5H76vRRM,299189,-62908,-289853,2016-06-19 01:24:38.000,117209#NQWjl2L76Cb,0.0450,-27854
2,1,3,1,2034,205,6339,12111.3,-41550,24674#ioWFPSdr5j789DCbKmRiSwuf0Go8,-13455,13138,-21544,2018-05-04 21:17:57.000,40311#TllRcQs879C,0.0370,-33966
2,1,3,2,530,824,-79660,-83236.1,-74122,12258#zBBFfZfHvWvsJDsvTnsMAlhLZFUC,100273,123567,31102,2013-02-14 22:16:08.000,56678#d06W3HKkPh4,-0.1020,46704
2,1,3,3,902,1041,86340,170089.62,114930,179255#ubWQf40A7hDmZD74pn7BAdQmVfFE,-69556,-153106,18154,2009-11-14 20:29:27.000,41265#zAms6tvi9gz,-0.0720,55996
2,1,3,4,1790,292,11110,110920.18,-62813,170927#JF9J3LCwRSFvxR0QO5rn98otfVbS,-219091,122855,49166,2018-10-05 10:57:33.000,183445#6D6K4JQ6mfi,0.0710,236394
2,1,3,5,1890,1032,-132126,-135382.78,-83065,300148#rcOZdXURrGY81UeTZKyS48Y49goH,-47547,19432,57084,2011-06-27 14:12:42.000,255082#txFC5WEPoyW,-0.0200,236358
2,1,3,6,914,932,-18036,129179.42,195121,250802#Guy8ODoxRaAfbK5suBWk97xYKdzI,101037,112431,-12372,2014-02-24 12:11:06.000,80445#6D6K4JQ6mfi,0.0060,-338086
2,1,3,7,651,275,143697,-295834.62,-293592,236962#9cSJjpwLcNpOZRD3fNuiWxvEP162,-272893,-189985,367453,2005-06-28 19:31:14.000,47423#BMlKoP2r3L0,-0.0180,-174326
2,1,3,8,1140,835,-23474,-143987.12,-280075,422879#htZDX119IDTEOza9qkl81mV0Pe5r,399803,-82012,-389490,2016-07-10 05:29:12.000,154944#3gXBdBYcTDI,0.0330,-37406
2,1,3,9,193,121,442245,422390.94,77117,482365#pyO29zDB5sG2n6HZX4r0ilSLLbMl,-369838,510729,70517,2003-12-10 17:30:42.000,476215#mmqm8QwGn2l,0.0588,107097
2,1,4,1,357,1105,-50460,-54756.1,-47211,11173#kVaGcvpGiN1VPmvzVbqA8F86jQv6,63924,83739,19430,2013-02-01 23:13:15.000,39324#Ed8Fm8jfBLj,-0.0980,27890
2,1,4,2,810,1037,75826,151401.62,102461,159737#vdaXtNJbcFOYv7Pr56Uw4ugTgOEQ,-61729,-137202,17232,2009-11-05 07:47:03.000,37358#VXfI6eSm47v,-0.0740,49581
2,1,4,3,1790,292,11110,110920.18,-62813,170927#JF9J3LCwRSFvxR0QO5rn98otfVbS,-219091,122855,49166,2018-10-05 10:57:33.000,183445#6D6K4JQ6mfi,0.0710,236394
2,1,4,4,900,762,-141418,-144918.78,-88642,319544#fyLJpwN2MMr2TFCH1V4rmnygskKg,-50378,21254,60988,2011-07-05 18:08:44.000,271930#mhQAqrmrMD5,-0.0180,252405
2,1,4,5,133,351,-20708,143515.42,217422,277751#sCz00EAtZoaKWeXgxXF8CzuARwvr,112254,124667,-13222,2014-03-07 22:25:06.000,88754#5oNND2RiUje,0.0100,-375807
2,1,4,6,1934,966,163863,-337786.62,-334869,270760#iJX6CkIiDvbg5vIJcXWxVzvUiuap,-310593,-215821,420380,2005-08-09 19:05:22.000,52937#XZ80z3ZnnFy,-0.0120,-198362
2,1,4,7,372,990,-27186,-168179.12,-326741,493309#AUEiTPDz5pt2a9ml9mLXLC09MF5I,466878,-94748,-455914,2016-07-24 08:12:15.000,180101#UpTjA0keHSv,0.0250,-43774
2,1,4,8,222,109,523785,499350.94,90325,570553#1frvPtayK2YDBMXwYE9AMfc6Q2Xe,-437896,604929,84328,2004-02-27 07:09:27.000,563702#33QLwmjtkw7,0.0688,126789
2,1,4,9,273,137,644280,-625291.75,232686,45506#UlJbCLvexYdyoxI8rDPRHRtSMEez,678434,649215,-350990,2004-12-10 16:19:50.000,76660#Dhoq8z2YvoG,-0.0920,-516667
2,1,5,1,532,1025,44284,95337.62,65054,101181#jakkdXCPKVVx1yhaI9Ew8dBHG4bG,-38251,-89490,14464,2009-10-07 17:39:51.000,25638#sNJGRWUZyMa,-0.0800,30336
2,1,5,2,2037,1100,10270,93448.18,-53663,142891#2tQYw4d9pndUIkirnzBCRRBHKBtv,-181459,101715,42609,2018-10-02 18:35:09.000,154137#wd7kXdit8qs,0.0670,197125
2,1,5,3,1890,1032,-132126,-135382.78,-83065,300148#rcOZdXURrGY81UeTZKyS48Y49goH,-47547,19432,57084,2011-06-27 14:12:42.000,255082#txFC5WEPoyW,-0.0200,236358
2,1,5,4,133,351,-20708,143515.42,217422,277751#sCz00EAtZoaKWeXgxXF8CzuARwvr,112254,124667,-13222,2014-03-07 22:25:06.000,88754#5oNND2RiUje,0.0100,-375807
2,1,5,5,957,409,170585,-351770.62,-348627,282026#hbiJNWio1rXSvqoNNBqt4EgdW9l8,-323160,-224433,438023,2005-08-23 18:56:45.000,54775#wKuOLMvqEj8,-0.0100,-206374
2,1,5,6,2095,477,-29042,-180275.12,-350074,528524#X08Zl5QTnv28hm7OTL9Mb9s9YVkY,500416,-101116,-489126,2016-07-31 09:33:47.000,192680#iMJfwpN98Tk,0.0210,-46958
2,1,5,7,1925,338,572709,545526.94,98249,623466#9TT3Zkoqf4SkLoP6n2IEunIsPK3M,-478731,661449,92615,2004-04-14 10:32:42.000,616195#Vr2pp8XwDKR,0.0748,138604
2,1,5,8,1536,642,715120,-694795.75,258016,50542#i1AYAyq26f1JxxR5a0E35uGNOzco,754282,721909,-389517,2005-02-09 02:26:01.000,84743#h11tDfbM99w,-0.1000,-573095
2,1,5,9,540,396,-388710,-449945.34,-95697,504755#BiMi44J1Abg8UXlHYcrcA3bpyoPX,-297086,-183235,-362110,2002-11-21 02:59:29.000,657171#IKAqAiryVfg,0.1060,-256838
2,1,6,1,424,354,8590,58504.18,-35364,86818#wJo99rCtj87Dgv2sD6q5gfXaHbg9,-106195,59435,29494,2018-09-27 09:50:21.000,95519#bOw3ctrzSoJ,0.0590,118588
2,1,6,2,646,661,-104250,-106774.78,-66335,241959#qjjifUUDRTFNqzLFysKyBjaNfWBY,-39057,13966,45373,2011-06-03 02:24:39.000,204537#Qmnr1Oa9C3t,-0.0260,188218
2,1,6,3,914,932,-18036,129179.42,195121,250802#Guy8ODoxRaAfbK5suBWk97xYKdzI,101037,112431,-12372,2014-02-24 12:11:06.000,80445#6D6K4JQ6mfi,0.0060,-338086
2,1,6,4,1934,966,163863,-337786.62,-334869,270760#iJX6CkIiDvbg5vIJcXWxVzvUiuap,-310593,-215821,420380,2005-08-09 19:05:22.000,52937#XZ80z3ZnnFy,-0.0120,-198362
2,1,6,5,2095,477,-29042,-180275.12,-350074,528524#X08Zl5QTnv28hm7OTL9Mb9s9YVkY,500416,-101116,-489126,2016-07-31 09:33:47.000,192680#iMJfwpN98Tk,0.0210,-46958
2,1,6,6,1088,808,589017,560918.94,100890,641103#bjF3E3Pb6xa6SMZYXNxpHLUpW7KG,-492342,680289,95377,2004-04-30 03:40:27.000,633693#mAEn0Z1zp4z,0.0768,142542
2,1,6,7,1114,304,750540,-729547.75,270681,53061#zc8Xm0ag2hjyWCVonSVfyWU0ssWl,792205,758256,-408781,2005-03-11 07:29:06.000,88785#iLKxK94F85z,-0.1040,-601308
2,1,6,8,2093,659,-414438,-479609.34,-102093,537877#ht1PezlifwByGiER0k4uo5y9iU5b,-317056,-195193,-386917,2003-01-12 19:52:09.000,700482#q2sKV1IrUzO,0.1120,-274544
2,1,6,9,266,104,21738,716926.2,372335,947352#U2sueFM7NQ1HsO5qoTut8R8HFtNd,-7391,622829,-966380,2012-01-02 22:25:46.000,589579#B7HliN6LnxE,-0.0997,-398276
2,1,7,1,1382,830,-57790,-59094.78,-38450,144979#uz4qYsoln2viHleMMc9aEV9AswWK,-24906,4856,25855,2011-04-23 06:44:34.000,120297#lcyMz7bclB8,-0.0360,107984
2,1,7,2,369,913,-12692,100507.42,150519,196904#TScQO06exBvkrfhnypAICCZuz7V7,78601,87959,-10670,2014-02-01 15:43:07.000,63827#frU7pz34V5T,-0.0020,-262643
2,1,7,3,651,275,143697,-295834.62,-293592,236962#9cSJjpwLcNpOZRD3fNuiWxvEP162,-272893,-189985,367453,2005-06-28 19:31:14.000,47423#BMlKoP2r3L0,-0.0180,-174326
2,1,7,4,372,990,-27186,-168179.12,-326741,493309#AUEiTPDz5pt2a9ml9mLXLC09MF5I,466878,-94748,-455914,2016-07-24 08:12:15.000,180101#UpTjA0keHSv,0.0250,-43774
2,1,7,5,1925,338,572709,545526.94,98249,623466#9TT3Zkoqf4SkLoP6n2IEunIsPK3M,-478731,661449,92615,2004-04-14 10:32:42.000,616195#Vr2pp8XwDKR,0.0748,138604
2,1,7,6,1114,304,750540,-729547.75,270681,53061#zc8Xm0ag2hjyWCVonSVfyWU0ssWl,792205,758256,-408781,2005-03-11 07:29:06.000,88785#iLKxK94F85z,-0.1040,-601308
2,1,7,7,1206,353,-423014,-489497.34,-104226,548918#abKTdH61M7tFaP2baDp93AdnWnVq,-323712,-199179,-395186,2003-01-30 09:29:42.000,714919#wwyYnA8Odqp,0.1140,-280446
2,1,7,8,76,827,22410,743742.2,386325,982181#jakkdXCPKVVx1yhaI9Ew8dBHG4bG,-7993,646037,-1002483,2012-01-19 23:56:40.000,611159#VaLXV3yqkvE,-0.1037,-412920
2,1,7,9,131,995,-865711,-825264.06,256833,237974#1j1OU2Ep8PL3AZ82EQcR0y8cYTMB,43620,977762,-430157,2019-07-06 21:25:50.000,88937#XZ80z3ZnnFy,0.1580,2864
2,1,8,1,605,294,-4676,57499.42,83617,116057#aLwtaNAYsIKtOtnGErdNjyqUAOD0,44948,51251,-8118,2013-12-29 09:01:07.000,38899#mhzfyHCG5oP,-0.0140,-149480
2,1,8,2,1322,698,110087,-225914.64,-224798,180633#5r2XVGSiDl1VyZcbhPuolSWTlbWT,-210060,-146925,279241,2005-04-19 20:14:22.000,38233#tn4gOpyzF0D,-0.0280,-134266
2,1,8,3,1140,835,-23474,-143987.12,-280075,422879#htZDX119IDTEOza9qkl81mV0Pe5r,399803,-82012,-389490,2016-07-10 05:29:12.000,154944#3gXBdBYcTDI,0.0330,-37406
2,1,8,4,222,109,523785,499350.94,90325,570553#1frvPtayK2YDBMXwYE9AMfc6Q2Xe,-437896,604929,84328,2004-02-27 07:09:27.000,563702#33QLwmjtkw7,0.0688,126789
2,1,8,5,1536,642,715120,-694795.75,258016,50542#i1AYAyq26f1JxxR5a0E35uGNOzco,754282,721909,-389517,2005-02-09 02:26:01.000,84743#h11tDfbM99w,-0.1000,-573095
2,1,8,6,2093,659,-414438,-479609.34,-102093,537877#ht1PezlifwByGiER0k4uo5y9iU5b,-317056,-195193,-386917,2003-01-12 19:52:09.000,700482#q2sKV1IrUzO,0.1120,-274544
2,1,8,7,76,827,22410,743742.2,386325,982181#jakkdXCPKVVx1yhaI9Ew8dBHG4bG,-7993,646037,-1002483,2012-01-19 23:56:40.000,611159#VaLXV3yqkvE,-0.1037,-412920
2,1,8,8,1426,767,-879311,-838480.06,260950,241734#HmYITUsP98qBakpmHqq0xsGW0ihy,44432,993299,-437040,2019-07-07 15:09:30.000,90315#9Ak4cSIZLsU,0.1600,2764
2,1,8,9,928,844,456348,-455481.84,-1121289,982713#Z4bfXb4POF3SprEesqYtVcH0Us2g,-512838,899698,-109478,2011-04-07 11:48:30.000,555119#tLbrTBGu9Co,0.1340,-953989
2,1,9,1,1840,1054,63033,-128026.64,-128487,101773#tD0iqxRJz3klY1fm8CucC1116hZm,-122093,-86641,155745,2005-01-11 21:14:44.000,25367#TnoueSiPi4w,-0.0420,-78181
2,1,9,2,185,12,-17906,-107699.12,-210076,317233#GzL0UVanoagjxupJeaCK5H76vRRM,299189,-62908,-289853,2016-06-19 01:24:38.000,117209#NQWjl2L76Cb,0.0450,-27854
2,1,9,3,193,121,442245,422390.94,77117,482365#pyO29zDB5sG2n6HZX4r0ilSLLbMl,-369838,510729,70517,2003-12-10 17:30:42.000,476215#mmqm8QwGn2l,0.0588,107097
2,1,9,4,273,137,644280,-625291.75,232686,45506#UlJbCLvexYdyoxI8rDPRHRtSMEez,678434,649215,-350990,2004-12-10 16:19:50.000,76660#Dhoq8z2YvoG,-0.0920,-516667
2,1,9,5,540,396,-388710,-449945.34,-95697,504755#BiMi44J1Abg8UXlHYcrcA3bpyoPX,-297086,-183235,-362110,2002-11-21 02:59:29.000,657171#IKAqAiryVfg,0.1060,-256838
2,1,9,6,266,104,21738,716926.2,372335,947352#U2sueFM7NQ1HsO5qoTut8R8HFtNd,-7391,622829,-966380,2012-01-02 22:25:46.000,589579#B7HliN6LnxE,-0.0997,-398276
2,1,9,7,131,995,-865711,-825264.06,256833,237974#1j1OU2Ep8PL3AZ82EQcR0y8cYTMB,43620,977762,-430157,2019-07-06 21:25:50.000,88937#XZ80z3ZnnFy,0.1580,2864
2,1,9,8,928,844,456348,-455481.84,-1121289,982713#Z4bfXb4POF3SprEesqYtVcH0Us2g,-512838,899698,-109478,2011-04-07 11:48:30.000,555119#tLbrTBGu9Co,0.1340,-953989
2,1,9,9,1008,945,45258,1598065.1,-387204,586553#1frvPtayK2YDBMXwYE9AMfc6Q2Xe,-484323,1529856,801405,2007-04-02 18:40:13.000,1340956#BiqYPS84t0H,-0.1535,14780
2,2,1,1,1095,405,-18621,-22767.26,-6762,30421#XqTJSqqOqy45gL8aDDyNxbfmlerF,-32781,-16165,-16702,2004-10-11 06:44:23.000,8293#yct93pJloIa,-0.0240,-20538
2,2,1,2,1646,1093,10411,14991.3,-53620,32000#NEntTgTqQu530zLWM7cDbSipt186,-16025,17951,-29724,2018-05-06 13:56:00.000,53342#ZDinqAjCbO0,0.0350,-45580
2,2,1,3,530,824,-79660,-83236.1,-74122,12258#zBBFfZfHvWvsJDsvTnsMAlhLZFUC,100273,123567,31102,2013-02-14 22:16:08.000,56678#d06W3HKkPh4,-0.1020,46704
2,2,1,4,810,1037,75826,151401.62,102461,159737#vdaXtNJbcFOYv7Pr56Uw4ugTgOEQ,-61729,-137202,17232,2009-11-05 07:47:03.000,37358#VXfI6eSm47v,-0.0740,49581
2,2,1,5,2037,1100,10270,93448.18,-53663,142891#2tQYw4d9pndUIkirnzBCRRBHKBtv,-181459,101715,42609,2018-10-02 18:35:09.000,154137#wd7kXdit8qs,0.0670,197125
2,2,1,6,646,661,-104250,-106774.78,-66335,241959#qjjifUUDRTFNqzLFysKyBjaNfWBY,-39057,13966,45373,2011-06-03 02:24:39.000,204537#Qmnr1Oa9C3t,-0.0260,188218
2,2,1,7,369,913,-12692,100507.42,150519,196904#TScQO06exBvkrfhnypAICCZuz7V7,78601,87959,-10670,2014-02-01 15:43:07.000,63827#frU7pz34V5T,-0.0020,-262643
2,2,1,8,1322,698,110087,-225914.64,-224798,180633#5r2XVGSiDl1VyZcbhPuolSWTlbWT,-210060,-146925,279241,2005-04-19 20:14:22.000,38233#tn4gOpyzF0D,-0.0280,-134266
2,2,1,9,185,12,-17906,-107699.12,-210076,317233#GzL0UVanoagjxupJeaCK5H76vRRM,299189,-62908,-289853,2016-06-19 01:24:38.000,117209#NQWjl2L76Cb,0.0450,-27854
2,2,2,1,1646,1093,10411,14991.3,-53620,32000#NEntTgTqQu530zLWM7cDbSipt186,-16025,17951,-29724,2018-05-06 13:56:00.000,53342#ZDinqAjCbO0,0.0350,-45580
2,2,2,2,703,543,-108860,-111716.1,-101033,13344#R0wZqCp2Qc7oqUsgWfJx4VMPHPmp,136622,163395,42774,2013-02-27 21:19:00.000,74032#bBi3O6V1bLm,-0.1060,65518
2,2,2,3,1180,1053,117882,226153.62,152337,237811#udWLqHdAooMOK7F2FTiZwesfBlzQ,-93035,-200818,20922,2009-12-13 10:36:39.000,52985#71Ir3l4PS22,-0.0660,75241
2,2,2,4,1296,1038,12790,145864.19,-81112,227000#NEntTgTqQu530zLWM7cDbSipt186,-294356,165135,62280,2018-10-10 19:42:22.000,242063#XqWnGSNOJ4W,0.0790,314931
2,2,2,5,1154,863,-178586,-183062.78,-110949,397128#sQI0mbvR6M0pxYLtxZWeZlR4TZ0J,-61698,28542,76602,2011-08-07 09:52:48.000,339322#94FHgeBQP4l,-0.0100,316592
2,2,2,6,678,370,-26052,172187.42,262023,331648#duJaKBTZeuxlrYQQEQLzJLYaoNLE,134690,149139,-14924,2014-03-30 18:53:06.000,105373#kbmkF8PPh64,0.0180,-451249
2,2,2,7,133,1100,190751,-393722.62,-389904,315823#JQeNXcBOSGEVKEdDmPHnrwrSiRX5,-360860,-250269,490950,2005-10-04 18:30:52.000,60289#GJDggnQe7uP,-0.0040,-230410
2,2,2,8,1711,1145,-30898,-192371.12,-373407,563740#sgmZ4bpiZGmH8sAO41iPJM89yRJg,533954,-107484,-522338,2016-08-07 10:55:18.000,205259#PY9Wa0GhoQ4,0.0170,-50142
2,2,2,9,1088,808,589017,560918.94,100890,641103#bjF3E3Pb6xa6SMZYXNxpHLUpW7KG,-492342,680289,95377,2004-04-30 03:40:27.000,633693#mAEn0Z1zp4z,0.0768,142542
2,2,3,1,530,824,-79660,-83236.1,-74122,12258#zBBFfZfHvWvsJDsvTnsMAlhLZFUC,100273,123567,31102,2013-02-14 22:16:08.000,56678#d06W3HKkPh4,-0.1020,46704
