1225,1.1893336E7,8341645#hzafVHpWJ8m1qSe5QrVf2iD,2101942.8,false,-8075286,9410489,-4145148.89,-4635103,10559572
1226,9319092.0,1935598#1d4Jplhw9zo4OVqAYVJIKjW,-631578.75,true,10526050,8020188,4126530.71,10440321,11137692
1227,2904723.8,2468874#jl2r5qmDppvucSiqMg8IRlN,6190722.0,false,421709,3146512,5352008.36,2675891,2903962
1228,7169021.5,9041304#uwKNR4TnMbtWxz2hruzcrVB,-9241142.0,true,8609278,10034662,1936320.18,-2033215,-3918155
1229,-7275985.0,1097494#pOK6cWs427rA1qAobiE5G56,-1.1420293E7,true,-7358293,-8336300,9033284.81,-3554318,639720
1230,6130216.5,4593579#cbgIAPWs25UI8Q4zB9o0crz,7463156.0,false,6489466,7579980,-1.036634812E7,-6190453,2982381
1231,-6839335.5,12141088#TJatW1q8ixWYxUrB2El9XU5,812631.9,true,-5828692,8877122,-1.182515557E7,2488012,-5055209
1232,1.21228E7,1816371#0RtHHYeqsyXeJQ2k3dNthxf,-7136657.5,true,-9848276,-7205986,-3356288.33,-149395,-9070048
1233,-5876637.5,8485307#1CJOYWtUcpOOdUsqHzXy3HO,-1.2256807E7,true,3801954,-104875,-6462654.64,2198102,6910119
1234,-1031489.5,6904033#G2wWqP5LzV8r3TZKLvNiVRp,-4274691.5,true,-2050983,10762348,-5161136.75,-6702205,774907
1235,893958.3,7085725#O9N3IAX9KpS8Q6i7WSuUt6Z,-2547284.0,false,-7780331,11091638,8866027.56,-4288523,-4697649
1236,-6212814.5,9747120#raMkxrQ7U4GtMMFAYXM3vxk,1502618.9,true,-8124170,-10155483,1938912.23,-10973757,7494572
1237,-8119964.0,2141231#TbZmRm0uSg0vTDWf21fe6s3,-4629724.0,true,7915116,2703418,-488323.18,11515615,4614169
1238,1.1974811E7,6667292#8nLckeJoRqq55RXz3ca49Yq,-1.1010423E7,false,8925319,-44280,-1.174101279E7,-4991601,256010
1239,7782510.5,6282189#zygjUIFKQ6dnY5LQbxhCbel,5438022.5,false,1565448,9467597,-5185599.16,7033519,-989760
1240,8736664.0,2148564#1QGsgEExNocm5PFsiKxl1Y9,347515.72,true,11527950,-934961,-949258.96,-3907701,-4055805
1241,9433046.0,9786205#sxV0EOyWlpJ5CPjWIz47sns,5556076.5,false,2160623,-7585193,-1.087124961E7,-7714142,11887054
1242,410459.34,10595787#Au0wSjZDqfOwl2YGZcjVvMi,5412027.0,true,-11194443,-1834328,9381660.07,10339621,8231928
1243,-9697961.0,2018764#QjB1kVH5UZavoX1Js1lcb5y,-1.0779115E7,false,-2819387,-10642926,8628210.26,10572331,-12238417
1244,1585639.6,316763#bzLwFv5dFUHyHeDy4MXpMRg,3129086.2,false,2058582,4687262,1.141498043E7,11177273,1956798
1245,-1633262.9,2910211#rZYR5q7epLuVazbxLH5fYsS,1.2046542E7,false,1795229,4215531,-4156792.8,4725709,2688081
1246,9649519.0,9696855#WqQsyEo5RfVCh07Ui9Y64sW,5549671.5,false,11569995,-12278117,-230609.6,-5483169,7320520
1247,369384.66,8823245#DGZwZ1DlLfBwG0Zo2Rg6rEn,-5969401.5,true,-5755872,-10346,6047728.64,-5863738,11873716
1248,-2240841.8,4374497#JPQFhQkPn0bAvtI55KOKc8E,6405843.5,false,4357550,-11496003,207033.54,9750113,-9570775
1249,7032015.5,8226343#TbylCDJyBiauiUeHhe1BUsa,7971603.0,true,11787144,1638257,9195563.76,-8852146,-939800
1250,-512652.34,5636708#EqrXx3BNI8W69Zw0ye2vFnC,-3647972.2,false,5886421,10489343,9770169.26,-8149128,-5498366
1251,1.2413985E7,755441#4iEljiUnLgqO75fHt7Sjqjr,-1846261.1,false,7778929,-664431,8705767.28,-3979829,5550338
1252,-1.1095087E7,1668463#dbOF5H2wdaOjUcK9eKFacWA,-1.2491428E7,false,1606941,-9986274,-1632864.08,-11582431,-165230
1253,2497122.2,4670288#ExaeIJxkPK3vNsZQ2mK9C6Z,-6632015.5,true,4943391,-5541079,-7756025.82,12393890,-10459110
1254,-1.223428E7,5246423#lQj8DEJmfs9knF5apcZJFGq,-6946189.0,true,-2956435,-5527075,-9714695.36,3381799,-1695716
1255,-9505708.0,6506101#e9zIrKMQjMMeQ8Dq1MS6dSV,9619238.0,false,7095224,4786547,-1.249325859E7,5510669,-8733949
1256,-7419421.5,5730815#cLyvkAqCaJ3FvLSZv7hfgEO,-8154494.5,true,-2640811,6856240,1.104555468E7,11928631,12039445
1257,1.2089268E7,9014151#o9vqbsdEgT4qHcoOHJoaF0g,-8650751.0,false,-5928144,-1233405,-1.237589565E7,-11418030,9058779
1258,6128136.0,7235492#bB1QNzjLTuSKxGg6qSneAn7,-7972675.5,false,8420872,5208334,-1.030681438E7,-3006716,2367367
1259,1.0850313E7,317546#FYAMCzdlDOCbuIcIL4Kh65U,2112715.8,true,4246951,-8035625,1.212860459E7,2793221,-3224393
1260,8412673.0,5572137#k2KTCvnT3R8fTzQiKwjYtjR,-7586725.5,false,9117629,-6554224,-1.205417953E7,3830397,-823170
1261,-9839661.0,9501602#mR1Jd8ac4yqtj9huvyRRcw3,1.1984299E7,true,2335558,153953,8502061.42,-3462166,4168044
1262,1.255617E7,6880762#IHHk2eN0ywVZDWZuWvGVTKF,7341706.5,false,2048566,8512731,1.083120457E7,-4573978,10554060
1263,9698789.0,9127598#1d4Jplhw9zo4OVqAYVJIKjW,-5419365.0,false,1104798,-9827927,-3927915.9,5846704,-4855881
1264,-6373848.5,7837496#D2XWuLI7rDk8oIl4qVO3Sm7,5276925.5,false,3521852,-2150912,-9995508.33,7844734,6001780
1265,7766247.0,7573175#qvibisqvqzR4ceXSnzoCkGX,1.0047198E7,true,3020918,6580371,-8746487.44,5858219,-12508427
1266,3535018.2,3066408#QGdLF2jr2ZJQrpUGk8xVrZw,-1096135.4,true,11146575,-10794373,874518.36,10313326,8168892
1267,-3584060.5,10941150#UNa3LKfL1bI8cBCiv4F6woz,3798251.8,false,-5276611,857299,7552259.28,4027984,-648143
1268,2349217.2,5768384#0V9aG9s8QOAQeHlbLHS3tut,3272493.8,false,111344,6372899,-9065951.42,-11388471,-532549
1269,1.051829E7,5747056#kHHkAC6BfAJTv1mDBQVhBaW,-5782264.0,false,-6641987,-5312544,-1.142135757E7,-1987043,7447453
1270,-7862958.0,11196464#LRDcWNVk78vpsumvNArNR5p,-1.1484882E7,false,3592360,7117072,4409228.49,1432494,7480516
1271,8577494.0,12387009#gvfW0uJlXmAulfSgQo5rKI5,7788479.0,true,10832355,10650188,7945260.13,2048663,906597
1272,2793317.2,670351#rp8cfkqApqXmRZ5hzsYMNuJ,-1.084651E7,false,-728978,-8376167,7257170.46,-10607226,-8917972
1273,3777769.8,6148116#I7rPvOPpB40qVZIfHrrklgn,1.0231637E7,true,-10538630,9737297,-676686.71,-5857685,2797797
1274,-3903754.5,12053139#VY5G5TKV3QKUSCnCuYBXOii,2215947.0,true,-2429066,2226331,2869142.6,-3949507,-11166919
1275,1.2378936E7,8681974#8m1I7ObgX5JkKmy2bIqGjjK,2187542.8,true,-8404979,9794856,-4313948.89,-4824007,10990547
1276,9699092.0,2014361#JnJxITJUfBfHNOZ7aRPKai1,-657178.75,false,10955151,8347525,4294530.71,10866383,11591965
1277,3023123.8,2569354#MB9Hd2xwfGETVkx1H7zS37h,6442722.0,false,438601,3275034,5570408.36,2784691,3022065
1278,7461021.5,9409181#bAIWMY8Ee4LRGLLzBc76UxW,-9617142.0,false,8959550,10443102,2015520.18,-2116040,-4077424
1279,-7571985.0,1141988#ZfRAYbWkjYayvbrUZKScUa5,-1.1885093E7,true,-7657766,-8675852,9400484.81,-3699093,666076
1280,6379016.5,4780153#85bhKGxUS9wQ0h6PfXTlXp4,7766356.0,false,6753045,7887741,-1.078794812E7,-6442375,3104014
1281,-7116935.5,12634167#PxzSqq7YeS3HGqUQNUVh5SP,845431.9,false,-6065581,9237505,-1.230515557E7,2588887,-5260797
1282,1.26148E7,1889920#Mh3kJs5WpolWLrBhxUoAPaN,-7426257.5,false,-10247817,-7498476,-3492288.33,-155258,-9437878
1283,-6115037.5,8829255#Q8WflBjL9bQgZ2VKpv9nOo4,-1.2753607E7,true,3956152,-109408,-6725054.64,2287502,7190123
1284,-1073089.5,7183748#ei9nX0E1Qx4G0xCWEtXkS8L,-4447491.5,false,-2133720,11198796,-5369936.75,-6973961,806208
1285,929958.3,7372435#2hzVb808SwXvJX7xukNHQRe,-2650484.0,true,-8095292,11541082,9225227.56,-4462023,-4888173
1286,-6464014.5,10141419#jdmcWQujGBYeYmGIIfxB3Tl,1563418.9,true,-8452419,-10566369,2017312.23,-11417857,7797583
1287,-8447964.0,2227679#ve4wCJyxQoP3u9xxIS5Cpsm,-4816924.0,true,8234834,2813071,-508323.18,11981303,4800483
1288,1.2458811E7,6936432#YHzjqnMFWsIdCxuiWIPFs9c,-1.1455223E7,false,9285512,-45784,-1.221541279E7,-5193051,266022
1289,8096910.5,6535593#oSzDAkW4liJsenPFpnpzKoy,5657222.5,false,1629021,9849459,-5395199.16,7317157,-1029512
1290,9088664.0,2234982#CpVb1K7Az5QqddHlHnQNo3g,361915.72,true,11993136,-972597,-987658.96,-4065507,-4219143
1291,9813046.0,10180480#vC644yHnes8VmYCLz8CkMDF,5780076.5,true,2247804,-7890710,-1.130964961E7,-8024645,12365593
1292,427259.34,11021967#NidHrYHaa5AUmgQeLnKGCMr,5629627.0,false,-11644918,-1907886,9759260.07,10755552,8563204
1293,-1.0088361E7,2099770#9TSRIBisOZnMSmiFMLndzXM,-1.1212715E7,true,-2932830,-11071278,8975410.26,10997521,-12730376
1294,1649639.6,329225#o0CdQ2ayC0T5NjcsE41E60Y,3254686.2,true,2141634,4875540,1.187418043E7,11626501,2035803
1295,-1698862.9,3026883#47xjKY6NJ2CjMIycNMfLtQq,1.2530542E7,true,1867563,4384888,-4323992.8,4915759,2795699
1296,1.0036719E7,10085834#Gy86k0PzfRUkXbKofmAaIPS,5772071.5,true,12034552,-12770696,-240209.6,-5703294,7614669
1297,384584.66,9176969#FSv4MXfdgb8sBqxfm8Jd9v9,-6208601.5,false,-5986280,-10788,6290128.64,-6098688,12349824
1298,-2330441.8,4549633#QbEv6mfKYaEUYeJYVuigoIf,6662643.5,true,4532265,-11956865,215033.54,10140938,-9954129
1299,7313615.5,8555621#gbQuqTBULrXVwrfmvuIB334,8290803.0,false,12258743,1704184,9563563.76,-9206546,-977781
1300,-533452.4,5861977#vXfMWTBbu37U11RDgcXEgFi,-3793572.2,true,6121496,10908977,1.016136926E7,-8475418,-5718532
1301,1.2909985E7,785619#Kp3uxWhv2nr8sF2OHTOdqFR,-1919861.1,false,8089618,-691091,9053767.28,-4138679,5771964
1302,-1.1538287E7,1734755#vsX5memaaPp1bg8ji5tLhlU,-1.2990628E7,false,1671407,-10384767,-1698464.08,-12044877,-171616
1303,2597122.2,4856290#1X6JbrniCNLgIW6QHgxcWIG,-6896815.5,true,5140372,-5761938,-8065625.82,12888077,-10876647
1304,-1.272228E7,5455358#EgkOAd4gSsk8nM7zHjSmXXh,-7222989.0,true,-3074202,-5747093,-1.010189536E7,3516887,-1763484
1305,-9884108.0,6764981#6eb9q05Nph4F7GsTaAy8zhE,1.0002438E7,true,7377729,4976893,-1.299085859E7,5730575,-9082037
1306,-7714621.5,5958588#ZVmlNRdKt16lJ6SzwPpXakH,-8479294.0,true,-2746215,7129016,1.148555468E7,12403118,12519110
1307,1.2570068E7,9372318#BOb1nMC4v6CpCS0itII5EFV,-8994751.0,false,-6164263,-1282847,-1.286789565E7,-11872534,9419119
1308,6371336.0,7522861#2PFHu8gloPi5m5tZTiVjLpi,-8289475.5,true,8755649,5415646,-1.071641438E7,-3126366,2461442
1309,1.1281513E7,330045#G5QvlXCsx6rHUWAkDFUfGzL,2196715.8,true,4415894,-8355031,1.261020459E7,2903921,-3352587
1310,8746273.0,5793032#qZASJWHOSodcnGDSsf2Cx2l,-7887525.5,false,9479523,-6814196,-1.253257953E7,3982034,-855502
1311,-1.0230061E7,9878241#xkRpZoU8U2vkcdmSR57y7IF,1.2459499E7,true,2428531,160224,8838861.42,-3599616,4333009
1312,1.305377E7,7153013#nxV7HCfwYZjW6lchZKszRdt,7632906.5,false,2129385,8849848,1.126000457E7,-4755578,10972046
1313,1.0082789E7,9488940#4VFo76Z6LLHG3o7hGy2d69s,-5633765.0,false,1148746,-10216713,-4083115.9,6078229,-5048430
1314,-6625848.5,8147233#x7Jwix9foUBJwzCUSpEhXmO,5485725.5,false,3661512,-2236285,-1.039070833E7,8155222,6239568
1315,8073447.0,7872133#jkI1G2JFZ8K8GY2Cd9QHsOm,1.0443998E7,false,3140476,6840358,-9092087.44,6089444,-13003034
1316,3675018.2,3187509#2KwvgULYALRb5FS6bVNbPOd,-1139335.4,false,11586995,-11220612,908918.36,10720426,8491833
1317,-3725660.5,11372739#5Qwxq1unGHwovAOix3vUNzO,3947851.8,true,-5484825,891166,7850659.28,4187303,-674018
1318,2442017.2,5995804#lCZwhYLXuY92KYetOLOZPIN,3401293.8,true,115448,6624069,-9423551.42,-11837909,-553877
1319,1.093269E7,5973241#xkRpZoU8U2vkcdmSR57y7IF,-6010264.0,false,-6904063,-5522021,-1.187175757E7,-2065330,7740518
1320,-8172558.0,11637191#wGJLuubnugyyyC5HtqHkPiP,-1.1936882E7,false,3733538,7397397,4582828.49,1489000,7775177
1321,8915094.0,12874081#2RuwtgoXYtajfIDRwq4JL44,8094879.0,false,11258493,11069067,8258060.13,2129306,941895
1322,2902917.2,696546#FYAMCzdlDOCbuIcIL4Kh65U,-1.127291E7,false,-757331,-8705470,7542770.46,-11024132,-9268136
1323,3925769.8,6389435#2hzVb808SwXvJX7xukNHQRe,1.0633237E7,true,-10952234,10119854,-703086.71,-6087910,2907681
1324,-4057354.5,12526027#BqCGF07xonzxBADjJeqOJZ7,2303147.0,true,-2524296,2313718,2981942.6,-4104532,-11605018
1325,1.2864536E7,9022304#uwKNR4TnMbtWxz2hruzcrVB,2273142.8,false,-8734672,10179223,-4482748.89,-5012912,11421523
1326,1.0079092E7,2093124#DlHwxnTCmDXHUw0IRa9eBnd,-682778.75,true,11384251,8674862,4462530.71,11292446,12046238
1327,3141523.8,2669835#G0yDJqo7Pjx1oayhJxgfjMy,6694722.0,true,455492,3403557,5788808.36,2893491,3140168
1328,7753021.5,9777059#kSnv2M42Mq3BqaZhNaQuQFU,-9993142.0,true,9309822,10851541,2094720.18,-2198865,-4236693
1329,-7867985.0,1186482#4cD5je4qbJr791fjJWAKrmm,-1.2349893E7,false,-7957239,-9015403,9767684.81,-3843868,692431
1330,6627816.5,4966727#eJb2DzHSGsuqxAh7hYI7EiX,8069556.0,true,7016625,8195501,-1.120954812E7,-6694296,3225646
1331,-7394535.5,13127247#ptcc5FaLas36lWMCjrMKksA,878231.9,true,-6302471,9597887,-1.278515557E7,2689762,-5466384
1332,1.31068E7,1963468#Gc7djfXzYGnjDpS4Yos66aF,-7715857.5,true,-10647358,-7790966,-3628288.33,-161120,-9805708
1333,-6353437.5,9173203#bW6kdJaTZ1t2A9L5CkommkG,-1.3250407E7,false,4110350,-113942,-6987454.64,2376902,7470127
1334,-1114689.5,7463463#dbOF5H2wdaOjUcK9eKFacWA,-4620291.5,true,-2216457,11635243,-5578736.75,-7245717,837510
1335,965958.3,7659145#gcf7Fp1BpmE32kLSIz6EndC,-2753684.0,false,-8410254,11990525,9584427.56,-4635523,-5078697
1336,-6715214.5,10535717#OJGhLkN9lr0W6sQIIwSwI4q,1624218.9,false,-8780668,-10977255,2095712.23,-11861957,8100595
1337,-8775964.0,2314128#uuKDyse0p64viwlkS31EMjN,-5004124.0,true,8554552,2922725,-528323.18,12446990,4986796
1338,1.2942811E7,7205572#aimAbAWepJbWmbgnbAUWVwc,-1.1900023E7,false,9645705,-47287,-1.268981279E7,-5394501,276034
1339,8411310.0,6788996#gYtmhOpd1F8Uwx3BHeEX9Ox,5876422.5,false,1692594,10231321,-5604799.16,7600794,-1069263
1340,9440664.0,2321400#aHSw97ERcj1qALYtC7F6GtZ,376315.72,true,12458323,-1010233,-1026058.96,-4223313,-4382481
1341,1.0193046E7,10574755#vsX5memaaPp1bg8ji5tLhlU,6004076.5,true,2334985,-8196226,-1.174804961E7,-8335148,12844133
1342,444059.34,11448147#afBZbo2CMrlfZUzt6WTmOjx,5847227.0,true,-12095393,-1981444,1.013686007E7,11171483,8894479
1343,-1.0478761E7,2180776#cfQkb95WC3nf1rv9ZNnddTW,-1.1646315E7,false,-3046274,-11499630,9322610.26,11422712,-13222335
1344,1713639.6,341687#Zg1WBOVvHhZzwvYVUVWtyzB,3380286.2,true,2224687,5063819,1.233338043E7,12075729,2114808
1345,-1764462.9,3143555#ypl5rEMhkDyCfIak4eeTvvY,1.3014542E7,false,1939896,4554244,-4491192.8,5105809,2903317
1346,1.0423919E7,10474814#hPsaNuiltuNZxhJrPuJTcCJ,5994471.5,true,12499108,-13263275,-249809.6,-5923419,7908818
1347,399784.66,9530693#f31bPpFPf3YcmRijUGGPnNU,-6447801.5,true,-6216687,-11230,6532528.64,-6333638,12825932
1348,-2420041.8,4724769#jCmm37H0xLnMcjReN8PDAid,6919443.5,true,4706981,-12417728,223033.54,10531763,-10337482
1349,7595215.5,8884898#xj2OvuvdjMCdSgfql1DcqGv,8610003.0,true,12730341,1770111,9931563.76,-9560946,-1015763
1350,-554252.4,6087247#ptcc5FaLas36lWMCjrMKksA,-3939172.2,false,6356571,11328612,1.055256926E7,-8801708,-5938697
1351,1.3405985E7,815797#Loj3rLtqqjZ3r7ycf3rrpRU,-1993461.1,false,8400306,-717751,9401767.28,-4297529,5993591
1352,-1.1981487E7,1801047#qMp86yRlq1YYx8BtT66AZVt,-1.3489828E7,false,1735873,-10783260,-1764064.08,-12507324,-178001
1353,2697122.2,5042292#8nLckeJoRqq55RXz3ca49Yq,-7161615.5,true,5337354,-5982797,-8375225.82,13382265,-11294183
1354,-1.321028E7,5664293#UUGoS9NBUEq2nF5GgM0wePa,-7499789.0,true,-3191968,-5967112,-1.048909536E7,3651974,-1831251
1355,-1.0262508E7,7023861#2PFHu8gloPi5m5tZTiVjLpi,1.0385638E7,false,7660235,5167238,-1.348845859E7,5950481,-9430124
1356,-8009821.5,6186360#wikVQZtAqHPYdkmiOs9Q6DP,-8804094.0,false,-2851619,7401792,1.192555468E7,12877606,12998776
1357,1.3050868E7,9730486#B2V4O79kmLaOPgoXivo2JlM,-9338751.0,true,-6400383,-1332289,-1.335989565E7,-12327039,9779460
1358,6614536.0,7810230#vGB36QrGBMJ8uL5RQOrKZtM,-8606276.0,true,9090426,5622958,-1.112601438E7,-3246016,2555517
1359,1.1712713E7,342544#rKKLzPaeW4UqVPF2YlxYCTa,2280715.8,true,4584838,-8674438,1.309180459E7,3014621,-3480780
1360,9079873.0,6013927#aC57JRNVVDAaHB0CenILDmu,-8188325.5,true,9841416,-7074168,-1.301097953E7,4133672,-887834
1361,-1.0620461E7,10254881#PsB1ckkwgOYWIsAth0phIy2,1.2934699E7,false,2521505,166495,9175661.42,-3737066,4497974
1362,1.355137E7,7425263#CovpQHGWLJtpVTIcnPN6I8U,7924106.5,false,2210203,9186966,1.168880457E7,-4937178,11390033
1363,1.0466789E7,9850281#TkQ1hTSRkizwgC8k73AWHlv,-5848165.0,false,1192693,-10605498,-4238315.9,6309754,-5240979
1364,-6877848.5,8456971#FW7J8RIvlk0X9DBzPdG1jCN,5694525.5,true,3801173,-2321657,-1.078590833E7,8465709,6477355
1365,8380647.0,8171091#I4Bw22s3h80UlE6F83w15oQ,1.0840798E7,false,3260034,7100345,-9437687.44,6320669,-13497642
1366,3815018.2,3308609#STzs4cKsIxc9vFGyEtPIRPk,-1182535.4,false,12027414,-11646850,943318.36,11127526,8814774
1367,-3867260.5,11804328#TMOb9TIVW7KUKLdj5Xbbbdc,4097451.8,false,-5693038,925033,8149059.28,4346621,-699892
1368,2534817.2,6223223#Y8WkVSMj9A81iHiYKd55FD1,3530093.8,false,119552,6875238,-9781151.42,-12287346,-575205
1369,1.134709E7,6199427#feviNh4EpRCCo2yx3s0L3Oh,-6238264.0,false,-7166140,-5731498,-1.232215757E7,-2143618,8033583
1370,-8482158.0,12077918#t96mmuJxs3xZ1ueCECRgC6S,-1.2388882E7,true,3874715,7677722,4756428.49,1545506,8069839
1371,9252694.0,13361153#85bhKGxUS9wQ0h6PfXTlXp4,8401279.0,true,11684631,11487947,8570860.13,2209950,977193
1372,3012517.2,722741#9a9WQH26DqmsA4EV0RNGRfs,-1.169931E7,true,-785684,-9034773,7828370.46,-11441038,-9618300
1373,4073769.8,6630753#JgF6ozOTCIEaFdfcimq2X08,1.1034837E7,true,-11365837,10502412,-729486.71,-6318135,3017565
1374,-4210954.5,12998915#iA5xSPXWlcpha8LK0DxVuZs,2390347.0,false,-2619526,2401104,3094742.6,-4259557,-12043117
1375,1.3350136E7,9362633#QbEv6mfKYaEUYeJYVuigoIf,2358742.8,true,-9064365,10563590,-4651548.89,-5201816,11852498
1376,1.0459092E7,2171887#8z0Nv8cmT9kajwosERYVMF1,-708378.75,false,11813352,9002199,4630530.71,11718508,12500511
1377,3259923.8,2770315#DetqYX0Yo6NNeNHLrc7nYeM,6946722.0,true,472384,3532079,6007208.36,3002291,3258271
1378,8045021.5,10144936#VkBdZsVN1HZSfPXCrS7CDRQ,-1.0369142E7,false,9660094,11259981,2173920.18,-2281690,-4395962
1379,-8163985.0,1230976#ov18z8TrZ33zYzXI4yUpF8Y,-1.2814693E7,false,-8256712,-9354955,1.013488481E7,-3988643,718787
1380,6876616.5,5153301#6WJpUg6xvEuqqpdZN6Z3v1V,8372756.0,true,7280204,8503262,-1.163114812E7,-6946218,3347279
1381,-7672135.5,13620326#6N7FwgB2882qRjnM526moAm,911031.9,false,-6539360,9958270,-1.326515557E7,2790637,-5671972
1382,1.35988E7,2037017#BqfmGCwNSPrOfLwUZRkcj1t,-8005457.5,false,-11046899,-8083456,-3764288.33,-166983,-10173538
1383,-6591837.5,9517151#o9vqbsdEgT4qHcoOHJoaF0g,-1.3747207E7,false,4264548,-118475,-7249854.64,2466302,7750131
1384,-1156289.5,7743178#Ma4ltLKyTR4NRNFK1qVfkKP,-4793091.5,false,-2299194,12071691,-5787536.75,-7517473,868811
1385,1001958.3,7945855#WqQsyEo5RfVCh07Ui9Y64sW,-2856884.0,true,-8725215,12439969,9943627.56,-4809023,-5269221
1386,-6966414.5,10930016#2IcvE9blA1qCI6jSCsb8wwX,1685018.9,false,-9108917,-11388141,2174112.23,-12306057,8403606
1387,-9103964.0,2400576#GSHheAZvDPVSZxBauulfbiy,-5191324.0,true,8874270,3032378,-548323.18,12912678,5173110
1388,1.3426811E7,7474712#vNOPGtkOFERJQT2oME93OcZ,-1.2344823E7,false,10005898,-48791,-1.316421279E7,-5595951,286046
1389,8725710.0,7042400#aHSw97ERcj1qALYtC7F6GtZ,6095622.5,false,1756167,10613183,-5814399.16,7884432,-1109015
1390,9792664.0,2407818#wa6meklTVxaMVJvRRM0ZFCM,390715.72,true,12923509,-1047869,-1064458.96,-4381119,-4545819
1391,1.0573046E7,10969030#nEUhKOUk7NSbOOM3txUakVU,6228076.5,false,2422166,-8501743,-1.218644961E7,-8645651,13322672
1392,460859.34,11874327#9tFDjlMXMPtNvHmVnDr6dLE,6064827.0,false,-12545868,-2055002,1.051446007E7,11587414,9225755
1393,-1.0869161E7,2261782#cNZCH2tP44wU73zR4rlmW6D,-1.2079915E7,true,-3159717,-11927982,9669810.26,11847902,-13714294
1394,1777639.6,354149#wXA0z0YnFZO5XdqZ7sB4jBT,3505886.2,false,2307739,5252097,1.279258043E7,12524957,2193813
1395,-1830062.9,3260227#2OpOV8vFiNgLN2IpniKzfjW,1.3498542E7,true,2012230,4723601,-4658392.8,5295859,3010935
1396,1.0811119E7,10863793#NOnwSQX4eYGYeD9VhXEIWPu,6216871.5,false,12963665,-13755854,-259409.6,-6143544,8202967
1397,414984.66,9884417#WGFynffr5ZAK5EyLnYUEvgR,-6687001.5,false,-6447095,-11672,6774928.64,-6568588,13302040
1398,-2509641.8,4899905#mHgP6VeWcXtSUJjyZZquezt,7176243.5,false,4881696,-12878590,231033.54,10922588,-10720836
1399,7876815.5,9214176#yA4xDTUuIfc63FG7dB9Vt5e,8929203.0,false,13201940,1836038,1.029956376E7,-9915346,-1053744
1400,-575052.4,6312516#QZfUMdaEz203kiZqxafQvyJ,-4084772.2,true,6591646,11748246,1.094376926E7,-9127998,-6158863
1401,1.3901985E7,845975#aqeytmUJaYDQcLNvfJ3LwCD,-2067061.1,false,8710995,-744411,9749767.28,-4456379,6215217
1402,-1.2424687E7,1867339#xMcrXwfKkJKA26PdI85Y0uT,-1.3989028E7,false,1800339,-11181753,-1829664.08,-12969770,-184387
1403,2797122.2,5228294#Q79QHmB9PBZqEQT5AYnWtqW,-7426415.5,true,5534335,-6203656,-8684825.82,13876452,-11711720
1404,-1.369828E7,5873228#oTQMqkeIT9F4itmcpiU7ZXt,-7776589.0,true,-3309735,-6187130,-1.087629536E7,3787062,-1899019
1405,-1.0640908E7,7282741#9a9WQH26DqmsA4EV0RNGRfs,1.0768838E7,true,7942740,5357584,-1.398605859E7,6170387,-9778212
1406,-8305021.5,6414133#jkI1G2JFZ8K8GY2Cd9QHsOm,-9128894.0,false,-2957023,7674568,1.236555468E7,13352093,13478441
1407,1.3531668E7,10088653#t1Bd7iIuK2PZGFPSCN94Cy6,-9682751.0,true,-6636502,-1381731,-1.385189565E7,-12781543,10139800
1408,6857736.0,8097599#lNSuim2ukvMXefcIdeLkQAD,-8923076.0,false,9425203,5830270,-1.153561438E7,-3365666,2649592
1409,1.2143913E7,355043#XPMJbcJOB0AJu3FcFcjEx3l,2364715.8,true,4753781,-8993844,1.357340459E7,3125321,-3608974
1410,9413473.0,6234822#r0cpxNy8FGMNqxwad5IjYMH,-8489125.0,true,10203310,-7334140,-1.348937953E7,4285309,-920166
1411,-1.1010861E7,10631520#pyvCSrMGORFSmmp4YfIDWNY,1.3409899E7,false,2614478,172766,9512461.42,-3874516,4662939
1412,1.404897E7,7697514#6P0jUfyu0RpzRBdzMWmRlwT,8215306.5,false,2291022,9524083,1.211760457E7,-5118778,11808019
1413,1.0850789E7,10211623#p5GZYk43yZU9m4U3XUtRzzN,-6062565.0,false,1236641,-10994284,-4393515.9,6541279,-5433528
1414,-7129848.5,8766708#EqrXx3BNI8W69Zw0ye2vFnC,5903325.5,true,3940833,-2407030,-1.118110833E7,8776197,6715143
1415,8687847.0,8470049#Y41itYuJZ6cza09fTMW7lTL,1.1237598E7,true,3379592,7360332,-9783287.44,6551894,-13992249
1416,3955018.2,3429710#syktHgWcY8YzQXCDBCZO0vg,-1225735.4,true,12467834,-12073089,977718.36,11534626,9137715
1417,-4008860.5,12235917#Xrf00lLRrTEtoub1whKMI1N,4247051.5,true,-5901252,958900,8447459.28,4505940,-725767
1418,2627617.2,6450643#YKttNy7jyfV7VRXROeVit2H,3658893.8,true,123656,7126408,-1.013875142E7,-12736784,-596533
1419,1.176149E7,6425612#xS7pSkz4Anuclbq2RiY6A84,-6466264.0,false,-7428216,-5940975,-1.277255757E7,-2221905,8326648
1420,-8791758.0,12518645#hzafVHpWJ8m1qSe5QrVf2iD,-1.2840882E7,true,4015893,7958047,4930028.49,1602012,8364500
1421,9590294.0,13848225#o0CdQ2ayC0T5NjcsE41E60Y,8707679.0,false,12110769,11906826,8883660.13,2290593,1012491
1422,3122117.2,748936#VkBdZsVN1HZSfPXCrS7CDRQ,-1.212571E7,true,-814037,-9364076,8113970.46,-11857944,-9968464
1423,4221769.5,6872072#X8YtbPqJU7ZLe1zDvbSpsog,1.1436437E7,true,-11779441,10884969,-755886.71,-6548360,3127449
1424,-4364554.5,13471803#NYw2kiPfjNCSb4tbUfMXwwc,2477547.0,false,-2714756,2488491,3207542.6,-4414582,-12481216
1425,1.3835736E7,9702963#I0kiYZUpGWktB55BlPWKq5N,2444342.8,false,-9394058,10947957,-4820348.89,-5390721,12283474
1426,1.0839092E7,2250650#3mnXd7gispLprkcE9euNzH0,-733978.75,true,12242452,9329536,4798530.71,12144571,12954784
1427,3378323.8,2870796#BOvbsuf38sTTmDas66GuOmn,7198722.0,false,489275,3660602,6225608.36,3111091,3376374
1428,8337021.5,10512814#hPsaNuiltuNZxhJrPuJTcCJ,-1.0745142E7,true,10010366,11668420,2253120.18,-2364515,-4555231
1429,-8459985.0,1275470#XSMDnwxvunyMCO27lwkq9OU,-1.3279493E7,true,-8556185,-9694506,1.050208481E7,-4133418,745142
1430,7125416.5,5339875#DywklHN6QirIkXPKuLNbdxT,8675956.0,false,7543784,8811022,-1.205274812E7,-7198139,3468911
1431,-7949735.5,14113406#OOO7KWAaGqxWugLPieou1PN,943831.9,true,-6776250,10318652,-1.374515557E7,2891512,-5877559
1432,1.40908E7,2110565#oWxMz0UKsfjrHPTa4oASL3e,-8295057.5,true,-11446440,-8375946,-3900288.33,-172845,-10541368
1433,-6830237.5,9861099#UXyjmRE2Pea6ZGgVrMlHewm,-1.4244007E7,true,4418746,-123009,-7512254.64,2555702,8030135
1434,-1197889.5,8022893#CYKW8qoc5IufMAZyijTNddb,-4965891.5,true,-2381931,12508138,-5996336.75,-7789229,900113
1435,1037958.3,8232565#oWxMz0UKsfjrHPTa4oASL3e,-2960084.0,false,-9040177,12889412,1.030282756E7,-4982523,-5459745
1436,-7217614.5,11324314#0dhOlcnN08P41K1hgqEkaQf,1745818.9,true,-9437166,-11799027,2252512.23,-12750157,8706618
1437,-9431964.0,2487025#GnNuvMvS0P5YhmO5W0MykE6,-5378524.0,true,9193988,3142032,-568323.18,13378365,5359423
1438,1.3910811E7,7743852#v3IM1o0CO8IyuD4srb0tRu4,-1.2789623E7,false,10366091,-50294,-1.363861279E7,-5797401,296058
1439,9040110.0,7295803#NYw2kiPfjNCSb4tbUfMXwwc,6314822.5,false,1819740,10995045,-6023999.16,8168069,-1148766
1440,1.0144664E7,2494236#OTnqQHy9KSFM44mHXuQrTJz,405115.72,true,13388696,-1085505,-1102858.96,-4538925,-4709157
1441,1.0953046E7,11363305#FVEQL6rjjMNBaBVzeUqk5VM,6452076.5,false,2509347,-8807259,-1.262484961E7,-8956154,13801212
1442,477659.34,12300507#gQ021SgneH5jmozCQGML3Nj,6282427.0,true,-12996343,-2128560,1.089206007E7,12003345,9557030
1443,-1.1259561E7,2342788#JzgVe2VOXMUoKa6VhfPVNfR,-1.2513515E7,false,-3273161,-12356334,1.001701026E7,12273093,-14206253
1444,1841639.6,366611#18KIpvuh7YYpsnkf0PN4n6k,3631486.2,false,2390792,5440376,1.325178043E7,12974185,2272818
1445,-1895662.9,3376899#yJZCQlO2jmUbdfviOTYPd6x,1.3982542E7,false,2084563,4892957,-4825592.8,5485909,3118553
1446,1.1198319E7,11252773#s5snffxYsUt42wZww7lI5bG,6439271.5,false,13428221,-14248433,-269009.6,-6363669,8497116
1447,430184.66,10238141#WUfDeYbiITHTUS7ZNJd9HMc,-6926201.5,true,-6677502,-12114,7017328.64,-6803538,13778148
1448,-2599241.8,5075041#j9aSwU4MzP44CE3amDhipOt,7433043.5,false,5056412,-13339453,239033.54,11313413,-11104189
1449,8158415.5,9543453#Sg3fgFXpcT2syXzEGOYsHHk,9248403.0,true,13673538,1901965,1.066756376E7,-10269746,-1091726
1450,-595852.4,6537786#90qoMUGZQUbSqbPTt44gSUZ,-4230372.5,false,6826721,12167881,1.133496926E7,-9454288,-6379028
1451,1.4397985E7,876153#85bhKGxUS9wQ0h6PfXTlXp4,-2140661.2,false,9021683,-771071,1.009776728E7,-4615229,6436844
1452,-1.2867887E7,1933631#MVOuQfcKSHSeH2mR3dTJaux,-1.4488228E7,false,1864805,-11580246,-1895264.08,-13432217,-190772
1453,2897122.2,5414296#ZcjoUTrvieprrS8Ekfn1eYt,-7691215.5,true,5731317,-6424515,-8994425.82,14370640,-12129256
1454,-1.418628E7,6082163#8hh6ZgPSxT11f0ESxFE4O08,-8053389.0,true,-3427501,-6407149,-1.126349536E7,3922149,-1966786
1455,-1.1019308E7,7541621#gbQuqTBULrXVwrfmvuIB334,1.1152038E7,false,8225246,5547929,-1.448365859E7,6390293,-10126299
1456,-8600221.0,6641905#mHgP6VeWcXtSUJjyZZquezt,-9453694.0,true,-3062427,7947344,1.280555468E7,13826581,13958107
1457,1.4012468E7,10446821#4XaGJZd2MpkkgCWIrwp2T8c,-1.0026751E7,false,-6872622,-1431173,-1.434389565E7,-13236048,10500141
1458,7100936.0,8384968#WGXcqdLvqqFcrTrFIPrvbPV,-9239876.0,false,9759980,6037582,-1.194521438E7,-3485316,2743667
1459,1.2575113E7,367542#lxC4cWEN7y3Sh773S2fxgYx,2448715.8,true,4922725,-9313251,1.405500459E7,3236021,-3737167
1460,9747073.0,6455717#OJGhLkN9lr0W6sQIIwSwI4q,-8789925.0,false,10565203,-7594112,-1.396777953E7,4436947,-952498
1461,-1.1401261E7,11008160#33iV9VuLnSqzlNrUS3RoyJj,1.3885099E7,true,2707452,179037,9849261.42,-4011966,4827904
1462,1.454657E7,7969764#QjB1kVH5UZavoX1Js1lcb5y,8506507.0,false,2371840,9861201,1.254640457E7,-5300378,12226006
1463,1.1234789E7,10572964#R1ZGv1KTCltVo0oXs2e1cJ7,-6276965.0,false,1280588,-11383069,-4548715.9,6772804,-5626077
1464,-7381848.5,9076446#C2878MoQhMINQCzuYRcLG5n,6112125.5,false,4080494,-2492402,-1.157630833E7,9086684,6952930
1465,8995047.0,8769007#PuHeK0VRaGjVUXf3N9ECrqP,1.1634398E7,true,3499150,7620319,-1.012888744E7,6783119,-14486857
1466,4095018.2,3550810#VZ8vkgj2JgMdVPK3Ti8MrUM,-1268935.4,true,12908253,-12499327,1012118.36,11941726,9460656
1467,-4150460.5,12667506#fKC0QiYwRVOFhlbi8skOWdu,4396651.5,false,-6109465,992767,8745859.28,4665258,-751641
1468,2720417.2,6678062#eaEOLA6OVQird7BcggRldfa,3787693.8,false,127760,7377577,-1.049635142E7,-13186221,-617861
1469,1.217589E7,6651798#kBPGOcWjKhXJIWIDXkTTneX,-6694264.0,false,-7690293,-6150452,-1.322295757E7,-2300193,8619713
1470,-9101358.0,12959372#QvBkJ4l7tV8D6Pfw6TAEZMs,-1.3292882E7,false,4157070,8238372,5103628.49,1658518,8659162
1471,9927894.0,14335297#58ggNXBL2qISv7ttrXGV8fr,9014079.0,true,12536907,12325706,9196460.13,2371237,1047789
1472,3231717.2,775131#fGhe6ZKVXV0tGYX0pw5ysvv,-1.255211E7,false,-842390,-9693379,8399570.46,-12274850,-10318628
1473,4369769.5,7113390#asTDXp5jYhfeuNjUwjucC2i,1.1838037E7,true,-12193044,11267527,-782286.71,-6778585,3237333
1474,-4518154.5,13944691#yE3XUEnTqPfAVhH5YHtSQ0g,2564747.0,true,-2809986,2575877,3320342.6,-4569607,-12919315
1475,1.4321336E7,10043292#8nLckeJoRqq55RXz3ca49Yq,2529942.8,true,-9723751,11332324,-4989148.89,-5579625,12714449
1476,1.1219092E7,2329413#Ycx4aCDOEU00WuSoJTHAcnv,-759578.75,false,12671553,9656873,4966530.71,12570633,13409057
1477,3496723.8,2971276#LbstqGL5LA2Y928kkb6TVFR,7450722.0,false,506167,3789124,6444008.36,3219891,3494477
1478,8629021.0,10880691#yE3XUEnTqPfAVhH5YHtSQ0g,-1.1121142E7,false,10360638,12076860,2332320.18,-2447340,-4714500
1479,-8755985.0,1319964#R1ZGv1KTCltVo0oXs2e1cJ7,-1.3744293E7,true,-8855658,-10034058,1.086928481E7,-4278193,771498
1480,7374216.5,5526449#EqCCVBrcUmRBDUaXsaMwNqq,8979156.0,false,7807363,9118783,-1.247434812E7,-7450061,3590544
1481,-8227335.5,14606485#dbLCjG4fv9aHK5JBfRM5YFj,976631.9,false,-7013139,10679035,-1.422515557E7,2992387,-6083147
1482,1.45828E7,2184114#LC662DVXnpZ2RunoZga7A63,-8584658.0,false,-11845981,-8668436,-4036288.33,-178708,-10909198
1483,-7068637.5,10205047#qMp86yRlq1YYx8BtT66AZVt,-1.4740807E7,true,4572944,-127542,-7774654.64,2645102,8310139
1484,-1239489.5,8302608#n0RKdzd3Z1ltqMa0LE1PHPu,-5138691.5,false,-2464668,12944586,-6205136.75,-8060985,931414
1485,1073958.4,8519275#kELUqSFkBpdTvFgDBeVGChC,-3063284.0,true,-9355138,13338856,1.066202756E7,-5156023,-5650269
1486,-7468814.5,11718613#htxpDfjUW9me2kQNxhwkIIa,1806618.9,true,-9765415,-12209913,2330912.23,-13194257,9009629
1487,-9759964.0,2573473#nFJqIaUPgKVRmeVckPy4saJ,-5565724.0,true,9513706,3251685,-588323.18,13844053,5545737
1488,1.4394811E7,8012992#BYUtxVSCIVqQFJZhgcsgAwg,-1.3234423E7,false,10726284,-51798,-1.411301279E7,-5998851,306070
1489,9354510.0,7549207#c1lhZtnSVZ0H7m58kdY1CRh,6534022.5,false,1883313,11376907,-6233599.16,8451707,-1188518
1490,1.0496664E7,2580654#wYimeQVgxu3IXEbXu54U6sG,419515.72,true,13853882,-1123141,-1141258.96,-4696731,-4872495
1491,1.1333046E7,11757580#e54mta2NvWKxmIvMA0zYuhy,6676076.5,true,2596528,-9112776,-1.306324961E7,-9266657,14279751
1492,494459.34,12726687#Zg1WBOVvHhZzwvYVUVWtyzB,6500027.0,false,-13446818,-2202118,1.126966007E7,12419276,9888306
1493,-1.1649961E7,2423794#11c3d08RuZWi1LRFMUaYpwW,-1.2947115E7,true,-3386604,-12784686,1.036421026E7,12698283,-14698212
1494,1905639.6,379073#6Z1wQEeiBMDSLISFurlIdne,3757086.2,true,2473844,5628654,1.371098043E7,13423413,2351823
1495,-1961262.9,3493571#M6gybjKp2fjF3UnbUv6k9So,1.4466542E7,true,2156897,5062314,-4992792.8,5675959,3226171
1496,1.1585519E7,11641752#miSY6NbBEklPHtPzuDy5Rpt,6661671.5,true,13892778,-14741012,-278609.6,-6583794,8791265
1497,445384.66,10591865#I1nYHDkPQYx204e7AHkIsyt,-7165401.5,false,-6907910,-12556,7259728.64,-7038488,14254256
1498,-2688841.8,5250177#B2s3u4hpA0wkiykmYIdosBF,7689843.5,true,5231127,-13800315,247033.54,11704238,-11487543
1499,8440015.0,9872731#CI9CgczqLSEtpDVMNdJJNa4,9567603.0,false,14145137,1967892,1.103556376E7,-10624146,-1129707
1500,-616652.4,6763055#Y1xJJsMrl486VN3Xe4rdclb,-4375972.5,true,7061796,12587515,1.172616926E7,-9780578,-6599194
1501,1.4893985E7,906331#TGtycolrcNjE7L7Xb0Zb3BW,-2214261.2,false,9332372,-797731,1.044576728E7,-4774079,6658470
1502,-1.3311087E7,1999923#vnsnsbxZrysEqUXQrr4ZNyl,-1.4987428E7,false,1929271,-11978739,-1960864.08,-13894663,-197158
1503,2997122.2,5600298#j8mWtP3UUaC08bDzceOlbo0,-7956015.5,true,5928298,-6645374,-9304025.82,14864827,-12546793
1504,-1.467428E7,6291098#ZCSYxWzOmFFHGmX31q2y8z1,-8330189.0,true,-3545268,-6627167,-1.165069536E7,4057237,-2034554
1505,-1.1397708E7,7800501#HFP99mFwUlVAWKC3iwyrrtE,1.1535238E7,true,8507751,5738275,-1.498125859E7,6610199,-10474387
1506,-8895421.0,6869678#zmZ1tvA5Q7cDzudJGfySaHx,-9778494.0,true,-3167831,8220120,1.324555468E7,14301068,14437772
1507,1.4493268E7,10804988#ZfRAYbWkjYayvbrUZKScUa5,-1.0370751E7,false,-7108741,-1480615,-1.483589565E7,-13690552,10860481
1508,7344136.0,8672337#lAEhOwBzavPk5KOnYyxYhAy,-9556676.0,true,10094757,6244894,-1.235481438E7,-3604966,2837742
1509,1.3006313E7,380041#j9aSwU4MzP44CE3amDhipOt,2532715.8,true,5091668,-9632657,1.453660459E7,3346721,-3865361
1510,1.0080673E7,6676612#xS7pSkz4Anuclbq2RiY6A84,-9090725.0,false,10927097,-7854084,-1.444617953E7,4588584,-984830
1511,-1.1791661E7,11384799#7QNfyXYH8Bf2EMvuFKPESEy,1.4360299E7,true,2800425,185308,1.018606142E7,-4149416,4992869
1512,1.504417E7,8242015#4olaW8ecXXUfVv1SHRowoIU,8797707.0,false,2452659,10198318,1.297520457E7,-5481978,12643992
1513,1.1618789E7,10934306#fwAyH3Cmib8tV9Q8u8WpuHg,-6491365.0,false,1324536,-11771855,-4703915.9,7004329,-5818626
1514,-7633848.5,9386183#jX9OnCB6vOfojDtqmdTUstp,6320925.5,false,4220154,-2577775,-1.197150833E7,9397172,7190718
1515,9302247.0,9067965#7xiooWmu7uDfPHHI7RmuKuO,1.2031198E7,false,3618708,7880306,-1.047448744E7,7014344,-14981464
1516,4235018.5,3671911#46U9qKTDQRacYImVrPSRvMl,-1312135.4,false,13348673,-12925566,1046518.36,12348826,9783597
1517,-4292060.5,13099095#zLBvcn2VfGD8XPknQgdvHCK,4546251.5,true,-6317679,1026634,9044259.28,4824577,-777516
1518,2813217.2,6905482#4cD5je4qbJr791fjJWAKrmm,3916493.8,true,131864,7628747,-1.085395142E7,-13635659,-639189
1519,1.259029E7,6877983#Vpn8ZhKQVZm6XYaU05xlfxC,-6922264.0,false,-7952369,-6359929,-1.367335757E7,-2378480,8912778
1520,-9410958.0,13400099#UXyjmRE2Pea6ZGgVrMlHewm,-1.3744882E7,false,4298248,8518697,5277228.49,1715024,8953823
1521,1.0265494E7,14822369#Z1JnDQ19NcUlvZ43gfwjoff,9320479.0,false,12963045,12744585,9509260.13,2451880,1083087
1522,3341317.2,801326#6N7FwgB2882qRjnM526moAm,-1.297851E7,false,-870743,-10022682,8685170.46,-12691756,-10668792
1523,4517769.5,7354709#QPq2T0OFMVC8mJFAd1fTuWn,1.2239637E7,true,-12606648,11650084,-808686.71,-7008810,3347217
1524,-4671754.5,14417579#cbgIAPWs25UI8Q4zB9o0crz,2651947.0,true,-2905216,2663264,3433142.6,-4724632,-13357414
1525,1.4806936E7,10383622#qmXASFzMzXxeroLo0Gqlz2r,2615542.8,false,-10053444,11716691,-5157948.89,-5768530,13145425
1526,1.1599092E7,2408176#yA4xDTUuIfc63FG7dB9Vt5e,-785178.75,true,13100653,9984210,5134530.71,12996696,13863330
1527,3615123.8,3071757#Bshz3zXhLuYk5FFxuarZkzo,7702722.0,true,523058,3917647,6662408.36,3328691,3612580
1528,8921021.0,11248569#LhvSOIVvHVKsTHSzkea8EIo,-1.1497142E7,true,10710910,12485299,2411520.18,-2530165,-4873769
1529,-9051985.0,1364458#C389aKtF0txswEL6zXsFCVa,-1.4209093E7,false,-9155131,-10373609,1.123648481E7,-4422968,797853
1530,7623016.5,5713023#7v40uRfpUnT1qitA5wGcRCT,9282356.0,true,8070943,9426543,-1.289594812E7,-7701982,3712176
