248,2524,2,5,16,2,5,1,10,192,2196811#xtFUNkYLm84NU0
249,351,2,10,8,2,5,2,11,194,722646#OlSRREG1dsGDJX
250,2086,3,3,8,2,3,11,4,478,2190183#dKejfu8hXPu0Ao
251,1344,3,9,15,2,2,5,6,820,1520392#RU8uHM0NpZHtrV
252,2245,3,3,38,1,4,6,10,285,1946609#gJGHdDB8LXWeRz
253,2956,3,11,24,1,4,1,10,435,2018949#GzJ5jOwcF3AE3r
254,2150,2,8,33,1,5,11,11,652,2189748#g7ltgoGJud0N0c
255,708,2,4,7,2,3,9,2,420,464779#JOBP6CmvFEA96Q
256,1628,1,1,15,2,2,9,11,684,1617264#y1DUxkYxPJt1PB
257,2185,2,7,24,2,6,6,4,563,512109#1Hl4JBUTCEyUgp
258,2243,2,9,4,1,3,10,7,81,685203#hMpxyAcY6gwTH4
259,1366,3,5,7,1,3,3,9,1329,902732#5GWcHIZwXQ2Yag
260,3172,1,5,22,1,5,6,11,333,1582598#e3oNjgLMfI8MmC
261,3001,2,2,35,1,2,2,11,544,1645705#NbGvZiXGYnpfso
262,3333,2,3,10,1,6,7,4,415,271857#xecOErZHv2DWFh
263,2057,3,9,14,2,5,11,6,1119,1855996#F1iIyl6a0ijtrC
264,1743,2,7,19,1,3,8,1,205,1752449#q2UctRUmcqoppR
265,2227,2,2,12,1,1,11,7,169,1403105#010RoanwCwmxRM
266,3089,2,1,21,2,6,6,1,1014,1900693#H8NktMBpbh9mrA
267,2816,1,5,27,2,6,6,4,751,2574327#CyGfgdSshgWQMl
268,1514,1,10,34,1,4,6,10,831,1927750#WIXiAhECeVqsgb
269,2991,1,6,33,1,5,11,8,780,2447812#wiADDEQuhTC8Tl
270,127,3,10,38,1,6,3,5,420,148075#YusL043XGeO9LB
271,3026,2,7,27,1,6,6,4,930,2459530#M3ZzvEZbjyxcNF
272,1215,2,4,30,2,6,11,1,974,2205022#JSYUJ6nINDd4Fu
273,3151,1,2,36,1,2,1,9,410,1372203#hMpxyAcY6gwTH4
274,2425,2,7,22,1,4,1,2,48,740661#z3iwYibW4Gggen
275,2672,2,8,38,2,5,8,5,480,1379325#UsVTsnXCsp8Zv2
276,2483,3,9,23,2,1,7,7,998,1186057#gB65pLgSgIFJQ1
277,25,2,10,18,1,4,9,3,717,2343729#Gwn3vJz967qrww
278,2984,2,8,19,2,1,1,4,535,1569979#m3PnLDykYnr6cj
279,1180,3,8,33,1,4,1,4,794,1575335#GW2PcsbRoFxs3k
280,1226,1,7,35,2,4,2,11,396,2551594#f0xkXfPNyHNcKs
281,2863,2,10,10,1,3,9,9,358,2358766#nJCkeuPrkt9Gmu
282,1040,3,9,7,1,1,1,5,1317,1832733#u9yjktMyV0dJ3K
283,3332,1,4,34,2,1,5,10,406,219972#ah69N9nyy0ihfl
284,2854,1,6,15,1,2,4,8,1243,2629153#3Kpwt5gZx7jxN3
285,305,3,10,1,2,4,10,3,346,2565695#9aMWXAwcgc3SFr
286,3334,3,3,6,1,4,5,6,340,2057576#iO3anQqJQsIkrf
287,540,3,11,21,2,3,8,8,769,1389626#qOsySvCSwiyoQ8
288,2676,1,8,37,2,5,10,4,50,846112#lVG2hJk1ZFRikF
289,1172,2,11,4,1,5,9,6,810,1283252#3XEWhH1fNXchs2
290,2708,3,9,36,1,5,5,2,1267,1249697#koOSmwohO219RO
291,3362,2,11,10,1,6,7,8,384,2886447#jGegPjZwtF0mdF
292,204,1,11,38,1,4,9,7,210,1337576#iO3anQqJQsIkrf
293,1297,1,3,4,1,1,8,6,768,2579506#wVixWIVmANzmk5
294,2463,2,6,10,2,1,5,6,1066,1158382#jpXKmooa68E3k4
295,3403,2,9,25,1,6,3,2,412,128254#axeu6PQnZWZZuR
296,1022,3,5,4,1,5,10,6,1053,1885359#4OzRSjBKpkbjVA
297,136,2,2,8,1,6,5,9,909,1022522#Nso6FxkHJ0xuqQ
298,2210,2,4,2,2,4,10,7,94,2638593#IgEuQzcLVBL0G1
299,1058,1,7,17,1,2,4,9,1199,865973#7fda04CBXKrqjR
300,2534,2,3,13,1,5,9,11,53,2627882#Fn562jb7YtpP2H
301,2232,3,8,35,1,1,6,5,560,1823077#gvw2DmuV80lL6Q
302,295,3,5,10,1,2,2,2,865,2331508#3qHsahwZNtH9w6
303,1976,3,11,28,1,6,5,10,725,2416655#fv0oabbzE5VRdl
304,226,3,1,8,1,5,4,7,1188,2620510#EN7trilWLhVuFO
305,3528,1,10,37,2,3,2,6,1270,555568#aWUClDtP0PV6np
306,950,1,10,28,2,4,5,4,299,1931776#5exaratT11l82x
307,1175,1,4,26,1,6,11,8,1038,610939#ZulUymDAVSk9Ib
308,2237,3,3,28,2,2,2,1,1271,817369#2Dg5xFQyBoAd8Q
309,2717,3,11,21,2,3,10,4,344,1076657#2HimyvNu5Zdzea
310,172,3,5,1,1,3,2,4,679,1885566#xst1dNWT5LFfgj
311,2226,1,6,21,2,4,9,6,261,1960628#E4Oh3pOrOSAXbD
312,1990,3,11,6,1,5,8,5,595,323409#cvbl4tDbNWNLY1
313,1602,3,2,12,1,5,3,5,564,2208823#oXmk1LBTs0AKtj
314,2014,3,5,6,1,1,8,9,530,2082826#Ko93ScefZRrIDD
315,3501,2,1,5,2,4,6,2,364,1666949#GzJ5jOwcF3AE3r
316,140,2,4,11,2,6,3,3,979,2257462#rz8qVcWwvmlsiT
317,217,1,1,24,1,4,11,3,736,3055113#sARFL4mSjoWpH3
318,1052,1,2,2,1,6,1,10,1226,2286965#LnUHAsbIJ8hEQI
319,3258,1,9,1,1,3,5,9,735,2901654#y5lsP9LkNaUbgz
320,1312,2,9,4,2,2,10,6,282,175419#NX0ZBBpadFt15N
321,3143,2,11,8,2,2,9,3,1038,2911812#wiADDEQuhTC8Tl
322,458,3,4,9,1,3,3,11,854,2608580#aYLqfHuQug4f1G
323,2548,1,6,27,1,4,10,2,257,1622229#21cUEJNE1wPNhu
324,795,2,6,30,1,5,9,6,893,874237#9Oc0QahzFLD3dj
325,541,1,1,9,2,1,8,3,1045,1628904#0kdKC87EWnJ26j
326,3179,3,10,3,2,1,4,7,38,1399130#XOvwIziz6Wegc2
327,569,2,6,12,2,1,3,5,46,2765331#56rtNarAzZDcUf
328,690,3,1,1,2,1,10,2,545,1852157#mTVzvuEOGRX8Ym
329,118,1,1,18,1,2,1,3,189,1856488#yvmjmx19SvoPyB
330,567,2,3,26,1,5,8,2,376,3006722#b1TLnrTRWs5byy
331,1847,3,4,12,2,3,3,5,78,2778247#xuymExkyESnNlC
332,2979,2,11,33,2,3,1,11,1202,2155931#cAiOS4ggtH2wKl
333,941,2,3,36,2,1,11,6,1316,258749#ENugjVk9gu8XMR
334,3511,1,7,8,1,2,4,3,1103,3091308#LcbtcBdz2QwBVY
335,3184,1,3,25,2,6,1,11,968,3015205#bPsqncNGNC3scD
336,1409,1,9,4,1,5,11,4,840,2416513#pvXxo3eCmW7GNc
337,1079,1,10,25,1,6,1,2,604,1631379#LUY4WQhKnT95H3
338,3672,1,7,37,1,2,7,2,340,991400#jS77tTnL6hK068
339,516,2,10,32,2,6,3,1,1295,1504737#QBk6q0fjJ2t82B
340,1278,3,6,30,2,5,10,1,197,1464664#R6Ihdcql2e5fET
341,1407,2,8,11,2,2,1,2,164,3381373#q07qwWYHPxMrEG
342,1565,3,4,9,1,5,8,10,1131,1566221#ZvvcdiTYzg3bsX
343,1575,1,3,18,1,2,6,5,713,3018503#9lDllOsmwjNOYZ
344,1501,3,2,16,1,6,11,2,946,1354763#Hi8pzY0fWeEACP
345,114,1,8,19,1,5,7,8,697,148895#aYf7i1TwAZldo6
346,2668,2,2,22,1,2,3,2,203,2202979#m3PnLDykYnr6cj
347,1504,3,9,28,1,5,8,10,308,1193733#u9yjktMyV0dJ3K
348,1896,2,3,26,2,3,7,3,1337,3080376#TigAAonRUlKsav
349,1765,3,4,25,2,5,6,8,864,1009301#wdKgVEWHlYirVM
350,2983,1,3,18,1,6,7,8,968,3065581#akdbiD7LhO5Ab2
351,3120,3,7,17,2,6,7,3,300,2125763#Hi8pzY0fWeEACP
352,2073,3,7,20,1,6,9,5,105,2716406#YVecOZ0NiPNUsw
353,996,3,11,32,1,2,8,10,1015,2814360#5EAvydk0joZgTv
354,2030,2,5,20,2,4,8,4,384,3051273#jvy3ILXPlxtpy7
355,2620,3,5,28,1,3,7,10,780,646357#kwKstbiHIGo5PL
356,271,1,8,3,2,6,1,7,1254,2246288#rt9Ae2KZ3PbwSb
357,165,3,1,28,2,6,6,1,173,709769#CC2WuDCx561rp5
358,2231,3,8,14,1,2,5,6,1121,949535#WK2QCEAGevX6zt
359,339,3,6,35,2,3,6,10,699,1250581#akdbiD7LhO5Ab2
360,900,2,5,17,1,2,9,8,1025,2188534#8Y2SeVfiw4Sp7p
361,1451,3,10,7,1,6,6,2,1319,2275551#ZKw6acuYjcYAof
362,647,1,8,1,1,4,9,5,775,374962#y6DkPjGBBHaFTs
363,1147,3,6,10,2,4,7,4,9,2561650#rUhryqZ0KpBMsl
364,2285,3,3,31,2,5,8,6,855,2413204#HGVm8cMCulm1Vh
365,1047,2,11,36,1,6,1,7,559,1930793#LdMynkRdoCkku9
366,919,3,7,1,2,6,11,5,944,2614230#eJ0jgK2EPIAa2i
367,1345,1,8,21,2,2,5,2,721,3535900#MJAGPYx3kSdznJ
368,589,3,4,8,2,2,6,11,281,2646179#CJ1QZOj05Cw0S4
369,3525,1,1,7,1,1,11,10,690,3355496#nWV09LOg2ME3bl
370,2497,1,8,8,1,4,6,7,143,202764#I7IrPJpdrtLZBY
371,3260,2,4,28,1,3,11,2,1146,3364094#R5txZz8PsbEBK9
372,3428,1,4,26,2,6,6,11,734,3012137#UaxrugY2MUEu5p
373,1945,1,11,18,1,6,8,6,105,1872255#VkojXDi6DXSDsQ
374,2893,2,5,37,1,1,6,10,398,1007813#bwYAsFWxHtL4U1
375,2138,3,5,18,1,3,8,1,270,1878483#iW8UWjDjwPBvDN
376,147,3,1,21,2,1,1,7,418,1612202#1nAAwqWgR7FvDC
377,1113,1,2,6,1,4,9,7,714,3186932#FnUMu6qVMei8Ky
378,2124,1,4,20,2,1,8,11,555,2134336#T54enSGYy8hBmu
379,2784,3,5,3,1,1,1,2,924,2137641#JdjFjJoLwd7cjL
380,3636,2,10,17,1,6,3,4,356,3461850#FaRSi7yqf6mUWQ
381,831,1,8,13,2,3,8,1,1138,3197727#JNzIjSNcVGAzgg
382,1190,1,1,21,1,5,11,6,1087,2479129#utem4XF9D0EdnN
383,2277,3,2,38,2,1,7,2,887,297526#w42dDwlfJ9yobO
384,440,1,8,1,1,2,4,9,963,3553462#rz8qVcWwvmlsiT
385,2336,1,7,12,2,2,2,9,251,3464716#HTZr5EEVJjKHk6
386,3212,2,4,2,1,6,6,2,1340,2775449#q2UctRUmcqoppR
387,1618,2,9,28,2,3,5,7,439,1873132#ugtelSMfnSBF0b
388,940,1,6,37,2,5,4,11,630,1136687#zN1GOVJJCXIME0
389,3588,2,9,22,2,1,9,7,440,1726223#oyKz9G9jHHJmWW
390,3576,3,3,25,1,5,4,11,467,1679630#OFdz0OHUUsO4K4
391,3180,2,4,13,1,5,6,7,1284,3876299#eyRsrqj6D1CAjt
392,2925,3,9,17,1,5,7,2,711,1794866#mNUN8b3JKRPyKB
393,1854,1,3,32,1,3,5,4,658,3457501#Mx7GoGw3csnWmP
394,539,1,9,22,2,4,6,9,826,1551144#nCZDJ3jLBYIn8d
395,553,3,7,14,1,5,11,3,982,169536#3ftWTyZmxoEzKr
396,586,1,10,2,1,5,7,9,693,2520599#CdFYaLovyKCDOX
397,2872,1,5,10,2,4,11,11,1046,1364944#iQvyvG6hcMpV18
398,1582,2,2,12,2,2,5,11,1239,3522158#hkqUV9OjWPGG5A
399,2472,2,1,34,1,2,8,6,529,1152628#E4Oh3pOrOSAXbD
400,3431,3,3,23,2,2,5,4,543,3503280#mnPcWH0471MoKt
401,280,3,6,37,1,5,8,2,40,2428448#xD02KosnJax0HS
402,123,3,9,30,1,4,5,8,685,3101305#N9rEoSv8DPJRre
403,16,3,11,36,1,4,1,10,1305,3212066#2zNXxPtKJy9ibc
404,106,3,9,33,2,4,1,11,920,3482035#zVOlk4dwCsyhks
405,1712,2,11,20,1,3,11,3,290,737146#4vZlpx7TbwIHdF
406,3321,1,6,16,2,2,8,11,869,2560800#eyNhpAMAZDYZH5
407,2883,2,9,30,1,6,11,5,648,808599#CdFYaLovyKCDOX
408,2225,1,2,38,2,1,8,11,971,1081701#MHgETvFj6eWd2E
409,1690,3,1,11,1,3,2,5,1054,1424506#wVixWIVmANzmk5
410,1628,1,5,34,1,6,5,1,31,2491502#msMZmT7FllXJ4N
411,676,2,3,31,2,2,2,8,1036,2590474#FL7d5rgmNXdGFb
412,3032,2,5,35,1,3,10,6,955,426514#tpmpl30ekCYmuH
413,692,3,10,8,1,4,10,3,794,2914477#uC9QYMtj8ef4P3
414,2556,1,1,18,2,3,8,3,1180,2743581#akdbiD7LhO5Ab2
415,2321,2,10,29,2,3,7,2,754,2194637#PDXLstEFdf0cS4
416,1698,3,10,29,2,6,8,7,909,2970999#35jc5boBzs7dBt
417,2474,1,4,18,1,6,10,1,706,4016686#S8ckRSSzUzLh7d
418,127,3,7,14,2,4,1,11,676,3005394#fdR17sVCpbYkp1
419,64,1,4,13,1,5,5,11,645,3809338#WPxeyuEcUmaxqi
420,3682,3,7,12,2,6,2,8,5,230108#YQ2dvNln2lXSPE
421,3377,2,8,9,2,5,3,1,1254,3816376#TigAAonRUlKsav
422,2671,2,4,5,1,3,9,10,614,3415695#9aMWXAwcgc3SFr
423,1342,1,4,9,1,2,6,10,1292,2122281#D7qx5QBWqfmvw6
424,1263,2,4,7,1,2,3,3,1243,1141389#qJVzudAX9Kikph
425,7,2,9,27,1,5,8,10,835,2128062#id8IWhH5wcqaSe
426,843,3,2,1,2,1,9,7,798,1825275#AwyFLQlvnu6NGr
427,1657,1,9,38,2,1,3,9,43,3608534#8Y2SeVfiw4Sp7p
428,3558,2,8,2,2,1,6,9,565,2416514#tpmpl30ekCYmuH
429,1722,1,9,26,1,5,1,1,319,2418794#CGMOQWEhqbZrkq
430,2977,3,6,8,2,1,9,6,336,3916978#YtOOpdKXbRm7f1
431,3543,2,2,15,1,3,2,8,858,3617208#IOQ6k8EN6ZtJHO
432,3129,3,3,9,2,1,11,1,972,2802327#CyGfgdSshgWQMl
433,3614,1,1,2,2,1,2,9,457,336303#U6jWnj4kmAJWSB
434,1097,1,9,32,1,2,4,4,823,4015617#mbfqUtVQHpLcec
435,1487,2,11,36,2,4,4,6,873,3914226#9OfHON5AISG2J7
436,1287,3,10,38,1,1,1,11,500,3134386#xTsDXPs4LEnuaZ
437,2157,3,8,32,1,6,9,1,274,2114885#rv4Qxw5QFXybcN
438,1936,1,5,37,1,2,1,9,920,1281975#R8WZFasmObnrlh
439,2932,2,8,12,1,2,3,2,925,1947708#LG9lwn0v9JQv9f
440,2146,3,11,19,2,5,9,10,737,1894597#q8B3u26KdJbEHQ
441,1225,2,1,14,2,1,11,1,1064,4371225#QZ8IPK8gg3qsFX
442,558,2,2,26,1,6,6,5,292,2023511#gh9yDNbiqpIAFx
443,2132,1,3,8,1,4,3,3,603,3896498#bQyx5NbInLpKFg
444,3305,2,5,28,1,3,1,5,706,1747525#hO7Znby1AX27EI
445,992,2,6,8,1,4,4,9,1267,190177#iD6CKUI4Fxk3Jo
446,2232,3,7,20,1,2,11,5,1183,2838219#6yJNayNuTw2FQK
447,512,2,1,30,2,3,3,1,445,1536155#n3MVwdqRN9ryPo
448,1268,2,1,36,2,1,2,7,1142,3963941#cBpodqxrlz5H4L
449,3179,1,9,4,2,5,10,5,194,1295956#YKIAuCAXmw5ph0
450,152,2,3,28,2,3,3,1,118,3940979#m3PnLDykYnr6cj
451,1168,3,5,19,2,4,9,11,1120,2731134#mo7YDkw0sWCBS7
452,1901,3,11,2,1,2,1,11,1265,3486203#hMpxyAcY6gwTH4
453,2764,3,11,2,1,6,4,10,255,3609771#nEDcquhfdAeykm
454,1910,2,2,7,1,3,5,8,116,3912798#NJ9nfCXdIhYyvd
455,804,1,6,11,2,3,5,7,1140,827935#hO7ZnuGfY0HPJW
456,2642,1,4,29,2,4,4,3,484,2875312#NnQKLn9SyiZUcu
457,1873,1,6,32,2,6,6,9,1123,907429#I0aHCmLQBahz1I
458,2219,1,7,24,1,1,11,5,821,1213867#x7be1VHFg1bwhi
459,3040,3,7,25,1,3,9,11,69,1598430#7na465prqNU134
460,2356,3,5,12,1,5,1,5,377,2794470#IqKJ7DDBZG06MJ
461,3629,1,7,17,1,4,10,4,754,2905397#nQ6W0x6LmKMvfk
462,1689,3,2,30,1,2,11,6,1135,478067#gDwJtFPAoFRXgA
463,237,3,3,6,2,3,3,2,239,3267304#5iYAvQ6MfubIzU
464,2827,1,10,5,1,1,8,11,165,3073959#m4Z917krPhxm1c
465,3595,2,9,22,1,5,2,7,949,2458481#MmqdU7rBzCTEac
466,2477,1,2,19,2,6,5,9,874,3327767#Aha4WytcgXD4GV
467,3602,1,11,15,2,4,4,11,691,4497473#3l2ORcPnws9Dni
468,3392,2,9,20,1,6,6,1,1071,3364608#Z5DfKvNg0bArIZ
469,331,1,7,19,1,3,11,1,600,4263180#3NQvywXKRzn60x
470,1139,2,6,16,1,2,9,9,1206,257453#D5OjMERchmwrZy
471,3494,2,1,29,1,6,5,11,22,4268658#L2lPnSjodOXTn1
472,1913,3,4,22,2,6,1,10,494,3819252#3XEWhH1fNXchs2
473,739,1,9,38,1,4,4,3,1140,2372307#ZkYw72pFRZnxsa
474,3361,2,3,14,1,4,11,7,748,1274965#LnUHAsbIJ8hEQI
475,1604,1,2,36,2,1,8,8,60,2377641#JdjFjJoLwd7cjL
476,1539,3,4,19,2,1,6,7,1178,2038347#IbXb7vyviY00xX
477,2201,3,5,32,1,4,9,11,711,4030135#xWOTpMElK8fEEF
478,1264,3,11,21,2,1,4,7,575,2698693#H8NktMBpbh9mrA
479,660,3,2,11,1,4,1,11,1054,2699947#focgJRFqrvYptp
480,2318,3,2,37,2,2,4,8,316,4372106#h39ZAXRwdYUHTm
481,2527,3,6,16,1,3,7,4,578,4036688#FAtJ2xTwJhcOCd
482,1340,2,4,35,1,3,10,7,857,3125525#hO7Znby1AX27EI
483,1222,2,11,4,2,1,9,5,28,375080#OJD8xbOsrsG43V
484,1754,1,10,25,1,2,4,10,683,4477771#nEDcquhfdAeykm
485,639,2,4,23,2,6,5,4,156,4363737#QBk6q0fjJ2t82B
486,3090,1,5,36,1,2,7,9,1000,3493322#P5PPaxHHp3ZA8L
487,2696,1,7,35,2,3,2,6,109,2356638#aGPLhvEt7ylf3h
488,2932,1,4,37,2,5,9,7,1210,1427262#WlD2m62PoCyQW0
489,2276,2,7,2,1,3,9,8,70,2169194#Ehxqr9GOc0jnwP
490,716,3,8,14,1,5,3,9,1007,2109563#LZJX7yeFBB75Lt
491,2998,2,8,16,1,4,5,6,844,4866151#CAnZDZjanEmf1f
492,1918,2,7,34,1,6,5,8,1212,2252156#tezYjSPckWfFKa
493,2411,1,3,22,1,5,2,2,548,4335496#nWV09LOg2ME3bl
494,2343,3,1,34,2,1,7,1,586,1943906#IS4fwwzkn57BKH
