1975,1489,9,982,303,2.2675,-1.965508896E7,6315844#qUS6T63zN95F7fC7ocJ,11813921,-12420386.260,false,7910101,16403141#M2QFLDx9Xyv33r,-4864368.0000
1976,899,2552,713,1174,-1.7760,6642282.83,1488733#GS2lDcp8YApYmTHxzxG,1432662,-8472799.050,true,-13402545,1465210#mA9voR1Bxec8hb,-639104.0000
1977,1573,1206,901,916,-3.6840,6801548.65,19605924#flk4d3T3va4LSmxHReC,379259,-18854742.440,true,-228955,11128291#1Jo5E2XAC4JMXh,16352704.0000
1978,810,421,239,192,0.4703,-1.453135865E7,6136956#KtvGIso1Kufy88CT6TY,3063188,16074578.760,true,3201882,8024885#Crt3foErgwa7wH,-18262128.0000
1979,2144,2471,807,674,2.3369,-3354173.44,2183401#OcRmdP5iuC7NPmpziYD,-9267931,9082136.520,true,-2296314,11810407#nJhWlyIsGqnrZi,2366960.0000
1980,169,951,1111,336,3.3360,-1.291630345E7,7895756#46B863OS8diIwcpjsj2,9554620,1408682.810,false,-18169145,12119382#vyKN55QBqBHsJT,-18601632.0000
1981,2500,1568,507,673,-4.0620,1.10672284E7,14586934#mH2oFb5I1OPmnOqFqiU,-16161808,13144413.850,false,18337310,9572313#IWbF2KgGIq1QA0,5646768.0000
1982,415,2431,1209,325,-3.7640,-6000506.56,9976668#aLshR1yYLaPoLdRaJmc,15966894,7804845.020,false,-19187284,5055062#vVlqJ6ufbwfjvf,-12337100.0000
1983,569,603,55,422,2.6099,6054622.97,15066752#LWYhaHtERaSq9Kg9rps,-4982330,-9290618.150,true,4326516,3175449#PRzGNHilEofpqv,-19503824.0000
1984,2304,2769,1188,420,-5.9400,-1.456253299E7,11398887#CWqtulC8TlhKk0UB40e,-9911122,-12208351.800,true,1679208,1723782#CF5AJFR5uEWNYv,1752560.0000
1985,2430,2050,1160,549,5.1580,-4660294.54,3524229#aofWxZQy4hOG5yngeuE,10661171,-2591308.820,false,-18219357,17991538#uELUUnt0p0LXkC,15272208.0000
1986,2467,1867,110,226,-1.9874,-5179257.17,15858957#scRNFhnnVZsVyQJB2Z1,17124038,-5990626.760,false,-4458599,9344907#nu1DudIU6v7ePl,16842944.0000
1987,1661,445,979,750,-0.5192,1.084644036E7,9941343#rg6r95dGdAOPDiHCjIS,16122795,7475751.230,false,16513178,12050077#hrf2IxW6js1y9U,-6614816.0000
1988,1805,1132,166,1372,-0.8428,3537780.51,9656439#ghOTAock8OTV7TUYstc,-6684288,9301957.810,false,-5003707,17549709#7v7eEVV9ZV8vBi,4038144.0000
1989,1795,656,1006,447,3.4035,4479876.79,1201877#AhAtUmHQEgdKu6ffOZT,11436487,-11063216.610,true,6121625,13084632#3Kgh7oldI5xn00,-10977056.0000
1990,1424,1687,1043,399,0.4286,6530698.71,2630443#kIc5g23aW1gUd68ZNuV,-14856938,-7265491.070,false,-17555125,6185294#D3Ods3TpeLpgj8,-11075888.0000
1991,468,1442,1197,462,-1.1237,-1.745286187E7,11926646#gvZoSM5Lizzxgi8tfpD,-1102648,10083484.430,false,7752768,10585490#8ijeDIYAmrdLdo,6793512.0000
1992,481,2659,1109,1332,-3.9824,1.72679824E7,15712092#HwzILxVFfX6jOQXRtss,4906641,7454154.790,true,8215609,10593046#yw01yRSYC42Y2v,-18708016.0000
1993,2286,1961,264,378,-1.5637,-1.54932805E7,12718936#XUyrHhQfbsgVIuJSHUK,18412030,-16889513.850,true,-4934189,7332189#OvRZov68xsK5PV,-8202368.0000
1994,1717,1275,1143,56,0.8316,-6468006.04,19129185#7qsIZWfaIip00F4ykGM,-1637372,10290415.010,true,6151046,17896317#EQIoMzw2coyrkA,-7363744.0000
1995,1632,2737,1198,695,4.6090,2045076.34,5093454#H39xHHaZTRivFQ8eNx4,6030903,16629839.360,false,-19733680,15378030#4GHFXoMkrmhdlu,-3980704.0000
1996,917,2116,441,907,-0.1266,-3320974.8,2588821#5I2kxETt93pgMT5EyWr,4354048,7361095.410,false,4471263,4130516#jM3YfU9nLjrtXo,-5237120.0000
1997,1409,86,1020,293,4.7234,1.288462667E7,1448722#v8nv7Rskc5VRF7dUhi5,-10323001,-5103753.610,false,-8490858,11100654#emhO8cRSNLXszJ,-1217760.0000
1998,1480,2736,367,1211,-1.7180,-1.217801879E7,6590894#RGv9FncP3FAZpuGFvc5,19547503,-1430752.300,false,2411781,3535628#xPBRPt2G5msabn,-17246912.0000
1999,2804,1462,309,374,-0.5795,-4052061.3,212750#4fh6f8kV4DhDMDVnKJb,7223810,-18664411.650,false,2966766,15130883#6AstGXqeWa7mp0,-5334544.0000
2000,2753,2291,1008,288,-2.0800,7872582.23,5949525#li16dsFMgF5Iv5lDqP4,-10517026,-14263831.610,false,-3100289,10365921#LIoVeGq3CTGNkg,-9484752.0000
2001,1799,1971,669,517,-3.7120,-3300334.96,5960288#Q3dypQ1kFJej84QRzdI,857335,4889259.340,false,15629838,16347551#Xvb3Xz8VulXxnr,7777504.0000
2002,2808,99,644,1330,-1.0006,1.563938237E7,17420978#OK1YbUuvijAAXbGb6HF,2640861,6189083.960,true,-17735675,3810279#jSZn08HwNWVOwn,16722560.0000
2003,530,1628,1056,995,-2.2030,-1.240723211E7,6966704#uJuEG5kuK5ZdgppW2IK,-13549525,2652304.190,false,-12950985,4625514#sMXMTrhqrGJ4uM,-5328592.0000
2004,1564,581,1056,1124,6.1016,1.846526467E7,16735349#50swPUQk4WmGDVdaUwe,4303518,-3917496.610,false,4213813,6681019#mgOwGo1ZjgsgoO,-15643104.0000
2005,2204,452,124,1419,-4.1100,1.49206138E7,14537287#7OoqE81sbCVu8I1uXdX,-17914044,-11624480.140,false,-5117739,7033592#MMUkSJb4HZ9wsU,2210336.0000
2006,1346,1405,161,667,-1.0024,-1.523953171E7,2751011#y9FFlv7EBoEG60CKray,14919622,-15158653.590,true,16316053,14838166#yClyY2UigzWcg9,-6236072.0000
2007,254,1941,606,1306,-2.3070,-7580308.65,4259914#9cwYUWEYcVS6xbIOZGB,230292,-6377720.260,true,17424841,14184493#OT7DxyMJ4VY9uS,-14906736.0000
2008,2033,2075,774,282,3.7160,-1.204564438E7,2258471#lAWxyKDjyrXpjSBT9wO,-875774,-11260543.300,true,-15097797,1374654#emhO8cRSNLXszJ,6758480.0000
2009,625,1992,1008,271,-5.7370,-1.105947907E7,12218198#z2Jo3kyUgAfcWEUuCvG,7942634,-7237045.300,true,-12460483,15368306#2a3UQsowvEi161,-2987424.0000
2010,486,907,779,912,-3.9200,-1.006184385E7,16474936#XUyrHhQfbsgVIuJSHUK,12582919,12538332.200,true,2888050,18552579#RdkWefG9h5PotU,15563216.0000
2011,838,309,350,51,-0.0486,3799952.17,19175579#vxWsHuWpMCtefzL1rea,-6782584,-2485053.100,false,6211968,120542#fTp99XpX8bMJOT,-6214320.0000
2012,2115,1698,965,1020,-2.2108,-1.332272892E7,11749305#slXynGiossuQXzyBRoZ,-3403197,6881238.140,false,-13356666,1271102#dctao8Yecowwtp,10153456.0000
2013,1102,1592,1124,282,-4.2260,-1.565306144E7,17553579#vxWsHuWpMCtefzL1rea,6136849,19927139.170,false,10479841,9424220#NsqNqwidY74KI8,-15744832.0000
2014,926,1884,1025,122,6.4020,-1.52034741E7,5835214#3DCnzHyVAvv0PcwWsp0,-18987017,10188441.010,true,16575936,7685901#MNCNwvV5P0j3P2,2734640.0000
2015,2055,2789,844,273,-5.9610,1.577407603E7,6720483#km5AdwwqXqe7MDrWy6q,-12567507,-5532851.780,true,4054851,6472029#jUlyW1gc3RWNRD,10635328.0000
2016,1696,1090,955,1313,2.1176,-5287784.92,20088802#k2QKnsBEO51XTLQeqdE,13197263,-18974986.170,false,-13709429,7944203#GGAueRrBpv9CBw,16152160.0000
2017,1931,965,195,227,5.2572,-1.311028313E7,17201058#sNoZunektn9JYfq22th,-17853601,-16445916.480,true,10381039,9073744#dkzrfpRp2rOn83,-10874576.0000
2018,1335,1319,462,144,2.9870,-1.116365518E7,14624788#kRV6PiK9ufBWbH1Px3A,-5690644,-8982857.730,false,-15379476,9666931#Kxu22YANXrk83O,660992.0000
2019,306,1830,1019,53,-2.0390,-1.62253838E7,13475130#TVlTFGDtXk8WS4x7yFk,-13515979,-1777742.740,false,-1005633,4629545#svjUGbxbWGMKJ6,-19320160.0000
2020,122,2450,972,1116,2.8300,-3757284.84,10946671#tW6LUcgrMUGaeoUam5y,5619795,-15926727.870,true,11660637,8742986#nQ1w1TKHcuj6mJ,11376288.0000
2021,2822,594,976,335,-4.3420,2808611.94,14012123#PL8lbqRCUlicRvgEKTE,-8698671,-1494500.950,false,16354151,14352427#bf9Uq53PoqG1MB,3692416.0000
2022,1289,1905,1186,449,-1.9930,-1.979949223E7,11427374#Fwmdrt7uIprJLVK0aC5,-3220332,-7375798.590,true,13824535,2250455#TtG1xWU5ymVr3l,-2323008.0000
2023,83,1804,980,722,-5.7890,-1.030230186E7,7036468#t3RYb1HxFMOVH5aqS5J,-9792930,18070253.540,false,7502525,17518264#7p9MajhpV2OsA3,-14815744.0000
2024,1000,2656,900,169,-1.4144,-1.78046095E7,1119795#LW9vsRYu1EQgUY0XdDO,-3846100,-2114790.130,false,-12092905,8423196#NC8S2ykoLZ69e9,-8228192.0000
2025,657,1959,262,941,2.3325,-2.015268896E7,6475693#N1p7ndjDLANqeL7PmzO,12112984,-12734591.760,true,8110141,16818273#1plK5VzgPEGum8,-4987568.0000
2026,2420,377,835,1016,-1.8260,6810282.83,1526389#K75fcfOvLHTiLjKqXSi,1469040,-8687397.550,false,-13741535,1502170#F6Zz6efWxxBdHK,-655104.0000
2027,1115,2106,808,1044,-3.7840,6973548.65,20101755#v5G9JT4U5pShKG1LaM5,388904,-19331361.940,false,-234630,11409611#14LolWSqVxI1c7,16766304.0000
2028,2439,2769,144,1245,0.4923,-1.489855865E7,6292020#IWWCBtgdAsFyGrPCFhp,3140488,16480709.260,true,3282688,8227543#cUwn5z0K29yqkf,-18723728.0000
2029,1334,2021,829,859,2.3919,-3438973.44,2238455#rzRdELicFwtcwvIcBhC,-9502104,9311565.020,true,-2354292,12108551#Xvb3Xz8VulXxnr,2426960.0000
2030,2073,2401,200,71,3.4210,-1.324270345E7,8094958#WqpNVS1ZpMF17oQRkq0,9795765,1444233.310,true,-18627774,12425402#PJHcWf83WV0h1D,-19071232.0000
2031,1271,168,986,1003,-4.1620,1.13464284E7,14954956#KtvGIso1Kufy88CT6TY,-16569745,13475978.350,true,18799914,9813705#YSfzrskyXkiLuE,5789168.0000
2032,941,2031,170,102,-3.8640,-6151706.56,10228268#zODSBG9Qpu02o6Dq0k9,16369620,8001507.520,false,-19671523,5182481#bEBadGX4bEAwvO,-12648400.0000
2033,386,1425,215,1057,2.6749,6207422.97,15446531#TBLE3pOJ4T9qo7VK5V8,-5108138,-9524691.650,false,4435830,3255325#dsYiGbja4585Pt,-19995824.0000
2034,783,1419,12,547,-6.0900,-1.492973299E7,11685977#2n00h2OOtQuNZLeHreZ,-10160696,-12515967.800,true,1721307,1767094#rmublXYtHOrbOR,1796560.0000
2035,1676,1975,928,786,5.2980,-4777894.54,3612997#lBHR7nNgxMurFfkFVGa,10929735,-2656696.320,false,-18678237,18444478#E2n4V8FEMdIVE8,15657008.0000
2036,1601,760,1168,291,-2.0324,-5309657.17,16258010#Nmapt2FXkvLWF8rn4b1,17555393,-6141633.260,true,-4571025,9579955#oQbALCy8lwTWNv,17266944.0000
2037,2489,1295,1076,405,-0.5222,1.111924036E7,10191360#ZY8C2o9uZrAiM1hLyiQ,16528320,7663631.230,true,16928948,12353277#U9VLNu3YmsIN1P,-6781216.0000
2038,356,82,790,822,-0.8728,3626580.51,9899170#TI5AUhkDCPa3FurG7Vj,-6852210,9536045.310,false,-5129650,17991033#VHGGIQiN6XDk9D,4139744.0000
2039,340,1369,1036,17,3.4785,4592676.79,1231969#9UT6DTJaZcaf28pG0jk,11723856,-11341568.610,true,6275550,13413538#uELUUnt0p0LXkC,-11253056.0000
2040,362,2143,96,333,0.4356,6694698.71,2696402#N5P5wqYxM2PDT0JDE7t,-15230330,-7447803.070,true,-17996224,6340583#5mvRrOpSglnvLS,-11354288.0000
2041,1396,476,811,847,-1.1587,-1.789126187E7,12226068#IakmG7CaIAOPPVJEMYg,-1130154,10336701.430,true,7947567,10851255#pC3V094K4sbMYS,6964312.0000
2042,1873,2634,720,142,-4.0824,1.77015824E7,16106355#LSVV4GftULaiVz8fTBq,5029586,7641241.790,false,8421919,10858706#nSpUwk5FupEtJa,-19177616.0000
2043,548,348,774,538,-1.6087,-1.58820805E7,13037842#0lSyYNNEj2fLLIKrKlc,18874161,-17313409.350,false,-5057879,7515926#aqqlCTqFfCGtil,-8407968.0000
2044,2089,1034,338,392,0.8516,-6630406.04,19608609#FZniWv8MrROUba7kjdE,-1678422,10548280.010,false,6305297,18344919#eHp4pEfiuWoRRy,-7548544.0000
2045,2113,2584,256,843,4.7190,2096276.34,5221017#Mfz1j0IiS689ViuZx7A,6181973,17046686.360,false,-20228496,15763323#WBNpgYtsKFvTMS,-4080704.0000
2046,1687,2191,717,222,-0.1316,-3404174.8,2653628#0IgLQbOr5PXF09j2TIP,4463081,7545473.910,true,4583279,4233975#q5ziDs3oGZQQdk,-5368320.0000
2047,846,1548,496,1231,4.8334,1.320702667E7,1484828#Sqwj2NxCxjxEhcxTUiu,-10581325,-5231682.610,false,-8703244,11378358#F8IIcXcJHdLpoI,-1248160.0000
2048,395,711,312,116,-1.7680,-1.248281879E7,6755636#lF7U2WYaaPh0smmZ5cL,20036917,-1466363.300,false,2472194,3623912#JA1idbB28kwmwf,-17678512.0000
2049,2701,1674,1100,874,-0.6045,-4153661.3,218020#IWWCBtgdAsFyGrPCFhp,7404439,-19131017.650,false,3041145,15509299#UJaFOST1YrWgPb,-5468144.0000
2050,925,2391,459,1423,-2.1300,8069382.23,6098192#MN5QSIVdq6LRMNVGb4k,-10779785,-14620395.110,true,-3177920,10625045#qI8qIEFNiRcfhg,-9721902.0000
2051,1197,1396,789,464,-3.8120,-3382734.96,6108975#fFTLK7lXIbR0ypbhXCd,878703,5011316.340,false,16020552,16755818#uaXwGYu9bICLBK,7971904.0000
2052,1535,2049,1135,1317,-1.0156,1.602978237E7,17855921#shWH2GghbGkjn7HsmtC,2706942,6343566.960,false,-18178490,3905331#mT7UxNhDD5XT7a,17140160.0000
2053,1531,1153,844,580,-2.2530,-1.271683211E7,7140390#5YcA99SPnMPpyCwmZXL,-13887660,2718424.190,false,-13274204,4740892#cxuzjnqjZcJqt9,-5461392.0000
2054,2097,1581,645,1386,6.2466,1.892606467E7,17152677#DZqPM4lc2PqDHa0aYAH,4410710,-4015198.610,true,4319120,6847548#In3bwdrw9zHiyV,-16033504.0000
2055,1757,1790,113,676,-4.2100,1.52926138E7,14899701#Osen2rDEeNUOzWYeFtw,-18360647,-11914137.140,true,-5245356,7208986#nQ1w1TKHcuj6mJ,2265536.0000
2056,2422,2030,392,1132,-1.0224,-1.561953171E7,2819526#tHnGuVhiJoOiF7gnVSM,15291280,-15536423.590,false,16722756,15207956#0Ms2mPZ5LaAgg0,-6391472.0000
2057,1175,2734,424,336,-2.3570,-7769108.65,4366032#AKEldMmToaOl1K62ie2,236124,-6536665.760,false,17858929,14537689#hTtUP2NPmtMI2h,-15277936.0000
2058,13,2813,1093,838,3.8160,-1.234564438E7,2314496#jg3EkxeG1k17ygC9KRU,-897341,-11540816.800,false,-15473886,1408829#AEeT1F0kdKlSXQ,6926880.0000
2059,2566,2067,944,1416,-5.8870,-1.133467907E7,12522243#FZPARwhmT2JRo5VpctT,8140066,-7417077.800,false,-12770618,15750687#6yoSJzLVRM4U9F,-3061824.0000
2060,1344,438,1100,842,-4.0200,-1.031224385E7,16884580#ky3lInsTBcJOG83aTza,12895907,12850417.200,true,2959997,19014085#P30QpRZ8nCzUKM,15950416.0000
2061,2352,1047,669,1286,-0.0516,3894352.17,19652214#3DCnzHyVAvv0PcwWsp0,-6951127,-2546826.100,false,6366424,123427#bf9Uq53PoqG1MB,-6368720.0000
2062,203,2360,605,1163,-2.2558,-1.365392892E7,12041179#IXa4AAYvrAXKRoJGU2a,-3487539,7052034.140,true,-13688517,1302652#Zwa10UZXJlu9Eh,10405856.0000
2063,2665,430,1016,287,-4.3260,-1.604186144E7,17989580#ky3lInsTBcJOG83aTza,6289453,20421910.670,false,10740165,9658283#5H7dxJUt1RGDuA,-16136032.0000
2064,2835,2309,940,1017,6.5520,-1.55810741E7,5979847#EfM4Qi24K30CTpaylBv,-19458194,10441418.510,true,16987286,7876514#sMXMTrhqrGJ4uM,2802640.0000
2065,447,1579,903,251,-6.1110,1.616527603E7,6887023#exlomJSY6SW024CIyaF,-12879362,-5670334.280,false,4155606,6632462#K23X5rdqA6Dea9,10899328.0000
2066,1758,1154,738,125,2.1726,-5418984.92,20586890#l2PCRz4MlmjSBtc8I2k,13524513,-19445843.170,true,-14049657,8141101#qxiik8ourW8l8k,16552960.0000
2067,2219,2352,687,1397,5.3872,-1.343508313E7,17627400#QVPup8cR7Imb5JZJlig,-18296011,-16853616.980,false,10638203,9298614#wsG1MeWN3EWeCE,-11144176.0000
2068,167,2281,68,719,3.0620,-1.144045518E7,14986962#Z9zhppj8zdMsh0CgE4z,-5831751,-9205587.230,false,-15760770,9906273#1plK5VzgPEGum8,677392.0000
2069,2780,2580,1029,1433,-2.0890,-1.66269838E7,13808696#XvXgBpBaz2pU9nErGPS,-13850513,-1821577.240,true,-1030653,4744033#VHGGIQiN6XDk9D,-19798560.0000
2070,308,538,339,531,2.9050,-3850084.84,11217457#r6TJsHVafqB9ObdyHDE,5759137,-16320847.370,true,11949286,8959159#xaSZmuqKRDDOzf,11657888.0000
2071,424,2619,321,1045,-4.4420,2878211.94,14358618#CZPuXjBD1koimPPllPi,-8913907,-1531581.950,false,16758589,14707457#YVGKM97c9jutMI,3783616.0000
2072,2466,1628,817,235,-2.0430,-2.028909223E7,11709840#bEupyr8yRv9aUtdFNVC,-3299833,-7558300.090,false,14166338,2305978#eIxKi7h6710ud3,-2380608.0000
2073,2662,2667,551,685,-5.9390,-1.055670186E7,7210218#yNqAKJAUwWvbCxBFGAT,-10035015,18516862.040,false,7688038,17951164#aJifNITJkWtvZX,-15182144.0000
2074,2041,1581,3,1434,-1.4444,-1.82446095E7,1147384#EhXs3VXiUGiJZIS4N8c,-3941110,-2166874.130,true,-12391783,8631109#XmDAhlCbLgws2Z,-8431392.0000
2075,2673,1084,756,138,2.3975,-2.065028896E7,6635541#FfsL0Nr3aS5lhaKzziC,12412047,-13048797.260,true,8310181,17233405#3ojtZuBo3Zg1h1,-5110768.0000
2076,1093,1027,957,859,-1.8760,6978282.83,1564044#Y46TKpkw4Hngd5xgG9B,1505418,-8901996.050,false,-14080525,1539131#s17k1kFutXJFXs,-671104.0000
2077,657,181,715,1171,-3.8840,7145548.65,20597587#dMTw1bfJwtL7U9atz2P,398549,-19807981.440,true,-240305,11690930#XuWb0WHGI8M3Bc,17179904.0000
2078,1219,2292,50,857,0.5143,-1.526575865E7,6447084#lNpfUbTGU202Qs8UiqY,3217788,16886839.760,false,3363494,8430201#tvdjmKwpTEpWod,-19185328.0000
2079,524,1571,851,1044,2.4469,-3523773.44,2293509#Ia5FtiB0jHbXXeIUjPq,-9736276,9540993.520,true,-2412271,12406695#UWR97B3csjv1nv,2486960.0000
2080,1129,1026,503,1246,3.5060,-1.356910345E7,8294160#5NqvWdARhWUxpWH66TY,10036910,1479783.810,false,-19086403,12731422#s2qBgh9etWZEjh,-19540832.0000
2081,42,1593,251,1333,-4.2620,1.16256284E7,15322979#XIi0VszOsQb5gxkZY1F,-16977683,13807542.850,false,19262518,10055098#71kfapUkorlXO3,5931568.0000
2082,1467,1631,345,1320,-3.9640,-6302906.56,10479868#4U9lwvli1uhdURavGNS,16772347,8198170.020,true,-20155761,5309900#Ua4YkICVqmlkKM,-12959700.0000
2083,203,2246,375,252,2.7399,6360222.97,15826309#1trbRdZJ2hct2acJiWm,-5233946,-9758765.150,true,4545144,3335201#tvdjmKwpTEpWod,-20487824.0000
2084,2111,69,51,675,-6.2400,-1.529693299E7,11973066#a5VhgDTTx8qloEj1skB,-10410270,-12823583.800,false,1763407,1810406#ShRdwu0rnEzybN,1840560.0000
2085,921,1900,696,1022,5.4380,-4895494.54,3701766#cXOq2M9757QMLjszL1Y,11198300,-2722083.820,true,-19137117,18897417#leX7odRpHOBBQ0,16041808.0000
2086,734,2479,1013,356,-2.0774,-5440057.17,16657063#m2ya4ATk1CfOhatFfBI,17986747,-6292639.760,false,-4683451,9815004#GfUE7GGhvVD1iO,17690944.0000
2087,469,2145,1173,60,-0.5252,1.139204036E7,10441376#otCqaNuyBhJXKHMgUYb,16933844,7851511.230,true,17344719,12656476#KLYVbyUTPqHflS,-6947616.0000
2088,1755,1857,200,272,-0.9028,3715380.51,10141900#sapcIDopobXLg6fbmpL,-7020133,9770132.810,true,-5255593,18432357#F2C3hbfvEVmdmO,4241344.0000
2089,1733,2081,1066,1027,3.5535,4705476.79,1262061#YBnIjPsEJbp3wjt7jUr,12011226,-11619920.610,false,6429476,13742445#Tb6MuwWVVaRl4P,-11529056.0000
2090,2148,2599,364,266,0.4426,6858698.71,2762360#ZY8C2o9uZrAiM1hLyiQ,-15603721,-7630115.070,false,-18437322,6495872#wJ5zQyHu5X6hCB,-11632688.0000
2091,2324,2335,426,1232,-1.1937,-1.832966187E7,12525491#PKijKAoevySOoIXSpW9,-1157661,10589918.430,true,8142366,11117019#mgOwGo1ZjgsgoO,7135112.0000
2092,417,2609,330,392,-4.1824,1.81351824E7,16500619#eg28fGuQkRQLY9GuRZK,5152531,7828328.790,false,8628230,11124365#jpJlnbIvpgtLm8,-19647216.0000
2093,1658,1561,69,698,-1.6537,-1.62708805E7,13356748#auHxyMkhAO5YOfhwPKX,19336292,-17737304.850,true,-5181569,7699663#8PesPP1mxqnU5T,-8613568.0000
2094,2461,793,746,728,0.8716,-6792806.04,20088033#jyuSkkGybYDsX3Tosu2,-1719472,10806145.010,false,6459548,18793521#MmarcjvJ9tixao,-7733344.0000
2095,2594,2430,528,991,4.8290,2147476.34,5348580#ky3lInsTBcJOG83aTza,6333043,17463533.360,false,-20723311,16148616#se6b51NfHJJIaG,-4180704.0000
2096,2458,2266,993,977,-0.1366,-3487374.8,2718436#pcP3nVW0RDSklM91zDo,4572113,7729852.410,false,4695295,4337433#QICdlCdeEqounf,-5499520.0000
2097,282,186,1185,730,4.9434,1.352942667E7,1520934#mH2oFb5I1OPmnOqFqiU,-10839649,-5359611.610,true,-8915631,11656061#7uuCEpfzIIUcmx,-1278560.0000
2098,2158,1511,257,461,-1.8180,-1.278761879E7,6920378#Y3SuTa5mKa0ZqH3Xjmt,20526331,-1501974.300,false,2532607,3712195#a4qfaMgHrr11zw,-18110112.0000
2099,2597,1887,676,1374,-0.6295,-4255261.3,223291#tAoEolvmIbNgNGLcN6X,7585069,-19597623.650,true,3115525,15887715#nR4uA0HiLDG3t9,-5601744.0000
2100,1945,2491,1124,1118,-2.1800,8266182.23,6246860#gX9stHcSMvGszbdOa9u,-11042544,-14976958.610,false,-3255551,10884169#9lmi2CBnmrSYAG,-9959052.0000
2101,596,821,909,412,-3.9120,-3465134.96,6257663#oDGS2NyQIkUNvPvreVb,900070,5133373.340,false,16411265,17164086#AC1sn3IQQiFaR1,8166304.0000
2102,263,1174,411,1305,-1.0306,1.642018237E7,18290863#9ONj2S5i30FNtiqmfqs,2773024,6498049.960,true,-18621304,4000383#xAqNhkKv8gBLUv,17557760.0000
2103,2532,678,633,166,-2.3030,-1.302643211E7,7314077#QmVGFXTQE7W1uMnO2Rv,-14225795,2784544.190,true,-13597422,4856271#0D5INTQeFYPZ0C,-5594192.0000
2104,2629,2581,234,209,6.3916,1.938686467E7,17570005#KzDCuGjvGSNLrkfKlHr,4517902,-4112900.610,false,4424427,7014076#mOf3MyMsOUVsDB,-16423904.0000
2105,1310,302,102,1374,-4.3100,1.56646138E7,15262114#bOItIBRNVyJuO6uConF,-18807250,-12203794.140,false,-5372974,7384379#lZ8vRfNNJ2Zsc9,2320736.0000
2106,650,2655,622,157,-1.0424,-1.599953171E7,2888041#DtH656sqAXIPwb3wFbL,15662938,-15914193.590,true,17129458,15577745#35vAXmetyF4r6x,-6546872.0000
2107,2095,703,242,806,-2.4070,-7957908.65,4472150#dhNflxf4454xweI17ba,241955,-6695611.260,true,18293016,14890886#F81Dl6wLB92qJB,-15649136.0000
2108,841,725,197,1394,3.9160,-1.264564438E7,2370521#eC8rcGjbYTio4r4LO2y,-918908,-11821090.300,false,-15849974,1443004#GfUE7GGhvVD1iO,7095280.0000
2109,1659,2142,881,1121,-6.0370,-1.160987907E7,12826287#7OoqE81sbCVu8I1uXdX,8337498,-7597110.300,true,-13080754,16133069#4EdchGwLCdwBm3,-3136224.0000
2110,2202,2794,206,772,-4.1200,-1.056264385E7,17294225#EpW4o1MIBqiPOuRkNVQ,13208896,13162502.200,false,3031944,19475591#2HjtGpHRKgNAHO,16337616.0000
2111,1018,1784,989,1081,-0.0546,3988752.17,20128850#6tSTcHk7yLVql3Wv9i5,-7119670,-2608599.100,false,6520881,126311#3dXxet7OW0DDl6,-6523120.0000
2112,1139,198,245,1307,-2.3008,-1.398512892E7,12333053#Pt1bNlMdpuI85naibOZ,-3571880,7222830.140,false,-14020369,1334202#7jtP5zZRFgXlzn,10658256.0000
2113,1381,2092,909,292,-4.4260,-1.643066144E7,18425581#DruHpp0ewaSCsaW43bW,6442057,20916682.170,true,11000489,9892345#xHUs05KJtjLqkS,-16527232.0000
2114,1896,2734,855,472,6.7020,-1.59586741E7,6124481#sFZrdbcwBzYz56R4Huo,-19929372,10694396.010,false,17398636,8067126#0tq1HypNOhDMTg,2870640.0000
2115,1687,370,962,228,-6.2610,1.655647603E7,7053563#i4W17yPHgXlfXEPzin1,-13191218,-5807816.780,true,4256361,6792894#tURG4yBlG45HCL,11163328.0000
2116,1820,1218,521,378,2.2276,-5550184.92,21084977#2n00h2OOtQuNZLeHreZ,13851763,-19916700.170,true,-14389885,8337999#jegpmiPfAJKVki,16953760.0000
2117,2506,915,1179,1127,5.5172,-1.375988313E7,18053741#kg2KkIzzUSazQlZqdTY,-18738422,-17261317.480,true,10895367,9523483#3t1fWDablxkDo0,-11413776.0000
2118,1847,419,888,1294,3.1370,-1.171725518E7,15349136#zDA2733kPqputEeHtd4,-5972859,-9428316.730,true,-16142064,10145615#MhuGEpL4baOsgO,693792.0000
2119,2407,505,1039,1373,-2.1390,-1.70285838E7,14142263#U30JV83Cp7kzoCHuQOs,-14185047,-1865411.740,true,-1055672,4858522#HfIpIqbLaiTAjP,-20276960.0000
2120,494,1450,920,1386,2.9800,-3942884.84,11488243#FZPARwhmT2JRo5VpctT,5898480,-16714966.870,false,12237935,9175333#hfw1IrVd5FDMZK,11939488.0000
2121,874,1819,880,315,-4.5420,2947811.94,14705113#943cevfGvJb3Eoyg4VM,-9129143,-1568662.950,false,17163027,15062486#aRseNSSuQipMlC,3874816.0000
2122,795,1351,448,21,-2.0930,-2.077869223E7,11992306#knrUABRAxkoKPJ8Ehc2,-3379334,-7740801.590,false,14508140,2361501#kvScJZnWAQuNPw,-2438208.0000
2123,2393,704,122,647,-6.0890,-1.081110186E7,7383968#xxDwNROLeuGZNIiNlp9,-10277101,18963470.540,true,7873552,18384063#atrrUsKSUDfzxi,-15548544.0000
2124,234,506,319,1259,-1.4744,-1.86846095E7,1174973#OreLeWJzz3rmZbHB9R4,-4036120,-2218958.130,true,-12690660,8839021#19W7wx4NZVRVqt,-8634592.0000
2125,1841,209,36,776,2.4625,-2.114788896E7,6795390#5YcA99SPnMPpyCwmZXL,12711110,-13363002.760,false,8510221,17648537#c7wenW9pwgCEXk,-5233968.0000
2126,2614,1677,1079,701,-1.9260,7146282.83,1601700#WWuNo8gFQ6Y7H4AMWsA,1541796,-9116594.550,true,-14419515,1576091#GgOLCZ2Hs1uw8k,-687104.0000
2127,199,1081,622,1299,-3.9840,7317548.65,21093418#VYXHk9wq4DWBqJc7wOZ,408194,-20284600.940,false,-245980,11972250#r6HuKIMdrEv7Ai,17593504.0000
2128,2848,1815,1169,470,0.5363,-1.563295865E7,6602148#LeHVIdGEPcQ5zo1bogZ,3295088,17292970.260,false,3444300,8632859#kSPf4V3qGIvfrm,-19646928.0000
2129,2562,1121,873,1229,2.5019,-3608573.44,2348563#i4W17yPHgXlfXEPzin1,-9970449,9770422.020,true,-2470249,12704839#ddqc8LbfG9biPW,2546960.0000
2130,185,2476,806,981,3.5910,-1.389550345E7,8493362#u9b6eSuZPBb5wNl6SmF,10278055,1515334.310,true,-19545032,13037442#IUGD9qOCrMlTdl,-20010432.0000
2131,1661,193,730,223,-4.3620,1.19048284E7,15691001#qFnT9MVb3iFUfGYAQ0V,-17385620,14139107.350,true,19725122,10296490#8ijeDIYAmrdLdo,6073968.0000
2132,1993,1231,520,1097,-4.0640,-6454106.56,10731468#t3RYb1HxFMOVH5aqS5J,17175073,8394832.520,true,-20640000,5437319#6wk43loguPUXlO,-13271000.0000
2133,20,243,535,887,2.8049,6513022.97,16206088#HnQqgESpo9mDvgSHRHC,-5359754,-9992838.650,false,4654458,3415077#hrf2IxW6js1y9U,-20979824.0000
2134,590,1544,89,802,-6.3900,-1.566413299E7,12260156#L9NNaUdvLOy615mAAwD,-10659844,-13131199.800,false,1805506,1853718#jC2YJ4CFiBbKvw,1884560.0000
2135,167,1825,464,1259,5.5780,-5013094.54,3790534#1SrcZRgF0XrV8fqtLYu,11466864,-2787471.320,true,-19595997,19350357#F2C3hbfvEVmdmO,16426608.0000
2136,2716,1372,857,421,-2.1224,-5570457.17,17056116#Fzpza2A3y3VZVnIAa7S,18418102,-6443646.260,true,-4795877,10050052#nkIZJjBXKVwdnu,18114944.0000
2137,1297,170,56,1155,-0.5282,1.166484036E7,10691393#PUzigmQ6P3Z95h6BpJY,17339369,8039391.230,false,17760489,12959676#OBhdfI51RrprdF,-7114016.0000
2138,306,807,824,1162,-0.9328,3804180.51,10384631#cGVNZFNuFelLp7xhgBT,-7188055,10004220.310,true,-5381536,18873681#qe8aEJlptF12No,4342944.0000
2139,278,2794,1096,597,3.6285,4818276.79,1292153#TthUHZyfKjg7APcArXg,12298595,-11898272.610,false,6583401,14071351#NWlaiLDFowxb38,-11805056.0000
2140,1086,230,631,200,0.4496,7022698.71,2828319#xrFgYqPpx1x6PSID0Ci,-15977113,-7812427.070,true,-18878421,6651161#GxG9JgsIuwh1ME,-11911088.0000
2141,404,1369,40,177,-1.2287,-1.876806187E7,12824913#s6zsCoqCbmJlhxyKTnn,-1185167,10843135.430,false,8337165,11382784#8UYfe0lDdyxblp,7305912.0000
2142,1809,2584,1155,642,-4.2824,1.85687824E7,16894882#FB1qWUgbjVhIPpmG88X,5275476,8015415.790,true,8834540,11390025#SLbqqm3iZvu2nv,-20116816.0000
2143,2768,2773,579,858,-1.6987,-1.66596805E7,13675654#7uWQv5Z1Ddgy3goPbDE,19798423,-18161200.350,false,-5305259,7883400#WxKDPvgQvSZda2,-8819168.0000
2144,2833,552,1155,1064,0.8916,-6955206.04,20567457#r6TJsHVafqB9ObdyHDE,-1760522,11064010.010,true,6613799,19242123#TlGwWNjtPBT7Eg,-7918144.0000
2145,227,2277,800,1139,4.9390,2198676.34,5476143#WhmFYAyNufr6sN07EWZ,6484113,17880380.360,false,-21218127,16533909#SsYfPfybNe3hSv,-4280704.0000
2146,380,2341,55,292,-0.1416,-3570574.8,2783243#FZPARwhmT2JRo5VpctT,4681146,7914230.910,true,4807311,4440892#cxuzjnqjZcJqt9,-5630720.0000
2147,2567,1648,661,228,5.0534,1.385182667E7,1557040#Rc2UmlGbj7oMGIcoBtx,-11097973,-5487540.610,true,-9128017,11933765#ezK39hZW4lncOd,-1308960.0000
2148,1073,2311,202,806,-1.8680,-1.309241879E7,7085120#VRNBJt3NAAVlkOweSDZ,21015745,-1537585.300,false,2593020,3800479#nq4pROXR9Q7nVA,-18541712.0000
2149,2494,2099,253,434,-0.6545,-4356861.3,228561#uavmuaO5FwfJeVfSyQC,7765698,-20064229.650,true,3189904,16266131#s17k1kFutXJFXs,-5735344.0000
2150,117,2591,575,813,-2.2300,8462982.23,6395527#nl07KWGl6A44v2GLHjX,-11305303,-15333522.110,true,-3333182,11143293#0Yiqy1oCjqlx5W,-10196202.0000
2151,2842,246,1029,359,-4.0120,-3547534.96,6406350#vbLvzeIeInbMeERaOb1,921438,5255430.340,false,16801979,17572353#y9OPYvkYUVkgYR,8360704.0000
2152,1838,299,902,1292,-1.0456,1.681058237E7,18725806#ZWHNEejVq7BmmReyX0A,2839105,6652532.960,false,-19064119,4095435#RuTbgYELvjq5Gx,17975360.0000
2153,685,203,421,1191,-2.3530,-1.333603211E7,7487763#Mz70f6DeBtqTmn1oOzQ,-14563930,2850664.190,true,-13920641,4971649#06w93HaSt3fKOI,-5726992.0000
2154,314,756,1037,471,6.5366,1.984766467E7,17987333#ZWL0yfZanRMd94twuxt,4625094,-4210602.610,true,4529734,7180605#iuqzPJzTWAH8cr,-16814304.0000
2155,863,1640,91,631,-4.4100,1.60366138E7,15624528#VZmW9TbAGz9KCGSHtGN,-19253853,-12493451.140,true,-5500591,7559773#ItQfDieQKNU8AG,2375936.0000
2156,1726,455,853,622,-1.0624,-1.637953171E7,2956556#DbZjDxCu1HzTg7TgsMn,16034596,-16291963.590,false,17536161,15947535#lQXKhluPRD6zlW,-6702272.0000
2157,168,1496,60,1276,-2.4570,-8146708.65,4578268#zODSBG9Qpu02o6Dq0k9,247787,-6854556.760,false,18727104,15244082#iGyeAzph0PB09A,-16020336.0000
2158,1669,1463,516,510,4.0160,-1.294564438E7,2426546#LZZFYPhjYNFkQiiR3vX,-940475,-12101363.800,true,-16226063,1477179#9cDwJX6fjTedeY,7263680.0000
2159,752,2217,817,826,-6.1870,-1.188507907E7,13130332#eQasYLBa2crQByRUlWZ,8534930,-7777142.800,false,-13390889,16515450#OuO67tSQ7rra4K,-3210624.0000
2160,212,2325,527,702,-4.2200,-1.081304385E7,17703869#kLCVOpCfTJX41MojQSA,13521884,13474587.200,false,3103891,19937097#kc9uLRueq3Rksk,16724816.0000
2161,2532,2522,94,876,-0.0576,4083152.17,20605485#OBFrstF2GyfhJ0ycjQd,-7288213,-2670372.100,false,6675337,129196#NC8S2ykoLZ69e9,-6677520.0000
2162,2075,860,1099,10,-2.3458,-1.431632892E7,12624927#yrhiyTbJ4PnFe92vMTu,-3656222,7393626.140,true,-14352220,1365752#wc3BOvAtBGs2xU,10910656.0000
2163,96,930,801,297,-4.5260,-1.681946144E7,18861582#5YYAGcbNW2sVkWIpJVZ,6594661,21411453.670,true,11260813,10126408#ff1e2aIGn3lR6t,-16918432.0000
2164,957,334,770,1367,6.8520,-1.63362741E7,6269114#bOItIBRNVyJuO6uConF,-20400549,10947373.510,false,17809986,8257739#SaQ29k6Pg3UGYR,2938640.0000
2165,79,1985,1021,206,-6.4110,1.694767603E7,7220103#UjRZgvGOx3rzvnkCfXw,-13503073,-5945299.280,false,4357116,6953327#iQD81xQmT3TF0G,11427328.0000
2166,1882,1282,304,630,2.2826,-5681384.92,21583065#GK3sldtPo5Ocdmp5Mx4,14179013,-20387557.170,false,-14730113,8534897#3A7HbbTwXkMUd2,17354560.0000
2167,2794,2302,457,857,5.6472,-1.408468313E7,18480083#wrRi8O1R7VlCdzS5mkC,-19180832,-17669017.980,false,11152531,9748353#y9OPYvkYUVkgYR,-11683376.0000
2168,679,1381,494,429,3.2120,-1.199405518E7,15711310#JyAISvENGnUKC6xq9BM,-6113966,-9651046.230,true,-16523358,10384957#hSDWjflyjD2c8f,710192.0000
2169,2033,1255,1049,1313,-2.1890,-1.74301838E7,14475829#9GY78RNpE4rDUYrqfuw,-14519581,-1909246.240,false,-1080692,4973010#W2jjBwLOuP36aa,-20755360.0000
2170,680,2363,287,801,3.0550,-4035684.84,11759029#qI7tcH50YTpznSb4E3Q,6037822,-17109086.370,false,12526584,9391506#scwTQ86zdvCmx8,12221088.0000
2171,1324,1019,225,1025,-4.6420,3017411.94,15051608#FGjNNdmOot9MJK48WxN,-9344379,-1605743.950,false,17567465,15417516#jM3YfU9nLjrtXo,3966016.0000
2172,1972,1074,79,1247,-2.1430,-2.126829223E7,12274772#lOpYS3lTcyXfH9u8F40,-3458835,-7923303.090,true,14849943,2417024#i5IS9JRchaKL8u,-2495808.0000
2173,2124,1567,907,610,-6.2390,-1.106550186E7,7557718#Lf8iOMqzIg6B02HHTJk,-10519186,19410079.040,true,8059065,18816963#kFiENDv1JPLE7g,-15914944.0000
2174,1275,2256,636,1084,-1.5044,-1.91246095E7,1202562#y9uqWFaPgbdmAqd5AOI,-4131130,-2271042.130,false,-12989538,9046934#vu07ekyA7dQIAl,-8837792.0000
2175,1009,2159,530,1413,2.5275,-2.164548896E7,6955238#C6BT0gS8VyCM8pPlcF2,13010173,-13677208.260,false,8710261,18063669#Gx6Q33xlDTIa0H,-5357168.0000
2176,1287,2327,1201,544,-1.9760,7314282.83,1639355#LSVV4GftULaiVz8fTBq,1578174,-9331193.050,true,-14758505,1613052#nkIZJjBXKVwdnu,-703104.0000
2177,2589,1981,529,1426,-4.0840,7489548.65,21589250#EeHgFPHwrImBNrTXb2Q,417839,-20761220.440,true,-251655,12253569#haYLIync4EDOkb,18007104.0000
2178,1628,1338,1075,82,0.5583,-1.600015865E7,6757212#KGPk6xsZhQWabpimj37,3372388,17699100.760,true,3525106,8835517#aPwbvLvVzPu2wi,-20108528.0000
2179,1752,671,895,1414,2.5569,-3693373.44,2403617#f0ILN71fMjtP0h7QaPx,-10204621,9999850.520,true,-2528228,13002983#44A98Bt25EQ0fL,2606960.0000
2180,2089,1101,1109,716,3.6760,-1.422190345E7,8692564#seOC5FtKhCh5xdL6HK6,10519200,1550884.810,false,-20003661,13343462#K23X5rdqA6Dea9,-20480032.0000
2181,432,1618,1209,553,-4.4620,1.21840284E7,16059024#lgls2qzft9QLwjkZGQW,-17793558,14470671.850,false,20187726,10537883#6AstGXqeWa7mp0,6216368.0000
2182,2519,831,695,875,-4.1640,-6605306.56,10983068#IakmG7CaIAOPPVJEMYg,17577800,8591495.020,false,-21124238,5564738#SR4de7JnufPHND,-13582300.0000
2183,2685,1064,695,82,2.8699,6665822.97,16585866#C8NICrhqzk5LXKvCFSU,-5485562,-10226912.150,true,4763772,3494953#vrhUxtsNPDFodT,-21471824.0000
2184,1918,194,128,930,-6.5400,-1.603133299E7,12547245#NtAfxNGTP2E8gCqEJb9,-10909418,-13438815.800,true,1847606,1897030#4GHFXoMkrmhdlu,1928560.0000
2185,2260,1750,232,55,5.7180,-5130694.54,3879303#EZyiwx7vXoCSGstmHo2,11735429,-2852858.820,false,-20054877,19803296#KkWYLeLLeLvPPZ,16811408.0000
2186,1849,266,702,486,-2.1674,-5700857.17,17455169#3EI8TU4H2KGl0nTbrvr,18849456,-6594652.760,false,-4908303,10285101#qxiik8ourW8l8k,18538944.0000
2187,2125,1020,153,810,-0.5312,1.193764036E7,10941409#VQUVedxJ8IIgaG27xn9,17744893,8227271.230,false,18176260,13262875#xydwkgDwKDmK6W,-7280416.0000
2188,1705,2582,234,612,-0.9628,3892980.51,10627361#nYzpL1Do5El7QOFdyU4,-7355978,10238307.810,false,-5507479,19315005#rJiyLNUXeoxwdh,4444544.0000
2189,1671,681,1126,167,3.7035,4931076.79,1322245#NtAfxNGTP2E8gCqEJb9,12585965,-12176624.610,true,6737327,14400258#qu4wAk4hpInkLR,-12081056.0000
2190,24,686,899,133,0.4566,7186698.71,2894277#9MEYKmbaVseWR2DiV3O,-16350504,-7994739.070,false,-19319519,6806450#OuO67tSQ7rra4K,-12189488.0000
2191,1332,403,869,562,-1.2637,-1.920646187E7,13124336#5stMn6lzi1DE2UCEbES,-1212674,11096352.430,false,8531964,11648548#In3bwdrw9zHiyV,7476712.0000
2192,353,2559,765,892,-4.3824,1.90023824E7,17289146#tzXhr1Gnz4h0FoNMrek,5398421,8202502.790,true,9040851,11655684#9icLKvoM2cfGfk,-20586416.0000
2193,1030,1161,1088,1018,-1.7437,-1.70484805E7,13994560#Zz4o7BU08VbEIUocTaa,20260554,-18585095.850,true,-5428949,8067137#FXBewRETpxVMG3,-9024768.0000
2194,357,311,349,1400,0.9116,-7117606.04,21046881#KFhtINepsaNCrCdNvk4,-1801572,11321875.010,true,6768050,19690725#hyp5HA8rglC58s,-8102944.0000
2195,708,2123,1072,1287,5.0490,2249876.34,5603706#S99reb8nAD0eQkD1G7T,6635183,18297227.360,false,-21712942,16919202#7jtP5zZRFgXlzn,-4380704.0000
2196,1151,2416,331,1047,-0.1466,-3653774.8,2848051#BfLKSTSyRtbFIga2qf1,4790178,8098609.410,false,4919327,4544350#00d92BAchdDH7B,-5761920.0000
2197,2003,286,136,1167,5.1634,1.417422667E7,1593146#tzXhr1Gnz4h0FoNMrek,-11356297,-5615469.610,false,-9340404,12211468#ESLBzzBBk5YoTN,-1339360.0000
2198,2836,286,147,1151,-1.9180,-1.339721879E7,7249862#PYPvfR803HB7ZnWqEAH,21505159,-1573196.300,false,2653433,3888762#lSOF35tT6LasgQ,-18973312.0000
2199,2390,2312,1043,934,-0.6795,-4458461.3,233832#ZjzMDKLoSr75zQYbQ4Z,7946328,-20530835.650,false,3264284,16644547#XnoEN9a2G6arPt,-5868944.0000
2200,1137,2691,26,508,-2.2800,8659782.23,6544195#3OPpYPsowCWmRiB0AyN,-11568062,-15690085.610,false,-3410813,11402417#leX7odRpHOBBQ0,-10433352.0000
2201,2241,2496,1149,307,-4.1120,-3629934.96,6555038#B4fcfZQp0AoMw0ohqce,942805,5377487.340,false,17192692,17980621#ODkPRPpSbjgiHM,8555104.0000
2202,566,2249,178,1280,-1.0606,1.720098237E7,19160748#auHxyMkhAO5YOfhwPKX,2905187,6807015.960,true,-19506933,4190487#zSXmckRBp6wA4u,18392960.0000
2203,1686,2553,210,777,-2.4030,-1.364563211E7,7661450#lUh3cS4FUvvvl1cAKxR,-14902065,2916784.190,false,-14243859,5087028#foGCHKtsvuH6PB,-5859792.0000
2204,846,1756,626,734,6.6816,2.030846467E7,18404661#q4tRHreLfXRNbrKaVju,4732286,-4308304.610,false,4635041,7347133#oLDieBCMtSGaYM,-17204704.0000
2205,416,152,80,1329,-4.5100,1.64086138E7,15986941#eQf6M4NlnSibqB4S9Ke,-19700456,-12783108.140,false,-5628209,7735166#yClyY2UigzWcg9,2431136.0000
2206,2802,1080,1083,1087,-1.0824,-1.675953171E7,3025071#jCCDV4dgimEjsss1a3T,16406254,-16669733.590,true,17942863,16317324#92IKoJmYc8rCkl,-6857672.0000
2207,1088,2290,1092,306,-2.5070,-8335508.65,4684386#TEgm2ooymjyhbrcoGdz,253618,-7013502.260,true,19161191,15597279#jSZn08HwNWVOwn,-16391536.0000
2208,2497,2200,834,1066,4.1160,-1.324564438E7,2482571#Qw3AqFTyZwfMrHYmRYR,-962042,-12381637.300,true,-16602151,1511354#XrpuRGRx1BgAMc,7432080.0000
2209,2693,2292,754,531,-6.3370,-1.216027907E7,13434376#otCqaNuyBhJXKHMgUYb,8732362,-7957175.300,true,-13701025,16897832#m0d1Osf6E6CA66,-3285024.0000
2210,1070,1856,847,632,-4.3200,-1.106344385E7,18113514#ufmHsnsT6zH2eGX71V8,13834873,13786672.200,true,3175838,20398603#gvJwYa2HHNsy2c,17112016.0000
2211,1198,434,414,671,-0.0606,4177552.17,21082121#s38uG8u0Pt1DwVMfHAy,-7456756,-2732145.100,false,6829794,132080#BZDAy3rORXV83m,-6831920.0000
2212,163,1523,739,154,-2.3908,-1.464752892E7,12916801#pvbSrRuQt4f57UR4bf4,-3740563,7564422.140,false,-14684072,1397302#I61iUXdYKSABeB,11163056.0000
2213,1660,2592,694,302,-4.6260,-1.720826144E7,19297583#yUlad284XryyVdc5Wh8,6747265,21906225.170,false,11521137,10360470#iOfhADY5ATZH0o,-17309632.0000
2214,18,759,685,822,7.0020,-1.67138741E7,6413748#auHxyMkhAO5YOfhwPKX,-20871727,11200351.010,true,18221336,8448351#NWlaiLDFowxb38,3006640.0000
2215,1319,776,1080,183,-6.5610,1.733887603E7,7386643#hPJip2feaCshi046WCw,-13814929,-6082781.780,true,4457871,7113759#6xEKt1Qh8X7w78,11691328.0000
2216,1944,1346,87,883,2.3376,-5812584.92,22081152#pbnsy0ADR9LjvIFEWEs,14506263,-20858414.170,false,-15070341,8731795#b7PmzIKaqDpmAE,17755360.0000
2217,233,865,949,587,5.7772,-1.440948313E7,18906424#cYKH8ROFx7bGr2qnGvE,-19623243,-18076718.480,true,11409695,9973222#mAa4x6V2sqgXhH,-11952976.0000
2218,2359,2344,100,1004,3.2870,-1.227085518E7,16073484#7dafN7ZOAxzNdHN0kHh,-6255074,-9873775.730,false,-16904652,10624299#UJaFOST1YrWgPb,726592.0000
2219,1660,2005,1059,1253,-2.2390,-1.78317838E7,14809396#tdNxHuOAxr8taoSvs5l,-14854115,-1953080.740,false,-1105711,5087499#xTvu6gapREt1PS,-21233760.0000
2220,866,450,868,216,3.1300,-4128484.84,12029815#o7W148KBlHoxnduzJtJ,6177165,-17503205.870,true,12815233,9607680#z1ADT6pyLoz7cx,12502688.0000
2221,1774,219,784,295,-4.7420,3087011.94,15398103#UjRZgvGOx3rzvnkCfXw,-9559615,-1642824.950,false,17971903,15772545#svjUGbxbWGMKJ6,4057216.0000
2222,301,797,924,1033,-2.1930,-2.175789223E7,12557238#C6BT0gS8VyCM8pPlcF2,-3538336,-8105804.590,true,15191745,2472547#XnoEN9a2G6arPt,-2553408.0000
2223,1855,2429,478,572,-6.3890,-1.131990186E7,7731468#t3RYb1HxFMOVH5aqS5J,-10761272,19856687.540,false,8244579,19249862#7qvN2kfZ1kFpqr,-16281344.0000
2224,2316,1181,952,909,-1.5344,-1.95646095E7,1230151#0qBnxcjfClEiHxUTmuo,-4226140,-2323126.130,false,-13288415,9254846#86agk7z1aQBqr9,-9040992.0000
2225,177,1284,1024,611,2.5925,-2.214308896E7,7115087#X6LiMrR6yTLN1iq7yNE,13309236,-13991413.760,true,8910301,18478801#fVbEe69CAOhDIM,-5480368.0000
2226,2808,152,109,386,-2.0260,7482282.83,1677011#y9FFlv7EBoEG60CKray,1614552,-9545791.550,false,-15097495,1650012#v3PNlLO5DteQXg,-719104.0000
2227,2131,56,436,114,-4.1840,7661548.65,22085081#5GbNh7DWvmuklyd8not,427484,-21237839.940,false,-257330,12534889#mRoPALlqCbw6oI,18420704.0000
2228,409,861,980,1135,0.5803,-1.636735865E7,6912276#6T4MNCTC0yzSrJlicCf,3449688,18105231.260,true,3605912,9038175#xakTBCciaf7uKM,-20570128.0000
2229,942,221,917,159,2.6119,-3778173.44,2458671#tW6LUcgrMUGaeoUam5y,-10438794,10229279.020,true,-2586206,13301127#3ExaRw0nVJERLo,2666960.0000
2230,1145,2551,198,451,3.7610,-1.454830345E7,8891766#cXOq2M9757QMLjszL1Y,10760345,1586435.310,true,-20462290,13649482#Vb8MQFXKNNfl2H,-20949632.0000
2231,2051,218,474,883,-4.5620,1.24632284E7,16427046#DVi5xZUUlpdJ9aTyYBj,-18201495,14802236.350,true,20650330,10779275#m6hU0u2rZiN9bm,6358768.0000
2232,197,431,870,652,-4.2640,-6756506.56,11234668#aLshR1yYLaPoLdRaJmc,17980526,8788157.520,false,-21608477,5692157#09lQUm5HUYLgUT,-13893600.0000
2233,2502,1886,855,717,2.9349,6818622.97,16965645#vcGjfdiFb4jzzfjdEdh,-5611370,-10460985.650,false,4873086,3574829#AEeT1F0kdKlSXQ,-21963824.0000
2234,397,1669,166,1057,-6.6900,-1.639853299E7,12834335#ksrQ3omXTtseyhaig3f,-11158992,-13746431.800,true,1889705,1940342#sVx7gOGwtzZQlW,1972560.0000
2235,1506,1675,1214,292,5.8580,-5248294.54,3968071#jCCDV4dgimEjsss1a3T,12003993,-2918246.320,false,-20513757,20256236#XQnmQyDwSC00N3,17196208.0000
2236,983,1984,546,551,-2.2124,-5831257.17,17854222#51JBOtC5dathDoLUsY6,19280811,-6745659.260,true,-5020729,10520149#PWxjReYYEbQ4yy,18962944.0000
2237,105,1870,250,465,-0.5342,1.221044036E7,11191426#s92BnsMZgC9DwnOoWD8,18150418,8415151.230,true,18592030,13566075#eFKltAwYIGPtLn,-7446816.0000
2238,256,1532,858,62,-0.9928,3981780.51,10870092#HwzILxVFfX6jOQXRtss,-7523900,10472395.310,false,-5633422,19756329#p8ZFc39dpq1U8c,4546144.0000
2239,216,1394,1156,1177,3.7785,5043876.79,1352337#R932j6oQ4c3V9ZErr2U,12873334,-12454976.610,true,6891252,14729164#aJifNITJkWtvZX,-12357056.0000
2240,1810,1142,1166,67,0.4636,7350698.71,2960236#cZdPaztjhEVrwcrtSx9,-16723896,-8177051.070,true,-19760618,6961739#SaQ29k6Pg3UGYR,-12467888.0000
2241,2260,2262,483,947,-1.2987,-1.964486187E7,13423758#Z9igO7a8naA2BZm6sfp,-1240180,11349569.430,true,8726763,11914313#IWbF2KgGIq1QA0,7647512.0000
2242,1745,2534,376,1142,-4.4824,1.94359824E7,17683409#VQUVedxJ8IIgaG27xn9,5521366,8389589.790,false,9247161,11921344#x38uf8eXxDKVg5,-21056016.0000
2243,2140,2373,384,1178,-1.7887,-1.74372805E7,14313466#bYVogNIYz542oS2Hcgn,20722685,-19008991.350,false,-5552639,8250874#F4wIZGgdetA2zq,-9230368.0000
2244,729,70,758,296,0.9316,-7280006.04,21526305#slXynGiossuQXzyBRoZ,-1842622,11579740.010,false,6922301,20139327#iQD81xQmT3TF0G,-8287744.0000
2245,1189,1970,130,1435,5.1590,2301076.34,5731269#XkW8ycc1tJbmgrBtb3e,6786253,18714074.360,false,-22207758,17304495#CCWxIiPUSnlFnp,-4480704.0000
2246,1921,2491,607,362,-0.1516,-3736974.8,2912858#meGRigTusQgf0V4AJhh,4899211,8282987.910,true,5031343,4647809#0o68wmldntpVLM,-5893120.0000
2247,1440,1748,826,665,5.2734,1.449662667E7,1629252#DBYUyJtLSKX9bmIe6nM,-11614621,-5743398.610,false,-9552790,12489172#EGU4wD4o4UhTjU,-1369760.0000
2248,1751,1086,92,56,-1.9680,-1.370201879E7,7414604#07lZCjCTM5fNqdfd8L8,21994573,-1608807.300,false,2713846,3977046#yw01yRSYC42Y2v,-19404912.0000
2249,2287,2524,620,1434,-0.7045,-4560061.3,239102#Geu2fq4Ls4OzllpmXPD,8126957,-20997441.650,false,3338663,17022963#kFiENDv1JPLE7g,-6002544.0000
2250,2157,2791,691,203,-2.3300,8856582.23,6692862#PYPvfR803HB7ZnWqEAH,-11830821,-16046649.110,true,-3488444,11661541#I25JLL0pKAVe0n,-10670502.0000
2251,1639,1921,55,254,-4.2120,-3712334.96,6703725#4Ru645vxvhygNyraS9h,964173,5499544.340,false,17583406,18388888#jWqftOKMJkSET6,8749504.0000
2252,2141,1374,669,1267,-1.0756,1.759138237E7,19595691#DyUOXo5jBVvQhbYUhl5,2971268,6961498.960,false,-19949748,4285539#8IOcRcl0JmfeFy,18810560.0000
2253,2687,2078,1212,362,-2.4530,-1.395523211E7,7835136#zDA2733kPqputEeHtd4,-15240200,2982904.190,false,-14567078,5202406#ShRdwu0rnEzybN,-5992592.0000
2254,1379,2756,215,996,6.8266,2.076926467E7,18821989#DQR1keEW6Egx5EPIyGb,4839478,-4406006.610,true,4740348,7513662#QSiAbSCiFp4HN7,-17595104.0000
2255,2817,1490,69,586,-4.6100,1.67806138E7,16349355#LSVV4GftULaiVz8fTBq,-20147059,-13072765.140,true,-5755826,7910560#P8gegC697Vvf4E,2486336.0000
2256,1030,1705,100,112,-1.1024,-1.713953171E7,3093586#Wm8O2ntYP0VVr1bZUjc,16777912,-17047503.590,false,18349566,16687114#JZOm1Z7ldvjZL5,-7013072.0000
2257,2009,258,910,776,-2.5570,-8524308.65,4790504#BNp584cc7MfaUkVRa7g,259450,-7172447.760,false,19595279,15950475#8iZTguFRHbmtLX,-16762736.0000
2258,477,113,1153,182,4.2160,-1.354564438E7,2538596#FYGgfsCSh7ObbD9ACGQ,-983609,-12661910.800,false,-16978240,1545529#KTf5AzRhm71jCp,7600480.0000
2259,1786,2367,690,236,-6.4870,-1.243547907E7,13738421#to3V1bJphnGHwzi8BMs,8929794,-8137207.800,false,-14011160,17280213#WxIwaKlrKJt5Wr,-3359424.0000
2260,1928,1387,1168,562,-4.4200,-1.131384385E7,18523158#AjReB7fMYI02l81K6tW,14147861,14098757.200,true,3247785,20860109#XmDAhlCbLgws2Z,17499216.0000
2261,2712,1172,733,466,-0.0636,4271952.17,21558756#46B863OS8diIwcpjsj2,-7625299,-2793918.100,false,6984250,134965#pQJw8Xyh3tEFnk,-6986320.0000
2262,1099,2185,379,297,-2.4358,-1.497872892E7,13208675#pBVmctw23kRqb83ySdK,-3824905,7735218.140,true,-15015923,1428852#posT0OWdBHvc4Y,11415456.0000
2263,375,1430,586,307,-4.7260,-1.759706144E7,19733584#j6oMqXMLqS5IWpt3si4,6899869,22400996.670,false,11781461,10594533#Xc8pwZ0lYC71qQ,-17700832.0000
2264,1927,1184,600,277,7.1520,-1.70914741E7,6558381#HlREsCbIX7dGFeDRzaA,-21342904,11453328.510,true,18632686,8638964#XYV2kOppAiq1ax,3074640.0000
2265,2559,2391,1139,161,-6.7110,1.773007603E7,7553183#vYp03YZNZQMXeBu5Zk0,-14126784,-6220264.280,false,4558626,7274192#D1H1bD8ugIU2RP,11955328.0000
2266,2006,1410,1084,1135,2.3926,-5943784.92,22579240#tL7CkANeXwyXfre8NPT,14833513,-21329271.170,true,-15410569,8928693#NvWYBFYs910MY7,18156160.0000
2267,521,2252,227,317,5.9072,-1.473428313E7,19332766#cXOq2M9757QMLjszL1Y,-20065653,-18484418.980,false,11666859,10198092#9EP2gZO3hR83cv,-12222576.0000
2268,1191,481,920,139,3.3620,-1.254765518E7,16435658#ZzRKZVUYWaQxDPkguTn,-6396181,-10096505.230,false,-17285946,10863641#fnAJ7DnQ3FkOk7,742992.0000
2269,1286,2755,1069,1193,-2.2890,-1.82333838E7,15142962#Z9zhppj8zdMsh0CgE4z,-15188649,-1996915.240,true,-1130731,5201987#wuzDhjfm8HnAu3,-21712160.0000
2270,1052,1363,235,1071,3.2050,-4221284.84,12300601#Zvux2tcaaL9JcU2qluw,6316507,-17897325.370,true,13103882,9823853#ajBRIcIR0GXQDA,12784288.0000
2271,2224,2244,129,1005,-4.8420,3156611.94,15744598#YhvGiDqVjb09ia40Y5K,-9774851,-1679905.950,false,18376341,16127575#PFE5zfes2ElPCW,4148416.0000
2272,1478,520,555,819,-2.2430,-2.224749223E7,12839704#uJuEG5kuK5ZdgppW2IK,-3617837,-8288306.090,false,15533548,2528070#4z4XbhQfUaNDZV,-2611008.0000
2273,1586,467,49,535,-6.5390,-1.157430186E7,7905218#yNqAKJAUwWvbCxBFGAT,-11003357,20303296.040,false,8430092,19682762#lSOF35tT6LasgQ,-16647744.0000
2274,509,106,55,734,-1.5644,-2.00046095E7,1257740#NJ7rfE0XS0pA9aoc1pD,-4321150,-2375210.130,true,-13587293,9462759#6xEKt1Qh8X7w78,-9244192.0000
2275,2193,409,304,1248,2.6575,-2.264068896E7,7274935#QgPbK2T3p9EcrKpSiz8,13608299,-14305619.260,true,9110341,18893933#Xn9btXg1shGvEY,-5603568.0000
2276,1481,802,231,229,-2.0760,7650282.83,1714666#KbQPN4UWdbZXx2zXqAw,1650930,-9760390.050,false,-15436485,1686973#UgNSpte4TZMg3o,-735104.0000
2277,1673,956,343,241,-4.2840,7833548.65,22580913#s6zsCoqCbmJlhxyKTnn,437129,-21714459.440,true,-263005,12816208#TQ4ATcYpsyXTYj,18834304.0000
2278,2037,384,886,747,0.6023,-1.673455865E7,7067340#WmDkwnWRDYxZVzSBron,3526988,18511361.760,false,3686718,9240833#IDfJdUU1K4VlXY,-21031728.0000
2279,132,2596,939,344,2.6669,-3862973.44,2513725#4Ru645vxvhygNyraS9h,-10672966,10458707.520,true,-2644185,13599271#0D5INTQeFYPZ0C,2726960.0000
2280,201,1176,501,186,3.8460,-1.487470345E7,9090968#xxDwNROLeuGZNIiNlp9,11001490,1621985.810,false,-20920919,13955502#pl9t3PdAjGnK0N,-21419232.0000
2281,822,1643,953,1213,-4.6620,1.27424284E7,16795069#vcgzwiQ3T0allfmJ9sm,-18609433,15133800.850,false,21112934,11020668#cNACIcsob2vDiS,6501168.0000
2282,723,31,1045,430,-4.3640,-6907706.56,11486268#zODSBG9Qpu02o6Dq0k9,18383253,8984820.020,true,-22092715,5819576#8d5Dm8UlypRmrb,-14204900.0000
2283,2319,2707,1015,1352,2.9999,6971422.97,17345423#LZ4EuQuJSZFN4qVgG0C,-5737178,-10695059.150,true,4982400,3654705#YSfzrskyXkiLuE,-22455824.0000
2284,1725,319,205,1185,-6.8400,-1.676573299E7,13121424#cYKH8ROFx7bGr2qnGvE,-11408566,-14054047.800,false,1931805,1983654#emhO8cRSNLXszJ,2016560.0000
2285,751,1600,982,528,5.9980,-5365894.54,4056840#bEupyr8yRv9aUtdFNVC,12272558,-2983633.820,true,-20972637,20709175#xakTBCciaf7uKM,17581008.0000
2286,116,878,391,616,-2.2574,-5961657.17,18253275#06TFEGlA5vHHksvyH84,19712165,-6896665.760,false,-5133155,10755198#Ip3s4DPniqqboJ,19386944.0000
2287,933,2720,347,120,-0.5372,1.248324036E7,11441442#XEAfgt3NPsz5jWYCY5E,18555942,8603031.230,true,19007801,13869274#GCLHMQDwuSxaOu,-7613216.0000
2288,1655,482,268,952,-1.0228,4070580.51,11112822#Vdx1IfFwYuZB6Xb7t11,-7691823,10706482.810,true,-5759365,20197653#aALdzTgel030aR,4647744.0000
2289,1609,2106,1186,747,3.8535,5156676.79,1382429#6kgtl3BLu8USIwQsBU9,13160704,-12733328.610,false,7045178,15058071#mQgEM1I4LG59fN,-12633056.0000
2290,748,1598,220,1440,0.4706,7514698.71,3026194#ixBy12sF1UXQYBZzFPe,-17097287,-8359363.070,false,-20201716,7117028#foGCHKtsvuH6PB,-12746288.0000
2291,340,1296,98,1332,-1.3337,-2.008326187E7,13723181#V83Rj0AJS5f929MBDRp,-1267687,11602786.430,true,8921562,12180077#hrf2IxW6js1y9U,7818312.0000
2292,289,2509,1200,1392,-4.5824,1.98695824E7,18077673#cEnJYkRaJ21FhtXjVBb,5644311,8576676.790,false,9453472,12187003#ccIHZCUxk1Whod,-21525616.0000
2293,402,761,893,1338,-1.8337,-1.78260805E7,14632372#eeW53TXuRJCA7IJ9w5r,21184816,-19432886.850,true,-5676329,8434611#14LolWSqVxI1c7,-9435968.0000
2294,1101,2654,1166,632,0.9516,-7442406.04,22005729#RYfoOaWvMLHbk98dduR,-1883672,11837605.010,false,7076552,20587929#ZeWzOWHI64OJGR,-8472544.0000
2295,1670,1816,402,143,5.2690,2352276.34,5858832#ZjzMDKLoSr75zQYbQ4Z,6937323,19130921.360,false,-22702573,17689788#RRp1RYaqFeP2fU,-4580704.0000
2296,2692,2566,883,1117,-0.1566,-3820174.8,2977666#KbQPN4UWdbZXx2zXqAw,5008243,8467366.410,false,5143359,4751267#EIOfZNfID3fK0s,-6024320.0000
2297,876,386,301,164,5.3834,1.481902667E7,1665358#WvVAWo92h7OTfOoHvfj,-11872945,-5871327.610,true,-9765177,12766875#xydwkgDwKDmK6W,-1400160.0000
2298,666,1886,37,401,-2.0180,-1.400681879E7,7579346#tJVpsLpKHVEuUTiFiyN,22483987,-1644418.300,false,2774259,4065329#p8ZFc39dpq1U8c,-19836512.0000
2299,2183,2737,196,494,-0.7295,-4661661.3,244373#aCPIX7wi3Cfee6PWsVz,8307587,-21464047.650,true,3413043,17401379#lZ8vRfNNJ2Zsc9,-6136144.0000
2300,329,66,142,1338,-2.3800,9053382.23,6841530#dGdArc1Hi2Tok4JNXaN,-12093580,-16403212.610,false,-3566075,11920665#xXBRZcE4rJRPM1,-10907652.0000
2301,1038,1346,175,202,-4.3120,-3794734.96,6852413#VTofn1u4Fwq9zmtjZ1z,985540,5621601.340,false,17974119,18797156#nzx3cIu21grJ80,8943904.0000
2302,869,499,1159,1255,-1.0906,1.798178237E7,20030633#dSx8CI449OYvKkJ9p3H,3037350,7115981.960,true,-20392562,4380591#2HjtGpHRKgNAHO,19228160.0000
2303,840,1603,1001,1388,-2.5030,-1.426483211E7,8008823#SndnxIMAd8TjoObbFmZ,-15578335,3049024.190,true,-14890296,5317785#KpsvojoiwnbBEw,-6125392.0000
