1,1,219,639,261,-374,-847.69,14607.1,1687,0.4,12696#vALSQ1Pi7STZD1zMl3EuSq,624.00,14347#eWVBiTXYBNzuxeV
1,2,659,1810,489,-14763,-11386.4,8805.66,845,0.2,18355#8f9ypuxQeo7ySQHnbuwDFT,20048.00,14632#lnrOqt8EvUY01k0
1,3,375,2890,131,7756,4763.67,5003.78,-17689,0.2,22671#rH72cqhkSnJDeJ09hJPNmd,-30832.00,18902#qcOiWhF9VMOJHYp
1,4,223,381,1309,-23777,27714.65,-29788.67,27344,-0.3,41374#w8uupYD3ajwS2ktNVDYxDr,5680.00,31590#qmLjbG01IXVAKFj
1,5,260,1171,654,-21327,-52550.02,-33486.58,33039,0.2,29219#BbpVYNOv4HTACvYfWG69i5,-35216.00,29281#7l5csNg96HTFN30
1,6,384,2720,740,-26035,7832.29,75.28,6933,0.0,13248#Y0ii8HNmpSIUN5GL9f5wKK,23392.00,17567#kLGtXuB7Huw92ad
1,7,694,502,647,51385,-34914.38,-342.11,3943,0.1,63466#gadaH16UGVM9LWvrvudQj7,-23104.00,34875#HpFUnSRioF85RJW
1,8,186,3327,971,-82378,41376.81,-33599.71,40475,0.1,76645#TeTpGynBZAFQZIDgI2C8U5,22752.00,82776#LtZmjr9UxzOm3N4
1,9,1109,3044,1338,-60631,75204.47,22185.26,89021,-0.2,64598#Mq3f15yyAUV4Me0mt33RFL,85648.00,26561#IK2CK57SsfZRTcD
1,10,1154,3676,550,-83192,-73062.2,20388.97,69694,0.1,26767#brRZ8Jp2OxXU2G4DNK2iIt,-25008.00,57701#LcKJ0l9dRXXVxwr
1,11,267,1327,1140,-97570,-66220.65,-48468.93,-26730,0.1,75277#lh3izVLuFMhNb7ZLV8nSzI,68720.00,109000#XJymZmV69jkxmIX
1,12,140,2584,126,53098,59090.62,-60415.85,33200,0.0,52114#DRuOxPNFRbdvvCNGCjTUPD,-29104.00,121463#s7fxN6DeHv41CXG
1,13,985,1262,350,17793,-7212.98,-9629.6,122509,0.2,99160#86CcbmN0OQFN37p9J7YtbX,-21504.00,27301#4ru2IdwTtwgLhLq
1,14,351,2882,697,31998,52602.91,39763.01,-42243,0.0,131007#gwKAIYtvWZxgU6hw2Ps8MJ,24592.00,103574#t0DcFh1UkkWOAgW
1,15,196,2320,1261,23925,82820.43,-17396.17,-37768,0.5,69808#pVMpXNnqBym0RqYginX9H8,44880.00,59398#6DpsEwNxxAg5Ey4
1,16,68,2482,1197,-53012,92655.5,155034.0,-81532,-0.3,63245#nh3cwb06wIH0Dxlg0ILiEb,68048.00,40632#lnrOqt8EvUY01k0
1,17,419,320,1090,92554,14959.44,162264.63,-44123,0.2,41197#Ck8bXgqgjCyRq0F5KVgVg8,-11168.00,53657#2nmooPPVsUq7Rbc
1,18,713,2258,529,149609,65426.65,-116740.25,-91265,0.0,54584#4Qf0FSDdbq1PQrnBrneA1D,-174448.00,108640#lnnbJPzoPpccSM5
1,19,1075,1,1291,80788,-155667.78,37365.31,160196,-0.2,107763#ekuiKkzIJWYtuiQ8jInqBK,119264.00,43697#8ZYjUWycmLnj0xC
1,20,779,2508,274,157866,121207.26,-9950.3,7050,-0.3,193325#A4CxW6jlNYO7n8vrdXqlER,-49552.00,30972#FrP5nojenfssabV
1,21,561,2152,917,-42852,-94352.66,12707.07,-36068,-0.2,80075#oRD4HB2MYIr3vWlirZHlQh,-201984.00,27049#639hw5DYv2RjP21
1,22,409,2880,573,-67741,177063.16,170490.85,28666,-0.3,214124#Aq7s8rrOyGUhiKlzKmeZ9u,60784.00,150022#ACLglnBueBnSGWG
1,23,863,549,1416,157329,237412.71,214245.1,52632,0.2,160198#rtPNED7tnjbzjJUyj78CYm,168304.00,37041#D9Q7IvoZk90Q8sg
1,24,235,1628,878,222999,-178602.24,-39716.7,-64370,0.0,166167#WkTSfKJIFRSA9FpbIqCINH,-131696.00,234701#LcKJ0l9dRXXVxwr
1,25,917,3596,474,122428,111588.28,30546.73,-14666,-0.3,18979#LkdBa0HNWO80HclTZMK3o3,-237664.00,43242#W45y9IZA896qOEM
1,26,396,2825,251,158153,-126573.04,207478.89,30522,0.2,253479#WhamDTas3dndRi92VPFvlZ,-52592.00,144804#FrfqhYTvXfVtYtc
1,27,130,2409,830,-144875,-240229.16,247916.91,91391,0.0,126026#9T14itEmVX0wBVfZmxhLuh,-154592.00,217579#mP2qOI5JlRbCBr4
1,28,490,3578,706,233911,-58930.6,-33545.2,-124420,0.1,28022#JUooP7E1obHVz2gn7RPT29,243392.00,174734#wQq80SFBLInU2Ku
1,29,347,2973,43,-225953,87409.25,42869.65,42029,0.0,104838#iTsO0jfbgJBM4yd2DtNGYt,-158160.00,245058#uWqs3n25PMYaJwa
1,30,230,3800,527,-178760,-132852.38,60794.29,22903,0.0,137882#rfbrZUxIzuSQUecpWP74EU,-89488.00,126367#03YDwoPyb34QcJU
1,31,164,3168,739,138364,-291352.19,90032.9,-77872,0.4,169764#JaxmavktinabkXajWgsxn8,-189168.00,264599#Xi4OhJILcJhBb1x
1,32,332,1942,1359,-246233,23684.5,-185904.65,-180643,0.1,200478#1qOFWkTkhHkKgR3Jgxj3O5,87744.00,137554#IqRaNmmnddgF8MC
1,33,913,2713,281,-16441,13638.7,246010.02,202824,0.1,317575#DIhY23GMUE08mgz8o8oxlA,-180432.00,129668#qJN36uBOaJAxYCW
1,34,1085,3273,1011,134367,-62757.29,-316291.76,252075,0.4,156511#oEuTygERfL4hNTASfalFJ2,-188064.00,279229#fNqwnbI3YsbCVoN
1,35,773,2350,283,159060,-172167.81,-219749.63,82045,0.0,149312#2rljXDmpUVJ3y3ectEFXG4,319504.00,230217#O6qtNjk1gejsUI7
1,36,846,3779,745,-342081,-324049.09,206005.48,100523,0.2,233801#svoEf8IraKSEbdR6ae0Z7m,-9600.00,52568#7ay7fcz91oERZDM
1,37,965,2797,903,-331419,323399.36,-129920.94,212860,0.1,173726#ipJY7mp1WFJWd4XaxuB9vx,208816.00,201315#RRcqFyEhha7HIOC
1,38,385,728,444,-91517,-353821.27,101361.62,310760,0.0,295572#F5si4EIbR64KiFOliSBW9u,246288.00,355724#6s7ScYVOmyksUII
1,39,767,549,829,7882,-269552.72,339965.55,-210644,0.2,293867#OApObyLFTZIBpI6ZK13yQn,256384.00,201300#bfpt8n1GMsYt2lL
1,40,11,3704,190,-280348,-268182.2,323651.79,334982,0.2,61984#A1A8Lle18PipR6AQYYnawZ,185744.00,256853#cSMqisbwSYiSrJR
1,41,814,2112,610,-360390,131439.24,-376054.07,323705,-0.1,162848#Trx57p3vGAxcUd0sIkeBZb,384096.00,77206#itTbMMmFgpc5PP8
1,42,1040,3922,433,-353746,-403118.17,38298.7,62595,0.1,377230#cBJexTLKGmGmpMXHhRyBsS,-234672.00,376316#MFmfy42c0a9H2yV
1,43,1013,2697,577,-245868,281750.12,214585.27,32199,0.4,161547#fonJbOUgmvMc0NaPnkOlut,158432.00,264158#JHJo8q3of5COpwt
1,44,846,2742,544,-86583,381440.09,125652.91,105930,-0.1,164424#e0Xb9NakRZqrcPaSGTWWVw,-216800.00,183581#dZjQHHBRRdg0bhP
1,45,372,1741,438,-1709,-128817.57,-48137.5,-382896,-0.1,40317#1qhPt9Bo1ULZ0vqnNYcCYa,150032.00,184333#dmZiWSyez6cmyBH
1,46,207,2937,100,104788,67037.01,-241238.06,253291,0.2,183135#W3IITm1t0fSJWzHqj8IZdc,304080.00,59276#EZyRLvGny29NQ1g
1,47,500,39,934,92598,-402860.48,-349793.59,366817,0.0,282465#TpsIOzBRQjVSpj9mFgxapF,-401376.00,173574#t0DcFh1UkkWOAgW
1,48,773,751,1238,417402,-123265.38,29516.43,358148,0.0,46652#qSla7PxS70JZpH2kbVfLbE,325920.00,123690#aul90PZC5aBHZks
1,49,222,513,977,177499,-379921.33,-99282.44,450373,0.1,225516#1hVYR1NBUCm2YCmNlBlcC0,-310000.00,427517#Gwfwro9Cd79eXR9
1,50,394,3359,735,-425251,-199597.7,-108855.77,413916,-0.1,145664#NcOomwJOURSCvm92vArCuD,-360992.00,280261#CjXLyyhjj87wfX4
1,51,380,3239,426,-361866,-108047.69,384207.1,299591,0.5,168259#cUIPte6Rk91yloM8EeQpU6,-167376.00,380228#Q8B4Sx5F2xqGOzY
1,52,719,2135,438,-390522,-264986.4,430405.66,-60350,0.3,286113#IswQSAPEwsSy5l5wIm6cIl,355248.00,179168#bc4GlSMRlkm7H0z
1,53,1210,954,1083,-8493,81563.67,36203.78,-392829,0.2,377360#v4YYSZeOJP6xncFqZ8JcQ6,-456432.00,314860#WYdZGl3cGyNuSnT
1,54,1183,2091,308,-216041,473314.65,-280988.67,399443,-0.4,446558#KyRnFYsvLADGFxLK7xew14,12080.00,383289#wlDWg7Gf3D0jcZ1
1,55,492,191,1234,-279910,-486950.02,-442286.58,396218,0.4,285979#LkdBa0HNWO80HclTZMK3o3,-380816.00,304224#cCmxLUfxsn9yVbO
1,56,1020,3640,1127,-182199,130232.29,57675.28,17264,0.0,106648#Nr8QECpFDQ6MyRkugwh0gm,269792.00,124786#OMed45pUA61eJcy
1,57,1074,2627,267,452899,-302914.38,-21942.11,-35371,0.0,505121#JSZ5OSN96WLj0FFqsw4uVu,-153504.00,240599#Xi4OhJILcJhBb1x
1,58,791,847,589,-551195,301376.81,-292799.71,349460,0.0,524665#oY3iBf0T6V58UEFz5X6MZp,226752.00,557400#ZXNUKd88IjwfYgl
1,59,675,696,1300,-352441,504804.47,110185.26,566734,-0.2,412981#DPbCzMjAkfe1YzGNYDoJ0u,529648.00,124533#hYd5h30LY97abDM
1,60,406,1196,670,-469056,-420262.2,96388.97,437331,0.3,121515#f8NN8S7UqT0BKMZjwp001S,-180208.00,299449#K7bLqaIXx5JMfGh
1,61,120,2227,110,-524620,-363020.65,-285268.93,-138198,0.0,415089#1EttGwCM91G8vLj9V1vm3N,347120.00,575036#TRrA610Ny0l2r6j
1,62,1206,2667,156,306480,273490.62,-334815.85,146904,0.0,256039#dIolWKn9bcOVYbICSLX01Z,-128304.00,588358#Xo4Gxf2Xt7M2mtQ
1,63,1176,2329,565,68832,-52012.98,-60029.6,584678,0.3,465935#EsbXsQxgoHjK1dHZPoyCjr,-113504.00,126870#qQz01FDZbao8lEP
1,64,1133,771,1182,141321,216602.91,216563.01,-165879,0.0,574053#kjQDMEUuqBP2oyPCL7t1t3,146192.00,469393#DyxaPRThldwK2wl
1,65,937,845,591,83472,342020.43,-67796.17,-194828,0.7,290904#aawSZOj9pMnKWd7qvZQ6su,208880.00,252419#2xVYoeUtE9vpYOX
1,66,803,2422,1297,-214927,398255.5,638234.0,-340369,-0.4,238089#1EttGwCM91G8vLj9V1vm3N,268048.00,156152#umzq2lmGDIGfAch
1,67,985,2543,863,382392,50959.44,649464.63,-187127,0.1,151510#szbXGhmeAhS644W1SLliiz,-67168.00,190703#Bn7jZxdvmzyCCMq
1,68,515,1673,389,539968,238226.65,-450340.25,-343117,0.0,197536#FuJAwmiohqdhhLW9DroCUm,-646448.00,409529#iTj0MhQfL0s4dI6
1,69,259,2361,495,274960,-552467.78,142965.31,581221,-0.2,378405#oKvV6IgiFOzFhtBktdvhc2,408864.00,154913#iqRjDuLvxxlOmlx
1,70,27,3451,1034,552698,443607.26,-15550.3,27462,-0.3,673470#PjIxIN5L3GENiYsgUHBoT5,-184752.00,84128#55Msi2armFw1vGq
1,71,427,2039,817,-136900,-324752.66,34307.07,-142501,-0.4,252162#7yuETMdpnTmaggKdD3EIhb,-660384.00,72014#y0Sn0yC8EUrkAcT
1,72,537,2840,656,-230567,567463.16,542490.85,86802,-0.3,698969#5KWr9xE2fYyhWjXizIPBWo,194384.00,480805#bvPqHEvjcKH65s0
1,73,876,1739,596,485410,731812.71,691845.1,150697,0.0,498703#a1g3T3sYIA3L1Dqe4dBSoa,534704.00,111768#UP5J0ggBqAlAMRF
1,74,839,970,85,706057,-566602.24,-137316.7,-194111,0.0,500222#wS1SbHAE6MvYbfG5QNPlHD,-406896.00,708210#FX3S7lNDgLYGSf6
1,75,537,111,1081,354486,329988.28,101746.73,-43521,-0.3,40509#zau3MpwGLlyTYJxZLCUMYL,-726464.00,126176#T7eKO2BoqndX5uI
1,76,1060,1283,1025,474477,-374573.04,614678.89,100326,0.3,733809#Oq9yZtW64XtPHI9qQkq0h2,-154192.00,412408#PBiJ9FF5hOSgeYJ
1,77,838,3744,623,-394655,-684229.16,706316.91,277953,-0.1,355252#fQU2R9PPxSPKIS8AhdWDw9,-424192.00,613746#cRefgdbU2QLxKAI
1,78,151,2148,866,664099,-158130.6,-79945.2,-359597,0.3,71581#GrD5zNQdhV0jD4NQ3E2nfE,691392.00,481882#C118cA8K3FAW23g
1,79,290,3563,1313,-625984,243409.25,133269.65,104598,0.1,272013#XoNiDGAZ3IuaKv12yku8yo,-428560.00,663727#xuCrgabghbnpU1n
1,80,1053,678,642,-472924,-368852.38,149594.29,46743,0.0,364695#5mUgsi3HOabh3VXj87bILh,-239088.00,327940#9ksgeO4iIPhLRdb
1,81,164,384,974,368373,-755352.19,234032.9,-191241,0.6,431517#h7OusXVSje1ksxq4jofUJo,-478768.00,683330#Id6rRIM3Gt4P4hZ
1,82,511,3620,1344,-620295,70884.5,-480304.65,-477706,0.1,508411#w73KOKaikN8hy1GJGyeiEA,209244.00,342274#tMMCDKzqDMdfP13
1,83,732,3941,370,-46740,29638.7,619610.02,500752,0.2,794980#Bxkumx1rXH2l14Aux8gsWc,-441232.00,326109#50ljhKe3obtWSaH
1,84,111,1883,148,333208,-155557.29,-775491.76,637471,0.5,374680#Gg6IUkhZcqcCQphpbAr9jD,-458464.00,678378#eidUKpTLdM5QP40
1,85,1196,3165,1115,387550,-415367.81,-535749.63,187742,0.0,350705#IjuX2r8Y9Y0GV2ewYTdvBI,769104.00,546565#YUTVCWBCssuovZQ
1,86,302,1108,435,-813538,-773649.09,494805.48,229629,0.3,550496#ruMtfJd7ioQS34ODQLvLxg,-23200.00,115747#553sbHNXd8thHhE
1,87,443,1465,500,-781163,772999.36,-304320.94,493659,0.2,397915#5xvL9uRHxbURFS0rAGJLwV,492016.00,468493#4UBzwakH2ymaWNk
1,88,583,3443,673,-219272,-810621.27,239761.62,721609,0.0,684213#Fxdk9U483ZJoyQtLQi2GOV,581488.00,821001#MVYhVOi36rbFmYU
1,89,1210,3024,1159,10606,-623152.72,785565.55,-490035,0.2,667965#w0YKxdIusKhByaAHmMq11B,584384.00,452754#CSMOE0rivVEDmpo
1,90,431,61,482,-637012,-596182.2,734851.79,752910,0.2,131486#t6c3bJA1CGzpBNKVjy1ELu,426544.00,566072#xYnLdIyMXdy5Q3Q
1,91,207,2812,615,-798245,285039.24,-838454.07,712167,-0.2,357243#ysPHEB0RySxJ8xzDB3pBRR,851296.00,167327#eU24pN6pAcmFtOg
1,92,1025,3092,623,-770716,-885518.17,83898.7,140270,0.3,824433#8lcWsgpK8TqpRb0wTHffyt,-513872.00,823685#UXdrFvUI6KqjUsB
1,93,1084,2182,287,-523502,608150.12,454585.27,70517,0.5,340037#RonMKTUI2JuRVYqn7FKZc9,343232.00,563807#mzUPG4J1h8bL1ci
1,94,750,3677,1172,-191792,803840.09,269652.91,231997,-0.2,346905#AckRieek6GvrvSlDa4cdMH,-463200.00,382884#q8bXLJPk6KNQqyr
1,95,714,2071,18,-8433,-267217.57,-92937.5,-797683,0.0,78210#eq49P8ZaHbwgcJ5wN36NxR,318032.00,379348#DZjECSmjjyxzs2Y
1,96,1185,2090,1171,210488,137437.01,-512438.06,530158,0.0,377956#URU04FSvfYnjvLFCCrVjWy,628080.00,115394#KQ2Nzkw2I3qSXWu
1,97,258,3377,29,182339,-836460.48,-732193.59,765440,0.0,574112#NKNv3k36YO4u0ygJVfIPE0,-822176.00,356537#AmjZK5bwiBpccmT
1,98,189,2146,653,852359,-251265.38,52716.43,721784,0.0,91911#oPz2B4RYmoT89FFoqEyaIf,657920.00,251447#A1dh21l2k2U4EPB
1,99,999,938,1357,357108,-777521.33,-208882.44,911422,0.0,451855#jNiiUfI0NMg56uaicJBNVM,-631600.00,854012#I4IsXlls4LE7Qro
1,100,334,494,505,-853819,-405197.7,-220855.77,829190,-0.1,285441#iz5Q7ZznAJWVVbaW6e0kei,-718592.00,560183#vuF9WoTgiB7gPcM
1,101,541,1874,591,-723358,-215247.69,753807.1,597494,0.6,323822#0Xt3rVPoIpKtXrdhr1dUy5,-335376.00,746109#50ljhKe3obtWSaH
1,102,780,2460,387,-766280,-518586.4,852005.66,-121547,0.5,553871#pG33ICAa81Uar8MeTUZMg8,690448.00,343704#DToLlAl5CmdZyaQ
1,103,831,2982,596,-24743,158363.67,67403.78,-767969,0.2,732049#84uYmHa84yIsX5VpJe3gCO,-882032.00,610818#7kO3yXHlYbEoXkU
1,104,929,3801,748,-408305,918914.65,-532188.67,771542,-0.5,851742#09kmk0NHILDgVjYEDYFi5q,18480.00,734988#TO3yQ1RuLBSoRaT
1,105,724,3176,374,-538493,-921350.02,-851086.58,759397,0.6,542740#2llzjB0pVNP1tLduZI0BQj,-726416.00,579167#dtbzxQ5JtQj5ZkB
1,106,442,595,75,-338363,252632.29,115275.28,27596,0.0,200047#O9tO8GXzc7m2kS0KvZGsE8,516192.00,232006#dpLdYXVD9HsU06Y
1,107,240,787,1327,854412,-570914.38,-43542.11,-74686,-0.1,946776#XG32p1iJOZGPeRFBRfiw1p,-283904.00,446322#TViQHpFeNjf0lkg
1,108,182,2332,206,-1020012,561376.81,-551999.71,658444,-0.1,972686#2kjt5bKrSd1rpp4N6dqKet,430752.00,1032025#P0him0i7rOgs6nV
1,109,241,2314,1263,-644251,934404.47,198185.26,1044447,-0.3,761363#80PVaun6c31EVvrlCqa3WL,973648.00,222505#Nd2AA2qwRsSEGnO
1,110,872,2681,790,-854920,-767462.2,172388.97,804968,0.5,216264#EkF1gaxvs2lEf3AqKceidt,-335408.00,541198#8fQ3w3WsOvPteaY
1,111,1187,3127,520,-951670,-659820.65,-522068.93,-249665,0.0,754900#BjbfceGe3tvnXRJzGOmkuf,625520.00,1041073#e5EQJdbgixvmb7q
1,112,1058,2751,186,559863,487890.62,-609215.85,260608,0.1,459964#TSID245XXXvtWQHXGcE4Lv,-227504.00,1055253#PVdaa9BsqcI4aav
1,113,153,3397,780,119871,-96812.98,-110429.6,1046847,0.4,832710#9VtqALT16gDPlU5VKEazRI,-205504.00,226439#CLonJRKY8M28dJo
1,114,701,2624,227,250645,380602.91,393363.01,-289514,0.1,1017100#JxcyVTPQ40vTjKdF0JCZ9K,267792.00,835212#UoQlOPOqSNrRCyJ
1,115,464,3335,1361,143020,601220.43,-118196.17,-351888,0.9,512000#7LMhBGTWaGKGy7MNblSqte,372880.00,445441#w46fEZn6UCVmTZM
1,116,323,2362,1397,-376842,703855.5,1121434.0,-599206,-0.6,412934#0eWQslO9dabeESkfxOjc8h,468048.00,271672#lLgoWQTqaH6URcZ
1,117,337,800,635,672229,86959.44,1136664.63,-330132,0.1,261823#g8rTkj7BXQAMkgkcpOGc6I,-123168.00,327749#HDZuxaZNnbMS5Xj
1,118,317,1088,249,930327,411026.65,-783940.25,-594969,0.1,340488#vmq7juDnmmxi59pLxLwI6M,-1118448.00,710417#jY11YKIcrVscgrr
1,119,657,756,1138,469131,-949267.78,248565.31,1002245,-0.1,649046#YqU2z8HeOi9hRslE6O2CGr,698464.00,266128#55Msi2armFw1vGq
1,120,489,429,354,947531,766007.26,-21150.3,47875,-0.3,1153614#sK1hg0CfNsn1NgI5lA1PtA,-319952.00,137284#hGNeE9tJhpVW2Is
1,121,293,1925,717,-230947,-555152.66,55907.07,-248933,-0.5,424249#4mWNQaclA3brk44bfgt9by,-1118784.00,116978#GfbycGQdNw6ZunA
1,122,666,2800,738,-393393,957863.16,914490.85,144938,-0.3,1183814#LBxpMhvEgUDzn34099Pl3x,327984.00,811589#UZM3I6C78pJkJGB
1,123,889,2929,1216,813491,1226212.71,1169445.1,248761,-0.1,837208#zpSaTb0oXEU0nyMFKr95kO,901104.00,186496#8cWZWFscDx0pmwd
1,124,229,313,733,1189116,-954602.24,-234916.7,-323852,0.0,834276#LW41ktOrX4tXo8EL12dTuE,-682096.00,1181719#hVS4eWufkDFnyFC
1,125,158,591,249,586545,548388.28,172946.73,-72377,-0.2,62039#dIolWKn9bcOVYbICSLX01Z,-1215264.00,209110#2zzvaKqRsyGVF5G
1,126,510,3705,359,790801,-622573.04,1021878.89,170130,0.5,1214139#tbtQzAR5iIjl3GK2z19ElX,-255792.00,680013#AT3gpKGfLlQrFVP
1,127,332,1114,415,-644435,-1128229.16,1164716.91,464515,-0.1,584479#WhamDTas3dndRi92VPFvlZ,-693792.00,1009912#GzKVSPPiQRxqJTI
1,128,1026,718,1026,1094286,-257330.6,-126345.2,-594774,0.5,115141#Z4hESvSBIn9pCHMRqX3BFj,1139392.00,789029#Rc8evr9U93yPAA3
1,129,233,188,1143,-1026015,399409.25,223669.65,167166,0.2,439188#mmoyOpkMrFprhheaC8MrKy,-698960.00,1082397#yKMPt4Kk2sLC9kZ
1,130,663,1520,757,-767089,-604852.38,238394.29,70582,0.2,591508#uT1WUcFU8Uk1hqRLxRGfgv,-388688.00,529514#mIVGse1ROlwh3yg
1,131,164,1566,1209,598381,-1219352.19,378032.9,-304610,0.7,693270#fpu0qKMoQb64rtLeNyzAIR,-768368.00,1102062#9Y19khr0gyLhBhu
1,132,690,1332,1329,-994357,118084.5,-774704.65,-774769,0.1,816344#pv0uLTAOi1iHhinhyOVdGL,330744.00,546993#4FLkboYzCzShy8H
1,133,551,1203,458,-77039,45638.7,993210.02,798681,0.3,1272385#GuJ5A0rMLM5t6L0gyLPly4,-702032.00,522550#lAPf8c2zqcHjvBi
1,134,351,493,724,532049,-248357.29,-1234691.76,1022866,0.6,592850#F0snNei6X18wwnnCp8jEIF,-728864.00,1077526#5I7jcoLO2kIXy6U
1,135,404,15,506,616039,-658567.81,-851749.63,293440,0.0,552097#xIi1ZT94m9is8RtDaWWOOk,1218704.00,862913#iqRjDuLvxxlOmlx
1,136,971,2402,125,-1284996,-1223249.09,783605.48,358735,0.3,867192#xyaWGDyUYT4QjaEBGB5yWY,-36800.00,178927#1HfNfvsH8H2TfDk
1,137,1136,132,96,-1230907,1222599.36,-478720.94,774458,0.3,622104#LI8OY48YkFS6EEMP9GKxjv,775216.00,735671#IMJvPzzFaGpsZig
1,138,782,2193,901,-347027,-1267421.27,378161.62,1132458,-0.1,1072854#oq9cBDCI4RCHpFH5wtgu2R,916688.00,1286278#Wl2vThMilUkQZzN
1,139,439,1534,49,13329,-976752.72,1231165.55,-769427,0.2,1042063#N2J5lCnUTPv84foc4gvjYS,912384.00,704209#IBb7iiRSmojkWYx
1,140,851,384,775,-993676,-924182.2,1146051.79,1170838,0.1,200988#imRP5dVGPd0xQtNsv3HDbN,667344.00,875292#L3Ml8gbt1X6EOqx
1,141,815,3512,620,-1236099,438639.24,-1300854.07,1100630,-0.3,551638#qeCCjGFgCkd57Dm77Ch53B,1318496.00,257449#K7bLqaIXx5JMfGh
1,142,1009,2262,813,-1187685,-1367918.17,129498.7,217946,0.4,1271637#NRWocuDCV7Emah06KeGDtX,-793072.00,1271054#iEfoM4Rk8OGGFTT
1,143,1155,1667,1437,-801136,934550.12,694585.27,108836,0.7,518526#GVItzHQg7or2yGHd4WZu4u,528032.00,863456#zIyVii55NGE6Z1p
1,144,655,647,359,-297001,1226240.09,413652.91,358065,-0.3,529385#GuJ5A0rMLM5t6L0gyLPly4,-709600.00,582187#wWIUoDkkXEnBqo1
1,145,1056,2401,1038,-15156,-405617.57,-137737.5,-1212469,0.0,116104#LI8OY48YkFS6EEMP9GKxjv,486032.00,574364#EZcskt3Lp4rSYH7
1,146,949,1242,802,316188,207837.01,-783638.06,807025,-0.1,572777#AiWiFbRLYu2glgPRR7VEHa,952080.00,171512#tCB91DtZKUFoLax
1,147,16,2749,564,272081,-1270060.48,-1114593.59,1164063,0.1,865759#IP8eAtiD8Hm8V1sY6kGW16,-1242976.00,539500#YCNmiput0nwKrXk
1,148,819,3541,68,1287315,-379265.38,75916.43,1085420,0.0,137170#nZLG6AxhH4anzzy6atbCId,989920.00,379204#EprtCkEVOrLwF3a
1,149,561,1363,297,536717,-1175121.33,-318482.44,1372471,-0.2,678195#uygmSrQVxO84k92oXWqH2N,-953200.00,1280508#ANw7icXeRiS3eVa
1,150,274,1594,275,-1282386,-610797.7,-332855.77,1244465,-0.1,425218#Dlj0TykwBOJBNMSPhh5nlv,-1076192.00,840105#FKdxMrsY3CtoQJE
1,151,702,509,756,-1084850,-322447.69,1123407.1,895398,0.7,479385#GuJ5A0rMLM5t6L0gyLPly4,-503376.00,1111990#heN40fT0kKDyMet
1,152,840,2785,336,-1142039,-772186.4,1273605.66,-182743,0.6,821629#YHq45DwAvyOkE1px3StUkv,1025648.00,508240#ApFQ9oxCcI4VFN3
1,153,452,1046,108,-40992,235163.67,98603.78,-1143109,0.2,1086738#aH6wNBJtzU2mkz6bdRm7Qe,-1307632.00,906776#LtZmjr9UxzOm3N4
1,154,675,1546,1187,-600569,1364514.65,-783388.67,1143641,-0.6,1256926#gSEocjK0EBxE2bze8tx2be,24880.00,1086687#aSxLBUm6b8vkiYQ
1,155,956,2196,954,-797076,-1355750.02,-1259886.58,1122576,0.8,799500#xlw2T63CZjvrShCVxcLMv0,-1072016.00,854110#2zzvaKqRsyGVF5G
1,156,1078,1515,462,-494527,375032.29,172875.28,37927,0.0,293447#SGCbZzp68J1DrSPFnGuaLA,762592.00,339225#3lq5N3E7B8TDtcg
1,157,620,2912,947,1255926,-838914.38,-65142.11,-114001,-0.2,1388431#j2i5ds6SxzBctRlSqeQMQD,-414304.00,652046#jNHqsEf8NZxQR6d
1,158,787,3817,1264,-1488829,821376.81,-811199.71,967429,-0.3,1420706#PEgk5bdQgnVkSF4MS5DqbR,634752.00,1506649#rKdUrm3He8y678e
1,159,1021,3931,1225,-936061,1364004.47,286185.26,1522160,-0.3,1109746#yQhDSXKw9Vcx3h5aLsDBG5,1417648.00,320477#kbJIpxXiCOhESMl
1,160,124,201,910,-1240784,-1114662.2,248388.97,1172605,0.7,311012#F5nQJgWbOojuaqpgxg8TXr,-490608.00,782946#SB6120iJvCvPL2i
1,161,1040,62,930,-1378720,-956620.65,-758868.93,-361133,0.0,1094712#BaihCp3QtQMLL7EC1hB9g7,903920.00,1507109#50ljhKe3obtWSaH
1,162,910,2834,216,813245,702290.62,-883615.85,374312,0.2,663889#Fb3s1hlKcP9Rs32ELshmFU,-326704.00,1522148#nk5RHpLwwmfIjWB
1,163,344,499,995,170910,-141612.98,-160829.6,1509016,0.5,1199485#5nCAVxQvP7E1y7S0jQQO64,-297504.00,326008#JC7jg2YEU3f3q34
1,164,269,513,712,359968,544602.91,570163.01,-413150,0.1,1460146#pRzvOBFO76dCre1IgLqt9R,389392.00,1201031#xpYVNlDc56Eil9S
1,165,1205,1860,691,202567,860420.43,-168596.17,-508948,1.1,733096#9tvMcYKie6PKhMGJMBztn7,536880.00,638462#VJKi3MqqB8z7kuu
1,166,1058,2302,57,-538757,1009455.5,1604634.0,-858043,-0.7,587778#vPn9OrI47hyXOzreMxP0kB,668048.00,387192#1vs76G1fj5Rlmm1
1,167,903,3023,408,962067,122959.44,1623864.63,-473136,0.0,372136#nzgnhLSEZtQx1AneBifQvv,-179168.00,464795#e4f0JV3iA7VlJ7K
1,168,119,503,109,1320686,583826.65,-1117540.25,-846821,0.1,483440#auYdv00qbkRjF9n0o2Bjji,-1590448.00,1011306#r4u7HJbLNbdulUY
1,169,1055,3116,342,663303,-1346067.78,354165.31,1423270,0.0,919688#qw4m8cP6LrQiFcK85BBHTY,988064.00,377344#EPkedjIIXhlBDPJ
1,170,951,1372,1114,1342363,1088407.26,-26750.3,68287,-0.3,1633759#IP8eAtiD8Hm8V1sY6kGW16,-455152.00,190440#Zn915477gnhHrS4
1,171,159,1812,617,-324995,-785552.66,77507.07,-355366,-0.7,596336#wRFqzCSxoi0pYQIDJqWNrz,-1577184.00,161943#7WP7hgbgFTanwVd
1,172,794,2760,821,-556219,1348263.16,1286490.85,203074,-0.2,1668659#UlOxTwU8RVgfvo7fScteIH,461584.00,1142372#j4tSn0uCNSOJpnH
1,173,902,154,396,1141572,1720612.71,1647045.1,346826,-0.3,1175713#qgGdKC71dKeOCfmsrXI6Fd,1267504.00,261223#JKr1Jh6XYqZrwXU
1,174,833,3620,1380,1672174,-1342602.24,-332516.7,-453593,0.0,1168331#bsqlQsgIfC6eiay8RiGNB9,-957296.00,1655228#Q8B4Sx5F2xqGOzY
1,175,992,1071,856,818603,766788.28,244146.73,-101232,-0.2,83569#qKDPsdti6gWAY1pVUSqSx0,-1704064.00,292044#hERuCVtxNIHJe6z
1,176,1174,2163,1133,1107125,-870573.04,1429078.89,239934,0.6,1694469#1K8r22tSPsj8f1iUyGPvZ3,-357392.00,947617#UjzTKvykP9DQzQr
1,177,1040,2449,208,-894215,-1572229.16,1623116.91,651077,-0.2,813705#IjuX2r8Y9Y0GV2ewYTdvBI,-963392.00,1406079#et1u97TlCGT9xy7
1,178,687,3253,1186,1524474,-356530.6,-172745.2,-829951,0.7,158700#MNffQt24f7s0io7Wc3vsB1,1587392.00,1096177#IwnAYA3G1hxok4d
1,179,176,778,973,-1426046,555409.25,314069.65,229735,0.4,606363#80PVaun6c31EVvrlCqa3WL,-969360.00,1501066#Ez30nzA4CLq3fkO
1,180,272,2363,872,-1061253,-840852.38,327194.29,94422,0.4,818321#ZmattQ9DC3urRTvr7uosRh,-538288.00,731087#HWj3NBweSU7RTsn
1,181,164,2747,4,828390,-1683352.19,522032.9,-417979,0.8,955023#pCfeZ5wVpFAb4Bd19ckWWF,-1057968.00,1520793#lqLp5IXqTO70FsD
1,182,869,3010,1314,-1368419,165284.5,-1069104.65,-1071832,0.0,1124277#lh3izVLuFMhNb7ZLV8nSzI,452244.00,751713#Mf1GzyfQVfJjgA4
1,183,370,2431,547,-107338,61638.7,1366810.02,1096609,0.5,1749790#aFXI6IDwnbY1aMaKjXYwPv,-962832.00,718991#UcNTLGQYhODcmYw
1,184,591,3068,1301,730890,-341157.29,-1693891.76,1408262,0.8,811019#wGOc7iVhhdJFSKAaB6WLkz,-999264.00,1476675#13wihbIfwtLTs0u
1,185,827,830,1338,844529,-901767.81,-1167749.63,399137,0.0,753490#SJQHkBAKNNprWsTCLdbINr,1668304.00,1179261#CjXLyyhjj87wfX4
1,186,427,3696,1255,-1756453,-1672849.09,1072405.48,487841,0.4,1183887#qPwe0FmnuqT0WNq1KTuF1c,-50400.00,242106#muAaAlJOPVXPmh2
1,187,614,2765,1133,-1680651,1672199.36,-653120.94,1055257,0.4,846293#F0vylj1RiE9emhAkHKbHjN,1058416.00,1002849#t9eNFQvQCuzNITX
1,188,980,943,1130,-474782,-1724221.27,516561.62,1543307,-0.2,1461495#1ZRCAvOoxXgNTHeSQgGjH3,1251888.00,1751555#cRHQe0QSLETMmog
1,189,882,44,379,16053,-1330352.72,1676765.55,-1048818,0.2,1416161#vuAslKtepudiC1gUEWoD6R,1240384.00,955663#g2r9VDpQzhY0xhv
1,190,57,706,1067,-1350340,-1252182.2,1557251.79,1588766,0.1,270490#SJQHkBAKNNprWsTCLdbINr,908144.00,1184511#KraGC3FURjMiZZj
1,191,208,247,625,-1673954,592239.24,-1763254.07,1489092,-0.4,746033#jEBMWmqNdsiIXH3akrPeNc,1785696.00,347570#fOcuWpSkLRSRNsE
2,1,659,1810,489,-14763,-11386.4,8805.66,845,0.2,18355#8f9ypuxQeo7ySQHnbuwDFT,20048.00,14632#lnrOqt8EvUY01k0
2,2,28,235,1129,7431,6299.67,5627.78,-25192,0.2,29765#MPqhjuMgjl1bS7axD6p3Z2,-39344.00,24821#NFXZYc9FqRxgiRT
2,3,747,3780,117,-31468,45538.65,-39836.67,42228,-0.3,57582#iyTxDHziR2SmHW8yxEmUrv,5936.00,45658#0ahlHpARIQX1uBx
2,4,541,2381,1380,-36842,-78614.02,-58014.58,54830,0.2,44624#NRSXcFqqRKHWe5GtBWcCET,-55952.00,45777#QywVhCy6JpeP9XQ
2,5,532,1049,483,-38528,17624.29,4683.28,7759,0.0,20720#V2Zx4JzblZkHzSetRVX7iY,43104.00,26144#D36AEbJAZDglZ8e
2,6,732,714,897,91537,-61714.38,-2502.11,11,0.1,107632#QAbrPcG1PBq7qiYB7QtEh8,-36144.00,55447#A1dh21l2k2U4EPB
2,7,987,16,292,-138637,72576.81,-64703.71,77553,0.0,130407#sEwcBUKWMX1pr2P4KiurbD,47232.00,139731#SQoc0mGq81BfJUm
2,8,247,2557,468,-101484,135348.47,34505.26,155901,-0.2,113372#I3H1ESokcs1xZgeqZzfzuE,147808.00,40277#DGyasF8kkWle8Mw
2,9,1180,2169,742,-144930,-128614.2,32548.97,128516,0.1,41926#gSEocjK0EBxE2bze8tx2be,-49840.00,96381#IzHYpIcrqmdYmQQ
2,10,410,696,1185,-174439,-119644.65,-91092.93,-46794,0.0,136443#MUbAXUihNaIMzNZoPZzN1w,118832.00,192886#gmkHXqPKMXk9CyF
2,11,596,1807,996,103774,101970.62,-115295.85,55941,0.0,92899#uRZLZsOotIOgGdjzGj7xGO,-48944.00,214842#fdwjt7Eopdqk3LH
2,12,201,2131,225,29022,-17068.98,-20717.6,224186,0.2,179851#6ZYR1vjl7WvixN0W6nuGhx,-41744.00,49206#itTbMMmFgpc5PP8
2,13,393,1900,295,58235,91962.91,82195.01,-71916,0.0,237338#Am19mfGKrTwIhbyvSSerFe,53776.00,191371#rLWTup9oGr6kzCk
2,14,462,3919,626,39407,150212.43,-30500.17,-78604,0.5,127293#F0vylj1RiE9emhAkHKbHjN,87520.00,109584#st4vjTZ7lgecr5W
2,15,954,562,1225,-98349,178223.5,290330.0,-154007,-0.3,112201#Ph7pS25QNjNQ45MK7KsF0B,124048.00,72978#GfbycGQdNw6ZunA
2,16,953,2176,734,179505,25759.44,308424.63,-87024,0.2,74291#F5Hd1nz2SZDfVnA48HmxLC,-27968.00,94770#M5hRDQLCqAq5Qtq
2,17,941,3181,369,274524,120722.65,-223492.25,-171858,0.0,100328#GUQIeV6r2hwiz4xaC06TFJ,-325488.00,204925#yVT9gTUuYt1kw6L
2,18,749,1359,70,146806,-290579.78,73269.31,303345,-0.2,199781#PPtidoTNWRAepveZeobSy0,217728.00,81511#KraGC3FURjMiZZj
2,19,1091,3799,202,300006,237271.26,-11966.3,14398,-0.3,366177#57qClfp06OmZ13UVIuvQ73,-98224.00,50108#84U9v5lV3uq2XjA
2,20,850,2426,159,-78590,-181904.66,20915.07,-76512,-0.3,145468#pEAzl1RkkHWB0QmjhOQOOZ,-376176.00,44136#KCeQXQ2xuWYuKSw
2,21,946,485,318,-132871,333223.16,319290.85,51921,-0.3,408062#HAPWF24r6IIvKbunEWObXj,114224.00,282335#3nb9JQDrT4mSBC7
2,22,92,2159,294,295123,445060.71,414837.1,93819,0.1,302370#RohYJsBpcLS13usDVd9zyA,322192.00,68426#CN606heFMqRjAtQ
2,23,695,3400,68,435545,-349322.24,-82660.7,-121456,0.0,313151#HXiMg2qSXi8ILw7NpOIOfr,-252784.00,443045#jtebISw9Hz57ezV
