1,5,5,4,363,982,1186,1,-943.0700,200735,2011-04-27 10:14:28.000,-693918,877758,62780.8,885400.0,-468115,-551575.6,920380#Z3Def8E6yQgIZr6qZ02nbw8TAKdJf2PWWH1lweOm54Oku5M64Ypr6cmilwIMug6CacFBp4QBcl4m8u8TM
1,5,5,5,614,1762,1720,1,492.1500,648171,2011-06-22 18:53:13.000,-247298,-513334,18079.5,253010.52,45219,-434003.4,605204#i7stka3XR86qcwURd78EO5vHqXpM9XQTRqNwejBJEtiUw1dw65P3XDq3Vl5oQIw3KG39Z6nAfRk0QaBtg
1,5,5,6,1103,1322,992,1,101.2700,1323481,2003-10-15 03:06:19.000,-1372347,-821240,-817872.6,969235.94,-874759,-369846.9,825202#LOClUvXOt7SWPoUO7tAUx5GVju1N315QJ9kwrss8S4mAgyGTp8RbDxzxDi1nWqsSAojtHa8MI9oeieSBm
1,5,5,7,309,2064,1085,1,-409.1500,-1423459,2016-12-18 01:47:48.000,875619,-357333,-413987.9,-15247.72,-1557664,708828.4,1397027#KPcZc6Gw2qmySff5LYZLZXr72c9GadcrbzRefWf9oy4CaEYcqr5RJzEfNAlOKUsYpVIBPtSkyDmlug5iQ
1,5,5,8,186,2581,1231,1,-1164.3900,1140969,2017-12-22 11:18:16.000,-243751,1586157,388006.7,1921205.5,1764748,1456564.4,93420#QclNAlvxxUugr5iL2WZu2Utq2W5mk1qjlQlDiVrsZr96HO3v3JMAxWgueqedFhMzss5RUx2Q3NDJmhokn
1,5,5,9,67,2797,109,1,-1225.6600,55943,2015-04-06 19:19:17.000,760721,-930253,-784391.5,1960526.8,-762949,-2189475.5,344349#wTSSvWm5u1rqkI6ovH90eYm8TceXYMQCPtsObdoI7PiMcZ7CUijUSJJszQBJBV3LVP6fTvxybIWjKVJSR
1,5,6,1,119,2051,133,1,-16.8000,-93842,2017-03-23 12:26:42.000,31039,-167289,-130922.1,267067.4,7856,-97261.78,178694#AmbfEJIYiWCizhWraikvSbsVPnRJ4IU5CVW0UVNc0Z5SzjdDbk46EUdlVc8LbzAbN8vdUCR3Ut5uDpxMf
1,5,6,2,524,277,1607,1,747.0500,-450446,2006-07-25 07:00:09.000,-392979,-22713,232636.6,535076.5,142782,-311443.53,321622#VRygwuAAyjkqoacrOlsXjuxIc453SrEu4jO77wMm27VyUUYUnV9Q4KA0b9YtSIzS6ISUCW1Ln5nmNCEWf
1,5,6,3,327,2482,1096,1,-877.0700,180465,2011-03-21 05:05:53.000,-625098,790538,57209.2,796280.0,-420526,-495895.62,828648#vHdjEt1sHrkW3BCcCtB3UTxOXWpIyz7WJxdTjNOOK0BnS8tY1kmJsC0fKJ5CAU7y4Za03SQjE0mVdwaZ2
1,5,6,4,370,412,1205,1,474.7500,622096,2011-06-03 23:07:10.000,-237483,-493024,17454.8,242610.52,43685,-416323.4,581366#8YDefPXE0hpRFDhuGMueKu3fTx4usbYuo7yQhOFv7NuGrP7oITrEb9OBi3stOawjiDjBTpE9Ef6uvBxVH
1,5,6,5,1103,1322,992,1,101.2700,1323481,2003-10-15 03:06:19.000,-1372347,-821240,-817872.6,969235.94,-874759,-369846.9,825202#LOClUvXOt7SWPoUO7tAUx5GVju1N315QJ9kwrss8S4mAgyGTp8RbDxzxDi1nWqsSAojtHa8MI9oeieSBm
1,5,6,6,709,1454,285,1,-431.5000,-1464039,2016-12-25 11:58:51.000,900562,-367545,-425923.6,-15887.72,-1602146,729228.4,1436877#zAxNIvC4ikOtgyOU6l8arlptiVBb9t65ebWKILc5ulnpAqcMG3xroTXzb53paMWohKqDcMUaeg0G2L4Yt
1,5,6,7,728,2811,1021,1,-1227.9900,1198389,2018-01-02 00:22:29.000,-255511,1665792,407741.8,2017045.5,1853184,1529364.4,97811#EXOuQj2arfEzzCpFTbiCfwzqgrVynZXGNvP0QFEysy75IxfhNHbCFREZZE8Ay7rYLfmLGMiKpusJ15KqR
1,5,6,8,227,1024,552,1,-1334.2600,59276,2015-05-13 01:03:38.000,811803,-992090,-837303.0,2090606.8,-813159,-2335635.5,366819#TGUAUUTIMWjqrzzr9tFpMKn8Q2iMMrds18YVt8ljydMUCKCEfsMmiR0seOXf1hnJwADks23EfBIjwhsGY
1,5,6,9,537,2690,1658,1,1831.3900,607529,2010-04-30 05:36:29.000,-1094613,1150092,-1036781.1,1426790.8,-144424,2628938.0,686478#DxAN4vXaQ9wxmNdhIxiDgEusypKNAvQkFja62J6KMkqpwsfcqn67RXjKad2nhnfmj1QBchXJ8gmk4pNh0
1,5,7,1,197,1477,720,1,610.3000,-260121,2006-03-10 17:13:30.000,-230154,-16413,137595.1,315876.53,81077,-183443.52,187851#TLuX12WMtMwJ8hqgO7ffnhEjzdXInF7LndS9hv0g4VSur27SV97XBrgMgFpI5mqjtSV5kf526lqoP0MaO
1,5,7,2,255,2657,916,1,-745.0700,139925,2011-01-05 18:48:42.000,-487458,616098,46066.0,618040.0,-325348,-384535.62,645183#2EQPFyIhyOEHvfXF8P5quVDMZC1dAm7GuAsV1Wj7NsJYfpm9N12ywfvXeLyRnzA9N39yXwHp18d91NEhX
1,5,7,3,852,2012,1435,1,422.5500,543871,2011-04-08 11:48:59.000,-208038,-432094,15580.5,211410.52,39084,-363283.4,509853#IlfCuq9Ma6f84esqrF0RrNGR1qcnmTRMU39S1kaxZej4Z0ELL3TNLIUHUrH8P2DW5Z9Qm6k50MUxQwt5r
1,5,7,4,331,1512,1757,1,102.2700,1234641,2003-08-03 04:20:10.000,-1280867,-766730,-763134.4,904915.94,-816809,-345686.9,770368#VwpiVo6E70X3BcVPIjzsWsxP4WNrKVdl7qJdwCsOCfEhrqRB6mzTTtUlLUsOc7lN7TgITeoR8ViqiMw9n
1,5,7,5,309,2064,1085,1,-409.1500,-1423459,2016-12-18 01:47:48.000,875619,-357333,-413987.9,-15247.72,-1557664,708828.4,1397027#KPcZc6Gw2qmySff5LYZLZXr72c9GadcrbzRefWf9oy4CaEYcqr5RJzEfNAlOKUsYpVIBPtSkyDmlug5iQ
1,5,7,6,728,2811,1021,1,-1227.9900,1198389,2018-01-02 00:22:29.000,-255511,1665792,407741.8,2017045.5,1853184,1529364.4,97811#EXOuQj2arfEzzCpFTbiCfwzqgrVynZXGNvP0QFEysy75IxfhNHbCFREZZE8Ay7rYLfmLGMiKpusJ15KqR
1,5,7,7,685,2317,699,1,-1370.4600,60388,2015-05-25 02:58:25.000,828831,-1012703,-854940.1,2133966.8,-829896,-2384355.5,374309#K8ydTDXN40QI3wNJf7jyvMifqMCqNqvZGx2OgzyI0xCiwPPzP6jOzp2fTvbfqggWzYcghIK06LzfhYiG2
1,5,7,8,385,2125,1463,1,1892.8900,630069,2010-06-20 14:51:59.000,-1135199,1192912,-1074968.1,1479430.8,-149620,2726538.0,711708#NWlLLfbUu1SKIjDG03eqMy5RljMuHd8yMEMFfIP8F8ZgajtcfLOZvW50Jnzj60e9LKS6lWDrK4knUL7UQ
1,5,7,9,158,1660,1048,1,-191.6000,-801085,2011-06-06 22:20:43.000,2310375,374746,-1390593.3,-1276446.1,-1695845,-1254250.8,45859#Z3CbclAZ0VJRLdOuG0VT3DokJrJ4B8C4Y5Hl4a9Ls22LJ55sQya5d1NAzhAHH94uplEM0jquLgHo7n6Ap
1,5,8,1,147,1507,646,1,-547.0700,79115,2010-09-16 03:22:55.000,-280998,354438,29351.2,350679.97,-182581,-217495.64,369986#MXg4GedPRmV3ubSV6sRZtxBEFP40JFXA7a6qPi6g9M2zsx9wBCaCB2zUjHBypk38yV0OYKEjn04zSxAm2
1,5,8,2,846,912,635,1,335.5500,413496,2011-01-04 08:58:41.000,-158963,-330544,12456.8,159410.52,31417,-274883.4,390664#pY5WjMRK7WWvxK78eLZqfgZACimPH77CE8S6wc9CVucEXVw9nfYrm8Ia1nO4xXcaznoXLkbRLvhdBAaMJ
1,5,8,3,1,1892,1512,1,104.2700,1056961,2003-03-10 06:47:52.000,-1097907,-657710,-653658.0,776275.94,-700911,-297366.9,660700#AhtBaARSXkeBBwqthfys9FYizVsAx0kSq6o3vv5lcxhz1JjjafCLI4bRDm7uDrdrxzpKUaD2SHx48c0Py
1,5,8,4,325,1069,1710,1,-342.1000,-1301719,2016-11-25 19:14:41.000,800787,-326695,-378180.8,-13327.72,-1424220,647628.4,1277477#NDzAhswOXjSYM4DExinIu44BcyLNsB72KbrNQBU41VYeCpwTwGO6hX2e7RyCD5A9T0bJ6RmiXYdcT3BWv
1,5,8,5,186,2581,1231,1,-1164.3900,1140969,2017-12-22 11:18:16.000,-243751,1586157,388006.7,1921205.5,1764748,1456564.4,93420#QclNAlvxxUugr5iL2WZu2Utq2W5mk1qjlQlDiVrsZr96HO3v3JMAxWgueqedFhMzss5RUx2Q3NDJmhokn
1,5,8,6,227,1024,552,1,-1334.2600,59276,2015-05-13 01:03:38.000,811803,-992090,-837303.0,2090606.8,-813159,-2335635.5,366819#TGUAUUTIMWjqrzzr9tFpMKn8Q2iMMrds18YVt8ljydMUCKCEfsMmiR0seOXf1hnJwADks23EfBIjwhsGY
1,5,8,7,385,2125,1463,1,1892.8900,630069,2010-06-20 14:51:59.000,-1135199,1192912,-1074968.1,1479430.8,-149620,2726538.0,711708#NWlLLfbUu1SKIjDG03eqMy5RljMuHd8yMEMFfIP8F8ZgajtcfLOZvW50Jnzj60e9LKS6lWDrK4knUL7UQ
1,5,8,8,75,580,1443,1,-200.9500,-813699,2011-07-01 07:39:26.000,2347030,380721,-1412687.9,-1296766.1,-1722643,-1274250.8,46582#Ky28yrmZmEVgjDo280N95HICZZyStCv5dRsRpYhjiz18F0uxpEMhtDvacDGJIr0aswhMQZbUwyAj3OfIo
1,5,8,9,898,372,1469,1,2345.6800,-2367705,2019-01-01 18:43:00.000,-3350888,986202,1857913.1,-1935292.4,1911494,-1610443.0,3119521#C0gNHRGp0KIJK39KIfD0oAoMZsuHYXEA5d4uGxP7HNkTtFuCFYIYnTKwIT6RTRZ56pnquHEQ2qT9kDCnl
1,5,9,1,352,2762,580,1,213.7500,230971,2010-08-25 14:36:16.000,-90258,-188374,8083.5,86610.51,20682,-151123.4,223799#wfgoW1GmhSbtXudUAhNCO17LBMLHYKyzvZByWchpqs4BuxHpZybDmkcWEuvZz1p9dii47Sq3Sczw27vBJ
1,5,9,2,113,2462,257,1,107.2700,790441,2002-08-03 10:29:26.000,-823467,-494180,-489443.4,583315.94,-527063,-224886.9,496198#QORmhJ34Si4rauGtPsnK9yCLUS9s7Q8Zy3Icy74Va17m7g0ZIND7QExdh1rtdGljLMA7N7Hz5G9fKsCXV
1,5,9,3,755,1294,385,1,-230.3500,-1098819,2016-10-19 16:19:29.000,676069,-275633,-318502.3,-10127.72,-1201813,545628.4,1078227#ZZt3ZXZCz4IwJpUnmUfezn8vA9rl9YDPs9WQoN8RwdWluXhlSvhucgFXZUqRsH8GOabfHtGS0ZI0IJ9fn
1,5,9,4,316,2121,1651,1,-1037.1900,1026129,2017-12-01 09:09:50.000,-220231,1426887,348536.5,1729525.5,1587877,1310964.4,84636#IomRcvOubTgbQaC1iXcSZHVdsQF9Ski3tV6W8rbwEYAq5If1AzTDncHYgIWKWDXNvuPjfe26Tw19fmkXp
1,5,9,5,67,2797,109,1,-1225.6600,55943,2015-04-06 19:19:17.000,760721,-930253,-784391.5,1960526.8,-762949,-2189475.5,344349#wTSSvWm5u1rqkI6ovH90eYm8TceXYMQCPtsObdoI7PiMcZ7CUijUSJJszQBJBV3LVP6fTvxybIWjKVJSR
1,5,9,6,537,2690,1658,1,1831.3900,607529,2010-04-30 05:36:29.000,-1094613,1150092,-1036781.1,1426790.8,-144424,2628938.0,686478#DxAN4vXaQ9wxmNdhIxiDgEusypKNAvQkFja62J6KMkqpwsfcqn67RXjKad2nhnfmj1QBchXJ8gmk4pNh0
1,5,9,7,158,1660,1048,1,-191.6000,-801085,2011-06-06 22:20:43.000,2310375,374746,-1390593.3,-1276446.1,-1695845,-1254250.8,45859#Z3CbclAZ0VJRLdOuG0VT3DokJrJ4B8C4Y5Hl4a9Ls22LJ55sQya5d1NAzhAHH94uplEM0jquLgHo7n6Ap
1,5,9,8,898,372,1469,1,2345.6800,-2367705,2019-01-01 18:43:00.000,-3350888,986202,1857913.1,-1935292.4,1911494,-1610443.0,3119521#C0gNHRGp0KIJK39KIfD0oAoMZsuHYXEA5d4uGxP7HNkTtFuCFYIYnTKwIT6RTRZ56pnquHEQ2qT9kDCnl
1,5,9,9,981,1148,1090,1,3137.0100,-2429289,2010-03-28 01:49:15.000,1785277,2717070,2480077.2,-1685785.1,1629506,-2170685.0,1408790#OdrTguonvUfqSoYa3sTXqPEseyVzlIbSTQEBFieAQpgw9L2aeJJPQwhwBfaFhxlnb0XYpp8vu5sblMVRZ
1,6,1,1,263,1130,1130,1,97.6700,-31212,2000-05-13 06:20:09.000,-17374,7564,28183.7,54637.87,17487,-3488.47,54272#upHeL14TfDxlJ0NPm9egWp3V8RtbUT0U3YrGZcVLGeSDmG1Kv0liTFyWPBpamAeW0upzzTKCYEurKtDTy
1,6,1,2,691,734,1079,1,364.2200,-114366,2019-03-21 09:34:31.000,108513,49049,-93526.5,-71183.61,-62431,-33324.43,27418#xhrPL2sTxWMA16vLhf2Wb81c4VeP7jgAkuY2UYkRoWLFjrOMcL6YL6dcv763kAxj8ECQBCh74MHZP1J0z
1,6,1,3,675,1890,752,1,-255.2600,-77918,2006-05-07 23:01:17.000,-158948,53745,136752.7,-109850.36,113902,-168218.17,66298#AkSV6IN9dHgLPultzxP9VlGjtMldltqMDRXd4lnqbLwlUrRDLYwNDHq8lecdCrvnO6gnmePzZwEwFGQ0K
1,6,1,4,361,1843,1055,1,-371.1400,51165,2005-12-23 19:54:31.000,-104562,-107186,-79206.1,-173838.23,-191930,-4912.24,62969#0XHEuELl2lnX1O88wpGhagIJQ3vErq1wi2z6jii8bzzWkkI2zMcf2t8ESs8K1bgJrQr50ljCAIbQq5oxz
1,6,1,5,119,2051,133,1,-16.8000,-93842,2017-03-23 12:26:42.000,31039,-167289,-130922.1,267067.4,7856,-97261.78,178694#AmbfEJIYiWCizhWraikvSbsVPnRJ4IU5CVW0UVNc0Z5SzjdDbk46EUdlVc8LbzAbN8vdUCR3Ut5uDpxMf
1,6,1,6,550,864,1678,1,615.7700,-267734,2006-03-16 04:20:09.000,-236667,-16665,141396.8,324644.53,83545,-188563.52,193202#LOClUvXOt7SWPoUO7tAUx5GVju1N315QJ9kwrss8S4mAgyGTp8RbDxzxDi1nWqsSAojtHa8MI9oeieSBm
1,6,1,7,397,77,1019,1,-560.2700,83169,2010-09-23 14:00:38.000,-294762,371882,30465.5,368503.97,-192099,-228631.64,388332#LtelCDpxkfGUEl5IwLrBpZSkYmuwujczhRwNHpvjJ7cw1qup9kwrNlnAwBXxlMXumyds4xk7pbVuH2TNf
1,6,1,8,984,2442,179,1,224.1900,246616,2010-09-05 21:39:54.000,-96147,-200560,8458.4,92850.51,21602,-161731.4,238102#cB3hpHQQ4Tfjh8IDcmYfa3qrbBXvi1ufuPQpYZqqKSAIWoe2aQsKd7sH2gVoXYwPCzorrdmkcsfU5Cukl
1,6,1,9,733,321,881,1,110.8700,470617,2001-11-13 19:43:18.000,-494139,-297944,-292385.8,351763.9,-318445,-137910.9,298796#XE5xhK064KWlTU0cuTEXkTge2a4GuVPpeGYaLOOQkgeZbtjFqorPkq0q5MNjOsKFHz2yo8xeIQckzCl7y
1,6,2,1,691,734,1079,1,364.2200,-114366,2019-03-21 09:34:31.000,108513,49049,-93526.5,-71183.61,-62431,-33324.43,27418#xhrPL2sTxWMA16vLhf2Wb81c4VeP7jgAkuY2UYkRoWLFjrOMcL6YL6dcv763kAxj8ECQBCh74MHZP1J0z
1,6,2,2,533,88,676,1,-254.6000,-104576,2006-06-08 18:52:43.000,-212087,73422,185382.4,-149114.36,150393,-227450.17,85203#3wSYBMwSswFxnaLWqLB3vX7oyLkhC6i30APZVS6mcr7ZXQxVS59N2dhbqRJT4hivsNLvuubxVbyxZFABo
1,6,2,3,685,825,37,1,-393.4600,80949,2006-02-27 14:20:40.000,-155754,-159644,-120146.0,-260814.23,-287157,-7984.24,92755#SlGPTM7MkYeuhbhmcFqfrLk5Pdg4u2g3ZwwJDBOFGLuKLDf5rOnFnSp2Ocx88URY4qMDftuITYoNICEFF
1,6,2,4,829,2196,278,1,-68.2800,-150002,2017-04-13 07:23:53.000,49291,-272112,-206626.9,430939.4,9336,-156877.78,279994#Wd9ZP3dDXiB4TD9aepHP2Ms6JoAJpFLBQ31g7l4WHJKjEt9aNVXAs2MuoJtMv8JLVrP1GsUhN1WhwYBRN
1,6,2,5,524,277,1607,1,747.0500,-450446,2006-07-25 07:00:09.000,-392979,-22713,232636.6,535076.5,142782,-311443.53,321622#VRygwuAAyjkqoacrOlsXjuxIc453SrEu4jO77wMm27VyUUYUnV9Q4KA0b9YtSIzS6ISUCW1Ln5nmNCEWf
1,6,2,6,505,1227,1289,1,-758.2700,143979,2011-01-13 05:26:25.000,-501222,633542,47180.3,635864.0,-334866,-395671.62,663529#Ne4KFzr4WDAFA8mg7ItMWVVmN4cIihF8EVI9FVNjFwHfT9OfpREt4P9VTDqbijJqQqqynLQa15mo24YCU
1,6,2,7,70,1427,692,1,349.4700,434356,2011-01-19 10:23:32.000,-166815,-346792,12956.6,167730.52,32643,-289027.4,409734#4kmdoI3jAsM5hWKlx7JIlCDLMpBfZg6MTEuk5B4jdoxOu31eXBNoEdLHl7keSZ6aD6iJa6moIbplZbLDJ
1,6,2,8,819,2348,153,1,106.6700,843745,2002-09-16 04:57:07.000,-878355,-526886,-522286.3,621907.94,-561832,-239382.9,529099#k5F4F43joWqz73wGwbjVsSGDfUVSNNiab76qug10qk5Z4ivRviRvLAtt3UOMvEmXLz72lGpNwgPSrVqEL
1,6,2,9,1026,2328,800,1,-109.6600,-879687,2016-09-09 14:07:52.000,541372,-220485,-254049.5,-6671.72,-961613,435468.38,863036#qyE3j7GjNDfthWAiYEOYR8fg7eUe9PiboQZDnPclr4IDXfsbDEQw1ojlEm70Nrt52YwmPuVcxWzKMf1lj
1,6,3,1,675,1890,752,1,-255.2600,-77918,2006-05-07 23:01:17.000,-158948,53745,136752.7,-109850.36,113902,-168218.17,66298#AkSV6IN9dHgLPultzxP9VlGjtMldltqMDRXd4lnqbLwlUrRDLYwNDHq8lecdCrvnO6gnmePzZwEwFGQ0K
1,6,3,2,685,825,37,1,-393.4600,80949,2006-02-27 14:20:40.000,-155754,-159644,-120146.0,-260814.23,-287157,-7984.24,92755#SlGPTM7MkYeuhbhmcFqfrLk5Pdg4u2g3ZwwJDBOFGLuKLDf5rOnFnSp2Ocx88URY4qMDftuITYoNICEFF
1,6,3,3,661,361,918,1,-85.4400,-168722,2017-04-20 05:42:57.000,55375,-307053,-231861.8,485563.4,9829,-176749.78,313761#vopYpgUn9HKCdW0GEdai3OVKfir3zO9MQiUPqSSFzaXuUKIsDZMdXUbeh2qdPggnYu8dUECllNU5S1Umj
1,6,3,4,1118,1396,684,1,812.6900,-541802,2006-09-28 20:20:08.000,-471135,-25737,278256.5,640292.5,172401,-372883.53,385833#Prf7grf4SCWgmjGTg8kzKHRJEH8Q1JvOPqwjjSuIYSKpCmjaTGR3ZpHY3reomihVIWx56xHmKSGiIrgE1
1,6,3,5,327,2482,1096,1,-877.0700,180465,2011-03-21 05:05:53.000,-625098,790538,57209.2,796280.0,-420526,-495895.62,828648#vHdjEt1sHrkW3BCcCtB3UTxOXWpIyz7WJxdTjNOOK0BnS8tY1kmJsC0fKJ5CAU7y4Za03SQjE0mVdwaZ2
1,6,3,6,270,1692,1034,1,432.9900,559516,2011-04-19 18:52:37.000,-213927,-444280,15955.4,217650.52,40005,-373891.4,524156#C6vl47KdnPZvVhrnIumY5SYLZnLGUNcp3dPv5rLJXub31AWWThabhCYAuipG7jIQFENKZFZyxmHPGckwd
1,6,3,7,707,1778,1408,1,103.6700,1110265,2003-04-23 01:15:34.000,-1152795,-690416,-686500.9,814867.94,-735680,-311862.9,693601#fp7tLAP84k3A1kWT83lo1DPX1bYvmFf3DNCPCZn32kjZ7NNPjC910pdwDaskIlIvsK8suzq8EBMjgAZdC
1,6,3,8,260,1891,1430,1,-270.5800,-1171863,2016-11-02 01:03:21.000,720967,-294015,-339986.6,-11279.72,-1281879,582348.4,1149957#V2HQyn3B5wezMES2wPmpDNkxLnIt4hWVfwns53DsZcd8Fe3NForQL7fM9GrMVsn5ge8NnTw8j5HutmtAz
1,6,3,9,1040,12,254,1,-922.7100,922773,2017-11-12 09:38:15.000,-199063,1283544,313013.3,1557013.5,1428693,1179924.4,76731#RyeIgieJk0oJPyrZreFbkL3BmXCbdzaYn25XCT3b9adGb0qB9Y8kDymoxUK7RiCXXT98meIGhtXJAhVPv
1,6,4,1,361,1843,1055,1,-371.1400,51165,2005-12-23 19:54:31.000,-104562,-107186,-79206.1,-173838.23,-191930,-4912.24,62969#0XHEuELl2lnX1O88wpGhagIJQ3vErq1wi2z6jii8bzzWkkI2zMcf2t8ESs8K1bgJrQr50ljCAIbQq5oxz
1,6,4,2,829,2196,278,1,-68.2800,-150002,2017-04-13 07:23:53.000,49291,-272112,-206626.9,430939.4,9336,-156877.78,279994#Wd9ZP3dDXiB4TD9aepHP2Ms6JoAJpFLBQ31g7l4WHJKjEt9aNVXAs2MuoJtMv8JLVrP1GsUhN1WhwYBRN
1,6,4,3,1118,1396,684,1,812.6900,-541802,2006-09-28 20:20:08.000,-471135,-25737,278256.5,640292.5,172401,-372883.53,385833#Prf7grf4SCWgmjGTg8kzKHRJEH8Q1JvOPqwjjSuIYSKpCmjaTGR3ZpHY3reomihVIWx56xHmKSGiIrgE1
1,6,4,4,1077,1017,440,1,-916.6700,192627,2011-04-12 12:59:02.000,-666390,842870,60552.2,849752.0,-449080,-529303.6,883687#efi7AkAn054yXYWk4kQ1ttbOn1MPCnmJTtpnHK5OhlZk1FUuwup0wBGsYbaNsuUUJXGKE96yqQWf672Fj
1,6,4,5,370,412,1205,1,474.7500,622096,2011-06-03 23:07:10.000,-237483,-493024,17454.8,242610.52,43685,-416323.4,581366#8YDefPXE0hpRFDhuGMueKu3fTx4usbYuo7yQhOFv7NuGrP7oITrEb9OBi3stOawjiDjBTpE9Ef6uvBxVH
1,6,4,6,397,1436,1096,1,101.8700,1270177,2003-09-01 08:38:38.000,-1317459,-788534,-785029.6,930643.94,-839989,-355350.9,792302#PfeAosjEj4RT70bT89gcbWHnFBNyYQqoYKqNyk6p6IT4Nj3wWK5BnlmJWouJcMsrNOzjgPRbA4SKeCEBb
1,6,4,7,964,658,75,1,-377.8600,-1366647,2016-12-07 16:20:21.000,840697,-343035,-397277.9,-14351.72,-1495390,680268.4,1341237#CNKgdkxdKkJZA7Sg9COzheh0ZTQY7EUa5ZnzmPuPbdFC62ZkVObF44g2lj4MYj7VLbEad1cJrNPvTia7M
1,6,4,8,238,702,1399,1,-1113.5100,1095033,2017-12-14 00:50:54.000,-234343,1522449,372218.6,1844533.5,1694000,1398324.4,89906#37PwQn7uLkom9HABrey2NB3DgFUAg5ffOCAx4msLjOk6C5vXWUQDKurvak0Qst6lBUaCLLvrXomHD5QPJ
1,6,4,9,1185,470,554,1,-1160.5000,53942,2015-03-16 01:28:41.000,730071,-893150,-752644.7,1882478.8,-732824,-2101779.5,330868#sPnbHCUKP24ZVRwZNwn4IGhR4iFwPs5cBzlZGDzoPgfOFq4P7H2pF4QfMlp3sAsL3nylFOFX0bRnCCGRH
1,6,5,1,119,2051,133,1,-16.8000,-93842,2017-03-23 12:26:42.000,31039,-167289,-130922.1,267067.4,7856,-97261.78,178694#AmbfEJIYiWCizhWraikvSbsVPnRJ4IU5CVW0UVNc0Z5SzjdDbk46EUdlVc8LbzAbN8vdUCR3Ut5uDpxMf
1,6,5,2,524,277,1607,1,747.0500,-450446,2006-07-25 07:00:09.000,-392979,-22713,232636.6,535076.5,142782,-311443.53,321622#VRygwuAAyjkqoacrOlsXjuxIc453SrEu4jO77wMm27VyUUYUnV9Q4KA0b9YtSIzS6ISUCW1Ln5nmNCEWf
1,6,5,3,327,2482,1096,1,-877.0700,180465,2011-03-21 05:05:53.000,-625098,790538,57209.2,796280.0,-420526,-495895.62,828648#vHdjEt1sHrkW3BCcCtB3UTxOXWpIyz7WJxdTjNOOK0BnS8tY1kmJsC0fKJ5CAU7y4Za03SQjE0mVdwaZ2
1,6,5,4,370,412,1205,1,474.7500,622096,2011-06-03 23:07:10.000,-237483,-493024,17454.8,242610.52,43685,-416323.4,581366#8YDefPXE0hpRFDhuGMueKu3fTx4usbYuo7yQhOFv7NuGrP7oITrEb9OBi3stOawjiDjBTpE9Ef6uvBxVH
1,6,5,5,1103,1322,992,1,101.2700,1323481,2003-10-15 03:06:19.000,-1372347,-821240,-817872.6,969235.94,-874759,-369846.9,825202#LOClUvXOt7SWPoUO7tAUx5GVju1N315QJ9kwrss8S4mAgyGTp8RbDxzxDi1nWqsSAojtHa8MI9oeieSBm
1,6,5,6,709,1454,285,1,-431.5000,-1464039,2016-12-25 11:58:51.000,900562,-367545,-425923.6,-15887.72,-1602146,729228.4,1436877#zAxNIvC4ikOtgyOU6l8arlptiVBb9t65ebWKILc5ulnpAqcMG3xroTXzb53paMWohKqDcMUaeg0G2L4Yt
1,6,5,7,728,2811,1021,1,-1227.9900,1198389,2018-01-02 00:22:29.000,-255511,1665792,407741.8,2017045.5,1853184,1529364.4,97811#EXOuQj2arfEzzCpFTbiCfwzqgrVynZXGNvP0QFEysy75IxfhNHbCFREZZE8Ay7rYLfmLGMiKpusJ15KqR
1,6,5,8,227,1024,552,1,-1334.2600,59276,2015-05-13 01:03:38.000,811803,-992090,-837303.0,2090606.8,-813159,-2335635.5,366819#TGUAUUTIMWjqrzzr9tFpMKn8Q2iMMrds18YVt8ljydMUCKCEfsMmiR0seOXf1hnJwADks23EfBIjwhsGY
1,6,5,9,537,2690,1658,1,1831.3900,607529,2010-04-30 05:36:29.000,-1094613,1150092,-1036781.1,1426790.8,-144424,2628938.0,686478#DxAN4vXaQ9wxmNdhIxiDgEusypKNAvQkFja62J6KMkqpwsfcqn67RXjKad2nhnfmj1QBchXJ8gmk4pNh0
1,6,6,1,550,864,1678,1,615.7700,-267734,2006-03-16 04:20:09.000,-236667,-16665,141396.8,324644.53,83545,-188563.52,193202#LOClUvXOt7SWPoUO7tAUx5GVju1N315QJ9kwrss8S4mAgyGTp8RbDxzxDi1nWqsSAojtHa8MI9oeieSBm
1,6,6,2,505,1227,1289,1,-758.2700,143979,2011-01-13 05:26:25.000,-501222,633542,47180.3,635864.0,-334866,-395671.62,663529#Ne4KFzr4WDAFA8mg7ItMWVVmN4cIihF8EVI9FVNjFwHfT9OfpREt4P9VTDqbijJqQqqynLQa15mo24YCU
1,6,6,3,270,1692,1034,1,432.9900,559516,2011-04-19 18:52:37.000,-213927,-444280,15955.4,217650.52,40005,-373891.4,524156#C6vl47KdnPZvVhrnIumY5SYLZnLGUNcp3dPv5rLJXub31AWWThabhCYAuipG7jIQFENKZFZyxmHPGckwd
1,6,6,4,397,1436,1096,1,101.8700,1270177,2003-09-01 08:38:38.000,-1317459,-788534,-785029.6,930643.94,-839989,-355350.9,792302#PfeAosjEj4RT70bT89gcbWHnFBNyYQqoYKqNyk6p6IT4Nj3wWK5BnlmJWouJcMsrNOzjgPRbA4SKeCEBb
1,6,6,5,709,1454,285,1,-431.5000,-1464039,2016-12-25 11:58:51.000,900562,-367545,-425923.6,-15887.72,-1602146,729228.4,1436877#zAxNIvC4ikOtgyOU6l8arlptiVBb9t65ebWKILc5ulnpAqcMG3xroTXzb53paMWohKqDcMUaeg0G2L4Yt
1,6,6,6,82,689,895,1,-1266.1500,1232841,2018-01-08 08:13:01.000,-262567,1713573,419582.8,2074549.5,1906245,1573044.4,100447#MeNTn78Xh0PRYdgqbZeIgDsTRgFQ8PNakUqeyKetHANrOFJ3110kiNc3l9VLmbWmegtXhe5piz9jiiHHR
1,6,6,7,355,1301,551,1,-1421.1400,61943,2015-06-11 00:51:06.000,852669,-1041560,-879632.1,2194670.8,-853327,-2452563.5,384795#NWjctUBaHKjUujXxS3NAxf4DUPUb8ohStsIe494jpQr2RuIiznnxMaeAUdQkqqqlfk69FaZXHUPfGC6BG
1,6,6,8,749,2803,597,1,1942.0900,648101,2010-07-31 17:28:22.000,-1167668,1227168,-1105517.7,1521542.8,-153777,2804618.0,731892#SszckFQN3AWaKVz4fMABsTPA6EjKz9BlWcd3NcOzdVZCLKhbEzYkE1QXMZeo8YPFR2m8OKt33EVmebhFM
1,6,6,9,738,2541,339,1,-208.4300,-823790,2011-07-20 19:54:25.000,2376354,385502,-1430363.6,-1313022.1,-1744082,-1290250.8,47159#LHNXRI3XVtQiFH8RfMMSSOQKKc3FmIYxdVXnkr4JNRqgerndl3K5hPuRGIqefhfNy7XXqn99iAztNLVrh
1,6,7,1,397,77,1019,1,-560.2700,83169,2010-09-23 14:00:38.000,-294762,371882,30465.5,368503.97,-192099,-228631.64,388332#LtelCDpxkfGUEl5IwLrBpZSkYmuwujczhRwNHpvjJ7cw1qup9kwrNlnAwBXxlMXumyds4xk7pbVuH2TNf
1,6,7,2,70,1427,692,1,349.4700,434356,2011-01-19 10:23:32.000,-166815,-346792,12956.6,167730.52,32643,-289027.4,409734#4kmdoI3jAsM5hWKlx7JIlCDLMpBfZg6MTEuk5B4jdoxOu31eXBNoEdLHl7keSZ6aD6iJa6moIbplZbLDJ
1,6,7,3,707,1778,1408,1,103.6700,1110265,2003-04-23 01:15:34.000,-1152795,-690416,-686500.9,814867.94,-735680,-311862.9,693601#fp7tLAP84k3A1kWT83lo1DPX1bYvmFf3DNCPCZn32kjZ7NNPjC910pdwDaskIlIvsK8suzq8EBMjgAZdC
1,6,7,4,964,658,75,1,-377.8600,-1366647,2016-12-07 16:20:21.000,840697,-343035,-397277.9,-14351.72,-1495390,680268.4,1341237#CNKgdkxdKkJZA7Sg9COzheh0ZTQY7EUa5ZnzmPuPbdFC62ZkVObF44g2lj4MYj7VLbEad1cJrNPvTia7M
1,6,7,5,728,2811,1021,1,-1227.9900,1198389,2018-01-02 00:22:29.000,-255511,1665792,407741.8,2017045.5,1853184,1529364.4,97811#EXOuQj2arfEzzCpFTbiCfwzqgrVynZXGNvP0QFEysy75IxfhNHbCFREZZE8Ay7rYLfmLGMiKpusJ15KqR
1,6,7,6,355,1301,551,1,-1421.1400,61943,2015-06-11 00:51:06.000,852669,-1041560,-879632.1,2194670.8,-853327,-2452563.5,384795#NWjctUBaHKjUujXxS3NAxf4DUPUb8ohStsIe494jpQr2RuIiznnxMaeAUdQkqqqlfk69FaZXHUPfGC6BG
1,6,7,7,415,1899,835,1,1978.9900,661625,2010-08-31 13:25:40.000,-1192020,1252860,-1128429.9,1553126.8,-156895,2863178.0,747030#K6LwB1MBnuNODwZricEzvKCKnGiyuAXif51wzNPNpot1tw9LMZpWpUReMBtTOvIfk8DpAhme0IRzNqW80
1,6,7,8,297,2774,577,1,-230.8700,-854063,2011-09-17 08:39:19.000,2464326,399843,-1483390.6,-1361790.1,-1808399,-1338250.8,48892#SszckFQN3AWaKVz4fMABsTPA6EjKz9BlWcd3NcOzdVZCLKhbEzYkE1QXMZeo8YPFR2m8OKt33EVmebhFM
1,6,7,9,898,2139,1557,1,2485.0000,-2485623,2019-01-14 16:24:40.000,-3518864,1035266,1950450.7,-2031772.4,2007215,-1691083.0,3275316#gRhtARLo5N5tzQQ14ibd1VC3kFccLeINDly4J6BukvEUjc4UJdT93sLLhZaFoeKXbzm6hHVoG4mNKbV9m
1,6,8,1,984,2442,179,1,224.1900,246616,2010-09-05 21:39:54.000,-96147,-200560,8458.4,92850.51,21602,-161731.4,238102#cB3hpHQQ4Tfjh8IDcmYfa3qrbBXvi1ufuPQpYZqqKSAIWoe2aQsKd7sH2gVoXYwPCzorrdmkcsfU5Cukl
1,6,8,2,819,2348,153,1,106.6700,843745,2002-09-16 04:57:07.000,-878355,-526886,-522286.3,621907.94,-561832,-239382.9,529099#k5F4F43joWqz73wGwbjVsSGDfUVSNNiab76qug10qk5Z4ivRviRvLAtt3UOMvEmXLz72lGpNwgPSrVqEL
1,6,8,3,260,1891,1430,1,-270.5800,-1171863,2016-11-02 01:03:21.000,720967,-294015,-339986.6,-11279.72,-1281879,582348.4,1149957#V2HQyn3B5wezMES2wPmpDNkxLnIt4hWVfwns53DsZcd8Fe3NForQL7fM9GrMVsn5ge8NnTw8j5HutmtAz
1,6,8,4,238,702,1399,1,-1113.5100,1095033,2017-12-14 00:50:54.000,-234343,1522449,372218.6,1844533.5,1694000,1398324.4,89906#37PwQn7uLkom9HABrey2NB3DgFUAg5ffOCAx4msLjOk6C5vXWUQDKurvak0Qst6lBUaCLLvrXomHD5QPJ
1,6,8,5,227,1024,552,1,-1334.2600,59276,2015-05-13 01:03:38.000,811803,-992090,-837303.0,2090606.8,-813159,-2335635.5,366819#TGUAUUTIMWjqrzzr9tFpMKn8Q2iMMrds18YVt8ljydMUCKCEfsMmiR0seOXf1hnJwADks23EfBIjwhsGY
1,6,8,6,749,2803,597,1,1942.0900,648101,2010-07-31 17:28:22.000,-1167668,1227168,-1105517.7,1521542.8,-153777,2804618.0,731892#SszckFQN3AWaKVz4fMABsTPA6EjKz9BlWcd3NcOzdVZCLKhbEzYkE1QXMZeo8YPFR2m8OKt33EVmebhFM
1,6,8,7,297,2774,577,1,-230.8700,-854063,2011-09-17 08:39:19.000,2464326,399843,-1483390.6,-1361790.1,-1808399,-1338250.8,48892#SszckFQN3AWaKVz4fMABsTPA6EjKz9BlWcd3NcOzdVZCLKhbEzYkE1QXMZeo8YPFR2m8OKt33EVmebhFM
1,6,8,8,898,2728,404,1,2531.4400,-2524929,2019-01-18 23:38:33.000,-3574856,1051620,1981296.6,-2063932.4,2039122,-1717963.0,3327248#6drTcePIIedldsCfuXmjGyulisKrezzAOmNCudw5lonEgp3kwYc62tatCSiUaK9TowcaU7KQX4fnrxV9S
1,6,8,9,427,1548,1038,1,3371.1000,-2590992,2010-09-17 10:19:16.000,1904381,2898672,2645026.5,-1797673.1,1738128,-2315405.0,1502534#bdD8fZPVzQVagbfhtcWXdEJxDBqBEbEF7XkmNrWoDDpQ65rJVbCr9yixgzGmgQrNL9FypZXSKNCtPofP4
1,6,9,1,733,321,881,1,110.8700,470617,2001-11-13 19:43:18.000,-494139,-297944,-292385.8,351763.9,-318445,-137910.9,298796#XE5xhK064KWlTU0cuTEXkTge2a4GuVPpeGYaLOOQkgeZbtjFqorPkq0q5MNjOsKFHz2yo8xeIQckzCl7y
1,6,9,2,1026,2328,800,1,-109.6600,-879687,2016-09-09 14:07:52.000,541372,-220485,-254049.5,-6671.72,-961613,435468.38,863036#qyE3j7GjNDfthWAiYEOYR8fg7eUe9PiboQZDnPclr4IDXfsbDEQw1ojlEm70Nrt52YwmPuVcxWzKMf1lj
1,6,9,3,1040,12,254,1,-922.7100,922773,2017-11-12 09:38:15.000,-199063,1283544,313013.3,1557013.5,1428693,1179924.4,76731#RyeIgieJk0oJPyrZreFbkL3BmXCbdzaYn25XCT3b9adGb0qB9Y8kDymoxUK7RiCXXT98meIGhtXJAhVPv
1,6,9,4,1185,470,554,1,-1160.5000,53942,2015-03-16 01:28:41.000,730071,-893150,-752644.7,1882478.8,-732824,-2101779.5,330868#sPnbHCUKP24ZVRwZNwn4IGhR4iFwPs5cBzlZGDzoPgfOFq4P7H2pF4QfMlp3sAsL3nylFOFX0bRnCCGRH
1,6,9,5,537,2690,1658,1,1831.3900,607529,2010-04-30 05:36:29.000,-1094613,1150092,-1036781.1,1426790.8,-144424,2628938.0,686478#DxAN4vXaQ9wxmNdhIxiDgEusypKNAvQkFja62J6KMkqpwsfcqn67RXjKad2nhnfmj1QBchXJ8gmk4pNh0
1,6,9,6,738,2541,339,1,-208.4300,-823790,2011-07-20 19:54:25.000,2376354,385502,-1430363.6,-1313022.1,-1744082,-1290250.8,47159#LHNXRI3XVtQiFH8RfMMSSOQKKc3FmIYxdVXnkr4JNRqgerndl3K5hPuRGIqefhfNy7XXqn99iAztNLVrh
1,6,9,7,898,2139,1557,1,2485.0000,-2485623,2019-01-14 16:24:40.000,-3518864,1035266,1950450.7,-2031772.4,2007215,-1691083.0,3275316#gRhtARLo5N5tzQQ14ibd1VC3kFccLeINDly4J6BukvEUjc4UJdT93sLLhZaFoeKXbzm6hHVoG4mNKbV9m
