1884,201,2,1,8,4,265,1,3469,5510472#P5IW9nKAQMQA49GkPKX6AblhVzNY3gLd,-1.6526106E7,12878679.260,-4734320.0,6192675,8310795,11595340#XRJUqUgnRCaZ,-3461442.0,-5048110,17729267#Z8oQleOSy,-1.0917046E7,10367195#22vBiGM5Ca7XllK0jON0OmyQDNM8Dr2RFQbosGYLLCzZxpneOq0jS1YYOXsCVYbOWS,-11347997
1885,367,2,4,8,7,1198,1,29,11052615#3dPqNAVDfF1bDcuE8EGmTKU4dhtZdFKf,-4772334.0,-4909654.300,-12163392.0,7018501,-1188399,2185047#ERKSdK563MlZ,1.0940265E7,-18266225,12694596#essNZAcDu,-1.1706445E7,6249500#McodDi4soWo99bpZGqd11wzWFSMUaka7ZYrT18tTj0WJLSxSiecpm28Kf7sRKbYYvE,4180199
1886,130,2,2,10,8,990,1,962,4809267#UTqZj16DfiTdMvRSSulyf6LCfzsrowEP,1.4998606E7,10427715.680,7537456.0,9937700,13704368,1710139#PobFLKTHanJ9,-5732330.0,-17827104,15721845#ynGNPR5TQ,-2392719.0,12887521#IKCLNVizkPZ0bqswHmEG0vg1NlIp75b5vbe6zYgSq9rmJjfC5aiy2X5Zvr3FgHTncp,16965885
1887,326,1,5,11,13,1184,1,3852,2567461#1AE8s8ftUAgbZO21Qgnx7hIpWhav38ou,-3720832.0,16177323.880,15694896.0,-7799741,10626658,3500766#JVWyztBUEzhg,1.3612702E7,17460367,3044429#2UMbyOWEl,4621733.0,9943678#qb5sFOiQUmwrSVZZJj6yaGwUBRDp4I65Q0BrMwK2gQM9TUFBkgwWoLge615sUqxJej,-17424836
1888,307,2,7,9,8,1383,1,485,9175529#kJgAyak46mDa6jvLXTeFTAQu19qnnYzK,-6622412.5,-3812417.700,4253104.0,-2853146,-15918903,15513371#CJzv1wLxsO3c,2877077.8,-1294593,14695066#jquySroOk,9493379.0,10692671#4OvUkPvDfAQHH7LqSAtdpaomGwyz593aP3kEsWeufkeUt1Qb54OSWVUn4BeUJD8whK,18307293
1889,581,1,3,11,6,1625,1,2045,4336831#8wCxkhGF1VT9qKcXA2g3PwUwPzHvb6eh,-1.1627743E7,-16448286.730,12485824.0,16736252,13492564,14205457#22Tp6o8Ygqt2,5960830.5,16788323,4666827#KhGI11fDL,-1.637171E7,6343962#Qql3zokEP64cJpt9a5Tk1QuJx7dfPsxNwEAkOVusJpAoUcaZAK96Cau34awDADE52p,366087
1890,1060,1,7,3,7,1481,1,849,12136881#ZmhuQqL4FjSRDuPCLkCIWqiKWtGv40lO,1.5326832E7,3294196.900,5531856.0,-18196521,-5691604,9758416#JQKRK3fEUWRw,-1.554249E7,-8083814,4276753#2hsaekHgf,-1.4241491E7,11548482#qdM2RwoBUN0Xr3tH4BdkKiVdkkGdC7c3uX1ftK7Gfvyh0t4ImBIoCSjOP5MMPLymAj,3435209
1891,448,2,4,2,12,838,1,2437,11673111#4oZUAbToI8gMwSFYsNp4knBrOkZGWqJP,-5981833.0,-5429879.990,-724116.0,13127679,7863634,11765033#ww6wiNx4gdqc,7957991.0,8253722,4371254#e9Op5PQNH,9981898.0,4301895#rf6tlfTlMiMAJyOPTc6ltjm464WpvolPylFmrI0WoafyGfJDHcRgoBFsk4A5dfjj8z,16209923
1892,337,2,4,4,1,332,1,1235,17462491#l0ZF4GHDFuhCmYkz5BGxst35ALn8nNQr,3813630.2,16270770.920,10347120.0,3009490,15703660,494934#bqymxUq82Jxd,-1.7102698E7,-17381379,1530252#K0Ob6R4ip,6817669.0,1564486#94gl6kuGK1hBprg3OdmnKJjayWelbP6bqciceBwPk4GRFPoo0plZBmHvdaemL7ifXV,-10436732
1893,910,1,2,12,12,884,1,2186,5708080#GWU6zbkECVm4rw9krI6a6DiyWiMsRjEa,-5211273.5,-1987611.690,-3748224.0,23663,-5362484,3773636#yY1cohVpKVD9,1.2487466E7,14631814,2336391#JqNQVmlr6,-8992810.0,18844319#8c3848fxhoJNJOu1opCfh21S2mcNlsOU9Wa8dxtJcpvzuDxoBVPZCI5hjyVQBeivhv,-2892541
1894,14,2,7,1,12,564,1,3944,11467751#MLuZeWeWgH6L7gbR9HjD04lZRFKC7Wht,-1.5911379E7,18457612.980,17245712.0,-5534369,7282101,3591628#zuKQ2sReFTOz,1.3906495E7,18044047,17533605#YPLvtBvt7,3843301.8,8537151#ASjIsITDN4xkfbAKOi6QUVFe1olaq5PL79nMNh0Ht9bRMj3k4Uy4G6bMYiEYhkmWMH,-14446279
1895,987,1,6,8,8,1739,1,2833,8950663#BMCyVZWPO2BnNuAMU0BJ46617M9ojbos,1357190.5,14757895.450,2542704.0,-6446969,-4297449,17457660#fJrVTQ3Ixybi,-1.6979822E7,4706285,9563112#v8IMrEzb6,1.3882409E7,16926373#HF8GH6CwZs2CrmQxlNkG00C8nnyBaePWEiEc0YnUsEMsfzzrR6lOmKUjxI2vXVi76m,3089225
1896,217,2,3,12,2,943,1,3906,889116#ttIE5mWrCCe8HNG5T9YIZYZHJaUHOXcV,-1.7078054E7,-17627164.590,-250640.0,-1868971,12703959,15631831#3uxarSHOT3wj,-4557898.0,12147777,12718702#26oxYzhyF,-5003403.0,10196822#0MAv7nLSv8g3hz9AI6NJ68BrnmN40F4bKEWUBS1dNS5uJCReMoqG3RJFtTO2nnY9T0,14407809
1897,69,1,1,4,6,110,1,321,4059299#ajOj8YvdimY4UyeWGUsYrJkUzBonucPm,-1.727856E7,-9660268.590,13715088.0,-746707,-14564071,3886925#Y8Na0ryQITeI,-1.2051904E7,-17496780,13638683#uzvUZ85Se,4700775.0,1865989#Op71q1vugwkYZf78lNVLARdaYutfIObs1bWl21n9VspGv4mRXno24h5iCNU2rMc7Ey,1537761
1898,1047,1,4,13,9,1636,1,988,8145163#A8jN1nd04dUi6FurMBCD9AMlGfjX1FdA,-6022589.0,-2283639.110,4956736.0,-17044833,-18956071,12534599#3xSahZm4ouYM,-1.5149396E7,4469461,11608734#V3S90VXQK,1.5798738E7,8901651#k9Wijc8Tzf0RO9BJ7aUCFngbdxF7iocvo4PIMy8QZey332hEHeKuMcjJFRghTMeLhD,5320850
1899,355,1,2,8,9,95,1,3853,4964854#Fx0giIyXV4gLygOKYFRmpEsXXhVr50hH,8848511.0,2533871.110,9988128.0,14632995,-7280623,2418333#SH1FLdlS1v00,395442.66,-18898246,13020553#wGwDFnP0E,-9760160.0,6604226#wkZGB7ZPpgFGoeEgoJxWPJxnciYLuZeZvhgEmEqqHKe4aIn5Q4BxvX58wE66dsPiCQ,-711893
1900,976,1,5,12,9,1247,1,18,10109877#UX9bY69eTiIW3GAIOTrfjeAS3MjaTchr,-1.1575084E7,-8812552.740,-8701312.0,3295554,-8781837,14470210#75I17ivRSWqf,1.555841E7,-18921310,10746568#sRfJ3O1xk,-1.7609094E7,7216397#SPEXQoeNtFFQZwqtPv2ziLnaIJasGHxz9ZDLq1l9QwYROzG7F4fspbfdH7g5Dl849M,9620947
1901,84,2,5,12,7,192,1,3521,18892824#yGEgmzv4LsdQ9SFTyhFu5zn1BLJyLwke,6333767.0,11723149.540,-1588800.0,970097,-18228552,14463492#gTSoEGMrcxFO,1.7874968E7,-3553282,4604712#Im1UkGRAZ,521335.97,14112327#YHeYl0wqgIawKN8sRCjvJw2KMAPah0Th35swl1DiC3pzQYfoK79k2JysBeVAza6gx2,10056014
1902,53,1,5,3,5,247,1,1204,18901094#emHfexZEtsjxbhwR8VffDWutvS6hNO0y,-1.5431654E7,17879358.380,-1068368.0,1051389,-13180347,2343330#P4l7PSO88P7z,2897509.2,3644336,11302736#d4vtmWXWL,-9527725.0,14971658#pPLIcmmrGr4SZoQKMuvWkjIE3qpuIoPI5dcXtvlBGy4E1xVrT2SuSzRrbuke0uCgyQ,-16941549
1903,1005,2,2,9,12,688,1,1398,16362911#hukyalj2PR4vcrjRB6Itqt6qYpOvMBSI,1.7984972E7,2633480.250,2879064.0,-17694440,-15067456,15517132#cYYJg10HbNhK,8129818.5,17183869,10690657#Jt4jDxPqc,1.2510209E7,14313763#6NHkCs1kcwcgg2vKvNCGvLLZmPMqKqisIQXI3hHSFfzH6dO20vMVugDZ02C2toAJor,5731741
1904,1015,1,2,11,12,481,1,1230,1296774#nmllgUazaqXWTINFF32fK56L1h4imGn4,-1.0532818E7,16228261.440,695504.0,-7506848,17877130,15509178#CM32zl211Hfu,-1.5203941E7,-8267621,6855993#6XL4MjNRs,-5796962.0,8610092#j8WvfNeIbFyxGWfzWNPhsNPPREaEoyZTEA2XhSSCMKFypTOAg5u9LeyzWxJOOA8Z2d,-6704895
1905,77,2,4,4,5,1460,1,1472,5686660#5LtDzitK8nTVCk0ZDjJTCOA024XzuxUA,3539317.2,13239006.150,-11764048.0,-5810103,-12332938,13489646#WnPLJGE0djVl,-7982552.5,2446186,14144466#T1jAlvN67,6073462.5,7516287#onOpxTL3JTuBN2R99MMwadAWB1SIekXc7QnjpRjrDuR9rEnQZHmy7LdOKj9qwMPfgx,6889006
1906,150,2,5,13,6,829,1,2534,7535954#gSxxwDTZ1lyrme03u82Dv3sBQSqwCtb1,-1.5726478E7,14325090.730,16950544.0,-9171317,-13555733,2367638#HqHtGUXJJ2A2,3685515.0,-788365,14144371#bEvF0B3P6,3925846.0,3097159#Vrzg4qstYAQ5onqSazoVfnd0hLCpGqHA1VISEkbh7qew1AcOjZOtTtAHF5E4SeoU3e,-12868542
1907,246,1,2,6,4,77,1,2592,13687104#tRSeTOShxXlSJa33LfUd8XpvXwldfe1y,-6752946.5,18625967.650,7467376.0,-4673795,3505880,12640647#sGwwb8882tNo,8182520.5,-4600620,9716617#qC6oAWzXU,-6342184.5,204332#HJEfSEFHKhUcwn73J2cf1k77UFBFJBcPGCnOwj3WQoTHyL22aShV9AD8O28FmfxSrA,41619
1908,1021,1,1,8,4,517,1,2442,4765307#RWcu556EEfT8NLoSQPY92HPaf2D0Nall,-7255972.5,14115731.340,-2872400.0,-9029262,-623088,10717640#CMc5zUG4OktY,1.7705538E7,-4874167,7211817#QdxK7i1Ye,1.837899E7,13650090#rXBiZBoW8Lkv6T7xIhhv9shxAufWbVFrMu12Nyp8XFFknV5TwSPc7hZznMSjGSI5YV,-4296190
1909,919,1,1,10,13,632,1,487,16624817#ulTV1hUDl6HnsxUIK2q28OwYR23J032V,8396067.0,1564028.590,16991248.0,-5733297,7087345,13476544#TRHNKSZ64RUk,-2171809.5,-5823517,4721933#2DDfjnfF4,3080056.8,7706616#WbBV14PxqifW3cPkJfc16KNqVYV0OhXEGclZyOdWNXswsE6LkXwwrVpGr8dxMcUu60,8596097
1910,853,1,4,6,1,513,1,983,10757177#Q9hePxPoOJGHozA0oJsjUdK0UihCAW6t,1.3848504E7,16153781.090,-11316656.0,-130811,8908932,17369858#LrM5ZWVm5kk0,1.1468006E7,-1027903,12041975#evz3DVIV7,5743309.5,7198375#SU8srKZXftUhcTT7I05dnZpgEOjTZiANG9sLXJvZKmnFAwRfGuov2JH7lJe9IpfuMy,6185816
1911,202,2,2,4,1,794,1,1079,5828659#7YgMC3iLO1BCPEeaZiBIHNZKFfqr8tgY,4922484.5,8583450.770,18008368.0,12911898,-5653585,6107843#yBN8knTcqsDr,7336101.5,-18882822,8685899#gJjmASq2i,2786263.5,6906561#4jNFwGhJ0YDWlEX4Q8O8LeHMHB9hNITDEBxuO21zlcbJNcLYVgeds64tXgkfWAP5Sd,-9471779
1912,566,1,6,9,5,32,1,1100,10673907#LZQfn8dUsFjCsFO5RNPj9mKUPzSgvozU,1.7865302E7,17244317.310,-4741760.0,8736403,17844577,6206999#xYVxBFwLLhLy,6353234.5,-6703347,10644096#1giQap99S,-1.6540726E7,3120040#CU3HyGFwvz1Fl4g3Y5eavYkCbT1DwNTcluKKfm30irfmmqdkngymGz1bLZeBZeVWeP,-11922496
1913,838,2,6,3,7,1572,1,3195,6716675#s934StGteqGRNUwAaxUB7mcEYKond6II,1.806275E7,-13136825.640,-14322704.0,13423157,12191499,3972663#Xh4z1du86TS0,-1.638218E7,9060919,10191978#xwhMxVQ6g,-2148417.0,12515091#Ioj6EKJPBQA2qaxmjC8ekybMgo5fnZXN3fZvjynrZW2mjsspJcwhXYVgurzxOr5z1D,-14780112
1914,423,2,4,11,1,32,1,1646,422876#xwhOM86OdrB4JY7pmm7CkmYNFpoXZyWc,-1.714777E7,10662181.730,1065600.0,16162806,-15646212,227789#m8PRS6kQepTT,1.4431887E7,-12353683,8166351#yCeO00OD9,3182616.8,13865174#QeaDT8zXXzrMbtwjJUfcLZwctsoGHRgAViEGHgOcb86A5b1H5lKqxcP4dGIF0bmEPp,13590469
1915,508,2,7,3,2,291,1,3467,15542408#kD609gxZchYG7hCmhbaCU8AghJe2THVQ,1.798641E7,1326450.800,17502112.0,445800,18324637,9091575#uO0hq2WPnlWQ,-1.1332593E7,1152160,10855501#CxyI9gl98,3035810.2,16450663#eLJm28kWuMAGQ0u8d1qkChbStSdlTVFv93Ti2H4C2iwajR81jpLUD17v4iU3qGLze8,10735537
1916,221,1,2,12,8,1650,1,596,5782002#ZHtzPIbfkfhEQh7FQNAWIjlzzMxMS1b4,-1.2535602E7,16611812.240,-13605504.0,-18904246,17732717,4455630#X2S3OEgklruA,1.6746593E7,-17550933,12727010#ZTTsAR6XB,1.9135658E7,16655921#yBvg5GOzRi5sdskHSE7TayKd3G7LhpQzbWhP4TpYqIKVFVlAmPYecwiJq0nPz9MBTV,2658209
1917,670,1,4,13,5,787,1,1087,888470#lHJppZJVRbuf6GbBPYveNGweS2XlgzcF,-1073585.6,-10041465.710,-1144816.0,-6834480,478466,1669498#yK6KXQyGz4P5,1.2014451E7,-11691974,7332211#OAZpSzPso,-2292795.5,16493801#HvuP3PEZH4DQVmSaYyja9tjimEiRkDzLeXX89e68Z2dIJVp9W6KLNe0sshdmSgBa6d,10473739
1918,879,2,2,6,5,921,1,2238,19176305#3XrhUIUSgpJ6yuPWwTyjsWhdY3EJHATR,1.3440698E7,-11500342.280,929776.0,19125299,-3849303,18063836#05XeMU4XIXwo,1.0777918E7,10190849,17254118#Pb5E2E7D7,1924008.5,5816718#1EA6tEgGEDGuNJfLX71SjOp1iH2nMDRqInydWZNfQOuClLjLMP0Hh7WNcuTNHpWxvt,-6921770
1919,380,2,4,7,13,960,1,3689,6671900#QA2W1VmJy7KaGe1S4z7JNkeKBHyzV5Mw,-1.267719E7,8004139.590,-5854560.0,7842407,437975,12702860#2TZZdO3esd3s,-1.5790346E7,19014050,16709693#t3GOhKpWY,-7915652.5,9383652#6VcOl34x2xZeF6dLKCpPEUhRGPRxr7AzAyjgU0wfXXDbn7dgbKc9IvXU6wj9KEicQz,15695067
1920,60,1,6,6,10,592,1,3609,10989378#2oY6HlWAZifWcVeFVmhtEI7EOXBJEduX,217409.58,19051719.110,13969776.0,-16723487,8640905,1163780#jiwUwMjqYxpc,1.7536662E7,14189048,7293272#awysRN0M7,2329997.2,6922587#IgRLO8U4qU0DnHFBajq8zt6HrQ07iC3BG4X0EXJDR3IJzehXF55Le0LOlThtMgqgny,-19145904
1921,999,2,5,9,3,484,1,1552,7571819#kD6RPU46fiMABVfR6q1bcbAeRyni9Lsn,-6616049.5,1494267.190,-1695504.0,18376159,-15867732,9579190#tv7lOUq6MAkF,1.3614467E7,-4660009,11313024#Hx8BCrSB0,-7478649.0,14083723#mGhrBeWFpunxy1loqqL4t2lfLUmd1gAJMqM021wIIDemh738otZX6L6JuEXsQ5Xu9X,-14724876
1922,620,2,3,4,6,278,1,474,1586312#HJj7BqGYkCcd4DiXq6qLFnORXM5PRfaL,1.5964988E7,-15745725.620,6359664.0,-12341388,8459691,12259036#VxXvf7YhY0xy,1.0761044E7,-11786852,5723579#w67a8rHd4,-5507890.0,5753770#gX7H00KMZPEqbYt8i1vHtfc6b8Fi2YscZtGFCXt5GfRpiihyAM5wKTbO0dXhxKqekA,158544
1923,287,2,6,6,1,867,1,782,1647229#bPI89QBojLA8zHBrmZ2YFDJMq9NUk0z5,-8435359.0,-8107713.880,4868064.0,-2391144,296264,9321656#OtSAO0MT96cI,6028411.0,16666010,18484502#tUPCddRrQ,1.0581329E7,6281624#nPVoBKRxLJZ2PwJGcB640MOWYn6pwi572DTvkoIrT2c2rKhfmpngjvlgfR2LY93yxu,-18139135
1924,531,1,3,9,6,432,1,298,9200615#3dPqNAVDfF1bDcuE8EGmTKU4dhtZdFKf,-1.8900128E7,15071444.770,-8466096.0,-1843705,11096061,3201842#OkPFkIRwwVze,1.833837E7,-16927157,9562089#aKSIuGwjf,-1167525.2,348321#b9N2R7Nse77wpOD8T8xMjw5IJpFDyXugmRwe28zZwOa7ftRgeWcUkcU9r9GzujacmS,-5599060
1925,239,2,6,11,13,949,1,3324,12841280#C4qdsOBewb8JNzWJJazZ1JW8vFvtxHnT,1.6544262E7,18900857.910,-7088096.0,7072492,12601549,16495384#USH2UCMx77A8,1.1836003E7,10364509,6899310#nUCMLlclw,1.1331772E7,1452322#am80Qf4ZCWcHPlfK56SbrFfnKLzNHDXtXYrsLLPea74oOkT6nRfxqhWkezl1On9yfK,-8595700
1926,183,1,1,11,5,1075,1,569,14938363#Chh6rcws46arpUWDHTkqP202NpjvduNE,2651675.8,11002725.690,779824.0,1576594,-8770646,9004339#OHvONONh9GnC,-2498037.8,15622522,3064930#ALgr8YkF5,-6868046.0,2246087#YTBPQnKhTdx3QEomHR19HA07iw0bONaEAHiKS61LQPz1U0nKAj5cWKXGu35WyU21GU,-13168123
1927,552,1,5,9,5,165,1,22,7239009#PeOAAKGFkk1tsC8gcpBMtrxrGUmmQYBl,1.3961875E7,2330447.020,-10632576.0,-1956541,13981153,10354817#u2rYdhTxrI27,-1.1926328E7,-17564888,17108203#xYkKFPHnV,-7858262.5,1317274#LbMx1OentpiwSKWPWQo4ZJsRQflRb506F43C2zdR9TkGHnjPFVPeUqMbbLfJ9HwZAP,-8983385
1928,194,1,7,5,11,1424,1,2356,13028851#GEEr4YEPtcP3FFph9YrirRyWxgtJ1kmw,-9223202.0,-18634662.540,-1009072.0,12479428,-12516883,16402992#Am6WZZB8hKV6,-1.7034064E7,15882482,7249389#S9h2f7mis,-7487786.0,11979042#HsMLWwDHD0U7XaEhCIrtNUmv64ALKSuIkc8OfGJCOvFdx9HOE7kuvXcLdvXQ0ME2KD,15496642
1929,782,1,2,1,3,1375,1,1020,9194345#3OtrLxMbSu7WlXULiukrlj421VDdAGUp,-1.3272379E7,-17737693.030,16638480.0,17852129,15811661,12502492#gTSoEGMrcxFO,-6666538.5,7379467,15715425#7KkO2oZA5,-1.0092495E7,17564377#7MwaNICCpFjZdtzTmlzfGYj6gnDlVUmvRgGB52m4Rk9cnTtveX44MWcz2JefMg2tHT,-15931522
1930,463,2,6,13,6,114,1,3961,13332229#bPI89QBojLA8zHBrmZ2YFDJMq9NUk0z5,-2770475.8,3011774.570,-2558560.0,-12317788,-17570287,8807407#QZuAUmnbBnmG,7131224.0,-10862133,975427#VUAbVFVW4,-1.127862E7,2697380#0czHFnvFRonM14RNCEb4YyYquudBAZrinSegptG7ErdNusfwr7auwHAoHt3Omh7h6j,8971281
1931,862,1,4,4,6,219,1,2440,7604925#8eynr6li9LCg9VBFyOv148OMxO34p60S,1.813829E7,-18773037.660,-3490944.0,11463748,-15608680,16455982#L3hqXGPQ3HIj,5738663.5,11267171,5369679#TRzoUB0By,8434403.0,4019889#GS8ZojbbvxUUFmUWoqHIyeBTHx8vuA61UOKiMi4gWKQikLrIootF0HduKOD3cXMGcB,17147584
1932,757,1,5,6,13,646,1,1418,11836954#gSxxwDTZ1lyrme03u82Dv3sBQSqwCtb1,-1.025431E7,-11664313.200,-13174752.0,-13700808,3742868,12853190#tv7lOUq6MAkF,1.1753422E7,-13426316,3760814#HDHuU1S2W,1.4622332E7,4656318#gkzdwwaySinuljt0BxlsdPLr6paj029wnm0u2P8h793NuX07C59yhNpnuclbjyMQVf,-6815567
1933,134,1,4,2,11,889,1,2184,12054988#hueG3UEtqHREQnc8vxCPrnclsbVmuvh9,3796472.2,992182.680,-4845984.0,1161122,-13628061,8031748#hrAcIllU5DYR,-1.6074763E7,-7015873,14226972#eqjr8VywS,-1.7106828E7,16759983#QDpSh27Ap3mo0GbqGIOwEg8E9bVLWJLk0WJJzcWFD8gY5IauUHqdhv7bT350gAyCbC,-1786858
1934,683,1,1,3,8,90,1,1794,5656683#kcpAwdnIgSuSL5FHcilaCLdyae1gk5BO,-1.6964506E7,13220459.260,-4859920.0,6356763,8531170,11902847#CgfCvCrQO4Wx,-3553442.0,-5181824,18199615#phpT2Rw20,-1.1206646E7,10642323#GQCbQBDMxHZFgC6zU8KFzIM619LYJ5ffaVmiZu98ZhzW1PeOfe8iXmTLZorL0SVSkz,-11649039
1935,97,2,7,11,11,282,1,312,11345726#aXcXjQVroorBmW4l1HbnoeDq1VS3S6c0,-4898734.0,-5040033.300,-12485792.0,7204601,-1220074,2242859#C8Q3em60FHRg,1.1230665E7,-18750608,13031138#yWtzy3q5U,-1.2016845E7,6415155#lHVQMN0SUgxo5U1k5RPH93vmNje2N8myomtFASvKNazzhIm42VFyrufleoIuruYhHb,4291138
1936,395,2,5,4,13,1490,1,1950,4936665#ueDHqLYkMxpbav2ydTvDI1ZR1RXZryRZ,1.5396206E7,10703926.680,7737456.0,10201050,14067743,1755222#wOIgxiXrof6u,-5884330.0,-18299731,16138435#LNDncktvP,-2455919.0,13229070#XiQnH9RlRY3VOiyDbyOXPtpHKThbAPJqlO2zFov11mogIddYwORZIpi8kQZNNdqwZM,17415590
1937,196,1,4,10,7,509,1,3922,2635451#X3Qsy0nL9CaSJ8qF7VsU78d1yGEAeZQJ,-3819232.0,16605772.380,16110896.0,-8006178,10908433,3593365#4nYCXgqGqDTR,1.3973502E7,17922758,3124920#qWKTURuvp,4744133.0,10206986#5S7I9eCw1GdEveAQr2MdBpBCzoyRi3qjVNkQhD5QU3y6KBlQJ25HiUD9aJYbZjlf2f,-17886374
1938,259,2,1,10,10,608,1,3860,9418346#GP5JRZK5lm0jrpfWRxzEqs3F427NWSvJ,-6797612.5,-3913146.200,4365704.0,-2928871,-16340453,15924030#pj2apyspqxHt,2953077.8,-1329066,15084196#sKJw6ZFfC,9744579.0,10975770#gX7H00KMZPEqbYt8i1vHtfc6b8Fi2YscZtGFCXt5GfRpiihyAM5wKTbO0dXhxKqekA,18791985
1939,776,2,3,8,11,312,1,917,4451388#IcEZoU6RdKS8R739vfpkGShJtoSR1SyP,-1.1935743E7,-16883556.730,12816224.0,17179252,13849789,14581451#8uSdQCmnbCvd,6118430.5,17232619,4790117#yVuMbLot0,-1.680531E7,6511687#3ZOniw1hvdTz8ZeyG90JbViTTwhhOv9Bs6GFwRRBHW1jNubZ6doe1L5edPKT8GE1Bj,375896
1940,32,2,6,2,2,618,1,2236,12457758#tVjIYvrUH895zdOafgBpbO7lUC0jpmGg,1.5732432E7,3381309.400,5678256.0,-18677996,-5842304,10016402#Gz3Zl7RcjuP3,-1.595369E7,-8297459,4389713#wVQPHBYVg,-1.4618291E7,11853846#qg2g2JPrWH7dF9xg9vokOHaUw222LpDSOTvzbh4pkdzzSFMkDmoGWq1RyXC4yXmk9f,3525981
1941,784,1,5,3,13,1200,1,3417,11981653#0kFUZPGc5CwsMwTf1KSlbQwyJkQuU6js,-6140233.0,-5573505.990,-743116.0,13474929,8071709,12075989#l1Ey1uV2v738,8168391.0,8471881,4486758#WMQK4NgyK,1.0245898E7,4415445#uQMhV34hpoHVSB8yky2cISnsX85dYulUUXyUEqZAC6Xqin4BD3VAxfYHy8JtuCShZs,16638698
1942,794,2,4,13,3,1282,1,1635,17923849#IbuYIQ7YXBiCM9RQckNuYnwzRvYBGBEx,3914430.2,16700837.420,10620320.0,3089152,16118654,507845#XRBUnZjfAimB,-1.7554698E7,-17840468,1570666#R7wIzc1bD,6997669.0,1605606#bMBjSD9DjKG6Nr13NevGyI46vHZG4qgRERfncdaCAUb3gfzYWEwq4PIBdxBJiXh9bz,-10712288
1943,927,1,1,1,6,1659,1,2676,5858594#oQ9mnsb1YfejFdEsjxEzz6LdM4CtOTZ3,-5348873.5,-2040247.690,-3847424.0,24188,-5504346,3873265#zOyzeEimuwcN,1.2817066E7,15018516,2397839#0UrzEyH6h,-9230410.0,19341938#M3Q1PbIJ119IM6FZayjyzigVrQ7JJ1MJrSkzbOwlWximUwpeXMs3cWj8lK4xc8mNSL,-2969090
1944,754,1,5,10,8,1164,1,3954,11770281#5BhpEAwWkWmiUuZZOsKi84vHt7C0eCds,-1.6331379E7,18944730.480,17700912.0,-5680550,7474101,3686417#OT6zIljk6k5o,1.4273695E7,18520548,17996311#6DFl5Cr6J,3944901.8,8762406#7A4NxLHzr2roq4Wto7Bt8LXVslTTBSjhxcRiFmNxWtn8hiEuz7gcz9u4PHHj4HNBKG,-14827433
1945,1047,1,1,6,7,1139,1,1383,9186742#iCuFxVEhjXL9gzasEZixJxRfTQqvybY6,1393190.5,15147099.450,2609904.0,-6617094,-4411024,17918250#q4EsJDSoqIVP,-1.7427822E7,4830247,9815231#Qen9PiPZv,1.4248809E7,17372727#zIR8AvObOEaEnbQQ3luq7Z055GNgL7PSagAJtPVF915nO7mdkbHpBpAObySHphCQ0a,3170654
1946,277,1,3,4,7,1331,1,3006,912504#pjWb3DgaBxtvcm1NzDtl9gIhbCn5gI2y,-1.7528454E7,-18092148.590,-257040.0,-1918258,13038809,16043972#6oSvVeEwqPKx,-4677898.0,12468083,13053901#3yNzrMF9x,-5135403.0,10465712#dOWlB17qurSfA5m6iDQOXrmj7h7pAIwjb0UgNowba59fTRFKDWyT5FXFoZfariBMDz,14787498
1947,197,2,7,5,5,60,1,2141,4166097#eb0BcVoI1YhjexZGqXR8DzXsoxq1pszJ,-1.773376E7,-9914874.090,14076688.0,-766307,-14947796,3989152#poHvpLuVuXWE,-1.2369504E7,-17957981,13997957#LrbCXmJO9,4824775.0,1915035#mHcifGZJHI4NrL4sUBnDeyURBBZtEU9MG5WubWr17pLBdCq1OueD4mFxpsXXv5K8VG,1578090
1948,798,2,4,4,4,1523,1,2503,8359577#q5BxqyduHhdrvJ3TLwfIjrEoyhfdakpH,-6180989.0,-2343732.110,5087136.0,-17493702,-19455271,12864755#qkP5XOV526Rj,-1.5548596E7,4587432,11914323#Ubj6kQPMP,1.6214738E7,9135978#FoD7Mr9oh02RUBEjR9GZtgMSaMRwHNF2PAdE45SjbIjkyejrM47cQX0OmCncOlMX3s,5460939
1949,765,1,1,2,3,620,1,1073,5095406#Ss5AawWsdkOz5rg2arB3RlzG09Ozg05b,9081311.0,2600762.610,10251328.0,15018458,-7472173,2481962#XJWa0n6lybqQ,405842.66,-19395588,13363374#Vv7GEJSW9,-1.001696E7,6778101#B2D6rqVGzkSRV9eYbNPO8xEqSofTPdm3RTz1Cb6IIw08pbSaz9FaNEkljJJhS9CsAT,-730797
1950,994,1,2,8,11,747,1,3631,10375810#rxq3FzbeOXdnI8jTouc6RB8t5h7eijhZ,-1.1879884E7,-9044405.740,-8930112.0,3382329,-9013200,14850752#fBT5faD1jj6S,1.596801E7,-19419187,11029235#5fNThIVJU,-1.8072294E7,7406272#SFPaMckbX1a5Ir8TWq10utwy6S5cvksPAHzySigHR3B6ZCbCAlc0whXcjMeT93jmvv,9873927
1951,969,1,7,4,5,1667,1,534,19389627#ui7iwEgdbttC6B38hGKvuef18AHguVJJ,6500167.0,12031319.040,-1630400.0,995485,-18708166,14843862#A2qbBX5M8eyC,1.8345368E7,-3646511,4725590#dqd2oWCSo,534935.94,14483470#PCgKW3TbBbMyEVZDpOahggy2hsBgSGglBN0uc3wvlOoDra3mudmpTYqrHpJlqDXhCn,10320731
1952,320,1,2,1,12,109,1,1389,19397820#8aSlJy0VTDuII2VRFb8n2BSBVDKcdgL1,-1.5837254E7,18349487.380,-1096368.0,1078889,-13526697,2404873#5XqbrutK8XJE,2973509.2,3740387,11599604#I0uK47u4n,-9778125.0,15365107#1E7YFlaNucwVU2kolb35AftF1uMcTRHv45BaojBbOAIzoYczJwthXrtxc15MCvDqZ3,-17386953
1953,940,1,1,6,1,431,1,598,16792620#cYv2c3ecLRPJz7ZBSM98eMECnNbj9rE1,1.8457772E7,2702471.750,2954664.0,-18159478,-15463231,15924741#k0Ysa1ZdJnis,8343418.5,17635113,10971523#QWQArIzlH,1.2839009E7,14689821#QZLuwjiYCdTmUYUVxzcrCURVZEYs4ymZ46lMwKdtVKvLLBtRThcmKsDHSNtjzmqczV,5882198
1954,320,2,4,7,7,681,1,520,1330596#JoKrF9UoiJSaJmZYjUAWh8HIcmnl2TYR,-1.0809618E7,16654398.440,713904.0,-7703757,18346705,15916325#U0K9LJGFuADW,-1.5603141E7,-8484916,7035812#uDCQlc0ER,-5948962.0,8836078#ch38TmuQcFyN9ylryFPfB96nnTTnXlAlnnOdQrP59CIEPTJBG2mkAjd6b4GgCYK0on,-6881133
1955,582,2,6,2,6,973,1,567,5835789#LbyifvaCR8oi2GP8rkTrSSGXClRcmkxL,3632117.2,13586505.650,-12072848.0,-5962784,-12656388,13843630#X2S3OEgklruA,-8192152.5,2510310,14515591#EKF2gFQqp,6232662.5,7713313#JDMYniUZwG5l9TAomwtBWSYKlMig9RYWHW6gaXYDSaUxGXgX2Lca2IaAYCIT1NNAmm,7069760
1956,35,1,7,12,3,679,1,3012,7733591#Gx3QHcuKGYmxxFE0FEOcvDYq8XJFHxA9,-1.6139278E7,14700785.730,17395344.0,-9411667,-13911258,2429624#TWNVJ6Ar1UHP,3782315.0,-808859,14515410#KX4XjG7th,4029046.0,3178291#OYonhz0e80QnobkUSXIQUE8c9ml5vuCh3ZDLz6MyNElLQs7Aq0Z2KZQZxfNhBU91Av,-13206051
1957,826,2,4,9,13,177,1,2072,14045937#k7Q5r4vtL3nua0vcQ2GXM8ED26zXZlcX,-6929746.5,19114265.150,7663376.0,-4796570,3597843,12972041#ysW1DQMio9Sr,8396921.0,-4721321,9971128#MSw2BBCnR,-6508584.5,209476#jVOndjwAM4CxXcANMnbahEa7flpBQVdDQX2JG1k2iaX0PXxdxcM3oshHuYU6HHn5B1,42706
1958,721,1,7,12,12,1717,1,1867,4890070#MMgBnBEhpjTCV5Sg0dMqTQQk9KdKrOsF,-7446372.5,14485877.840,-2947600.0,-9265943,-639363,10998346#83NUoWFFqPjQ,1.8169538E7,-5001874,7400712#Im1UkGRAZ,1.886059E7,14007552#Th3gs08AG8d600s24Q0WPBJQOI9hrQKnSQKPqWYEfzeoug55QWLyZhpaKeB6TzJs9h,-4408538
1959,226,2,4,7,4,907,1,2287,17060066#zACysgh2BPliwG9quYbzJzhNvd8I7uyA,8616067.0,1604952.090,17436048.0,-5883303,7273095,13829413#mmqoRPc4NLH7,-2228609.5,-5975848,4845455#3TDhYxkMA,3160856.8,7908239#7AmDWfZbaIYdyxFK8czR8UjsfVb0GyM3lvAIyiJZozUgyUCvvjvTGYjSp95dBzvYwn,8821162
1960,488,1,3,10,2,188,1,3758,11038521#3zc11AxaapLvr1Bb8rlFYadmHAQGYs0i,1.4210904E7,16576802.090,-11613056.0,-134061,9142182,17824529#VF5KA78YUOZx,1.1768006E7,-1054979,12357167#F1XxUKaHO,5893709.5,7386585#dL0EvcHUKUvxZfBH6wDcbRsMcW5HV10jUxPmq6KeCxThj564Z2Cg2jZwYju2z0SaMi,6347724
1961,722,2,7,7,5,719,1,424,5980902#IqagDMfChUxVX7FXW8mLT3JcBMn4XvoV,5051284.5,8807896.770,18479568.0,13249661,-5801535,6267612#eOYeUdl5dRy6,7528101.5,-19377051,8913065#oeeZaSlyB,2859063.5,7087253#l5yY9VWdC5M0ljCEPv2bWz86dCeeha2PJVmQNcmhSdW5xhZbaz7ROzewsxuEi1JKpa,-9719342
1962,549,1,3,11,2,1013,1,2745,10952922#hf209KlP8uMaADwjCMziaAUbed6Vd2MU,1.8332502E7,17695257.310,-4865760.0,8965078,18311311,6369252#7SfiYwiFugFr,6519634.5,-6878774,10922375#3AgeYYoSV,-1.6973526E7,3201479#CMMpMUUi86A18DkJ621Sr3RB4l5k4Vri37xK3uMxu1vvLrJAz4lgLweJcfTf4M19w6,-12234353
1963,888,1,2,12,2,110,1,2765,6892086#5tonS0fakg0Pcc8eryEyy8xP8doj1ajf,1.853475E7,-13480194.140,-14697104.0,13774061,12509974,4076454#szFDA2s5081D,-1.681018E7,9297849,10458248#GSUmj3gOi,-2204417.0,12842046#x39x3EUkNxwMyjEM2C7U8IsgE2yx0fhFWfiPgB6nGmqhwB0f6FTpvBr5T0zfh8uDFF,-15166189
1964,116,2,2,1,6,1494,1,151,433861#E7yFlCKGAaT4HibPrGaTDRJKaeJFaL0U,-1.759577E7,10940576.230,1093600.0,16585069,-16055112,233634#kbi8BE3iLw0t,1.4808687E7,-12676499,8379681#Xet2NBqtA,3265816.8,14227300#oRepL13DOwD8ZW5N19ZR4jA0TrBdo2v3BWUAKg2C3FdPLeAjHyTXkHDgysXrayrezj,13945334
1965,643,1,6,6,6,1378,1,832,15948079#OY32u0CsAaoof5yxBJEI6bArcStB5RAn,1.845601E7,1361070.300,17958912.0,457675,18803094,9328820#EYoXXVqswlFS,-1.1628593E7,1182451,11138737#GVu3IWaHS,3115010.2,16880005#Tg6WaqWoLn0dnj0nDiih0nBYDi6BqFi61TiEzf8VmKRqTarYiqc5bw2pam3RhrvTpF,11015731
1966,71,2,3,9,4,900,1,881,5932886#EprobXBOgBerl3z25I1YglCTn0NOT69b,-1.2862802E7,17045451.240,-13960704.0,-19397571,18195555,4571704#AoQjmw7gD54Q,1.7183394E7,-18008771,13058917#l5vyUFOZr,1.9634858E7,17090318#gkzdwwaySinuljt0BxlsdPLr6paj029wnm0u2P8h793NuX07C59yhNpnuclbjyMQVf,2727698
1967,190,2,6,2,4,299,1,348,911597#xbG5817gI8cukvK6RzZcClxBnaD2YYbc,-1101585.6,-10303395.710,-1174416.0,-7012480,491116,1712890#PuclN5w04xKn,1.2328051E7,-11996868,7523299#D0jhnGXgb,-2352795.5,16923867#HK5OJd5dAN1CQ8fvH0sDXLp0kTSZL7E3xoptRJRLifrqc6QOpM3e0hxHI6wxJKy2uG,10746762
1968,984,1,4,11,8,427,1,2181,19676080#GWU6zbkECVm4rw9krI6a6DiyWiMsRjEa,1.3791098E7,-11799907.280,953776.0,19624074,-3949747,18534548#HX9op7PNwA14,1.1058718E7,10456257,17703770#nFs4ccASY,1974408.5,5968207#AHRWBOPMDLeKpGdcvH4jVhTKw0HbPZOxtYaMnULjPyAbcJWASq1v2HFkyC7qIcGILD,-7101981
1969,120,2,6,10,9,910,1,744,6845499#gBvYLtF0bWbe8POit38mVplaI5JDCaKs,-1.300759E7,8212936.090,-6007360.0,8046546,449643,13033725#w2osBa4HEoL3,-1.6201546E7,19509341,17145007#A2UrIVAZQ,-8122052.5,9628121#2RhinlMmAIq6Eodr5BHMws8dGD4v8h4jNOySsuBgI13o7QvcUjiQsmxbTHIe5XltPH,16103829
1970,195,2,5,6,12,1192,1,1774,11275318#UGJDq11OyHGhkPAf5hYmw5CqAbkOs9VK,223009.58,19547954.110,14333776.0,-17159024,8865830,1194022#27PwolnZpOQd,1.7993462E7,14558752,7483118#Pb5E2E7D7,2390797.2,7102848#hrXWYzUBobsuOXGopNUvrNPlkTBqhcMl2V5q6dxuwS1USKnU54x11TAcv1yeehr06i,-19644341
1971,381,2,2,7,12,109,1,1092,7768824#yGEgmzv4LsdQ9SFTyhFu5zn1BLJyLwke,-6788049.5,1533177.690,-1739504.0,18854259,-16280682,9828293#xoF0SC8IDscF,1.3968867E7,-4781292,11607360#eGRL1MuAu,-7673049.0,14450109#WRiCShlyDhLazMBYKafZ5t6x4j2OmWNzExdLxQPVhLjsjF6CSDqum9cNzawqBRm4IH,-15107903
1972,275,1,1,5,10,540,1,2439,1627509#y5ZRNZEoGIxE2CE9iSObV9vq5vVQQqhs,1.6380188E7,-16155233.120,6525264.0,-12662213,8679741,12577767#Erj5NEeuCn5S,1.1041044E7,-12093257,5872254#e9Op5PQNH,-5651090.0,5903428#HeKsJwfGgyCbRkCUi9oboCsxrrUwn1SdcDpuSngRwSJMowCpboFvZnjsqprrwerush,162435
1973,114,1,7,3,5,92,1,67,1689932#66Iw2l2MEETDnGAUpmomfM71OyoxfHgC,-8654559.0,-8318691.380,4994464.0,-2453369,303739,9563816#PjqGn1JZoMLn,6185211.0,17099310,18964954#oPWs0s8Q5,1.0856529E7,6444857#saLqnvUGOAae9IYwHPyPja4RRBTA08qqRlltRr632OYN2vrWH0hP03E812u1aBgcjx,-18610907
1974,724,1,1,13,7,932,1,1413,9439554#aF68Q6vYrj4Bz74s7G2tOU83tFDP4qPo,-1.9391328E7,15463122.270,-8686096.0,-1891555,11384311,3285049#8oS6qLpSmk3c,1.881517E7,-17367196,9810385#Fzpd6fLhX,-1197925.2,357366#TGmb5OxEAc4qjfVDQctJ60uyxOODestCRU4fQlv136Heh3xgOrDVnICpUzOCqXLJcG,-5744335
1975,9,2,5,13,10,1174,1,3314,13174705#lJS6t8UbJfF7ZcfaWcxDiZlKHPiz2nqZ,1.6973862E7,19391701.910,-7272096.0,7256292,12929093,16923600#w7gMVT59Blfd,1.2143203E7,10633902,7078322#nknrJlswG,1.1626172E7,1490043#KeSRgancy0ei90zs0y3MWakKhJg6RrHi9FUGb9U5W3aEmFKfqHPZ6O0xYVKtc38JbZ,-8818733
1976,158,2,4,8,7,1212,1,1280,15326028#2cHA0vdi7xWpDRpjZ9iZRAqAdJnLHlYW,2720475.8,11288610.190,799824.0,1617764,-8998477,9238044#CAz3cGZvOXs2,-2562837.8,16028125,3144487#zlx30uv91,-7046446.0,2304195#22vBiGM5Ca7XllK0jON0OmyQDNM8Dr2RFQbosGYLLCzZxpneOq0jS1YYOXsCVYbOWS,-13509755
1977,782,2,1,7,12,1490,1,447,7426625#4yWIFbKMqmLXykOpcOJSwgD5EjFY61Vq,1.4324275E7,2390708.520,-10908576.0,-2007388,14343945,10623435#0fCswpo4RbKA,-1.2235928E7,-18020903,17552076#aUHt6ORdy,-8062262.5,1351352#Ysqvg43fhCFO6rylm9VuVseBWuW8yP6U9gKAYRCwEuFlmXsm8ESND9iyzwK5sQ5Mvf,-9216440
1978,94,1,4,12,6,36,1,1303,13366664#ZPWln4GGLM8lR0IQIoPPDDeWF9T8HTo1,-9462402.0,-19117912.040,-1035472.0,12803290,-12841583,16828241#j20v6K6gMbqZ,-1.7475664E7,16294405,7437271#2HjiQKRNX,-7682186.0,12289582#u6KHt24yiIeNtd9E0K5eL00yMDAMWAKXQGXdSka9Zk9MsA6RZ5wqeZCGjRcfMiBbHj,15898665
1979,880,1,2,1,5,31,1,605,9432432#GS65r2ImaKmB6ZCi5o3f98XxKnD7fvPv,-1.3616379E7,-18197527.530,17069680.0,18314629,16221411,12826479#DG05qY6NPgOz,-6839338.5,7570864,16122557#Qdkyps88T,-1.0354095E7,18019481#31G23zMivZiyoThR4egTypbbutwvSbVJQZuh7Cmu5U0XuDUhrSXWsfwlhZO9bsYAic,-16344228
1980,35,2,1,4,11,1489,1,2837,13677583#BE058jEtjDFEtqrHwdx0HB7Ox9tnIcWv,-2842475.8,3089642.570,-2624960.0,-12637038,-18025362,9035348#AqT9X4IG3LvI,7316024.0,-11143764,1000532#HgkOFYn7S,-1.157062E7,2767122#tCLGOmwp5TxwxedMTcbOKOyQWageyLV9sVBkzWaVLygntZ8j0NhEZpwYKCSJTdbs6q,9203453
1981,52,2,1,3,2,1544,1,2345,7801756#B35Xnd2Dl1ZgNAoLjCqqf28IGrNQ2pM0,1.860789E7,-19259168.660,-3581344.0,11760604,-16012630,16881874#jch1vARvXSZa,5887463.5,11558815,5508710#n8SNLpxwF,8652803.0,4123860#pLaoqjKxmoJOxHmSD8emyWqTM8gx5I82uMiiWMlp19MwOj3s9VeNOGr6vItM7aeV4G,17591652
1982,237,2,7,6,1,1121,1,2438,12143045#hA1Li2AjBQ0aaJuhyRxYJZcfxXWKq2Vi,-1.051991E7,-11966369.700,-13515552.0,-14055233,3839693,13185579#HxBPHPR0WvKw,1.2057422E7,-13774007,3858015#DhXJ6snUC,1.5000732E7,4776635#oHqw3iUcwSNfPWgS3BZRE9mIeP8htJQKVQIPjk2blkLIZ6q6QoGl3lThNzjqTfwEh6,-6991801
1983,559,1,6,4,1,14,1,1042,12366790#IeyvgErE3C0E61fV7McyLMSsCzRNpwOo,3894872.2,1018040.180,-4971584.0,1190922,-13980361,8239323#6WMKbAAXXh44,-1.6490763E7,-7197408,14594802#Sh6vafYdD,-1.7549228E7,17193337#OhrFyzkJEG5ajDxqrioRbu129BHnXr54xzVLIboijnpuz2nWaYlqCPDca5Xd0U3o6x,-1833118
1984,106,2,1,11,12,1690,1,119,5802893#0eS4JguyBfj300FnXkB7VZ8V3nmzMYTZ,-1.7402906E7,13562239.260,-4985520.0,6520850,8751545,12210353#uYgQREhCJgF5,-3645442.0,-5315537,18669962#eLU83kLgQ,-1.1496246E7,10917451#pK75YZwZjtadOoMtNp6E3Erc0ayhDgdc9ruptg0YeB4IQ21uFXFuVwlQ131aMw138W,-11950081
1985,887,1,3,1,2,1141,1,594,11638836#2xPYe1N4hsVw2nq7WGylxM2Tw8Bo5TYl,-5025134.0,-5170412.300,-12808192.0,7390701,-1251749,2300670#CPSxc87P0nfq,1.1521065E7,-19234990,13367681#Xet2NBqtA,-1.2327245E7,6580809#DuIV3EoJaDPtfbHKszzxIf3MIMQPOHIGo96eJNGz7847WOy3vSglEPFkLxVlCB1QC2,4402078
1986,660,1,1,11,5,215,1,2937,5064062#PkzXQllPOXzloYi1Jr1hQRVdqH4CUivg,1.5793806E7,10980137.680,7937456.0,10464400,14431118,1800305#RBFLS80Dj4Uq,-6036330.0,-18772357,16555026#7HgCXWkYH,-2519119.0,13570618#mMyDqBbQCajmngx0CaAvYM2iRjXEidl1V3E1sH2l9is3PmSHqMPHMzWS6OaJZH3Prd,17865296
1987,66,1,3,10,2,1609,1,27,2703442#EqhOqsZVtNb3ZEhH0SPaAL2KcQKhEhml,-3917632.0,17034220.880,16526896.0,-8212616,11190208,3685963#7M73lxPRKkyc,1.4334302E7,18385148,3205410#KX4XjG7th,4866533.0,10470293#mAxcJD1Kw5xr2HwyFA2NdiaM4Ain0tFSbjPWSqBrTPY1CwsGntVyPBdltgVjr3hSO3,-18347911
1988,212,1,2,11,13,1608,1,3270,9661163#A8jN1nd04dUi6FurMBCD9AMlGfjX1FdA,-6972812.5,-4013874.700,4478304.0,-3004596,-16762003,16334689#Je8FESBWEWxB,3029077.8,-1363539,15473326#0VowcM7RF,9995779.0,11258870#nMlCcj1qI3t6qWrzPAf3SDLw0fbYy2p0j1G9TyPlurR6mPB6Ygmm98UYMR74XmVb8H,19276676
1989,971,2,4,5,3,775,1,3755,4565945#6901dDIcwMczYiCpnpbKnab2iLLrAVre,-1.2243743E7,-17318826.730,13146624.0,17622252,14207014,14957444#DEsK3eIzMVW0,6276030.5,17676915,4913408#P9QFq8rSt,-1.723891E7,6679412#dvtttemdp7b7ZFBOPo7T7mxeJuIMFmJ4Tc2LXdb4bsAod2apPuxoRk57U8wFljeggw,385705
1990,65,1,5,13,10,1531,1,3624,12778634#jtHN95hPPl20jTP8cPBbX15nExI64U61,1.6138032E7,3468421.900,5824656.0,-19159471,-5993004,10274388#08zPO7DKNyQ8,-1.636489E7,-8511105,4502673#R9xsClTEy,-1.4995091E7,12159210#dS0GYIIhygRDI2amiM40fNIiYneu4G6kLSMxTDtfnpjL75ZHXGkgUlpgVM7JnI9zXs,3616753
1991,60,1,6,4,1,1563,1,433,12290196#IO9LWyF2Vb5678KtGrc4e4b6KTdNptya,-6298633.0,-5717131.990,-762116.0,13822179,8279784,12386945#dg3cQDZCqI8l,8378791.0,8690040,4602262#jnZnK8sRn,1.0509898E7,4528995#atolqtCCLiLcucXa8SLJlvs6owjYYVF1PvQ5ddUndQ7hQDu9C4Y6IhOXk6RZd5EePA,17067473
1992,192,2,3,9,5,457,1,2035,18385206#REWau66FhUDLZEcHg1FOKccPA0UsYT1h,4015230.2,17130903.920,10893520.0,3168815,16533647,520757#eOXkATo5Uvsv,-1.8006698E7,-18299558,1611080#1DaHNdzjU,7177669.0,1646726#nEDhKX5hmeRgUid1y70Q7CA01wJGjoOm0xLwRCND2bnfuOvlCvDlUVZMz0Xb4bMhEQ,-10987843
1993,945,1,7,3,13,659,1,3166,6009108#PdwlyRVlRYV9mm5lG2FVYvrVfxuv7rM1,-5486473.5,-2092883.690,-3946624.0,24713,-5646209,3972895#ERQZ33F6kAxp,1.3146666E7,15405218,2459286#J8uLnN2rD,-9468010.0,19839556#EGLT0Ih9DG295xbCDslmQLEymF5xRhchRqj5x4Mxgm4s7gMl1Oxvn83fMRvpG2NMXV,-3045639
1994,434,1,4,6,4,1764,1,3964,12072811#bMHYnVvqoDKNxMOG8T38DHH4WWfHq2fL,-1.6751379E7,19431847.980,18156112.0,-5826731,7666101,3781205#bVo2VwuFkkkA,1.4640895E7,18997049,18459017#8Gukw5kPr,4046501.8,8987660#K6mkXH2G5MvWlF5MErhQ817klcjYqrWkHWBg2TkhMqmjTXZXGlvn7HAxr1voM9fW2X,-15208587
1995,47,1,2,5,5,539,1,3898,9422821#isfV2XqdTFi9SsAM1e9PEHw2ivSLbDBz,1429190.5,15536303.450,2677104.0,-6787219,-4524599,18378840#56ycVqn5EbYh,-1.7875822E7,4954209,10067349#zCOxM9RL2,1.4615209E7,17819080#BMZ0ek8iHBenjVmKH9qBEuthwBVd2pqiXBS9QgFkvia1VqBPUzregMMKxAzjQYEKWG,3252083
1996,337,2,3,9,12,1718,1,2106,935892#2diXbrG6mDZX2qbya6Wc6jFmT6SHaHCh,-1.7978854E7,-18557132.590,-263440.0,-1967546,13373659,16456113#jVfaVBFEY5Hk,-4797898.0,12788389,13389100#ls5wb9Ux9,-5267403.0,10734603#HsM6qgIe34Ee9rBfDRU9AQPFg6qH8us3ksJscuULNJF1RMM2dfAUeBSEpS73hmcmcj,15167188
1997,324,1,5,6,5,10,1,3961,4272895#Oq1AXB8RBrYmSPxIntJdMlkRh8YeB6Hk,-1.818896E7,-10169479.590,14438288.0,-785907,-15331521,4091378#nlUMktQ3CbSQ,-1.2687104E7,-18419182,14357230#g01Tgn3JP,4948775.0,1964082#GT9016lqpbvYkJbhXqrwII4saKIOShc3SjFjGXRltmNq36CP3cr6VjW2ziRRtgoO00,1618419
1998,549,1,4,8,12,1411,1,53,8573990#3BGBTykUD711XBOgvmHZFHeNG87S5jEj,-6339389.0,-2403825.110,5217536.0,-17942570,-19954471,13194911#6zRbQB15Qayc,-1.5947796E7,4705403,12219913#m2OwvrCNh,1.6630738E7,9370306#cxqRuSeTpvKsHyN4uZ5BnzDGphLyXWJARQO0TozZRYTc69bH2wHK8zknu9MqrdWUVR,5601028
1999,115,1,7,9,9,1145,1,2258,5225958#J0RmkQZKjPTEB6vVVVdPGQCxxWyPrhSP,9314111.0,2667654.110,10514528.0,15403920,-7663723,2545590#ljaxN7DJgbTX,416242.66,-19892930,13706195#Rzie3DIZt,-1.027376E7,6951977#42BYiyGkYu8OwHAZwjORaQ4g1vu5U2Vjip4nzNMSVyzIaDRIoSbxmZeBNp8MQSUIJW,-749701
2000,1011,2,6,4,12,247,1,3278,10641744#HfrEAePwhpeoXFg1wJwCbnXtHB7JUpxz,-1.2184684E7,-9276258.740,-9158912.0,3469104,-9244562,15231295#kLSpWBU3xhr7,1.637761E7,-19917065,11311902#lrJWVaO49,-1.8535494E7,7596148#7HKiSKqenz1JlVLReFzCVgstush2VlDqyMfdSYWJLg2p8Y4Itv2J5JGVRMkjMMbbWA,10126908
2001,794,2,2,9,4,1367,1,1513,19886430#39cI9LTGof9sVtrB0uqYwQsUtIxcNTKf,6666567.0,12339488.540,-1672000.0,1020872,-19187781,15224231#CIZYQfLUIAut,1.8815768E7,-3739739,4846469#J8z1SQfbV,548535.94,14854613#53Juy7GKh7k4Zatmblc2V5yvNeGdhs2nLyVwfPrNEhm1IeKKNq5AAwjT6BaN4yJAin,10585447
2002,588,1,5,12,6,1747,1,1574,19894547#pFsSDmilZ2v6oUOJpKBAOM8tROIZEeks,-1.6242854E7,18819616.380,-1124368.0,1106389,-13873047,2466417#OT6zIljk6k5o,3049509.2,3836438,11896473#Wp84KIBsq,-1.0028525E7,15758556#EGLT0Ih9DG295xbCDslmQLEymF5xRhchRqj5x4Mxgm4s7gMl1Oxvn83fMRvpG2NMXV,-17832357
2003,875,1,7,2,3,175,1,3763,17222329#zD8pIbgwrBeNNtnoAQGCa6FDynu6PmRn,1.8930572E7,2771463.250,3030264.0,-18624515,-15859006,16332350#PO7RNJVzG9BV,8557019.0,18086358,11252389#S9h2f7mis,1.3167809E7,15065879#x5NZ95WEQloKd0DnoBySRoX96FaIY2EAgaR6VoICyiSjm5DUN3NRUkzSwnriSdDhiy,6032655
2004,685,2,6,2,3,881,1,3775,1364418#DtBJ5AH5b33gH5CyLDVsVvkarbami46y,-1.1086418E7,17080535.440,732304.0,-7900666,18816280,16323472#eDmvHCCiUjo7,-1.6002341E7,-8702211,7215631#Plgi2ePqv,-6100962.0,9062063#qlVw8vRehAr6oNtlTGO6imd5GCG9YelL98s3PfpWqA9ZskNsEX28L1iEzTTxeyuHSW,-7057372
2005,27,2,1,12,7,485,1,3627,5984918#BJ0khbEr8ZRhUnsWWKredlPPWEeEn3gG,3724917.2,13934005.150,-12381648.0,-6115465,-12979838,14197614#UtyYZchYWg0O,-8401753.0,2574434,14886715#rwmIZhdRY,6391862.5,7910340#B7Cd9FXM0B86wS4uPQxdlxxujGI3taCOGemLYvLRrjqlVCTp8wSN5ZbP2JKghTCmt0,7250514
2006,980,2,3,11,13,529,1,3489,7931229#bPI89QBojLA8zHBrmZ2YFDJMq9NUk0z5,-1.6552078E7,15076480.730,17840144.0,-9652017,-14266783,2491611#h42Uj5TuOKfN,3879115.0,-829353,14886449#A6Zzeki7e,4132246.0,3259423#btukkCZd9QOGai6f5uS1iXjii9VdhfZg2T3EhHKVjvQRlWAIM5kM2Njghsx3ZVYYjy,-13543560
2007,346,2,7,13,9,277,1,1552,14404770#1T5iD8l8Cm3b8YhELBBnC5nqyGxyDA8P,-7106546.5,19602562.650,7859376.0,-4919345,3689805,13303434#TT8yg2xfegI1,8611321.0,-4842022,10225640#hvKjBQxH0,-6674984.5,214621#ICSTv6IjOODEH7AQVMqCwHBPrybYm6AK8TnVx3piKHQAxxSlZ5H8yNlWqtdFHD8CoI,43794
2008,421,1,6,3,6,1142,1,1292,5014833#JFzprBCQU8xyBaW8zcrLSrkJsZq34mbJ,-7636772.5,14856024.340,-3022800.0,-9502624,-655638,11279052#bZwfmpPksBr4,1.8633538E7,-5129581,7589608#iFVoburwU,1.934219E7,14365015#jQwVyqBlaCjOIdLgHAfufvoS2bhKD8dlR0IBWUBq40XEeoCBG0u3BtzP8k0rEtbP4h,-4520886
2009,594,1,1,4,8,1182,1,122,17495315#cEZS3F86S2ypTo9Je5wSpfAeQusBgqKJ,8836067.0,1645875.590,17880848.0,-6033309,7458845,14182282#EPKUgVMlPGZQ,-2285409.5,-6128179,4968978#xwhMxVQ6g,3241656.8,8109863#3erQUPn0h291wpXfYzEc5vAXkmwUGOhRiG0D8IoF5XrkVvdnySJkaAOGJDYc1LtS3C,9046228
2010,123,1,2,1,3,1638,1,2568,11319864#0byHLZHiJPa61OGzie7AhJBcIvCcvnkv,1.4573304E7,16999823.090,-11909456.0,-137311,9375432,18279200#9kgEfaOX0YdE,1.2068006E7,-1082054,12672359#H09edmSMC,6044109.5,7574795#3DJjsnXwNbXoAfuJ7UG1RMyozkW7lVAefa6sxTdy1i7zPWXvV7ZrL83vkBjvH01bwA,6509632
2011,182,2,4,10,9,644,1,3734,6133146#JXc6ZobU0AEcTbwCoZxQXzRCfA63gHEV,5180084.5,9032342.770,18950768.0,13587423,-5949485,6427381#bArFji0qk4mv,7720101.5,-19871280,9140232#oGJWLRY0P,2931863.5,7267945#kBZzIXl0rFCjhDMbBwHNackzu157Md5GYHPfRe8j1Thj9ssg5HEp4gvzONMmWG3XRv,-9966905
2012,531,2,6,13,12,219,1,425,11231936#mWgzjJ8nfbWNCqKyDp30uPir48TKjmAa,1.8799702E7,18146197.310,-4989760.0,9193753,18778045,6531505#fMcsTW7gkdO9,6686034.5,-7054202,11200654#Bv5yavMhi,-1.7406326E7,3282917#wA5ERNtAqLXmGLi1b0CtDEJSXCg2ZZWFbzr3jG44ikQo1imGFwoV9aw04gmLkYfGqe,-12546210
2013,938,1,6,8,10,422,1,2335,7067497#j4nYbG7UR6XozFvittVqckxgNdi0PKPu,1.900675E7,-13823562.640,-15071504.0,14124966,12828449,4180245#u5KoYIvSxuJZ,-1.723818E7,9534779,10724519#a7wKfjWLP,-2260417.0,13169001#r4gA9ZrW51ybyfR9gbSu5p4AVEwdtxsOoTHNYJ2k7bGjHGSjB0UacX1bRlaN74M2Dc,-15552266
2014,868,2,7,4,10,1182,1,2621,444847#8DAPSL8FdgCJglvom9NAYQv4pX3qDYKL,-1.804377E7,11218970.730,1121600.0,17007331,-16464012,239479#DG05qY6NPgOz,1.5185487E7,-12999315,8593010#ZTTsAR6XB,3349016.8,14589425#hArYwaUuoAZ349GjSpaDM1v2n2p0VWkLjNL5pAX2kAcyEHf5pcAv5x7to6Sn6dM0ct,14300198
2015,778,2,5,9,10,691,1,2162,16353750#VBkNhrOOIWngkbgL3AZVGKxkvhfWJkX1,1.892561E7,1395689.800,18415712.0,469550,19281551,9566066#cxImEadavgCa,-1.1924593E7,1212742,11421973#jrWxAQGSp,3194210.2,17309347#pdqQTYkvGgM5Sa5m8ACU6yjbT4gcdTt3ctgwlZ7prbXCwH5MA7aOMJvkFBwI4nQMOj,11295925
2016,981,1,4,6,13,150,1,1166,6083770#1T5iD8l8Cm3b8YhELBBnC5nqyGxyDA8P,-1.3190002E7,17479090.240,-14315904.0,-19890896,18658392,4687778#hq6sUDaTDlLf,1.7620194E7,-18466609,13390824#ii0pvn3wK,2.0134058E7,17524716#jbgf2CHbdnu8a898aAxW8Lq4okODSBN8hBRiYBxrlioq7SjDzoejKVXaXvVJOeIdpf,2797188
2017,770,1,1,4,3,1587,1,3574,934724#8cSTfz7fI1hYjmkqYCpBUd2IdgI5jvsr,-1129585.6,-10565325.710,-1204016.0,-7190480,503766,1756282#EPKUgVMlPGZQ,1.2641651E7,-12301761,7714388#08A9p8xu6,-2412795.5,17353933#WIXzTBsvlES6JkgfETJCH86ScWlY28RQIju7eRKTzhBcSY47DkctoAv8FLuUGWenyX,11019785
2018,29,2,7,3,10,1708,1,2123,20175854#Fx0giIyXV4gLygOKYFRmpEsXXhVr50hH,1.4141498E7,-12099472.280,977776.0,20122849,-4050190,19005259#4LW0lczsgkni,1.1339518E7,10721665,18153421#uAc1xI6Ps,2024808.5,6119696#qL2z8owSOZZ6vhksxbkx70cKSAgQyumSMktgDneeDmA3uk6uJBrbekjcGTJ3V9yv1W,-7282192
2019,920,2,7,13,5,860,1,1764,7019098#JnDryKaiYx3OEvm9MStXrnxOEjq4YN5e,-1.333799E7,8421732.590,-6160160.0,8250685,461312,13364591#lrGyWTX3navs,-1.6612746E7,20004631,17580321#uwyvBmxqS,-8328452.5,9872590#QbYUeUQgVsNcQFNVahSocK9592kufDs4VthiZu6sz7mEh5Oxnw5iqtz7AoC2PdT0St,16512591
2020,330,1,5,6,1,17,1,3904,11561259#uaB1E9WRRg32ekDaGCPN2NC7clobRm9i,228609.58,20044189.110,14697776.0,-17594562,9090755,1224263#lOrDfONIZiFb,1.8450262E7,14928456,7672964#Jv5RQ5RdX,2451597.2,7283109#WRiCShlyDhLazMBYKafZ5t6x4j2OmWNzExdLxQPVhLjsjF6CSDqum9cNzawqBRm4IH,-20142778
2021,824,2,6,4,8,1509,1,632,7965829#iI6yLXbZx4SY6EIImfgAJ3RENOf5aWat,-6960049.5,1572088.190,-1783504.0,19332359,-16693632,10077397#teTJrgIMxqrF,1.4323267E7,-4902574,11901695#sabQaSx4L,-7867449.0,14816496#mzyUeydHsJEd4tpbY8cvwR8HYKrCsPj2kXwfOy4VyZsxXY4xF0tP0Q2RBSCq6AZOBN,-15490929
2022,990,2,6,6,13,803,1,439,1668706#8NTUqJJX48PpPVs1GHE7MsshZhUIcidz,1.6795388E7,-16564740.620,6690864.0,-12983038,8899791,12896498#yK6KXQyGz4P5,1.1321044E7,-12399661,6020930#ALgr8YkF5,-5794290.0,6053086#jXn0xOmq03DW1neIk8zcepF4xNjBtDyDY7RKpHSsiHxguZkarefZqpikWiAlalb65E,166325
2023,1002,2,1,13,9,1092,1,3317,1732636#Lh0sfYtQIrGrQSGdasWcC549eOD4p3Dv,-8873759.0,-8529668.880,5120864.0,-2515594,311214,9805975#AUJhTv19rKfl,6342011.0,17532610,19445405#zFzNHhPNw,1.1131729E7,6608090#rXBiZBoW8Lkv6T7xIhhv9shxAufWbVFrMu12Nyp8XFFknV5TwSPc7hZznMSjGSI5YV,-19082678
2024,918,1,7,5,8,1432,1,2528,9678492#3WeDmkRN5t1lftn9uNbqudHbDNGjitbv,-1.9882528E7,15854799.770,-8906096.0,-1939405,11672561,3368255#N5oxqit9H6I1,1.929197E7,-17807235,10058681#Xet2NBqtA,-1228325.2,366410#YthBtmU1mzxNZ9Nlvzv2SJYANn4uueQxUG7wv2ETLMGDgKCsyxVUPJyHv2ElySTVr2,-5889610
2025,839,1,4,2,7,1399,1,3304,13508130#I2qMHHmueUv4XXxMgSLiUStXA4nqVdMO,1.7403462E7,19882545.910,-7456096.0,7440092,13256636,17351816#PjqGn1JZoMLn,1.2450403E7,10903294,7257334#4GCQe3Qzt,1.1920572E7,1527765#feXJVX1JxfrfymWYIHxVlwTS3ih4bCgRFK9o5MSMCHW5fMaHJ7oE5n30Yr6WMVvnrh,-9041765
2026,133,1,7,5,9,1350,1,1992,15713693#QXdRC3f7MDOyiO9Zbt2f3c6MFhMLUuyH,2789275.8,11574494.690,819824.0,1658934,-9226308,9471750#lYAoUAsWlsQ5,-2627637.8,16433729,3224044#2RxsfrcbQ,-7224846.0,2362302#QuwwgzMGtdYr8QtQfqhXSfJ5QryEKCiwInjaomd8cUCEmW9LukvQBaCj2GgiRgBAuj,-13851386
2027,1012,2,4,5,6,1040,1,872,7614241#u3eVH2x6IEyBNIeym6oYxx0gKECYhKu4,1.4686675E7,2450970.020,-11184576.0,-2058234,14706737,10892054#o9mkzbqpMLgW,-1.2545528E7,-18476918,17995949#LaBKboZL8,-8266262.5,1385430#BBhoTAPzyBSQEhgpSCi0UlN2YL05yhyMWVsKXesFNUusCDNBcbApHI84CxGugJx0IH,-9449495
2028,1054,1,7,6,13,424,1,251,13704477#LhJvyfim35YCHjS3DspW3Q96aARz6DV8,-9701602.0,-19601161.540,-1061872.0,13127153,-13166283,17253489#WyegawIRpSSw,-1.7917264E7,16706328,7625152#9dK3niOiY,-7876586.0,12600123#5lvDHPfYXjKPe6kThTNqiMlkimgwegbTViVRR01jbAG9FpOsHdGpoyAEKthb3laQxd,16300687
2029,979,1,2,2,7,462,1,190,9670519#g2qEa0qfBld5HnDhWGqf7TIkh8qEaykA,-1.3960379E7,-18657362.030,17500880.0,18777129,16631161,13150465#WD8xgyMSaFvH,-7012138.5,7762260,16529690#bICoOujMl,-1.0615695E7,18474585#dL0EvcHUKUvxZfBH6wDcbRsMcW5HV10jUxPmq6KeCxThj564Z2Cg2jZwYju2z0SaMi,-16756934
2030,668,2,4,8,4,1089,1,1713,14022937#k7Q5r4vtL3nua0vcQ2GXM8ED26zXZlcX,-2914475.8,3167510.570,-2691360.0,-12956288,-18480437,9263288#dRssk6RmK4mu,7500824.0,-11425396,1025637#hiAYTdH2U,-1.186262E7,2836864#cpr2q1INxqXRKqYH6lI2boxGUAqnTrwLoF88tvkHapKL7KlFfwjBzYYQ6Gww3XDaOG,9435625
2031,302,1,5,2,11,1094,1,2250,7998587#Ji83SI95aXSv35GF4Kr3EbLXrIwWBHJZ,1.907749E7,-19745299.660,-3671744.0,12057460,-16416580,17307766#JVWyztBUEzhg,6036263.5,11850460,5647740#zKeoKDG05,8871203.0,4227831#gZxuCLMEOIFvHsuKbpeUl5uk2mrMbD58uWNwGfYSxJoIYmtt9eD3QFxi1vZVrQp0GL,18035719
2032,777,2,2,6,3,1596,1,3458,12449136#H7IS7UCszNPPUo5WWG5It7IQ95huJI7r,-1.078551E7,-12268426.200,-13856352.0,-14409658,3936518,13517968#2UuvssIYeOYM,1.2361422E7,-14121699,3955216#UXLgvzYQ3,1.5379132E7,4896953#PhQzqjoFKy4gMhvXq97n61I0DhgDPwAlvNJgKuQqy89LWAChOs2DuSQfjOKjwDOlNR,-7168036
2033,984,1,7,6,3,914,1,3864,12678591#Gx3QHcuKGYmxxFE0FEOcvDYq8XJFHxA9,3993272.2,1043897.680,-5097184.0,1220722,-14332661,8446897#5a5QM0G5HQUr,-1.6906762E7,-7378943,14962631#Plgi2ePqv,-1.7991628E7,17626692#BiEkkxtU1ErsIZ3EFGKP6POvkC5OEehDrM2X0RzR6ilTBaj5E8lIFjNWVu2SDoqhZb,-1879377
2034,588,1,1,6,3,1515,1,2409,5949104#tRSeTOShxXlSJa33LfUd8XpvXwldfe1y,-1.7841306E7,13904019.260,-5111120.0,6684938,8971920,12517860#2TZZdO3esd3s,-3737442.0,-5449251,19140310#nUCMLlclw,-1.1785846E7,11192579#QbtM9igeen5a3rzTxcrlz4eKBxG8Zau1Q9IEjLOXb0NGLW22hprlrdxOwnnJPlcFS6,-12251123
2035,617,1,6,4,6,225,1,877,11931947#6bCresFrnGb777Wn59voCxFfDHa2l0Cs,-5151534.0,-5300791.300,-13130592.0,7576801,-1283424,2358482#hWcFlqPz5e5b,1.1811465E7,-19719373,13704223#ixRB3m8sr,-1.2637645E7,6746464#xig7w5pEysfRRvhgs9UpxlPjWMdwTvErDfRuOHiCrRas6j3mN2J919TJ8vmrNdNaN5,4513017
2036,925,1,4,5,10,715,1,3925,5191460#1vzvhYlcRQ5uDSd2vlBkTGcPU4WbzHPO,1.6191406E7,11256348.680,8137456.0,10727750,14794493,1845388#08zPO7DKNyQ8,-6188330.0,-19244984,16971616#j21lEm4yh,-2582319.0,13912167#O8Dv3EGhrsT7NrYQ0lqXtRkv0UE4yqwTaZDdKt0pgkpMptM87YX68Ovx7bnbSJtKMR,18315001
2037,996,1,2,9,9,934,1,97,2771432#GS65r2ImaKmB6ZCi5o3f98XxKnD7fvPv,-4016032.0,17462669.380,16942896.0,-8419053,11471983,3778562#jwNygH8zxvOm,1.4695102E7,18847539,3285901#3yNzrMF9x,4988933.0,10733601#05yeEDRfXIOUR3gHBVb0kSwJY5cLbNeJhJgwf2GgIkZRkQTK8kYEi9DshghKJPFSlf,-18809449
2038,164,1,3,12,2,833,1,2680,9903980#agWEZDPQhpdt8iydlzIaSQhrAi10IhAU,-7148012.5,-4114603.200,4590904.0,-3080321,-17183553,16745348#AqT9X4IG3LvI,3105077.8,-1398012,15862456#TKxv1Nw1X,1.0246979E7,11541969#LzdgteQnQHrj4SUEDbrIhWbzeaG9h8aKFibRPWnA9fR4Qr8LxQZPNzWJaRrxiptyP1,19761368
2039,106,1,4,2,8,1237,1,2627,4680502#3idXebR7L94WkPK5cuCq9TTvDHdtbMaZ,-1.2551743E7,-17754096.730,13477024.0,18065252,14564239,15333438#QhMfSmvIPRc2,6433630.5,18121211,5036698#4dMal1aGE,-1.767251E7,6847137#GrhQIiids0hyDDVuppNHuO8lu9M0K4E2dt9YSf3IjblI9orGelGG9Q2v1JR3B8xl0c,395514
2040,97,2,4,12,5,668,1,1046,13099511#Y8a6wuQ3oTJfEgdPWJPTF9UKyP2Tg79f,1.6543632E7,3555534.400,5971056.0,-19640946,-6143704,10532374#nwJIEGcTrYNA,-1.677609E7,-8724750,4615633#Ew7fTGrDk,-1.5371891E7,12464574#cUbfEQeAvCZDrCgnTtC5jtqLkCaPrBtVyN2rLVFo7cEV54IkXWHlDEpZv0cWKl1rFY,3707525
2041,396,2,7,5,2,150,1,1413,12598738#5WcsbZskI3GTdEh2bSdanQMkMKnmQ6MI,-6457033.0,-5860757.990,-781116.0,14169429,8487859,12697901#V6Y7Vc6wyLxY,8589191.0,8908199,4717766#LiAfrwSvZ,1.0773898E7,4642545#4Mb9JOl2dl334J5DqfD5f4nNHuboLkq0fKT5YlVxaYNMy9syGu92Lk1Ztmofi9gFiV,17496248
2042,649,2,3,5,7,1407,1,2435,18846564#cISu1s5WuTccxEt6LG7p1xg4wjiVtvtk,4116030.2,17560970.420,11166720.0,3248477,16948641,533668#zuCHa4q9lC8O,-1.8458698E7,-18758647,1651494#XLWZtqH0e,7357669.0,1687846#qg2g2JPrWH7dF9xg9vokOHaUw222LpDSOTvzbh4pkdzzSFMkDmoGWq1RyXC4yXmk9f,-11263399
2043,962,1,6,5,7,1434,1,3656,6159622#yBNWl0pSgcm9L2Nh5JDQpKRGGZGVvjrc,-5624073.5,-2145519.690,-4045824.0,25238,-5788071,4072524#Y1oBDm0r7fgY,1.3476266E7,15791920,2520734#V3S90VXQK,-9705610.0,20337175#GJ8DlGb13Odbnobgd2sInQjeyEmEK7xf6tlRgDtcGeYYWyuBx9qL3wU9aD6058rQUh,-3122188
2044,114,2,2,2,13,589,1,9,12375341#EzRF2DDDJUWn5S5hTvH0ISZvqOaJvqEW,-1.717138E7,19918965.480,18611312.0,-5972912,7858101,3875994#HRwQ4prwKclt,1.5008095E7,19473550,18921723#6wrYT5fOo,4148101.8,9212915#dJts9DC3Lp0CCSS3Q2Ivpu0Ri6ItUkZd4doULEmOl3f8MRaFzq46Lgw20iP9lM4IGH,-15589741
2045,107,1,4,3,4,1714,1,2448,9658900#QA2W1VmJy7KaGe1S4z7JNkeKBHyzV5Mw,1465190.5,15925507.450,2744304.0,-6957344,-4638174,18839430#Fe0Q2yBCfgoi,-1.8323822E7,5078171,10319468#xW99L4cIS,1.4981609E7,18265434#ISOkVByOLDB36c9SVc345GZ3eh9VIQigV1NkPxB7dSLCNsh9it1l6YSlcZJ1kUh1pg,3333512
2046,397,1,3,1,4,331,1,1206,959280#C4qdsOBewb8JNzWJJazZ1JW8vFvtxHnT,-1.8429254E7,-19022116.590,-269840.0,-2016833,13708509,16868254#5Rf5Y5tMwLDP,-4917898.0,13108695,13724299#D0jhnGXgb,-5399403.0,11003493#KbLdrCGT7ZaaPjAGmfXQFla3fLEb2HSHITqWD9NBM5iFEmfrW7ogohQeA3RwH4rIyg,15546877
2047,452,2,4,7,4,1735,1,1816,4379693#QXdRC3f7MDOyiO9Zbt2f3c6MFhMLUuyH,-1.864416E7,-10424085.090,14799888.0,-805507,-15715246,4193605#qDy5O6JR6KNX,-1.3004704E7,-18880383,14716504#os0UhLgnU,5072775.0,2013128#oAEH7Sa1qo2CEoLfWbh1aBKFaJJeIHWh8H0xkPyP2jn0XQxdizvZmssmG9O9ZwqVa4,1658748
2048,300,2,4,12,7,1298,1,1568,8788404#Rqpk6e5R5vSjWkUm3M7sS8W9eQAO3Mrp,-6497789.0,-2463918.110,5347936.0,-18391439,-20453671,13525067#kkOYDe0wMdh0,-1.6346996E7,4823374,12525502#tUPCddRrQ,1.7046738E7,9604633#tdgqdWD5u9A5Lpmzte4KdNiHCdlLOkBRXmweiCSvhgRiEiUMKPU7duwuCRR8h74171,5741117
2049,525,1,6,3,3,1670,1,3443,5356510#D2bqt7MkBelqcdWzw992I2noDvzMAcLG,9546911.0,2734545.610,10777728.0,15789383,-7855273,2609219#DeoBKKSyybXB,426642.66,-20390272,14049016#oyRoUAtPS,-1.053056E7,7125852#3X7flzljeL0zmjoAk4pf7IyyXlVEDXoA2fxLwxO1yO4NXLvSb3MFgIDwV6SWQMhzMo,-768605
2050,1029,2,3,13,1,1522,1,2926,10907677#HRsc26LzrvOKBVcbTKBExevgKtgBrQhX,-1.2489484E7,-9508111.740,-9387712.0,3555879,-9475925,15611837#PvPKo75vqETR,1.678721E7,-20414942,11594569#eCeU4eSrI,-1.8998694E7,7786023#a3VUsVQllplFMt0N1WRgcK8pBgOEUvGnPM5dwgmCMUrYSfCNAJpZ7rEFfqiFEpl2mV,10379888
2051,619,1,4,1,2,1067,1,2491,20383233#99NAOYSLuNeYJ0sgUU26HPLiMIEplMto,6832967.0,12647658.040,-1713600.0,1046260,-19667395,15604601#mR4ACKaOlbd8,1.9286168E7,-3832968,4967347#o6vTgHjSl,562135.94,15225756#tmWR7762a05FB9TwAoY0qAiOidIOFigoK5EGOxiY95i8PYWfwAGQoeEwvUomJhcxAt,10850164
2052,855,1,2,10,13,1609,1,1759,20391273#MjHFASGGcwSZTUe2VoVlu7qqYJ9ukdDQ,-1.6648454E7,19289745.380,-1152368.0,1133889,-14219397,2527960#D7VVNFI8c8xH,3125509.2,3932489,12193341#Yex3TAECy,-1.0278925E7,16152005#Tg6WaqWoLn0dnj0nDiih0nBYDi6BqFi61TiEzf8VmKRqTarYiqc5bw2pam3RhrvTpF,-18277761
2053,810,2,6,12,5,1693,1,2963,17652038#IlA84PQQ1NYn3sVFQ864mVkKtwdC78GZ,1.9403372E7,2840454.750,3105864.0,-19089553,-16254781,16739959#NWYpqm9LbQdm,8770619.0,18537602,11533255#Cz2emFi1q,1.3496609E7,15441937#bomeEUS5QC9DpLo8hWwrJCfLe7WPfYbclO4TG3JRODgtwVg0uVVMUseB1qbXRwGdBd,6183112
2054,1050,1,1,11,11,1081,1,3065,1398240#kROtplvJ3eHDE9vKwoLm88pLBVItHUGZ,-1.1363218E7,17506672.440,750704.0,-8097575,19285855,16730619#S8bJN5S1BV3D,-1.6401541E7,-8919506,7395450#8JLrc7POH,-6252962.0,9288049#B5JL4NnStSQJJnTmUsA51j1hF2I2C7mDjT6oUwEjGZUimf3hlazNeo5EL38LsrWbxc,-7233610
2055,532,2,3,10,8,1773,1,2722,6134047#MvBv8HAsC6VbLjlEYI1vOZHKm1D8IFqv,3817717.2,14281504.650,-12690448.0,-6268146,-13303288,14551598#bk4a5f4QEOOq,-8611353.0,2638558,15257840#fNgzrfuCr,6551062.5,8107366#TGmb5OxEAc4qjfVDQctJ60uyxOODestCRU4fQlv136Heh3xgOrDVnICpUzOCqXLJcG,7431268
2056,865,1,5,10,10,379,1,2,8128866#ykrrpDrgT9fXPMb7qrcIWy0Sn1jDNRDK,-1.6964878E7,15452175.730,18284944.0,-9892367,-14622308,2553597#i34NwC3i6KEe,3975915.0,-849847,15257488#TQMHIfewx,4235446.0,3340555#KDY2ba1ZRm2gplkuxT0In1kq6LrEaZXy8JjWyXGzV57olzRGUHWTuMCBZZO1QbqTAm,-13881069
2057,926,1,2,3,5,377,1,1032,14763603#jAvnL90DX2c8jmyTDeZAiSiZB3HxWaN5,-7283346.5,20090860.150,8055376.0,-5042120,3781768,13634828#5i607ZuUAf2n,8825721.0,-4962723,10480151#44f2dZ84v,-6841384.5,219765#feXJVX1JxfrfymWYIHxVlwTS3ih4bCgRFK9o5MSMCHW5fMaHJ7oE5n30Yr6WMVvnrh,44881
2058,121,1,5,7,1,567,1,717,5139596#JoKrF9UoiJSaJmZYjUAWh8HIcmnl2TYR,-7827172.5,15226170.840,-3098000.0,-9739305,-671913,11559758#CLweqisjzA3d,1.9097538E7,-5257288,7778503#7eZ8k5fqm,1.982379E7,14722477#icTKLK5Be1kgVctbScyfZlsqY9C3rQty4HPvER99nqoHQncrD7fdBO2RWRH7I6gOzV,-4633234
2059,961,2,4,1,12,1457,1,1922,17930564#cISu1s5WuTccxEt6LG7p1xg4wjiVtvtk,9056067.0,1686799.090,18325648.0,-6183315,7644595,14535151#kjj3UGGOoxWl,-2342209.5,-6280510,5092500#W2tiNyELa,3322456.8,8311486#94gl6kuGK1hBprg3OdmnKJjayWelbP6bqciceBwPk4GRFPoo0plZBmHvdaemL7ifXV,9271293
2060,818,1,1,5,4,1313,1,1378,11601208#hQCQCHEYLYvdjBsaBXRkv5VIahIp2W8l,1.4935704E7,17422844.090,-12205856.0,-140561,9608682,18733871#EpHsubE9OJcx,1.2368006E7,-1109130,12987551#v0GQYMZOA,6194509.5,7763005#Tg6WaqWoLn0dnj0nDiih0nBYDi6BqFi61TiEzf8VmKRqTarYiqc5bw2pam3RhrvTpF,6671540
2061,702,2,2,13,13,569,1,3079,6285389#VnVSD0sshhyTQduWbQGd9VOeSnwT7e40,5308884.5,9256788.770,19421968.0,13925186,-6097435,6587150#XNQT7LD4elNQ,7912101.5,-20365509,9367398#jynPM6LS3,3004663.5,7448637#WbLsAxoTv4bkm3ON56J1xLuh7XPqqEbMWg6gxgkfeOmLcZUkusJ5wlJjir5r9NPwAI,-10214468
2062,514,2,3,2,9,1200,1,2070,11510951#7ueJSIiOs6fyoIP7uVISkCRHT8o9RZP2,1.9266902E7,18597137.310,-5113760.0,9422428,19244779,6693758#CLweqisjzA3d,6852434.5,-7229629,11478933#2DDfjnfF4,-1.7839126E7,3364356#UpF1thRh9SAHjLkEBMsrnL8ndjxUL5GMjhPTFwmKvnGVLHtZtk0SkQo9akKhFRL9H0,-12858067
2063,988,2,2,4,5,735,1,1905,7242908#gG2phW0GUGiTt6GJ8S0GMg7VUgUqVzn5,1.947875E7,-14166931.140,-15445904.0,14475870,13146924,4284036#VxXvf7YhY0xy,-1.766618E7,9771709,10990789#2Ou9M9mbk,-2316417.0,13495956#NCv3QH7LY65c40KHQmWW66kJT0DV8oC9mhY6A25VFm28qQ9U3wZtLPhw6UAi7Stqbq,-15938343
2064,561,2,5,7,2,869,1,1126,455832#QK8QSwoJMuQ4DleQuL6QkC8VIIIps3FU,-1.849177E7,11497365.230,1149600.0,17429594,-16872912,245324#63Gb8q8lFhhB,1.5562287E7,-13322131,8806340#SQ1vMwJRf,3432216.8,14951551#0GkifLFMiu9ysjS3NDgfLyjjB3RNC7aTzimyiESJrZKBE3vO7Zb0D8UZVZbBxwaMFq,14655063
2065,913,1,4,12,1,3,1,3492,16759421#jbhF0xjTilxpLvkjWej8DVjcCsNLTsF7,1.939521E7,1430309.300,18872512.0,481425,19760008,9803311#66Tk5ceyl0fv,-1.2220593E7,1243033,11705209#ETvB45vPp,3273410.2,17738689#Uu0bcQG0eMqyOTz2rYdqKYSWhiXgRJ6ZNapNkrpYxkhOwS87buTSftamDk45IvK4jC,11576119
2066,831,2,5,3,9,1175,1,1451,6234654#rfu3ouikeEdQcmABGYmRkpT4qNbsXTY5,-1.3517202E7,17912729.240,-14671104.0,-20384221,19121230,4803852#jDiUV2xUBQgu,1.8056994E7,-18924447,13722731#yG3Q2yGOB,2.0633258E7,17959113#0u5WABoETe4kypMTGs1nY98KCBySQ6jhyaOZdqfEWcWaMeNqxBs1TR2sF5BECFqf5n,2866677
2067,290,2,3,6,2,1099,1,2835,957851#GEEr4YEPtcP3FFph9YrirRyWxgtJ1kmw,-1157585.6,-10827255.710,-1233616.0,-7368480,516416,1799674#7ZxhHhWdGg5e,1.2955251E7,-12606655,7905476#Nkgv1MwLh,-2472795.5,17783999#KTmDXw6j8qKipJoki8X9xMWjpY4egUAM8WsuiXWfNUGSjfLUkSuumT73aPNro9iEVi,11292808
2068,134,1,2,8,13,1214,1,2066,20675629#6EjpJ2CzdzbQx3bt4LrxAW9dkhHfd8MG,1.4491898E7,-12399037.280,1001776.0,20621624,-4150634,19475971#X9HdYJDQdnit,1.1620318E7,10987073,18603073#8I5T3eUu9,2075208.5,6271185#y70zm184kT7t4fiMPReFqxBZyV6Q3efEVkhHCjJc7ZeNVbfWWWYKGFC7oYqMxWyXDc,-7462403
2069,660,2,2,3,1,810,1,2784,7192697#6FjrOhNxWd0EafV1Q8SHqmTOdAfgJkQ5,-1.366839E7,8630529.090,-6312960.0,8454824,472980,13695456#6qpJ5ELbHk5S,-1.7023946E7,20499922,18015635#3J17XrTxN,-8534853.0,10117059#BLyDpgzSF0AQmTt88QBYwCvs3xdq45ZXfHhUTJAs3SbL1Eu6RaHDRqt2pjB6Xu0dUM,16921353
2070,465,2,4,6,3,617,1,2069,11847199#KEZJVuEiA7yFrequjHeSrusltyUff41n,234209.58,20540424.110,15061776.0,-18030099,9315680,1254505#fMcsTW7gkdO9,1.8907062E7,15298160,7862810#Qc7p5ttP6,2512397.2,7463370#W4mgxltMdn8IFYeLODO6BIhGReXTyQ8XMTrI6JPOaNQODKkQwp7XK9t3fViVhx03hk,-20641215
2071,206,2,3,2,4,1134,1,172,8162834#lEAiqChy2BhL05ZrCx4a0300suHr7kQw,-7132049.5,1610998.690,-1827504.0,19810459,-17106582,10326500#4Ydoe4BbKDbO,1.4677667E7,-5023857,12196031#t0V6i9EST,-8061849.0,15182882#X1PsQLc9q6cbdqLDpZfTHBUSMDD6kzovBWaHxNjLr4Kobf5HalqQxdkhGcREx7pAEq,-15873956
2072,645,1,4,7,4,1065,1,2404,1709903#gf7c648sh2CG1BDfh66Shapxqmt0KaMA,1.7210588E7,-16974248.120,6856464.0,-13303863,9119841,13215229#mBHjXRliRPVq,1.1601044E7,-12706066,6169605#YPLvtBvt7,-5937490.0,6202744#F08jolFpGnpd7hUjPY17gPOWVoxDM0lvxcHDtg3VrPtcUx9hfeJs92ARPPbWSni5m2,170216
2073,829,1,2,10,13,317,1,2602,1775339#PVkI7YeHMS9CiRRODty0kDvJr8u5rUY0,-9092959.0,-8740646.380,5247264.0,-2577819,318689,10048135#NOqHugeyNKDY,6498811.0,17965910,19925857#S1ohE1Y52,1.1406929E7,6771323#GQCbQBDMxHZFgC6zU8KFzIM619LYJ5ffaVmiZu98ZhzW1PeOfe8iXmTLZorL0SVSkz,-19554450
2074,51,1,5,9,9,157,1,3643,9917431#sebLE7zAgx5uySgA9VtaZ272M5Yts65p,-2.0373728E7,16246477.270,-9126096.0,-1987255,11960811,3451462#NkcFGqTQaU5K,1.976877E7,-18247274,10306977#3LJYQNDO5,-1258725.2,375455#51VgxbzN0bon4buznINVoj67YfGr4SBoxaRaaIHipEgi4tGYtPm3e9SBmZr4g1QDTV,-6034885
2075,609,1,3,4,4,1624,1,3294,13841555#96iuErRRzep7adRgKeUfU3ghXU1aP3pg,1.7833062E7,20373389.910,-7640096.0,7623892,13584180,17780032#GJRM27NwO5Re,1.2757603E7,11172687,7436346#ioEOFG20a,1.2214972E7,1565486#94gl6kuGK1hBprg3OdmnKJjayWelbP6bqciceBwPk4GRFPoo0plZBmHvdaemL7ifXV,-9264798
2076,108,2,3,2,11,1487,1,2703,16101358#JG0H3MGuIAVMg257OQGhylkpR1OEAGUy,2858075.8,11860379.190,839824.0,1700104,-9454139,9705455#StwNEZrqDNLe,-2692437.8,16839332,3303601#8zVUu0dH0,-7403246.0,2420410#YthBtmU1mzxNZ9Nlvzv2SJYANn4uueQxUG7wv2ETLMGDgKCsyxVUPJyHv2ElySTVr2,-14193018
2077,182,1,7,3,13,590,1,1297,7801857#goDdDE7f1JgBcs9zrMxM5H0JGDmdHTux,1.5049075E7,2511231.520,-11460576.0,-2109081,15069529,11160672#VrIcyGOVL42K,-1.2855128E7,-18932933,18439822#whTKPG4iO,-8470263.0,1419508#fh9BhNc2S4SeDijMvbkgpQFNIkVLnLkXhreeS7yts9djxkrDTXaoOGJ9rkWYGoqTtz,-9682550
2078,954,1,4,13,8,811,1,3163,14042290#dwVTsmxgaF3UVx3LKGgLsfmHlWOIykaC,-9940802.0,-20084411.040,-1088272.0,13451015,-13490983,17678738#Pe1EX1IvhelF,-1.8358864E7,17118251,7813034#hV1ryRHas,-8070986.0,12910663#eLJm28kWuMAGQ0u8d1qkChbStSdlTVFv93Ti2H4C2iwajR81jpLUD17v4iU3qGLze8,16702710
2079,17,1,2,2,9,893,1,3740,9908606#NfkzWpvtDrZrGoPKaTtrY5kNYcFPzPmg,-1.4304379E7,-19117196.530,17932080.0,19239629,17040911,13474452#fUWShxoGTaOJ,-7184938.5,7953657,16936822#whTKPG4iO,-1.0877295E7,18929689#Uu0bcQG0eMqyOTz2rYdqKYSWhiXgRJ6ZNapNkrpYxkhOwS87buTSftamDk45IvK4jC,-17169640
2080,240,2,6,12,9,689,1,589,14368291#FHU8mGfM3xoHStfC0Toig5Ihaa3yClhL,-2986475.8,3245378.570,-2757760.0,-13275538,-18935512,9491229#mBHjXRliRPVq,7685624.0,-11707027,1050742#DXOgyA7sU,-1.215462E7,2906606#bMBjSD9DjKG6Nr13NevGyI46vHZG4qgRERfncdaCAUb3gfzYWEwq4PIBdxBJiXh9bz,9667797
2081,552,2,2,1,7,644,1,2155,8195418#DtBJ5AH5b33gH5CyLDVsVvkarbami46y,1.954709E7,-20231430.660,-3762144.0,12354316,-16820530,17733658#ShdyepjHszyT,6185063.5,12142104,5786771#7CIA4MIfF,9089603.0,4331802#kNfwU9LPdVysVhjPFsBjFScQ0YKzolAGXxsl49zTF2l4XpmYeEIpI4EOnXysbQQTN0,18479787
2082,257,1,4,6,4,296,1,513,12755227#VzO59xaZzsCI5BurVaU8BHf9gtgixVTO,-1.105111E7,-12570482.700,-14197152.0,-14764083,4033343,13850357#OmRRJPyObiAe,1.2665422E7,-14469390,4052417#1tzu3iSVf,1.5757532E7,5017270#jkyWTeHZeysRtn5M0KMogjoFTj5vDTP9D0rOFivlfjRwRHFEQ20Qr7WtKko8VUNS3a,-7344270
2083,349,1,2,8,6,39,1,2722,12990393#NKoHzXYGeMqeHnujdCxNumRRhkTK9SQw,4091672.2,1069755.180,-5222784.0,1250522,-14684961,8654472#eDmvHCCiUjo7,-1.7322762E7,-7560478,15330461#DpcLMtXqe,-1.8434028E7,18060046#x39x3EUkNxwMyjEM2C7U8IsgE2yx0fhFWfiPgB6nGmqhwB0f6FTpvBr5T0zfh8uDFF,-1925637
2084,11,2,1,1,7,1340,1,734,6095314#7HdRucxXsuSYDCan8Hbc89Q2XFZAt3j2,-1.8279706E7,14245799.260,-5236720.0,6849025,9192295,12825366#13dJV04Gbvhg,-3829442.0,-5582964,19610657#Jt4jDxPqc,-1.2075446E7,11467707#dXsrbwCngqAjHZUjdFySZGVqR6JCMm3snbNnLeEEM2CaKfVuWLeYV2F4O6kdOjPOQJ,-12552165
2085,347,2,2,7,10,1084,1,1159,12225057#HYZG84HqhOpXT1DWs5XHs6wWc3Myc3ya,-5277934.0,-5431170.300,-13452992.0,7762901,-1315099,2416293#xoF0SC8IDscF,1.2101865E7,-20203755,14040766#LiAfrwSvZ,-1.2948045E7,6912118#j8lUlUWKPNMlPxD6klP4lO6y3ljsdGA6xssJAf3BQWZBgW6DIxpupZONtwde0D5TQC,4623957
2086,130,2,7,12,2,1215,1,947,5318857#goDdDE7f1JgBcs9zrMxM5H0JGDmdHTux,1.6589006E7,11532559.680,8337456.0,10991100,15157868,1890471#UluF9eLpAXfA,-6340330.0,-19717610,17388207#UvUDUYNB3,-2645519.0,14253715#rxBLy6tdLKKIi0IQPCth8yglCzELbnt38snK2Zpn8iOSH9K9wLx7AfdPzYYwnvX756,18764707
2087,866,1,1,9,4,259,1,167,2839423#tVDI5gVU5D7TLbjXie0VuBqISLqMTGZj,-4114432.0,17891117.880,17358896.0,-8625491,11753758,3871160#GMb0ZwvtY9ey,1.5055902E7,19309929,3366391#JqNQVmlr6,5111333.0,10996908#vNg7Nxbo9aK5UL7cjIK7b3QS17DL5EVZKn3u2XuYBh9vaHMKDUuslgfZammEPX7Tvh,-19270986
2088,117,2,4,13,5,58,1,2090,10146797#MTQtCZIsS8kNa9Nh9dzGrh0eFRopO7BO,-7323212.5,-4215331.700,4703504.0,-3156046,-17605103,17156007#OJbsMo7zBrRu,3181077.8,-1432485,16251586#t6NQFC7iU,1.0498179E7,11825069#In5ya3K0SFUDf14dsADVcWkzmXeHMWp6cv9ViA4rVtSq1ckL7xXMQJlLXfN165NrrQ,20246059
2089,301,1,5,12,13,1700,1,1500,4795059#nSJNmejV2tQFJfIjecqP4aHbh7UEFVnH,-1.2859743E7,-18189366.730,13807424.0,18508252,14921464,15709431#Kz78CbIZTWAz,6591230.5,18565507,5159989#DkjR2phTS,-1.810611E7,7014862#DmX3uhKCKSyS8yDkRWWXxWPmx36pFbyqBLPcVbtCx3bJ9XBE8Cc9bVjnp2B0nJMDin,405323
2090,130,1,3,10,13,1581,1,2434,13420387#Mj8tOlA2dGWzeWxfAm921GNJBxwZ9BGw,1.6949232E7,3642646.900,6117456.0,-20122421,-6294404,10790360#WgPcluoQe55I,-1.718729E7,-8938396,4728593#hVSynnh6w,-1.5748691E7,12769938#M3Q1PbIJ119IM6FZayjyzigVrQ7JJ1MJrSkzbOwlWximUwpeXMs3cWj8lK4xc8mNSL,3798297
2091,732,2,1,6,3,513,1,2394,12907281#5BhpEAwWkWmiUuZZOsKi84vHt7C0eCds,-6615433.0,-6004383.990,-800116.0,14516679,8695934,13008857#xMUsf2tN8fwN,8799591.0,9126358,4833270#6ryM8gjny,1.1037898E7,4756095#kHboilBRtrX3Se2hoKBvxN9LETskrOYQoUym9zdvg9a0DOWnZJT7mdQdPkXUTIQclF,17925023
2092,47,2,2,1,9,582,1,2835,19307921#DdtQ2Y2bJSFPX9Jdu7sSVnFbWgB70GpH,4216830.5,17991036.920,11439920.0,3328140,17363634,546580#OBWU4kSgN0fr,-1.8910698E7,-19217737,1691908#X9pnX359B,7537669.0,1728966#fuE9pWMaAVkWMq8lafY7PFUZg22ddWXnvLO9SQTCBneZR9n9uanzKH2y4w7fbuNeoA,-11538954
2093,980,1,5,7,1,434,1,181,6310136#H7IS7UCszNPPUo5WWG5It7IQ95huJI7r,-5761673.5,-2198155.690,-4145024.0,25763,-5929934,4172154#e5aIb8bzUjk4,1.3805866E7,16178622,2582181#RU85LtZeM,-9943210.0,20834793#6RNnn3L5QDdMRu2vr5PJlIdFy6c0QXMYwF2xu3CeX7Q9PydraPjiqsVjilfJtGWnOt,-3198737
2094,854,2,1,11,9,1189,1,19,12677871#lA9Ft8uuyJTq4PtrIehNmnCg7FqCTb9Q,-1.759138E7,20406082.980,19066512.0,-6119093,8050101,3970782#ZJUQsCHFgjRH,1.5375295E7,19950051,19384429#2UMbyOWEl,4249702.0,9438169#nVO08wxS9zWZqv18ysA2KZZ6O5dQNU2sUmzqPuaQfUJRtwtVrp6rNKvA4GebO9DbM1,-15970895
2095,167,1,5,2,2,1114,1,998,9894979#cmFVibM3PLfw6nrjKJXh4GPef3SSioAL,1501190.5,16314711.450,2811504.0,-7127469,-4751749,19300020#LXXDCkCm8Kk6,-1.8771822E7,5202133,10571586#t6NQFC7iU,1.5348009E7,18711787#govRcLSjI282GGL1pjzRp6Exx65vJuqLwWaEhYEzu48IxqHhKfOtyiPFoLeNt7n7rZ,3414941
2096,457,2,3,6,9,718,1,306,982668#eYuCPHHPQoTKFHu2CWGIBKn7ZaGW3KSC,-1.8879654E7,-19487100.590,-276240.0,-2066121,14043359,17280395#HN7dMnwyhDlf,-5037898.0,13429001,14059498#ASWcunpgo,-5531403.0,11272384#DcrlqXo7ONNidIyS0RQcyc53PY6J8LfebwdAymE6y6s2WGTVgn4buBMMdfaKs6N3kX,15926567
2097,579,1,2,8,4,1685,1,3636,4486491#l0ZF4GHDFuhCmYkz5BGxst35ALn8nNQr,-1.909936E7,-10678690.590,15161488.0,-825107,-16098971,4295831#3uxarSHOT3wj,-1.3322304E7,-19341584,15075777#9GAVw3r8n,5196775.0,2062175#GJ8DlGb13Odbnobgd2sInQjeyEmEK7xf6tlRgDtcGeYYWyuBx9qL3wU9aD6058rQUh,1699077
2098,51,1,4,3,2,1186,1,3083,9002817#ulTV1hUDl6HnsxUIK2q28OwYR23J032V,-6656189.0,-2524011.110,5478336.0,-18840307,-20952871,13855223#TilZpqTXUnAq,-1.6746196E7,4941345,12831092#qqdFieoBr,1.7462738E7,9838961#TYeI3Zkk2rqUcm9i7NQJgWcJgP2r0MOGCrrdPt5IpgngxeYQqcaO0sJSIW6jcOSDTS,5881206
2099,935,1,5,10,9,420,1,663,5487062#PkzXQllPOXzloYi1Jr1hQRVdqH4CUivg,9779711.0,2801437.110,11040928.0,16174845,-8046823,2672847#CgfCvCrQO4Wx,437042.66,-20887614,14391837#MybN0dSBm,-1.078736E7,7299728#0Wq3ZVv9g2fPXQwie1KtHts668csQv7RggTYMaXfec4eoNR9DInY8H6IiyvUylbELK,-787509
2100,1046,1,7,9,2,1022,1,2573,11173611#TqOH3lgW682zbqo7NGSXTDzmqkFZy7Ll,-1.2794284E7,-9739964.740,-9616512.0,3642654,-9707287,15992380#Hwrxgg9BHZbS,1.719681E7,-20912820,11877236#xYQZTirYn,-1.9461894E7,7975899#gIH0sCcEm2vbcBeDXRH7PvgjvQLC18WxczSxBY1sqSULf8TyGnMWko5a0uF8K5MLcZ,10632869
2101,444,2,6,6,1,767,1,3470,20880036#ngEQKxccHz8WmAfuBIdM0wByOrMQkcNY,6999367.0,12955827.540,-1755200.0,1071647,-20147010,15984970#sPjf5uUmfXb6,1.9756568E7,-3926196,5088226#UE3lL5pI9,575735.94,15596899#gIH0sCcEm2vbcBeDXRH7PvgjvQLC18WxczSxBY1sqSULf8TyGnMWko5a0uF8K5MLcZ,11114880
2102,63,1,5,8,7,1472,1,1944,20888000#vSnyTkcB8QMr2KubUknezGdoDEOjPDhe,-1.7054054E7,19759874.380,-1180368.0,1161389,-14565747,2589504#buRTKcoZbm6I,3201509.2,4028540,12490210#0PIXdBc4B,-1.0529325E7,16545454#0GzHsDvQ93qayz15Ipe4TJlwQQlra3lt6XGXbOLXtPQYZV3WVxgN7ruLFDUSKOQsox,-18723165
2103,745,2,5,8,7,1437,1,2163,18081747#PlMcBno4amwFV0ho74NgzTmlDvshewSw,1.9876172E7,2909446.250,3181464.0,-19554590,-16650556,17147568#gvvX1xh0ddlE,8984219.0,18988847,11814121#44lKVh1ko,1.3825409E7,15817995#atolqtCCLiLcucXa8SLJlvs6owjYYVF1PvQ5ddUndQ7hQDu9C4Y6IhOXk6RZd5EePA,6333569
2104,355,1,3,6,7,1281,1,2355,1432062#PkzXQllPOXzloYi1Jr1hQRVdqH4CUivg,-1.1640018E7,17932809.440,769104.0,-8294484,19755430,17137766#JVWyztBUEzhg,-1.6800742E7,-9136801,7575269#852kYajKL,-6404962.0,9514034#GjPjAXlcFDshXYB7br8uvIub6Sg6w0Wz3ruTeHV6OOzsgHRNv4sxeBa5rOddNZQcAY,-7409849
2105,1037,2,5,7,9,1285,1,1817,6283176#zdUeccG2u569uApuWvbJ7EBsUTHU9uHs,3910517.2,14629004.150,-12999248.0,-6420827,-13626738,14905582#JOii1tqGgvKI,-8820953.0,2702682,15628964#Jv5RQ5RdX,6710262.5,8304393#51dNlx3KNwKZfICOLeUyiBa7glbXKrKMRpmVgMGEpx9w37QaPLofjfakWWss4ZZXiz,7612022
2106,750,2,1,9,7,229,1,479,8326504#pjWb3DgaBxtvcm1NzDtl9gIhbCn5gI2y,-1.7377678E7,15827870.730,18729744.0,-10132717,-14977833,2615584#FyRq4I0I1otm,4072715.0,-870341,15628527#7zRIei1dP,4338646.0,3421687#3ZOniw1hvdTz8ZeyG90JbViTTwhhOv9Bs6GFwRRBHW1jNubZ6doe1L5edPKT8GE1Bj,-14218578
2107,446,1,5,7,1,477,1,512,15122436#ug4ehXUY9rg8dUbnK6ukUAimpgEDef5l,-7460146.5,20579157.650,8251376.0,-5164895,3873730,13966221#yrJN31z1lype,9040121.0,-5083424,10734663#68xQtEXye,-7007784.5,224910#4wIuN30LzIQNci3z2wEbFqB5bwgpkMeuQPECHlP7PIu9aIheCh2lTLoYZGPwxfMtz9,45969
2108,881,1,4,11,8,1767,1,142,5264359#3AB23bE9UnoT6jzl39YBSu66gJuDhjJt,-8017572.5,15596317.340,-3173200.0,-9975986,-688188,11840464#EZd1TbWSHTJT,1.9561538E7,-5384995,7967399#O3O0OFgQV,2.030539E7,15079940#bJjP4X9lszOyMvUcFr89PzKgsElbsHgo8mGxHgARAamusLOxAAQU9nECyBbYEtDzSu,-4745582
2109,269,1,1,11,3,1732,1,3722,18365813#BTXiVVpVmRHDEwJ9SgRJgwHdqRfcyzLn,9276067.0,1727722.590,18770448.0,-6333321,7830345,14888020#LXXDCkCm8Kk6,-2399009.5,-6432841,5216023#9BBXo7EcX,3403256.8,8513110#vuRzza11qj5ykFBEeQgX7lp3TLQSsfHDhQO23lwWFyNWHPwzynn1v3sF3Vqn3dZSjN,9496359
2110,453,1,7,9,5,988,1,188,11882551#AM2luTEThoBrIn2RXo4MYsdDSuILLGQI,1.5298104E7,17845865.090,-12502256.0,-143811,9841932,19188542#dmShE0F03wxo,1.2668006E7,-1136205,13302743#9JE69VpoW,6344909.5,7951215#dR33uyAx5wJzz5uVg987mMd3azfGg2CVdlgxdgkz3yQ6IplKN0yaEjSGlGvoZlvvhV,6833448
2111,162,2,6,3,4,494,1,2424,6437633#aghOTSsfwBYSMuL1QAi3HxurQxaz0JP1,5437684.5,9481234.770,19893168.0,14262948,-6245385,6746919#GMJ4S7cLdo1f,8104101.5,-20859738,9594565#C89yEFe3o,3077463.5,7629329#sLVvo8GG0slYgByrZ7qduhVoG1FHBAIlSOlSnJCtlwIyg9dHkntKi8hcw4xjOIHmdH,-10462031
2112,496,1,6,4,6,406,1,3715,11789965#v4phzFP5dQykZ1QIcuYSaHkYrg7ljm96,1.9734102E7,19048077.310,-5237760.0,9651103,19711513,6856011#eGk2EA3cVQNe,7018834.5,-7405057,11757212#jvP4a7L6i,-1.8271926E7,3445794#whzmcYF0B2gOjiOsNoy7Nk9B9bGg2mK3CCEbUaDi9VjLQZXl8IPXxKQasuogxazobT,-13169924
2113,1038,2,6,13,13,1047,1,1475,7418319#dSCJe1jlkAJRHP489guL5Als5kmJBRlD,1.995075E7,-14510299.640,-15820304.0,14826775,13465399,4387827#JpRnGh40jeyt,-1.809418E7,10008639,11257060#763ZY3qdy,-2372417.0,13822911#SaVBJmaadepHgVcBI9PEcIAPikVoIxTglZNJnlLQqF6iz7RnoT2P2rJlvKs4qKj7FM,-16324420
2114,253,2,3,10,6,557,1,3596,466818#mj5id3mu0yohrMjKjDdVf2u05sHJ11Og,-1.893977E7,11775759.730,1177600.0,17851856,-17281812,251169#YW4Z226ua2cl,1.5939087E7,-13644947,9019669#oPU7uMX8K,3515416.8,15313676#BxU6qAJCZCjWYkvvVpiCHssdGp4rRNm8arfn7fbqRdcSuWq12RcupqwQN1aQrm21mU,15009927
2115,1048,2,3,2,5,1091,1,857,17165092#k9bXOdC0XfJaSwmSPJrNrHPkJnLr1hnz,1.986481E7,1464928.800,19329312.0,493300,20238465,10040557#39nXUzdK2PdG,-1.2516593E7,1273324,11988445#ngEPTuCzJ,3352610.2,18168031#OIgUsTuDvORK80gbzz4jewWML5FLpN1pbtTNRRgbAVBB1e6fWC3blCDc1QihXglaVq,11856313
2116,681,1,6,13,5,425,1,1736,6385538#wRRT5dZuOwVrGAi5PyFOAF1k3Z3ZE21D,-1.3844402E7,18346368.240,-15026304.0,-20877546,19584067,4919926#Vu9HDuym6xPH,1.8493794E7,-19382285,14054638#GzyEWY10t,2.1132458E7,18393511#s6ZMzrL3CMH9Xpgdab2bm6OWHnpIQ2dQfBMdpoiWJowjaG3PNW6JvYd5OSxAotD2px,2936167
2117,870,1,5,8,1,612,1,2096,980978#J0n7h4NeQTcTIfXf7i7T0D7uYf7v0fKb,-1185585.6,-11089185.710,-1263216.0,-7546480,529066,1843066#cxImEadavgCa,1.3268851E7,-12911548,8096565#C89yEFe3o,-2532795.5,18214065#biTbdgqlMBosUdeIXZTK40b8JtbdTemRZhI2vMk2zx7YCLU3NYjGMijtMFjCe8886l,11565831
2118,239,2,5,13,2,720,1,2008,21175403#JNRCmgP0WxeR2G7yRH9mCBhLKQ0b73ni,1.4842298E7,-12698602.280,1025776.0,21120399,-4251077,19946682#XnQtrER8CbnG,1.1901118E7,11252481,19052724#KwaXVzTrE,2125608.5,6422674#zsFDyXSsKUE0tKk7dq02uyzbv3FvqkiSaLkWt6YUeXww5tMLpw3yuAI2STMcCmXsvp,-7642614
2119,400,2,3,6,10,760,1,3804,7366296#5XGEEM1DRStrFEsuFxVIejN7TA3fzfnJ,-1.399879E7,8839325.590,-6465760.0,8658963,484649,14026322#WdIc67rGbqNU,-1.7435146E7,20995212,18450949#LaBKboZL8,-8741253.0,10361528#EqHW13cudUr3RM43WhZHdVTefOeO2j9wp7qTw1cuqHqDSg3vfqbfxynP52jGNmXvvg,17330115
2120,600,1,4,6,5,1217,1,234,12133140#V2nV5dqTW9mUR1JZkybjtAvpbhqqRFwd,239809.58,21036659.110,15425776.0,-18465637,9540605,1284746#h8UC1dp7fji1,1.9363862E7,15667864,8052656#muZvCttsS,2573197.2,7643631#w1BmUbKQuCcD5dEKqJzN13KCKSA04LCTtwCp02h9VtS0Yk3epMjICHMKza9rWsRUdy,-21139652
2121,649,2,7,12,13,759,1,3677,8359839#m3Zsek39UdB24GfWKvB3qG6JUUTLnq4D,-7304049.5,1649909.190,-1871504.0,20288559,-17519532,10575604#Z9uoEj2G8YW1,1.5032067E7,-5145139,12490366#tNR8el7Mf,-8256249.0,15549269#vqZos4GBZGfsZnp85wMiqUfivJPaGWax15Fv5TrVVmIDaeHIWwSca1rQ6dqhVnmzLe,-16256982
2122,300,2,2,8,7,1328,1,404,1751100#Icx1ulADtwfghAm64papd3z1jmxeqzWO,1.7625788E7,-17383755.620,7022064.0,-13624688,9339891,13533960#D7VVNFI8c8xH,1.1881044E7,-13012470,6318281#5pQBFYdg1,-6080690.0,6352402#Zw6CcYweWWKC3cCoc2YYsd2jugvyIHGG6jZvG5RMNkjM4Cmfghwq4PCfg5mdEbulxP,174106
2123,657,2,3,7,4,1317,1,1887,1818043#cy6mEK7BkMF0OAoYhhyY4oEAeMoe6R9N,-9312159.0,-8951623.880,5373664.0,-2640044,326164,10290294#0l6Sq8rZZ2JK,6655611.0,18399210,20406308#YogVDqFtT,1.1682129E7,6934556#EGLT0Ih9DG295xbCDslmQLEymF5xRhchRqj5x4Mxgm4s7gMl1Oxvn83fMRvpG2NMXV,-20026221
2124,245,1,4,1,10,657,1,793,10156369#bRb8slQvWGpDi76wXn6iYqJPfonBXlyp,-2.0864928E7,16638154.770,-9346096.0,-2035105,12249061,3534668#zuCHa4q9lC8O,2.024557E7,-18687313,10555273#8Ui0z0qGC,-1289125.2,384499#zT8yclvhUW6YNVYYOZrpleTJsdC3zuKGctRWX4auLxja66AGRm1JfC2kMSdQDf7FCG,-6180160
2125,379,2,2,6,1,74,1,3284,14174980#agWEZDPQhpdt8iydlzIaSQhrAi10IhAU,1.8262662E7,20864233.910,-7824096.0,7807692,13911723,18208248#PD1LS13RA0Nl,1.3064803E7,11442079,7615358#DHDwgKOwj,1.2509372E7,1603208#k7P4t46wx52uyZa6xjtPSi2gPPYcqosZFtK19ICoRflY3Z6Bj0mxE3qyL2UI2MMDFx,-9487830
2126,83,1,6,12,13,1625,1,3415,16489023#KQsBO3z6VGWWxydis226olQ1DnPDvNk0,2926875.8,12146263.690,859824.0,1741274,-9681970,9939161#nOyirtKeQmVg,-2757237.8,17244936,3383158#aRXZhzowk,-7581646.0,2478517#Xj4m6fzY6H6eYZPWQOLTnaNeiSZhH4o8F4ljChmnivMnK8DnZWBc1htDoi2HV7Zoz2,-14534649
2127,412,1,3,1,7,140,1,1722,7989473#D1H9o1BI1W0A5t8g9jRyS9OB9Oza10St,1.5411475E7,2571493.020,-11736576.0,-2159927,15432321,11429291#HzNzSRd7uJ9d,-1.3164728E7,-19388948,18883695#sabQaSx4L,-8674263.0,1453586#F8X3pVvSqHQaNlKH3qrA1TseU1MzRIcbXN4F1rX7t2aQEO7ClQ7aJFWsTSfqyogAM2,-9915605
2128,854,1,7,7,2,1199,1,2111,14380103#VVGYdAnQCjcATUuFn9KJVHmX0resPnss,-1.0180002E7,-20567660.540,-1114672.0,13774878,-13815683,18103986#wtEdRj0mpnJ1,-1.8800464E7,17530174,8000915#YBMoS2wvF,-8265386.0,13221204#qmhxgboGqyTpcaqgWwahnS3Zx7mvAYET89PdeHlieKxI5mjwRGET5NlsI5vpDQbD9c,17104732
2129,116,1,2,3,11,1324,1,3325,10146693#QXdRC3f7MDOyiO9Zbt2f3c6MFhMLUuyH,-1.4648379E7,-19577031.030,18363280.0,19702129,17450661,13798438#QhMfSmvIPRc2,-7357738.5,8145053,17343955#PnvrJ3kHQ,-1.1138895E7,19384793#6RNnn3L5QDdMRu2vr5PJlIdFy6c0QXMYwF2xu3CeX7Q9PydraPjiqsVjilfJtGWnOt,-17582346
2130,873,2,2,3,2,289,1,3430,14713645#N8UbKrfvFZcKf8asET1MGC8lbD9nIela,-3058475.8,3323246.570,-2824160.0,-13594788,-19390587,9719169#YW4Z226ua2cl,7870424.0,-11988659,1075847#Cl88yV8kE,-1.244662E7,2976348#u0p6p0HhDCiuYCH0rMeFX57GH6D7N14IB8fBHqhZAgjQeX4BzQoifU0uACb0IjZXF0,9899969
2131,802,1,6,13,3,194,1,2060,8392249#4PBgD0kHb8hfEnFHAP4ynSsiPP8Hu6YR,2.001669E7,-20717561.660,-3852544.0,12651172,-17224480,18159550#TdBiW482MfHS,6333863.5,12433749,5925801#WGa8BA6pr,9308003.0,4435773#rWsq9wULX4elDxWyC0H1leOroahAYqea2XMkkDT6jnw4AgHJoEUseOk1cZ0lIrN7lE,18923854
2132,797,1,6,6,6,771,1,1533,13061318#UGJDq11OyHGhkPAf5hYmw5CqAbkOs9VK,-1.131671E7,-12872539.200,-14537952.0,-15118508,4130168,14182746#h8UC1dp7fji1,1.2969422E7,-14817082,4149618#3Ms2j47Qt,1.6135932E7,5137588#WAd96ZPrUY89Lzw2WJDQ1BQj0frvgnHsVUcrxzuFIfadNkQ4y0SXSFZLP2JxKyqgpJ,-7520505
2133,774,1,3,10,8,939,1,1579,13302194#Dm66T4FM63jVJjB70SB9AcG3CHzhDvwZ,4190072.2,1095612.680,-5348384.0,1280322,-15037261,8862046#tnJwNCn6VxM5,-1.7738762E7,-7742013,15698290#jUwdzHcTx,-1.8876428E7,18493401#udGA1q3fTZ2gGWoIDcjfMCAl3q4HtgNXpHrVnAnaPdTFMqavEdfwzEwUE70vrUknvU,-1971896
2134,493,1,1,9,11,1165,1,3024,6241525#WOcWtCZiCpTxYgp9CQXpF4yxJcTTBPhE,-1.8718106E7,14587579.260,-5362320.0,7013113,9412670,13132873#5XqbrutK8XJE,-3921442.0,-5716678,20081005#2yWRUUNmN,-1.2365046E7,11742835#xyaojZvTiR2S1E2ykutgzKq4YLO0zFKTYvj9PM44ifxDLJqs2SQIhLRaLZbRxd85aH,-12853207
2135,77,2,5,10,1,168,1,1442,12518168#qejwBPlZ35VuNLiZyszzF8SoMmdoEthB,-5404334.0,-5561549.300,-13775392.0,7949001,-1346774,2474105#NLz85Lxgr6JJ,1.2392265E7,-20688138,14377308#YogVDqFtT,-1.3258445E7,7077773#rWsq9wULX4elDxWyC0H1leOroahAYqea2XMkkDT6jnw4AgHJoEUseOk1cZ0lIrN7lE,4734896
2136,395,2,3,6,7,1715,1,1935,5446255#gJGGB2IqzlJ1mh8ogFaOjDQ7RPAXQyGt,1.6986606E7,11808770.680,8537456.0,11254450,15521243,1935554#l16A173YSjvN,-6492330.0,-20190237,17804797#IvCLBWpjL,-2708719.0,14595264#dm9LXXzh4dgPEVDqhdehYEl4C3ti1DnLIVFcBDuNB343cAAY7sQDyRmljekdD6SjHq,19214412
2137,736,1,7,8,11,1359,1,237,2907413#YsQuuhRSapf4Y9UUNLGxHkLnYsYbbDW1,-4212832.0,18319566.380,17774896.0,-8831928,12035533,3963759#XAOMWIxyFMPM,1.5416702E7,19772320,3446882#Ep8phRoXs,5233733.0,11260216#8XVXPc19tQLiarq8cCtoaPbPtNohZYD4dsgXVtaxa6IMwbN1R8DZggzrJFm0ilKBJt,-19732524
2138,69,2,5,1,7,1058,1,1500,10389614#8qmJErrZiXFy8Pee163M6Utcwitk3DHV,-7498412.5,-4316060.200,4816104.0,-3231771,-18026653,17566666#L2bVXuJk2Ntz,3257077.8,-1466958,16640716#fTqESe76J,1.0749379E7,12108168#JNqdSQXoz4labUzZ2slfakjkj8eAnolZnPF7xZt7eaxO9Z7FehVtlfIz4aTrX1w5qh,20730751
2139,496,2,5,9,5,387,1,372,4909616#0PRJLDUX7axn5Din4mlogmnY8iusHxIm,-1.3167743E7,-18624636.730,14137824.0,18951252,15278689,16085425#qpokbwzvVGpg,6748830.5,19009803,5283279#BiNm4pEae,-1.853971E7,7182587#IgRLO8U4qU0DnHFBajq8zt6HrQ07iC3BG4X0EXJDR3IJzehXF55Le0LOlThtMgqgny,415132
2140,162,2,2,9,8,718,1,3821,13741264#CUXiC8FbKLmvudWsMXwNvNmkEiIJmpJ0,1.7354832E7,3729759.400,6263856.0,-20603896,-6445104,11048346#83NUoWFFqPjQ,-1.759849E7,-9152041,4841553#wGwDFnP0E,-1.6125491E7,13075302#QuwwgzMGtdYr8QtQfqhXSfJ5QryEKCiwInjaomd8cUCEmW9LukvQBaCj2GgiRgBAuj,3889069
2141,8,1,2,7,4,875,1,3374,13215823#cRBKKc9r4YnK9YbJKoKieeYcWyw10XOa,-6773833.0,-6148009.990,-819116.0,14863929,8904009,13319813#exr2gbJedb2b,9009991.0,9344517,4948774#r1EawXylE,1.1301898E7,4869645#0qPiLLFGv0BKEZNfjgQhV9qttBEKk6y1R1k6HVhgxvgGqSi1dNtu8Zz8rULGCDaRCX,18353798
2142,504,2,2,10,11,1532,1,3235,19769279#5k8XKwWHuqgOqnFX77TToduLrHxvIRPV,4317630.5,18421103.420,11713120.0,3407802,17778628,559491#VwhB2OriV1xc,-1.9362698E7,-19676826,1732322#nknrJlswG,7717669.0,1770086#jXn0xOmq03DW1neIk8zcepF4xNjBtDyDY7RKpHSsiHxguZkarefZqpikWiAlalb65E,-11814510
2143,997,1,4,9,8,1209,1,671,6460650#rIH4IWk6AUDOUPvE0cK1K9gve3Ho5dGI,-5899273.5,-2250791.690,-4244224.0,26288,-6071796,4271783#nWR9u5iBuHUw,1.4135466E7,16565324,2643629#vWH8tSeBZ,-1.018081E7,21332412#dvtttemdp7b7ZFBOPo7T7mxeJuIMFmJ4Tc2LXdb4bsAod2apPuxoRk57U8wFljeggw,-3275286
2144,534,1,6,7,5,14,1,29,12980401#c1ZseczEXpO5jhwTz4ja673W8yI49mFu,-1.801138E7,20893200.480,19521712.0,-6265274,8242101,4065571#D60rfSKP2POm,1.5742495E7,20426552,19847135#ywAQi7mJg,4351302.0,9663424#YLaiLXd6W3bBt6m7NikmgogYNgkIGQLAY0zyDaFmePNszPLFZVlKGQZHjsQkNJZlIe,-16352049
2145,227,1,7,13,1,514,1,3513,10131058#prRBPfIkzb1Z961gbbstKZRBLSk42hd4,1537190.5,16703915.450,2878704.0,-7297594,-4865324,19760610#UHgQUiEnXSiG,-1.9219822E7,5326095,10823705#MHUEjvptn,1.5714409E7,19158141#yda53Y9uOmjXqCt9XXY0yisfP8GTJo5dE9ZkamF5LqZ1fAvb20MKA3eVM9udHRja3A,3496370
2146,517,1,3,11,1,1106,1,3371,1006056#wzaYdLBjgDr3imGgXYiZzRSpljVPcJbE,-1.9330054E7,-19952084.590,-282640.0,-2115408,14378209,17692536#Hqmfp2XcJsWb,-5157898.0,13749307,14394697#CdkHEfAHR,-5663403.0,11541274#LbMx1OentpiwSKWPWQo4ZJsRQflRb506F43C2zdR9TkGHnjPFVPeUqMbbLfJ9HwZAP,16306256
2147,707,2,1,9,3,1635,1,1491,4593289#IRAkOw7Mvbmnslgf0oIP1UgophAke39C,-1.955456E7,-10933296.090,15523088.0,-844707,-16482696,4398058#H9JnKWTps7v6,-1.3639904E7,-19802785,15435051#U91njpXJm,5320775.0,2111221#NALXuvePG4ZuwAdkW0CxLnqEjJbASUFounpn0tqYnro8h6oTt3YaNjpNQvZje741DG,1739406
2148,862,2,4,7,10,1073,1,633,9217231#MFSlU0nNs6yqcAz25PtXc0JPCcSBUpH3,-6814589.0,-2584104.110,5608736.0,-19289176,-21452071,14185379#wQuozvvgkR1d,-1.7145396E7,5059316,13136681#Xet2NBqtA,1.7878738E7,10073288#AjOtyyavzQQd5jzujg0iONIzeihUKqwwOXA1by4DZXvzz9VkAGiiJR2II6Ub11Bp7f,6021295
2149,285,1,4,4,3,945,1,1848,5617614#8qmJErrZiXFy8Pee163M6Utcwitk3DHV,1.0012511E7,2868328.610,11304128.0,16560308,-8238373,2736476#EvXFCcyxIB0J,447442.66,-21384956,14734658#q0QxsbMUc,-1.104416E7,7473603#HsM6qgIe34Ee9rBfDRU9AQPFg6qH8us3ksJscuULNJF1RMM2dfAUeBSEpS73hmcmcj,-806413
2150,4,1,4,5,4,522,1,2221,11439544#4JCN95QAnN7iNFuXySUSGhBclSptNtr1,-1.3099084E7,-9971817.740,-9845312.0,3729429,-9938650,16372922#LM345BGkVdb5,1.760641E7,-21410697,12159903#KSZBVf9YA,-1.9925094E7,8165774#dWCjqSOx6npKzjp0upNB3RCodzfsUhl8HVLBoJqzPVWFccRDZN75SyD1H4SuqgDLfd,10885849
2151,269,1,1,11,12,467,1,483,21376839#m3Zsek39UdB24GfWKvB3qG6JUUTLnq4D,7165767.0,13263997.040,-1796800.0,1097035,-20626624,16365340#XRJUqUgnRCaZ,2.0226968E7,-4019425,5209104#JZ7r6G128,589335.94,15968042#HsMLWwDHD0U7XaEhCIrtNUmv64ALKSuIkc8OfGJCOvFdx9HOE7kuvXcLdvXQ0ME2KD,11379597
2152,330,1,2,6,1,1334,1,2129,21384726#aXcXjQVroorBmW4l1HbnoeDq1VS3S6c0,-1.7459654E7,20230003.380,-1208368.0,1188889,-14912097,2651047#ERKSdK563MlZ,3277509.2,4124591,12787078#NeZTb6RAS,-1.0779725E7,16938903#i2uZQPEaSLWBXmx2riv6A0dyVpAD0gD1nwdCH9IRlVTILDcFS1mBypMz7kDnYG3vCb,-19168569
2153,680,1,4,5,9,1180,1,1363,18511456#G3ZEgQ4SSEYUW7ET66OPM0s5pJyOms3J,2.0348972E7,2978437.750,3257064.0,-20019628,-17046331,17555177#lA5nzz6R4yP9,9197819.0,19440091,12094987#LgH3fyJ7p,1.4154209E7,16194053#e1LhCDPsqVTlNCBjjg45dCdftIFAZZaG6hzK1BXqhPXrz1w9onC0x7tlodAyvNuihr,6484026
2154,720,2,5,2,2,1481,1,1645,1465884#f3XkO2pHqxoV5b949hlc3Y3b5xrQeuhY,-1.1916818E7,18358946.440,787504.0,-8491393,20225005,17544913#tzVg4Z5zunQG,-1.7199942E7,-9354096,7755088#3p0v8YZJk,-6556962.0,9740020#ly4zpOZMdL4ZX2OWAdwL0y4Tklx4tBkva6wxEZBn6Un4YLOw2nkgopMp7wkhobYZcH,-7586087
2155,482,2,7,5,10,798,1,912,6432305#3XrhUIUSgpJ6yuPWwTyjsWhdY3EJHATR,4003317.2,14976503.650,-13308048.0,-6573508,-13950188,15259566#xv0sv4VDpwvH,-9030553.0,2766806,16000089#aKSIuGwjf,6869462.5,8501419#j17VItXo9eX9LVu9g1E1ZRU8dMWrM0EOfVNqTcJwabST1z44Aws6ShzUD9HJW7iSXQ,7792776
2156,635,1,3,8,4,79,1,957,8524141#saIO7uBIVwkFo45pl2lxovgOZOW9mV4p,-1.7790478E7,16203565.730,19174544.0,-10373067,-15333358,2677570#xfZB8vPBQl3n,4169515.0,-890835,15999566#6R88DJVsQ,4441846.0,3502819#0zthp1IsPQbfX46CUnjghFZgCpD8Q7967EMGGbAWuyoyIiiGPEBsprf6eondquNcMr,-14556087
2157,1026,2,7,10,10,577,1,3957,15481269#kpQ1wzo5gjeg4muGroySdqcCEyodbeeE,-7636946.5,21067455.150,8447376.0,-5287670,3965693,14297615#vZM2IA0WsBdI,9254521.0,-5204125,10989174#HAhQTSXfx,-7174184.5,230054#t77HbFMROTL2VPsWKbOkAHKAfRxoQnvCVQyYeV1A9CSeyjiKgn08wy7BSnknSi02P5,47056
2158,581,1,3,2,3,1192,1,3532,5389122#q4KlUy2DsIjAKHjtd8ItU7QMSeaClngn,-8207972.5,15966463.840,-3248400.0,-10212667,-704463,12121170#YRQNzEh7a4sx,2.0025538E7,-5512702,8156294#xVIYCFyjS,2.078699E7,15437402#Zw6CcYweWWKC3cCoc2YYsd2jugvyIHGG6jZvG5RMNkjM4Cmfghwq4PCfg5mdEbulxP,-4857930
2159,636,2,4,8,7,232,1,1557,18801062#PkzXQllPOXzloYi1Jr1hQRVdqH4CUivg,9496067.0,1768646.090,19215248.0,-6483327,8016095,15240889#BmpNYMYDDxzW,-2455809.5,-6585172,5339545#iU6A6Odu5,3484056.8,8714733#3RxcWEgkpvtgGHiOtGHnJgsn4iXhmCjwUyU8eLlz7xrruc34oOZsk4ydORRRsKhcO0,9721424
