330,2841,1126,824,441,0.5310,-2145103.45,1322090#96c2qsygmPxwyhr17ii,1596835,235516.310,true,-3034388,2020722#o0VXMp4nPGGCmW,-3104832.0000
331,337,2568,482,1303,-0.7620,1853628.4,2442191#c76FZFck6LveAt5cS6Y,-2699870,2202785.350,true,3071378,1606360#wXJ29bjUTqsCLg,947568.0000
332,145,1506,290,467,-0.4640,-1010906.56,1673868#4U9lwvli1uhdURavGNS,2676919,1314982.520,true,-3207414,850235#0l6ELIuEykgHQ7,-2064200.0000
333,912,1744,845,1067,0.4649,1012222.97,2534062#NoMIoVJ0Z4tqtSmDuOj,-830666,-1566192.650,false,719154,539541#I25JLL0pKAVe0n,-3267824.0000
334,1216,2119,1131,532,-0.9900,-2444932.99,1924934#mH2oFb5I1OPmnOqFqiU,-1675180,-2057023.800,false,289924,294486#aRseNSSuQipMlC,300560.0000
335,1697,1700,318,1385,0.5380,-779494.54,594868#4U9lwvli1uhdURavGNS,1798542,-433521.320,true,-3076317,3044535#lQXKhluPRD6zlW,2573808.0000
336,2582,1656,385,961,-0.5024,-876057.17,2690208#xHzGgHRHFMt5m4v5oOo,2889340,-1007412.260,true,-748541,1588306#2a3UQsowvEi161,2850944.0000
337,2817,645,206,615,-0.4202,1844040.36,1690799#4gxyeFjMuPrNURm3l1g,2740487,1275711.230,false,2792751,2044494#pMcfiKwEpIkEHy,-1123616.0000
338,1206,1882,212,802,0.1472,607380.51,1646333#ZWL0yfZanRMd94twuxt,-1142845,1577070.310,true,-847588,2986017#MyKncfItYwM7z7,685344.0000
339,1394,2569,16,237,0.9285,757476.79,208841#KhSBhytoMPw1A1Vj2se,1953293,-1877600.610,false,1042083,2230717#bfPSaTYJ51gGyA,-1869056.0000
340,2294,764,713,1154,0.1976,1118698.71,453813#e4JBhV8n0NEIgz8MWwb,-2535019,-1249195.070,true,-2998875,1060757#hmtFCT5fFOcyVK,-1888688.0000
341,1172,2245,564,717,0.0313,-2985661.87,2045703#KLr7LAncMahPfBZTASH,-194933,1727323.430,false,1324401,1815262#S75vx7zY3Bcpx0,1157112.0000
342,113,659,609,282,-0.6824,2959182.4,2701396#tdNxHuOAxr8taoSvs5l,849456,1280283.790,true,1407362,1826283#5H7dxJUt1RGDuA,-3211216.0000
343,2680,1498,447,858,-0.0787,-2662880.5,2195038#B4fcfZQp0AoMw0ohqce,3161707,-2900962.350,false,-852419,1268868#alGqm3lrmM33O9,-1417568.0000
344,833,753,1017,488,0.1716,-1108806.04,3308193#vDIwAFmzKSmjrmKJKfT,-282722,1780870.010,true,1060763,3092451#iJ64qT5fhsQ0so,-1265344.0000
345,2847,2153,720,131,0.9790,355476.34,883875#QoeD028MwOUzn4JRvu2,1045593,2873888.360,false,-3404769,2663361#fgthP0BfMxStJ0,-680704.0000
346,1122,2466,1045,472,0.0384,-575374.8,450173#aJlImfrlp0aBqyQijbk,755976,1276604.910,true,774735,716386#cDVYaKnqFxfz4B,-907520.0000
347,69,2673,119,1002,1.0934,2245426.67,257224#7Z4h3cE2swLawLMeR30,-1798309,-882096.610,true,-1482103,1936439#pXhcr7XvudbeDn,-214560.0000
348,261,1761,968,1346,-0.0680,-2119618.79,1154408#7F69IEoXPcyEWdYBoCT,3396841,-255589.300,false,418152,622273#1plK5VzgPEGum8,-3004112.0000
349,524,99,931,1154,0.2455,-699261.3,38823#SndnxIMAd8TjoObbFmZ,1263036,-3266413.650,true,512242,2643155#diARb2EfGR8mAC,-925744.0000
350,421,1816,915,273,-0.4300,1378182.23,1043497#futjIgHRmbvO23qCkXU,-1845979,-2497236.110,true,-538466,1814829#AEeT1F0kdKlSXQ,-1658802.0000
351,1712,1171,351,809,-0.4120,-581134.96,1053600#vLPvOn7fSMxCCrbGsAI,152208,861378.340,false,2736293,2874723#nke9PVOgsMYvmp,1362304.0000
352,2080,724,240,302,-0.5056,2756182.37,3067876#Hx1r8hJmLC2fl1mmuhO,460171,1091144.960,false,-3122797,673563#oOirIRhqrK4k7j,2941760.0000
353,1673,353,751,273,-0.5530,-2190432.11,1235049#G7HMKYL4eMdXmgplsdf,-2391070,470344.190,true,-2284775,818023#6uAqjz6Pz8WkR5,-946192.0000
354,1080,1481,51,1101,1.3166,3258864.67,2963525#li16dsFMgF5Iv5lDqP4,766182,-693330.610,true,738682,1185579#RdkWefG9h5PotU,-2759904.0000
355,2715,1515,487,1,-0.8100,2644613.8,2577642#L0toEIHhKO0GC8wCMrf,-3176145,-2065799.140,true,-906361,1245607#3VwVc39OqTdTPj,388736.0000
356,14,555,1053,1162,-0.3424,-2699531.71,490016#lFTBjBZPtvSWiSCtr54,2654908,-2692243.590,false,2894871,2635113#qwr90EBZQaPsOL,-1107872.0000
357,1206,1180,542,196,-0.6570,-1349908.65,758020#IWWCBtgdAsFyGrPCFhp,37853,-1132518.760,false,3099954,2529008#5m4Wzu4ozEU1Ez,-2657136.0000
358,341,338,1190,654,0.4160,-2145644.38,409646#gvZoSM5Lizzxgi8tfpD,-164063,-2011517.800,true,-2686877,246879#DpbZWf2YMHoiR5,1201280.0000
359,2076,2342,675,1366,-0.7870,-1977879.07,2184730#mCrocuiudHY5tOAHPHf,1427378,-1295972.800,false,-2226011,2749716#1M8ixVY9y34uuQ,-532224.0000
360,652,2259,1129,342,-0.6200,-1798643.85,2956667#XY0ejIxvyZVlQKvqmwO,2254298,2239527.200,false,513799,3322881#ErV7wXY6EI6VbB,2785616.0000
361,2140,1397,732,1056,0.0503,684752.17,3446607#Mm9zcVVLYsEahiFsMez,-1220665,-446544.100,false,1114903,25354#XrpuRGRx1BgAMc,-1119120.0000
362,2555,2435,705,604,-0.7258,-2393128.92,2117463#g7iY0NRV5wu6bgUZkxH,-619928,1244970.140,true,-2405566,229952#rmDz2kcvKiJhrg,1824256.0000
363,770,405,1029,117,-0.9260,-2822661.44,3165546#LZZFYPhjYNFkQiiR3vX,1100917,3599679.670,true,1889149,1700158#8pXm95SHB4cQhN,-2835232.0000
364,585,1984,188,827,1.4520,-2742674.1,1062308#Dl23ez9aOGhiVO1ZNGo,-3438159,1840183.510,false,3001386,1395689#hTtUP2NPmtMI2h,490640.0000
365,1007,327,111,1016,-1.0110,2864476.03,1224663#oDGS2NyQIkUNvPvreVb,-2276275,-995929.280,false,729936,1177757#hmtFCT5fFOcyVK,1923328.0000
366,2498,1803,832,180,0.3026,-958184.92,3651915#AoBnH5xd5YrMyhZaaoi,2398013,-3436705.170,false,-2481905,1446569#haYLIync4EDOkb,2925760.0000
367,988,377,955,497,0.9672,-2391883.13,3131789#IqnTCv8n8fIKSBPWnge,-3254054,-2991799.980,false,1894627,1653051#MPBdgwaR1Fcyiq,-1977776.0000
368,7,631,110,1329,0.5120,-2029255.18,2673046#DVi5xZUUlpdJ9aTyYBj,-1034096,-1632784.230,true,-2796774,1768645#uqtNPj1Wit5wTY,119792.0000
369,1239,2505,689,593,-0.3890,-2972583.8,2467435#RnRjMNlfIfuzE2WIj1m,-2476357,-331204.240,false,-179990,851424#dA5ez0s25lClFQ,-3532960.0000
370,2528,588,9,261,0.3550,-694884.84,2010733#GS2lDcp8YApYmTHxzxG,1021492,-2920784.370,false,2135220,1609260#b9ulg6hnR0VEhA,2083488.0000
371,2212,1569,739,1385,-1.0420,511811.94,2577788#kRV6PiK9ufBWbH1Px3A,-1595883,-270827.950,false,3007697,2636454#frUUdQ8uZuIT0s,682816.0000
372,2320,2571,9,311,-0.3430,-3642692.23,2105996#IZUgiPdNObqoDiRzuWv,-596799,-1353249.090,true,2545053,418196#NC8S2ykoLZ69e9,-422208.0000
373,416,1592,569,520,-0.8390,-1907101.86,1302718#Lf8iOMqzIg6B02HHTJk,-1804108,3332173.040,true,1380579,3232581#7V54mMKURSrxvE,-2724544.0000
374,823,1406,168,184,-0.4244,-3284609.5,209358#WvVAWo92h7OTfOoHvfj,-710770,-396018.130,false,-2229948,1562084#Vj2FTYlsgNhc1y,-1522592.0000
375,2481,2584,956,63,0.1875,-3731888.96,1200692#1SYWJvTzNwaXrcRuelF,2243905,-2365810.260,false,1508821,3118917#cNY8h8sZ1lNlsk,-921968.0000
376,643,1527,451,454,-0.1760,1266282.83,283757#l3RfryLQav78DRgvvzQ,268566,-1605647.050,true,-2554865,282474#8UaJkwZ01nDy34,-127104.0000
377,1989,656,235,1156,-0.4840,1297548.65,3739316#iO483z7dGfBASI0lsPj,70619,-3602918.440,true,-47355,2126067#lX7XbeNxk5CT36,3117504.0000
378,2810,1560,835,1072,-0.2336,-2780958.65,1174908#SQ7InV9EqRaeNf4QuSq,589588,3078402.760,true,616090,1539829#AEeT1F0kdKlSXQ,-3490928.0000
379,2432,2746,103,514,0.5769,-640573.44,421673#cEnJYkRaJ21FhtXjVBb,-1774411,1740424.520,true,-441002,2269799#jvyu0BpRXZv03d,446960.0000
380,1897,2576,1127,176,0.6160,-2471503.45,1521292#a46cJb66GhuqxtyXB5J,1837980,271066.810,false,-3493017,2326742#Ek5XwsZR8ECoaL,-3574432.0000
381,1956,1168,961,193,-0.8620,2132828.4,2810214#3DCnzHyVAvv0PcwWsp0,-3107808,2534349.850,false,3533982,1847753#ZDhp6kJL3tMOnN,1089968.0000
382,671,1106,465,245,-0.5640,-1162106.56,1925468#t3RYb1HxFMOVH5aqS5J,3079646,1511645.020,false,-3691652,977654#emhO8cRSNLXszJ,-2375500.0000
383,729,2565,1005,262,0.5299,1165022.97,2913840#bEupyr8yRv9aUtdFNVC,-956474,-1800266.150,true,828468,619417#leX7odRpHOBBQ0,-3759824.0000
384,2544,769,1170,660,-1.1400,-2812132.99,2212023#exlomJSY6SW024CIyaF,-1924754,-2364639.800,true,332024,337798#F1nF5ZcEbyxzXF,344560.0000
385,942,1625,86,181,0.6780,-897094.54,683637#FcNH6LSJIJ3h1xL1UUZ,2067107,-498908.820,false,-3535197,3497474#8UaJkwZ01nDy34,2958608.0000
386,1715,550,230,1026,-0.5474,-1006457.17,3089261#67jG3JluF2SF4NcisMH,3320694,-1158418.760,false,-860967,1823355#5Ngh2CtqLzhciL,3274944.0000
387,797,1495,303,270,-0.4232,2116840.36,1940815#o7W148KBlHoxnduzJtJ,3146011,1463591.230,false,3208522,2347693#NvWYBFYs910MY7,-1290016.0000
388,2605,832,836,252,0.1172,696180.51,1889063#m2ya4ATk1CfOhatFfBI,-1310768,1811157.810,false,-973531,3427341#GFjdAWSFao8lqB,786944.0000
389,2787,456,46,1247,1.0035,870276.79,238933#sA4DlkPfCcq6yVwMNHT,2240663,-2155952.610,true,1196009,2559624#qOznGyVBvY98id,-2145056.0000
390,1232,1220,981,1087,0.2046,1282698.71,519771#B3ogq9EEzBNeeKg2lxN,-2908410,-1431507.070,false,-3439973,1216046#yw01yRSYC42Y2v,-2167088.0000
391,2100,1279,179,1102,-0.0037,-3424061.87,2345126#9AAa4yQqTUqHwMvFCyQ,-222440,1980540.430,false,1519200,2081026#zaVvAtU88sO5i5,1327912.0000
392,1505,634,219,532,-0.7824,3392782.4,3095660#BWUhInsFFgV2g82RnPx,972401,1467370.790,true,1613673,2091942#gZvugmXrrOmdrc,-3680816.0000
393,942,2711,956,1018,-0.1237,-3051680.5,2513944#CBpqGzlpniYZbTteQ5X,3623838,-3324857.850,true,-976109,1452605#iuqzPJzTWAH8cr,-1623168.0000
394,1205,512,211,824,0.1916,-1271206.04,3787617#f0ILN71fMjtP0h7QaPx,-323772,2038735.010,true,1215014,3541053#IDKImZXiYuXAPZ,-1450144.0000
395,480,1999,992,279,1.0890,406676.34,1011438#a2R8dC61eQXRQIUEj4a,1196663,3290735.360,false,-3899584,3048654#emhO8cRSNLXszJ,-780704.0000
396,1893,2541,107,1227,0.0334,-658574.8,514981#fRoRUnPIYIDpIkeZF88,865008,1460983.410,false,886751,819844#haEsy7zqQLX3nA,-1038720.0000
397,2353,1311,808,501,1.2034,2567826.67,293330#mhzOx7oBhmfIuM1sw55,-2056633,-1010025.610,false,-1694490,2214142#0RCBRDVMy0iIlz,-244960.0000
398,2024,2561,913,251,-0.1180,-2424418.79,1319150#dhNflxf4454xweI17ba,3886255,-291200.300,false,478565,710556#9x8tPOCNxlXsyd,-3435712.0000
399,420,312,507,214,0.2205,-800861.3,44094#QntQIpGZcrF1wfbxKvZ,1443666,-3733019.650,false,586622,3021571#W0BdCbOuD4HNUC,-1059344.0000
400,1441,1916,366,1408,-0.4800,1574982.23,1192165#Ythy1MiUxdolDZaRN0R,-2108738,-2853799.610,false,-616097,2073953#vrhUxtsNPDFodT,-1895952.0000
401,1111,596,471,757,-0.5120,-663534.96,1202288#Q3dypQ1kFJej84QRzdI,173575,983435.340,false,3127006,3282991#yC9HR5QdJFANWr,1556704.0000
402,808,2674,730,290,-0.5206,3146582.37,3502818#Ovyi48JqvYh9sMf6SBp,526253,1245627.960,true,-3565611,768615#MhuGEpL4baOsgO,3359360.0000
403,2674,2703,540,1299,-0.6030,-2500032.11,1408736#UWm75X7HAWscq4HMgpu,-2729205,536464.190,false,-2607993,933402#PJHcWf83WV0h1D,-1078992.0000
404,1612,2481,854,1364,1.4616,3719664.67,3380853#ypfcLskbbMPYSgzHieD,873374,-791032.610,false,843989,1352107#81sfwKrpsf9irp,-3150304.0000
405,2268,27,476,699,-0.9100,3016613.8,2940055#yyE1GVMwwXAjfe41wkE,-3622748,-2355456.140,false,-1033979,1421000#ehQtgMCP4n7xUU,443936.0000
406,1090,1180,69,187,-0.3624,-3079531.71,558531#TBLE3pOJ4T9qo7VK5V8,3026566,-3070013.590,true,3301573,3004902#K4o0gEhrDOKow2,-1263272.0000
407,2126,1974,360,666,-0.7070,-1538708.65,864138#bUy7iVKWRj9WvFEFDG6,43684,-1291464.260,true,3534041,2882205#nwOSlO32Ay1268,-3028336.0000
408,1169,1075,294,1210,0.5160,-2445644.38,465671#tW6LUcgrMUGaeoUam5y,-185630,-2291791.300,true,-3062965,281054#Z4jDEc0rZIuyc8,1369680.0000
409,1169,2417,612,1071,-0.9370,-2253079.07,2488774#6CwQyOvqvhthyBNmwvg,1624810,-1476005.300,true,-2536147,3132098#71kfapUkorlXO3,-606624.0000
410,1510,1790,235,272,-0.7200,-2049043.85,3366312#m4XtVSUJb5n9T0W3Lul,2567287,2551612.200,true,585746,3784387#Hc2ZCgBpjTVwSR,3172816.0000
411,806,2134,1052,851,0.0473,779152.17,3923243#FZPARwhmT2JRo5VpctT,-1389208,-508317.100,false,1269360,28238#lJjbBJogkzmgIs,-1273520.0000
412,643,273,345,748,-0.7708,-2724328.92,2409337#R932j6oQ4c3V9ZErr2U,-704269,1415766.140,false,-2737418,261502#pl9t3PdAjGnK0N,2076656.0000
413,2334,2067,922,122,-1.0260,-3211461.44,3601547#9OBHnn2fkROYRWkVJ7o,1253521,4094451.170,false,2149473,1934220#NsqNqwidY74KI8,-3226432.0000
414,2494,2409,103,282,1.6020,-3120274.1,1206942#EeGqmGghBIKaZpI4WSy,-3909337,2093161.010,true,3412736,1586301#DxJUko256AAFjA,558640.0000
415,2247,1943,170,993,-1.1610,3255676.03,1391203#qXXMyDD87JG192M7jU7,-2588131,-1133411.780,true,830691,1338189#OvRZov68xsK5PV,2187328.0000
416,2560,1867,615,433,0.3576,-1089384.92,4150002#3dEFqEZ4XUQ6sge45nd,2725263,-3907562.170,false,-2822133,1643467#QQxRhzFm2pRqJw,3326560.0000
417,1275,1765,233,227,1.0972,-2716683.13,3558130#TVlTFGDtXk8WS4x7yFk,-3696465,-3399500.480,true,2151791,1877920#KBO7zxFjNKOTEg,-2247376.0000
418,1687,1594,930,464,0.5870,-2306055.18,3035220#92xJ8pMr7oQStRI9A7X,-1175204,-1855513.730,false,-3178068,2007987#wuzDhjfm8HnAu3,136192.0000
419,866,430,699,533,-0.4390,-3374183.8,2801002#3dEFqEZ4XUQ6sge45nd,-2810891,-375038.740,false,-205009,965913#ouRUgWcOCDZSfk,-4011360.0000
420,2714,1500,590,1116,0.4300,-787684.84,2281519#SeTEsePGljzJE8UZPkO,1160835,-3314903.870,true,2423869,1825434#W5kxheKBUHm3DP,2365088.0000
421,2662,769,84,655,-1.1420,581411.94,2924283#ijwdr1MGtnWR8T1VqOI,-1811119,-307908.950,false,3412135,2991483#3t1fWDablxkDo0,774016.0000
422,649,2294,854,97,-0.3930,-4132292.23,2388462#TCdaR0PolNXqlVyH1s5,-676300,-1535750.590,true,2886855,473719#AbzHG34L8o6NYJ,-479808.0000
423,147,2454,140,482,-0.9890,-2161501.86,1476468#t3RYb1HxFMOVH5aqS5J,-2046194,3778781.540,false,1566093,3665480#HicQNyBHeA7onG,-3090944.0000
424,1864,331,484,9,-0.4544,-3724609.5,236947#fHzgVEStBxkyA5yxxhM,-805780,-448102.130,false,-2528825,1769996#ZFdJnDbtDQz2aB,-1725792.0000
425,1649,1709,236,701,0.2525,-4229488.96,1360541#FfsL0Nr3aS5lhaKzziC,2542968,-2680015.760,true,1708861,3534049#CGcVzjNCu5gNBo,-1045168.0000
426,2164,2177,573,296,-0.2260,1434282.83,321413#VTofn1u4Fwq9zmtjZ1z,304944,-1820245.550,false,-2893855,319434#W5kxheKBUHm3DP,-143104.0000
427,1531,1556,142,1284,-0.5840,1469548.65,4235147#2UwMLBKt4I3r1iXHvvR,80264,-4079537.940,false,-53030,2407387#Hc2ZCgBpjTVwSR,3531104.0000
428,1591,1083,740,685,-0.2116,-3148158.65,1329972#YuqLSQItkrEDyWGWgN9,666888,3484533.260,true,696896,1742487#zSXmckRBp6wA4u,-3952528.0000
429,1622,2296,125,699,0.6319,-725373.44,476727#7ZuukrtMpX7dQZfF7og,-2008584,1969853.020,true,-498980,2567943#Oc22lODa3zbaD8,506960.0000
430,953,1201,216,1351,0.7010,-2797903.45,1720494#SThZXvPHkFhMJExpqQL,2079125,306617.310,true,-3951646,2632762#lSOF35tT6LasgQ,-4044032.0000
431,727,2593,226,523,-0.9620,2412028.4,3178236#cZdPaztjhEVrwcrtSx9,-3515745,2865914.350,true,3996586,2089145#asfagNYYW2OL9F,1232368.0000
432,1197,706,640,22,-0.6640,-1313306.56,2177068#IakmG7CaIAOPPVJEMYg,3482372,1708307.520,false,-4175891,1105073#EwOr7Ku8bKlnss,-2686800.0000
433,546,562,1165,897,0.5949,1317822.97,3293619#eg28fGuQkRQLY9GuRZK,-1082282,-2034339.650,false,937782,699293#0Yiqy1oCjqlx5W,-4251824.0000
434,1023,2244,1208,787,-1.2900,-3179332.99,2499113#943cevfGvJb3Eoyg4VM,-2174328,-2672255.800,true,374123,381110#VRVKcBpn5feFSV,388560.0000
435,188,1550,1068,418,0.8180,-1014694.54,772405#t25rvGmjvg7uny8hOjz,2335671,-564296.320,false,-3994077,3950414#mCZUvaw5EceZwA,3343408.0000
436,849,2268,74,1091,-0.5924,-1136857.17,3488314#hb5J3ECqQRx2ZxiCrzw,3752049,-1309425.260,true,-973393,2058403#XcZy5CmXw9X0ZW,3698944.0000
437,1625,2345,400,1365,-0.4262,2389640.36,2190832#ZjzMDKLoSr75zQYbQ4Z,3551536,1651471.230,true,3624292,2650893#6a4EddZaSNdc64,-1456416.0000
438,1156,2607,246,1142,0.0872,784980.51,2131794#GYRur2dk6zzdl1QqLw2,-1478690,2045245.310,false,-1099474,3868665#xXBRZcE4rJRPM1,888544.0000
439,1332,1169,76,817,1.0785,983076.79,269025#DkbJx2Kb1Zk4Z4mVZd9,2528032,-2434304.610,true,1349934,2888530#IaJjSaWn3zsIBD,-2421056.0000
440,170,1676,34,1021,0.2116,1446698.71,585730#mCrocuiudHY5tOAHPHf,-3281802,-1613819.070,true,-3881072,1371335#JHyw6ljhD6qkFp,-2445488.0000
441,180,313,1007,47,-0.0387,-3862461.87,2644548#az3VpbujjLN1KxLq0rl,-249946,2233757.430,true,1713999,2346791#Vdxt94On0ie3h2,1498712.0000
442,49,609,1044,782,-0.8824,3826382.4,3489923#pym7Yr76SVkPhpm85qY,1095346,1654457.790,false,1819983,2357602#IIIv51wqJfZxAn,-4150416.0000
443,2052,1098,252,1178,-0.1687,-3440480.5,2832850#6tSTcHk7yLVql3Wv9i5,4085969,-3748753.350,false,-1099799,1636342#sVx7gOGwtzZQlW,-1828768.0000
444,1577,271,620,1160,0.2116,-1433606.04,4267041#DtH656sqAXIPwb3wFbL,-364822,2296600.010,false,1369265,3989655#lh8akCfxWXyo5d,-1634944.0000
445,961,1846,50,427,1.1990,457876.34,1139001#qFnT9MVb3iFUfGYAQ0V,1347733,3707582.360,false,-4394400,3433947#8v8GT8d0n7zAE9,-880704.0000
446,2663,2616,383,542,0.0284,-741774.8,579788#kRV6PiK9ufBWbH1Px3A,974041,1645361.910,true,998767,923303#X8iSLrOTVtLzOS,-1169920.0000
447,1790,2773,284,1439,1.3134,2890226.67,329436#pcP3nVW0RDSklM91zDo,-2314957,-1137954.610,false,-1906876,2491846#86agk7z1aQBqr9,-275360.0000
448,939,536,858,596,-0.1680,-2729218.79,1483892#j8xrdxdoTAdZRV2aUxn,4375669,-326811.300,false,538978,798840#AYF2xW1uoROlPN,-3867312.0000
449,317,524,84,714,0.1955,-902461.3,49364#E6EsodWfYDzkQX0G4wF,1624295,-4199625.650,false,661001,3399987#wuzDhjfm8HnAu3,-1192944.0000
450,2461,2016,1031,1103,-0.5300,1771782.23,1340832#ZjzMDKLoSr75zQYbQ4Z,-2371497,-3210363.110,true,-693728,2333077#hrf2IxW6js1y9U,-2133102.0000
451,509,21,591,704,-0.6120,-745934.96,1350975#fFTLK7lXIbR0ypbhXCd,194943,1105492.340,false,3517720,3691258#qu4wAk4hpInkLR,1751104.0000
452,2383,1799,7,277,-0.5356,3536982.37,3937761#kEM9kDPS2T3WCHRnZ4E,592334,1400110.960,false,-4008426,863667#j30cMKiV27vPZf,3776960.0000
453,827,2228,328,884,-0.6530,-2809632.11,1582422#nuoBOuFLoicnGL55KgH,-3067340,602584.190,false,-2931212,1048780#UVPIjv2AHxeUKV,-1211792.0000
454,2145,656,443,186,1.6066,4180464.67,3798181#V83Rj0AJS5f929MBDRp,980566,-888734.610,true,949296,1518636#nt6hyBXnlyFuiy,-3540704.0000
455,1821,1365,465,1396,-1.0100,3388613.8,3302469#5P0U1EOoRx4WKKHzfxW,-4069351,-2645113.140,true,-1161596,1596394#6GroMknjYu8fX4,499136.0000
456,2166,1805,300,652,-0.3824,-3459531.71,627046#DVi5xZUUlpdJ9aTyYBj,3398224,-3447783.590,false,3708276,3374692#7hMC4oKJOzFont,-1418672.0000
457,199,2767,178,1136,-0.7570,-1727508.65,970256#ihij93VGYC3D0lzZLyK,49516,-1450409.760,false,3968129,3235401#Ce0lMbkcF0NqmG,-3399536.0000
458,1997,1813,613,326,0.6160,-2745644.38,521696#XvXgBpBaz2pU9nErGPS,-207197,-2572064.800,false,-3439054,315229#a6fSP5Le6EciRx,1538080.0000
459,262,2492,548,776,-1.0870,-2528279.07,2792819#YykMIc4hbIxzEmKP7mn,1822242,-1656037.800,false,-2846282,3514479#nq4pROXR9Q7nVA,-681024.0000
460,2368,1321,556,202,-0.8200,-2299443.85,3775956#KtvGIso1Kufy88CT6TY,2880275,2863697.200,true,657693,4245893#6a4EddZaSNdc64,3560016.0000
461,2320,47,157,646,0.0443,873552.17,4399878#keq9FRmyuIfkOY9U3FK,-1557751,-570090.100,false,1423816,31123#TlGwWNjtPBT7Eg,-1427920.0000
462,1579,935,1199,891,-0.8158,-3055528.92,2701211#VNmCEZ3Mvk5EJd1Wlqr,-788611,1586562.140,true,-3069269,293052#nkIZJjBXKVwdnu,2329056.0000
463,1049,905,814,127,-1.1260,-3600261.44,4037548#az3VpbujjLN1KxLq0rl,1406125,4589222.670,false,2409797,2168283#5H7dxJUt1RGDuA,-3617632.0000
464,1555,9,18,1177,1.7520,-3497874.1,1351575#vdHQkcJFEvX6iHEYGWK,-4380514,2346138.510,true,3824086,1776914#EKBfaqE6TrD21g,626640.0000
465,639,733,229,971,-1.3110,3646876.03,1557743#rZ4qXWEkV5crMKSGxly,-2899986,-1270894.280,false,931446,1498622#A2pHdbF2vHUIga,2451328.0000
466,2622,1931,398,685,0.4126,-1220584.92,4648090#96c2qsygmPxwyhr17ii,3052513,-4378419.170,true,-3162361,1840365#jpJlnbIvpgtLm8,3727360.0000
467,1563,327,725,1397,1.2272,-3041483.13,3984472#fetZRi9E1scxIc27t2x,-4138875,-3807200.980,false,2408955,2102790#Q5cFByAYcxVKZf,-2516976.0000
468,519,2556,536,1039,0.6620,-2582855.18,3397394#lTUffP7G7GRNk4zG1md,-1316311,-2078243.230,false,-3559362,2247329#p8ZFc39dpq1U8c,152592.0000
469,492,1180,709,473,-0.4890,-3775783.8,3134568#dyKMg3VfRNHC3TgwlAQ,-3145425,-418873.240,true,-230029,1080401#Ce0lMbkcF0NqmG,-4489760.0000
470,52,2413,1171,531,0.5050,-880484.84,2552305#slXynGiossuQXzyBRoZ,1300177,-3709023.370,true,2712518,2041607#3VwVc39OqTdTPj,2646688.0000
471,264,2794,643,1365,-1.2420,651011.94,3270778#aBX8YrhFElEKN3BFBky,-2026355,-344989.950,false,3816573,3346513#QbVS83z1XulP7x,865216.0000
472,1826,2017,485,1323,-0.4430,-4621892.23,2670928#sNYyahMaGMUtsK4UNQ4,-755801,-1718252.090,false,3228658,529242#HniCIdEpLmxuvw,-537408.0000
473,2726,492,925,445,-1.1390,-2415901.86,1650218#yNqAKJAUwWvbCxBFGAT,-2288279,4225390.040,false,1751606,4098380#XlRQ4BQfhnmR23,-3457344.0000
474,57,2081,801,1274,-0.4844,-4164609.5,264536#VKtcLuJmB4T20wsLmqZ,-900790,-500186.130,true,-2827703,1977909#SsYfPfybNe3hSv,-1928992.0000
475,817,834,730,1338,0.3175,-4727088.96,1520389#K75fcfOvLHTiLjKqXSi,2842031,-2994221.260,true,1908901,3949181#42ceLvaNCdZ2HL,-1168368.0000
476,837,2,695,139,-0.2760,1602282.83,359068#IakmG7CaIAOPPVJEMYg,341322,-2034844.050,false,-3232845,356395#0p7Tc7rTDAbgqj,-159104.0000
477,1073,2456,49,1411,-0.6840,1641548.65,4730979#XIi0VszOsQb5gxkZY1F,89909,-4556157.440,true,-58705,2688706#nSpUwk5FupEtJa,3944704.0000
478,371,606,646,297,-0.1896,-3515358.65,1485036#oJryRT4BiAIZ4BENyqx,744188,3890663.760,false,777702,1945145#asfagNYYW2OL9F,-4414128.0000
479,812,1846,147,884,0.6869,-810173.44,531781#q4O7v2tdiobysE6R39S,-2242756,2199281.520,true,-556959,2866087#jSoAZETTDi0kXH,566960.0000
480,9,2651,519,1086,0.7860,-3124303.45,1919696#XvXgBpBaz2pU9nErGPS,2320270,342167.810,false,-4410275,2938782#CF5AJFR5uEWNYv,-4513632.0000
481,2346,1193,705,853,-1.0620,2691228.4,3546259#DpvZZ3T5INOX5hDBB5d,-3923683,3197478.850,false,4459190,2330538#uELUUnt0p0LXkC,1374768.0000
482,1723,306,815,1240,-0.7640,-1464506.56,2428668#aLshR1yYLaPoLdRaJmc,3885099,1904970.020,true,-4660129,1232492#uBQV2ZWB9gPCps,-2998100.0000
483,363,1383,111,92,0.6599,1470622.97,3673397#yQWHIvLkDkcqD5dSTf8,-1208090,-2268413.150,true,1047096,779169#9lmi2CBnmrSYAG,-4743824.0000
484,2351,894,33,915,-1.4400,-3546532.99,2786202#qlXpfVyjiSYnwaN2gPp,-2423902,-2979871.800,false,416223,424422#s2qBgh9etWZEjh,432560.0000
485,2281,1475,836,654,0.9580,-1132294.54,861174#JhiHjL0VcfzsqerEDTo,2604236,-629683.820,true,-4452957,4403353#y9OPYvkYUVkgYR,3728208.0000
486,2830,1162,1133,1156,-0.6374,-1267257.17,3887367#wlwCrG6YQpAKB4qrNH5,4183403,-1460431.760,false,-1085819,2293452#3Vh25HpdHcGpNj,4122944.0000
487,2453,370,497,1020,-0.4292,2662440.36,2440848#ok9y44JNBMAh85hb5HI,3957060,1839351.230,true,4040063,2954092#9EP2gZO3hR83cv,-1622816.0000
488,2555,1557,870,592,0.0572,873780.51,2374524#LJSK1XHPxplsRS01zOt,-1646613,2279332.810,true,-1225417,4309989#VJPYphInH6jdGG,990144.0000
489,2725,1881,106,387,1.1535,1095876.79,299117#jZyngssi0Dpbxt72nph,2815402,-2712656.610,false,1503860,3217437#Bcwo3ZE3Cn4nLJ,-2697056.0000
490,1956,2132,302,954,0.2186,1610698.71,651688#Q6Ve1sxly57lOvOm2sF,-3655193,-1796131.070,false,-4322170,1526624#qOznGyVBvY98id,-2723888.0000
491,1108,2172,622,432,-0.0737,-4300861.87,2943971#2FhBcw5a7TtxbEtG7ek,-277453,2486974.430,true,1908798,2612555#ymjvlbmon5cxDT,1669512.0000
492,1441,584,654,1032,-0.9824,4259982.4,3884187#F2CdPaU8WFYLp2JmDYY,1218291,1841544.790,false,2026294,2623261#aKXPImil4AM0Ws,-4620016.0000
493,314,2311,761,1338,-0.2137,-3829280.5,3151756#46B863OS8diIwcpjsj2,4548100,-4172648.850,true,-1223489,1820079#N9pmavPgXz8432,-2034368.0000
494,1949,30,1028,56,0.2316,-1596006.04,4746465#Dx4oPxF0Gy7Jba2LBbk,-405872,2554465.010,false,1523516,4438257#elYdOA3pkxkDxk,-1819744.0000
495,1442,1692,322,575,1.3090,509076.34,1266564#seOC5FtKhCh5xdL6HK6,1498803,4124429.360,false,-4889215,3819240#9iAquhKKBc4mjg,-980704.0000
496,586,2691,659,1297,0.0234,-824974.8,644596#FYGgfsCSh7ObbD9ACGQ,1083073,1829740.410,false,1110783,1026761#dXZa2lGCPnoNlQ,-1301120.0000
497,1226,1411,973,938,1.4234,3212626.67,365542#h85Alubyqzdtr9BGZVD,-2573281,-1265883.610,true,-2119263,2769549#vu7Jdo6Apo32fb,-305760.0000
498,2702,1336,803,941,-0.2180,-3034018.79,1648634#IjcEHXyaywvvaiY1CND,4865083,-362422.300,false,599391,887123#TlGwWNjtPBT7Eg,-4298912.0000
499,213,737,874,1214,0.1705,-1004061.3,54635#WqO4P1Mo6I7KFMLQ9Nj,1804925,-4666231.650,true,735381,3778403#XcZy5CmXw9X0ZW,-1326544.0000
500,633,2116,482,798,-0.5800,1968582.23,1489500#CUZX4wTx8rb0Ay41awx,-2634256,-3566926.610,false,-771359,2592201#tvdjmKwpTEpWod,-2370252.0000
501,2756,2271,711,652,-0.7120,-828334.96,1499663#oDGS2NyQIkUNvPvreVb,216310,1227549.340,false,3908433,4099526#9EijzLhViduMyj,1945504.0000
502,1111,924,497,265,-0.5506,3927382.37,4372703#KLr7LAncMahPfBZTASH,658416,1554593.960,true,-4451240,958719#AbzHG34L8o6NYJ,4194560.0000
503,1828,1753,117,470,-0.7030,-3119232.11,1756109#DhGKO1OqVpz3tPPE0hV,-3405475,668704.190,true,-3254430,1164159#xaSZmuqKRDDOzf,-1344592.0000
504,2677,1656,32,449,1.7516,4641264.67,4215509#Ia5FtiB0jHbXXeIUjPq,1087758,-986436.610,false,1054603,1685164#aJifNITJkWtvZX,-3931104.0000
505,1374,2702,454,654,-1.1100,3760613.8,3664882#FB1qWUgbjVhIPpmG88X,-4515954,-2934770.140,false,-1289214,1771787#4VTt5WW0TrZQar,554336.0000
506,394,2430,530,1117,-0.4024,-3839531.71,695561#uavmuaO5FwfJeVfSyQC,3769882,-3825553.590,true,4114978,3744481#bEBadGX4bEAwvO,-1574072.0000
507,1119,736,1210,166,-0.8070,-1916308.65,1076374#Fwmdrt7uIprJLVK0aC5,55347,-1609355.260,true,4402216,3588598#bVmYLUkighhudv,-3770736.0000
508,2825,2550,931,882,0.7160,-3045644.38,577721#ce7eVCQApcUgcHkIQ5X,-228764,-2852338.300,false,-3815142,349404#j53zbW3slxygw7,1706480.0000
509,2203,2567,485,481,-1.2370,-2803479.07,3096863#9ONj2S5i30FNtiqmfqs,2019674,-1836070.300,true,-3156418,3896861#UF5gsOzsNFM9t8,-755424.0000
510,378,852,876,132,-0.9200,-2549843.85,4185601#Zvux2tcaaL9JcU2qluw,3193264,3175782.200,false,729640,4707399#D7GFizgwQJiLRT,3947216.0000
511,986,784,477,441,0.0413,967952.17,4876514#ufmHsnsT6zH2eGX71V8,-1726294,-631863.100,false,1578273,34007#BVP2bBKlxozZlA,-1582320.0000
512,2515,1598,839,1035,-0.8608,-3386728.92,2993085#ddZ5yc3jqyjOAY8OHgb,-872952,1757358.140,false,-3401121,324602#IIIv51wqJfZxAn,2581456.0000
513,2613,2567,707,132,-1.2260,-3989061.44,4473549#6Z1Po26NFnr1uJxZA8G,1558729,5083994.170,true,2670121,2402345#xHUs05KJtjLqkS,-4008832.0000
514,616,434,1147,632,1.9020,-3875474.1,1496209#cOZOmwmCEDZePR7tWPh,-4851692,2599116.010,false,4235436,1967526#9EijzLhViduMyj,694640.0000
515,1879,2349,288,948,-1.4610,4038076.03,1724283#ijwdr1MGtnWR8T1VqOI,-3211842,-1408376.780,true,1032201,1659054#Z4jDEc0rZIuyc8,2715328.0000
516,2684,1995,181,938,0.4676,-1351784.92,5146177#qVQGfWiBu4bUJh8mjWf,3379763,-4849276.170,true,-3502589,2037263#1uaeADCN2pXbuo,4128160.0000
517,1850,1715,3,1127,1.3572,-3366283.13,4410813#e4JBhV8n0NEIgz8MWwb,-4581286,-4214901.480,true,2666119,2327659#0llwZ32wANfAcZ,-2786576.0000
518,2199,694,142,174,0.7370,-2859655.18,3759568#dyKMg3VfRNHC3TgwlAQ,-1457419,-2300972.730,true,-3940656,2486671#5zmFVWCYAMPYIe,168992.0000
519,119,1930,719,413,-0.5390,-4177383.8,3468135#oXFO7lDOqYMvfbQvGlh,-3479959,-462707.740,true,-255048,1194890#sFsJKCEOhwzDJi,-4968160.0000
520,238,500,538,1386,0.5800,-973284.84,2823091#7N9LJBIuSlFIrKOepAz,1439520,-4103142.870,false,3001167,2257781#X5BB7yXkS4J8jW,2928288.0000
521,714,1994,1202,635,-1.3420,720611.94,3617273#5WBkFoOomb6OqOr1iG7,-2241591,-382070.950,false,4221011,3701542#fTp99XpX8bMJOT,956416.0000
522,155,1740,116,1109,-0.4930,-5111492.23,2953394#lTUffP7G7GRNk4zG1md,-835302,-1900753.590,false,3570460,584765#ezK39hZW4lncOd,-595008.0000
523,2457,1354,496,407,-1.2890,-2670301.86,1823968#xxDwNROLeuGZNIiNlp9,-2530365,4671998.540,true,1937120,4531279#jSZn08HwNWVOwn,-3823744.0000
524,1098,1006,1117,1099,-0.5144,-4604609.5,292125#AeJw90UTG7kfnuqiTWH,-995800,-552270.130,true,-3126580,2185821#8OBonVAXtmefNJ,-2132192.0000
525,2833,2784,10,536,0.3825,-5224688.96,1680238#C6BT0gS8VyCM8pPlcF2,3141094,-3308426.760,false,2108941,4364313#IWbF2KgGIq1QA0,-1291568.0000
526,2358,652,817,1421,-0.3260,1770282.83,396724#U0lMgwbRGQ5thuyr59z,377700,-2249442.550,true,-3571835,393355#5Ngh2CtqLzhciL,-175104.0000
527,615,531,1170,99,-0.7840,1813548.65,5226810#368PDSFTNe9nnJStGI1,99554,-5032776.940,false,-64380,2970026#zaVvAtU88sO5i5,4358304.0000
528,2000,129,551,1350,-0.1676,-3882558.65,1640100#3NtUAsLtGxIdmZhW6TW,821488,4296794.260,false,858508,2147803#3gUNfJ1GSFseoZ,-4875728.0000
529,2,1396,169,1069,0.7419,-894973.44,586835#AEBj5Bb9erBLFNwv0zF,-2476929,2428710.020,true,-614937,3164231#YB0dwZB8M33VqO,626960.0000
530,1913,1276,822,821,0.8710,-3450703.45,2118898#m4hMJz1fmmOiw9FWqfQ,2561415,377718.310,true,-4868904,3244802#G8ylF49HTAnSYu,-4983232.0000
531,1117,2618,1184,1183,-1.1620,2970428.4,3914281#PfGpdZEy9cNNKYpACmL,-4331620,3529043.350,true,4921794,2571930#XuWb0WHGI8M3Bc,1517168.0000
532,2249,2731,990,1017,-0.8640,-1615706.56,2680268#zODSBG9Qpu02o6Dq0k9,4287825,2101632.520,true,-5144368,1359911#fUfDGM1MBF6VYK,-3309400.0000
533,180,2205,271,727,0.7249,1623422.97,4053176#1JaFy2xbEHTIYZmCo2G,-1333898,-2502486.650,false,1156410,859045#qI8qIEFNiRcfhg,-5235824.0000
534,830,2369,71,1042,-1.5900,-3913732.99,3073292#a46cJb66GhuqxtyXB5J,-2673476,-3287487.800,false,458322,467734#9gamGlPhRmPQIg,476560.0000
535,1527,1400,604,891,1.0980,-1249894.54,949942#EeGqmGghBIKaZpI4WSy,2872800,-695071.320,true,-4911837,4856293#0Yiqy1oCjqlx5W,4113008.0000
536,1964,55,977,1221,-0.6824,-1397657.17,4286420#kveRxppx9hL1ATsOD8L,4614758,-1611438.260,true,-1198245,2528500#5vC5wJLxpSOC6f,4546944.0000
537,433,1220,594,675,-0.4322,2935240.36,2690865#vd0hayWupkt2wrMGWHn,4362585,2027231.230,false,4455833,3257292#c3wKBfZjGolJAy,-1789216.0000
538,1106,507,280,42,0.0272,962580.51,2617255#blbJYluSh7i2Xnn0Lem,-1814535,2513420.310,true,-1351360,4751313#IWbF2KgGIq1QA0,1091744.0000
539,1270,2594,136,1397,1.2285,1208676.79,329209#cOZOmwmCEDZePR7tWPh,3102771,-2991008.610,false,1657785,3546343#HMBWIeyRujb7Fe,-2973056.0000
540,894,2588,569,888,0.2256,1774698.71,717647#yrBqPRrlPWQaLbwqVtO,-4028585,-1978443.070,true,-4763269,1681913#ouRUgWcOCDZSfk,-3002288.0000
541,2036,1206,236,817,-0.1087,-4739261.87,3243393#PUzigmQ6P3Z95h6BpJY,-304959,2740191.430,false,2103597,2878320#aFjN1zReBgDiPd,1840312.0000
542,2833,559,265,1282,-1.0824,4693582.4,4278450#lUh3cS4FUvvvl1cAKxR,1341236,2028631.790,true,2232604,2888921#LIoVeGq3CTGNkg,-5089616.0000
543,1424,698,57,58,-0.2587,-4218080.5,3470662#5d4RdHW97KrOGdQFpti,5010231,-4596544.350,false,-1347179,2003816#4b8VlXdTBF7i69,-2239968.0000
544,2321,2614,223,392,0.2516,-1758406.04,5225889#R9KpyM58cpDHkYN5mdm,-446922,2812330.010,true,1677767,4886859#kSPf4V3qGIvfrm,-2004544.0000
545,1923,1539,594,723,1.4190,560276.34,1394127#GFM0O2I0C7JZATP5E0j,1649873,4541276.360,false,-5384031,4204533#Xc8pwZ0lYC71qQ,-1080704.0000
546,1356,2766,935,612,0.0184,-908174.8,709403#v3WnO2zVvw3BcnmnkZV,1192106,2014118.910,true,1222799,1130220#NsqNqwidY74KI8,-1432320.0000
547,663,48,449,436,1.5334,3535026.67,401648#47RTJl8QYCXbHZoWEeK,-2831605,-1393812.610,true,-2331649,3047253#yKrTSAVtiaNpne,-336160.0000
548,1617,2136,748,1286,-0.2680,-3338818.79,1813376#otCqaNuyBhJXKHMgUYb,5354497,-398033.300,false,659804,975407#nJhWlyIsGqnrZi,-4730512.0000
549,110,949,451,274,0.1455,-1105661.3,59905#OwgzwvT1ULywSZykbsm,1985554,-5132837.650,true,809760,4156819#ItMgLCn69SwI5V,-1460144.0000
550,1653,2216,1147,493,-0.6300,2165382.23,1638167#i9Z9Uhx5GlLdkISq0Ps,-2897015,-3923490.110,true,-848990,2851325#dsYiGbja4585Pt,-2607402.0000
551,2154,1696,831,599,-0.8120,-910734.96,1648350#vbLvzeIeInbMeERaOb1,237678,1349606.340,false,4299147,4507793#lUcK4mAHIkF6pP,2139904.0000
552,2686,49,988,252,-0.5656,4317782.37,4807646#gvZoSM5Lizzxgi8tfpD,724497,1709076.960,false,-4894055,1053771#i3xMe9KK6wQtWE,4612160.0000
553,2829,1278,1119,55,-0.7530,-3428832.11,1929795#LW9vsRYu1EQgUY0XdDO,-3743610,734824.190,true,-3577649,1279537#c7wenW9pwgCEXk,-1477392.0000
554,362,2656,835,711,1.8966,5102064.67,4632837#ebdatuAPLOaaAXuuE0N,1194950,-1084138.610,true,1159910,1851693#NvWYBFYs910MY7,-4321504.0000
555,927,1215,443,1351,-1.2100,4132613.8,4027296#qbAnzeZwtrDci6M5h60,-4962557,-3224427.140,true,-1416831,1947181#42ceLvaNCdZ2HL,609536.0000
556,1470,230,761,142,-0.4224,-4219531.71,764076#xaSNqq3yskX3tvppyTs,4141540,-4203323.590,false,4521681,4114271#0D5INTQeFYPZ0C,-1729472.0000
557,2040,1529,1028,636,-0.8570,-2105108.65,1182492#iDBADP7WAG4zgZA2RxA,61179,-1768300.760,false,4836304,3941794#HijGfbsgqUHGfi,-4141936.0000
558,805,463,36,1438,0.8160,-3345644.38,633746#7TbZ4ICh09XeWU3HU5S,-250331,-3132611.800,true,-4191231,383579#RdkWefG9h5PotU,1874880.0000
559,1296,2642,421,186,-1.3870,-3078679.07,3400908#SQ7InV9EqRaeNf4QuSq,2217106,-2016102.800,false,-3466553,4279242#HniCIdEpLmxuvw,-829824.0000
560,1236,383,1197,62,-1.0200,-2800243.85,4595245#NtAfxNGTP2E8gCqEJb9,3506252,3487867.200,false,801587,5168905#SvYcwEVNq4jY8H,4334416.0000
561,2500,1522,796,236,0.0383,1062352.17,5353149#vcMqkTimriKpKjEU3Pu,-1894837,-693636.100,false,1732729,36892#cxuzjnqjZcJqt9,-1736720.0000
562,603,2260,479,1178,-0.9058,-3717928.92,3284959#eLaxxDx3ynTXsFZegIo,-957294,1928154.140,true,-3732972,356152#BX2zbWECR9o7F8,2833856.0000
563,1328,1405,599,137,-1.3260,-4377861.44,4909550#Ws3XcFkkGDO3OZ0b1hE,1711333,5578765.670,true,2930445,2636408#ff1e2aIGn3lR6t,-4400032.0000
564,2525,859,1062,87,2.0520,-4253074.1,1640842#0lSyYNNEj2fLLIKrKlc,-5322869,2852093.510,false,4646786,2158139#0tiGZitEqdHeZX,762640.0000
565,271,1139,347,926,-1.6110,4429276.03,1890823#SndnxIMAd8TjoObbFmZ,-3523697,-1545859.280,false,1132956,1819487#zSXmckRBp6wA4u,2979328.0000
566,2746,2059,1178,1190,0.5226,-1482984.92,5644265#biNDrDIr0Vh7pBHjsRA,3707013,-5320133.170,false,-3842817,2234161#GxG9JgsIuwh1ME,4528960.0000
567,2138,277,495,857,1.4872,-3691083.13,4837155#JbnWTaCJZaURHsUjD40,-5023696,-4622601.980,false,2923283,2552529#KTf5AzRhm71jCp,-3056176.0000
568,1031,1656,962,749,0.8120,-3136455.18,4121742#UOegyriTdcqjuj8aVCO,-1598526,-2523702.230,true,-4321950,2726013#LeYvhlJSHPTjil,185392.0000
569,2593,2680,729,353,-0.5890,-4578983.8,3801701#Osen2rDEeNUOzWYeFtw,-3814493,-506542.240,false,-280068,1309378#X9TGWfRjtV9gnK,-5446560.0000
570,424,1413,1119,801,0.6550,-1066084.84,3093877#AhAtUmHQEgdKu6ffOZT,1578862,-4497262.370,false,3289816,2473954#SU1hg5vpGBXKFF,3209888.0000
571,1164,1194,547,1345,-1.4420,790211.94,3963768#9gdELbFv2nDR4LQKc2f,-2456827,-419151.950,false,4625449,4056572#e1tOS5PR3oZrFA,1047616.0000
572,1332,1463,961,895,-0.5430,-5601092.23,3235860#gX9stHcSMvGszbdOa9u,-914803,-2083255.090,true,3912263,640288#c4MDiH0Itebxdg,-652608.0000
573,2188,2217,67,370,-1.4390,-2924701.86,1997718#Lf8iOMqzIg6B02HHTJk,-2772450,5118607.040,true,2122633,4964179#9cDwJX6fjTedeY,-4190144.0000
574,2139,2756,220,924,-0.5444,-5044609.5,319714#ZpeqOnA3CCGyL44FGL1,-1090810,-604354.130,false,-3425458,2393734#9gamGlPhRmPQIg,-2335392.0000
575,2001,1909,504,1173,0.4475,-5722288.96,1840086#Oa5O7gpd35nBpka0kAk,3440157,-3622632.260,false,2308981,4779445#Tb6MuwWVVaRl4P,-1414768.0000
576,1031,1302,939,1264,-0.3760,1938282.83,434379#nlwOzuHboiFUBggl4dp,414078,-2464041.050,true,-3910825,430316#Ypn7rKBPPi9CVQ,-191104.0000
577,157,1431,1077,226,-0.8840,1985548.65,5722642#L0toEIHhKO0GC8wCMrf,109199,-5509396.440,true,-70055,3251345#xHUs05KJtjLqkS,4771904.0000
578,780,2477,457,962,-0.1456,-4249758.65,1795164#TT1Ss3XuRfpjWKoAFbJ,898788,4702924.760,true,939314,2350461#CTdTxCzZmYPEzT,-5337328.0000
579,2040,946,191,1254,0.7969,-979773.44,641889#R9KpyM58cpDHkYN5mdm,-2711101,2658138.520,true,-672916,3462375#68TQ22xBaUuuzO,686960.0000
580,969,2726,1125,556,0.9560,-3777103.45,2318100#3NtUAsLtGxIdmZhW6TW,2802560,413268.810,false,-5327533,3550822#IBAIcNrjbhCZPJ,-5452832.0000
581,2736,1218,449,73,-1.2620,3249628.4,4282304#hKXknk8uc3SvT0MwgU9,-4739558,3860607.850,false,5384398,2813323#WBNpgYtsKFvTMS,1659568.0000
582,2775,2331,1165,795,-0.9640,-1766906.56,2931868#4U9lwvli1uhdURavGNS,4690552,2298295.020,false,-5628606,1487330#9SFyAct0WNkcO9,-3620700.0000
583,2845,201,431,1362,0.7899,1776222.97,4432954#aMK0HLDy6aXkIpe6RqH,-1459706,-2736560.150,true,1265724,938921#LIoVeGq3CTGNkg,-5727824.0000
584,2158,1019,110,1170,-1.7400,-4280932.99,3360381#HlREsCbIX7dGFeDRzaA,-2923050,-3595103.800,true,500422,511046#yw01yRSYC42Y2v,520560.0000
585,772,1325,372,1127,1.2380,-1367494.54,1038711#IW1IuSzH2v2Tyd6zEWG,3141365,-760458.820,false,-5370717,5309232#wcwlf9sv5rnNks,4497808.0000
586,1097,1774,822,1286,-0.7274,-1528057.17,4685473#TORzVA8YWUsmBt4kogw,5046112,-1762444.760,false,-1310671,2763549#vu7Jdo6Apo32fb,4970944.0000
587,1261,2070,691,330,-0.4352,3208040.36,2940881#KFhtINepsaNCrCdNvk4,4768109,2215111.230,false,4871604,3560491#KNWhuKoWQyj496,-1955616.0000
588,2505,2282,904,932,-0.0028,1051380.51,2859985#OB2l4Wa7XA1U3OmNgCx,-1982458,2747507.810,false,-1477303,5192637#6qJ8e2Zt4XDcmC,1193344.0000
589,2663,481,166,967,1.3035,1321476.79,359301#ciahjFAPEDfDO8dmlhF,3390141,-3269360.610,true,1811711,3875250#r6HuKIMdrEv7Ai,-3249056.0000
590,2680,219,837,821,0.2326,1938698.71,783605#hfoo7PpN7n3XxvWZJRQ,-4401976,-2160755.070,false,-5204367,1837202#7jtP5zZRFgXlzn,-3280688.0000
591,116,240,1065,1202,-0.1437,-5177661.87,3542816#1J3a1p3EHAreMUDOJXD,-332466,2993408.430,false,2298396,3144084#Vj2FTYlsgNhc1y,2011112.0000
592,1377,534,1089,92,-1.1824,5127182.4,4672714#ZpeqOnA3CCGyL44FGL1,1464181,2215718.790,true,2438915,3154580#Lfh6egFOb7Teut,-5559216.0000
593,2534,1911,566,218,-0.3037,-4606880.5,3789568#dyKMg3VfRNHC3TgwlAQ,5472362,-5020439.850,true,-1470869,2187553#e4v2TvEUuYH5W7,-2445568.0000
594,2693,2373,631,728,0.2716,-1920806.04,5705313#e8nIbwrw0gfluILOGUd,-487972,3070195.010,true,1832018,5335461#CTdTxCzZmYPEzT,-2189344.0000
595,2404,1385,866,871,1.5290,611476.34,1521690#0tzRM0I5E8atvv93iQW,1800943,4958123.360,false,-5878846,4589826#E0yekehGC73X7m,-1180704.0000
596,2127,16,1211,1367,0.0134,-991374.8,774211#VNmCEZ3Mvk5EJd1Wlqr,1301138,2198497.410,false,1334815,1233678#JjlykHkV9JOrxl,-1563520.0000
597,99,1511,1138,1375,1.6434,3857426.67,437754#rXwsDaK3P6XmnvdvmvA,-3089929,-1521741.610,false,-2544036,3324956#0Ms2mPZ5LaAgg0,-366560.0000
598,532,111,693,191,-0.3180,-3643618.79,1978118#anomXSTbscDbpC1vIfk,5843911,-433644.300,false,720217,1063690#49Q4WSE7rKjFS0,-5162112.0000
599,6,1162,27,774,0.1205,-1207261.3,65176#1JaFy2xbEHTIYZmCo2G,2166184,-5599443.650,false,884140,4535235#0l6ELIuEykgHQ7,-1593744.0000
600,2673,2316,598,188,-0.6800,2362182.23,1786835#AEBj5Bb9erBLFNwv0zF,-3159774,-4280053.610,false,-926621,3110449#PRzGNHilEofpqv,-2844552.0000
601,1553,1121,951,547,-0.9120,-993134.96,1797038#B4fcfZQp0AoMw0ohqce,259045,1471663.340,false,4689860,4916061#7uuCEpfzIIUcmx,2334304.0000
602,1414,1999,264,240,-0.5806,4708182.37,5242588#81ZmtFZZdckCQSYtAYQ,790579,1863559.960,true,-5336869,1148823#1UEPrEk5mjBsxh,5029760.0000
603,982,803,908,1081,-0.8030,-3738432.11,2103482#94IT0T5sb5AgNiEOHaz,-4081745,800944.190,false,-3900867,1394916#rHuqJGGWI0Qzal,-1610192.0000
604,894,831,424,974,2.0416,5562864.67,5050165#Ythy1MiUxdolDZaRN0R,1302142,-1181840.610,false,1265217,2018221#ZtWQUuQoKcmyOh,-4711904.0000
605,480,2552,432,609,-1.3100,4504613.8,4389709#NLFplixIHh2fKUkxGgQ,-5409160,-3514084.140,false,-1544449,2122574#x9HGaJXdnUf5K8,664736.0000
606,2546,855,991,607,-0.4424,-4599531.71,832591#VXu01iPNSrGC4L3TMeq,4513198,-4581093.590,true,4928383,4484060#L61ajYfv697j51,-1884872.0000
607,112,2323,846,1106,-0.9070,-2293908.65,1288610#kzks9VGrvnTsM9lMcLt,67010,-1927246.260,true,5270391,4294991#yC9HR5QdJFANWr,-4513136.0000
608,1633,1200,354,554,0.9160,-3645644.38,689771#B3ogq9EEzBNeeKg2lxN,-271898,-3412885.300,true,-4567319,417754#meQmvtnjPt60DX,2043280.0000
609,389,2717,358,1331,-1.5370,-3353879.07,3704952#oUko5FRpZnrXJrNQGNl,2414538,-2196135.300,true,-3776689,4661624#qOznGyVBvY98id,-904224.0000
610,2094,2739,303,1432,-1.1200,-3050643.85,5004890#l2PCRz4MlmjSBtc8I2k,3819241,3799952.200,true,873534,5630411#c2s9sR9zM0VXQK,4721616.0000
611,1166,2259,1116,31,0.0353,1156752.17,5829785#1pxNeJpiqaK3tPz20Wh,-2063380,-755409.100,false,1887186,39776#quNiMQZy9Qn5R5,-1891120.0000
612,1539,98,119,1322,-0.9508,-4049128.92,3576833#YzMzSnSvagwPncr1QVx,-1041635,2098950.140,false,-4064824,387702#mybw7r1mQz9ei3,3086256.0000
613,44,242,492,142,-1.4260,-4766661.44,5345551#baPfzlrhYIpa4njyz1z,1863937,6073537.170,false,3190769,2870470#iOfhADY5ATZH0o,-4791232.0000
614,1586,1284,977,982,2.2020,-4630674.1,1785476#3QrbeccSymMsaeFfQtR,-5794047,3105071.010,true,5058136,2348751#1xU8o5c7X8MAjS,830640.0000
615,1511,2755,406,903,-1.7610,4820476.03,2057363#XJ2cxy28XbgH3TigcNG,-3835553,-1683341.780,true,1233711,1979919#eHp4pEfiuWoRRy,3243328.0000
616,2808,2123,961,3,0.5776,-1614184.92,6142352#ua95rUJxy1kLy8Ne8Fz,4034263,-5790990.170,false,-4183045,2431059#Ktntdoj4wHSDx0,4929760.0000
617,2425,1665,987,587,1.6172,-4015883.13,5263496#jg3EkxeG1k17ygC9KRU,-5466107,-5030302.480,true,3180447,2777398#2K2L6ouIxM4AJc,-3325776.0000
618,2711,2619,568,1324,0.8870,-3413255.18,4483916#wdL6uaTC4d5z38wVdpS,-1739634,-2746431.730,false,-4703244,2965355#5Ngh2CtqLzhciL,201792.0000
619,2220,605,739,293,-0.6390,-4980583.8,4135268#zODSBG9Qpu02o6Dq0k9,-4149027,-550376.740,false,-305087,1423867#vrMBik2ga4tBg2,-5924960.0000
620,610,2325,486,216,0.7300,-1158884.84,3364663#oDGS2NyQIkUNvPvreVb,1718205,-4891381.870,true,3578465,2690128#r65C1E4sKPnlCM,3491488.0000
621,1614,394,1106,615,-1.5420,859811.94,4310263#U30JV83Cp7kzoCHuQOs,-2672063,-456232.950,false,5029887,4411601#eG98Y95LNgx4Gk,1138816.0000
622,2509,1186,592,681,-0.5930,-6090692.23,3518326#m2Go4YvOFOBEivbyn45,-994304,-2265756.590,true,4254065,695811#zXsNn3aBHbwChp,-710208.0000
623,1919,254,852,332,-1.5890,-3179101.86,2171468#t3RYb1HxFMOVH5aqS5J,-3014536,5565215.540,false,2308147,5397078#dw82wGZJ2mpknZ,-4556544.0000
624,332,1681,536,749,-0.5744,-5484609.5,347303#EZyiwx7vXoCSGstmHo2,-1185820,-656438.130,false,-3724335,2601646#fGfsJeColjWE4M,-2538592.0000
625,1169,1034,998,371,0.5125,-6219888.96,1999935#QgPbK2T3p9EcrKpSiz8,3739220,-3936837.760,true,2509021,5194577#at5azoHQ7NrtTm,-1537968.0000
626,2552,1952,1061,1106,-0.4260,2106282.83,472035#xqoQFsMdwrKk9rbgUUz,450456,-2678639.550,false,-4249815,467276#Fs6S0dP8NQbvkz,-207104.0000
627,2547,2331,984,354,-0.9840,2157548.65,6218473#TORzVA8YWUsmBt4kogw,118844,-5986015.940,false,-75730,3532665#xXBRZcE4rJRPM1,5185504.0000
628,2409,2000,362,575,-0.1236,-4616958.65,1950228#KzZf0kzPeZDcbgn3vCS,976088,5109055.260,true,1020120,2553119#lLXoFrO14biv9t,-5798928.0000
629,1230,496,213,1439,0.8519,-1064573.44,696943#VCy8RhFuhpwHuP0MaPI,-2945274,2887567.020,true,-730894,3760519#Vn9MAeIrySOaFo,746960.0000
630,25,1351,214,291,1.0410,-4103503.45,2517302#YSrfMakZnvs6Gokq4bh,3043705,448819.310,true,-5786162,3856842#rGpmVGaYxKBf95,-5922432.0000
631,1507,2643,928,403,-1.3620,3528828.4,4650326#m2Go4YvOFOBEivbyn45,-5147495,4192172.350,true,5847002,3054715#nR4uA0HiLDG3t9,1801968.0000
632,453,1931,126,572,-1.0640,-1918106.56,3183468#t3RYb1HxFMOVH5aqS5J,5093278,2494957.520,false,-6112845,1614749#F6KE7PfLh15jLE,-3932000.0000
633,2662,1023,591,557,0.8549,1929022.97,4812733#GS2lDcp8YApYmTHxzxG,-1585514,-2970633.650,false,1375038,1018797#lMhDuU7lNzvu8f,-6219824.0000
634,637,2494,148,1297,-1.8900,-4648132.99,3647471#lAWxyKDjyrXpjSBT9wO,-3172624,-3902719.800,true,542521,554358#F8IIcXcJHdLpoI,564560.0000
635,18,1250,140,1364,1.3780,-1485094.54,1127479#mpclic8vu9WEabKjOGt,3409929,-825846.320,false,-5829597,5762172#EGU4wD4o4UhTjU,4882608.0000
636,231,667,666,1351,-0.7724,-1658457.17,5084526#tHnGuVhiJoOiF7gnVSM,5477467,-1913451.260,true,-1423097,2998597#lu8jQkDmclsB9p,5394944.0000
637,2089,95,788,1425,-0.4382,3480840.36,3190898#m4hMJz1fmmOiw9FWqfQ,5173634,2402991.230,true,5287374,3863691#qgLipgAzaV6KUg,-2122016.0000
638,1056,1232,314,382,-0.0328,1140180.51,3102716#ww340B54ioffP5QmHkg,-2150380,2981595.310,false,-1603246,5633961#OYrs4OHE1lOBto,1294944.0000
639,1208,1194,196,537,1.3785,1434276.79,389393#PUzigmQ6P3Z95h6BpJY,3677510,-3547712.610,true,1965636,4204156#nzx3cIu21grJ80,-3525056.0000
640,1618,675,1104,755,0.2396,2102698.71,849564#seOC5FtKhCh5xdL6HK6,-4775368,-2343067.070,true,-5645466,1992491#KNWhuKoWQyj496,-3559088.0000
641,1044,2099,679,147,-0.1787,-5616061.87,3842238#C6BT0gS8VyCM8pPlcF2,-359972,3246625.430,true,2493195,3409849#qfI2EmjaXE1tGy,2181912.0000
642,2769,509,700,342,-1.2824,5560782.4,5066977#2n00h2OOtQuNZLeHreZ,1587126,2402805.790,false,2645225,3420240#9iAquhKKBc4mjg,-6028816.0000
643,796,298,1076,378,-0.3487,-4995680.5,4108474#XwF5OuAmE1aMJSdWxri,5934493,-5444335.350,false,-1594559,2371290#vOoOn4pv3hdKvs,-2651168.0000
644,217,2132,1040,1064,0.2916,-2083206.04,6184737#FCdlHEBILvwy0sLjQlY,-529022,3328060.010,false,1986269,5784063#atrrUsKSUDfzxi,-2374144.0000
645,37,1232,1138,1019,1.6390,662676.34,1649253#WF9x9L6dGjBMhKDRG4U,1952013,5374970.360,false,-6373662,4975119#lLXoFrO14biv9t,-1280704.0000
646,49,91,273,682,0.0084,-1074574.8,839018#q4TPgDu9W7VwLuHdgF2,1410171,2382875.910,true,1446831,1337137#FXBewRETpxVMG3,-1694720.0000
647,2384,148,614,873,1.7534,4179826.67,473860#gX9stHcSMvGszbdOa9u,-3348253,-1649670.610,false,-2756422,3602660#wyReqJ5ED0uNi2,-396960.0000
648,2295,911,638,536,-0.3680,-3948418.79,2142860#gX9stHcSMvGszbdOa9u,6333325,-469255.300,false,780630,1151974#Hc5Uu7n1rBAW4s,-5593712.0000
649,2751,1374,818,1274,0.0955,-1308861.3,70446#iPrWu0hxVQtIhOXPpje,2346813,-6066049.650,false,958519,4913651#xeb9WF0Cim2whN,-1727344.0000
650,845,2416,49,1323,-0.7300,2558982.23,1935502#6z9r09JmRrYHfBSQ0wn,-3422533,-4636617.110,true,-1004252,3369573#fwK6dWaOVtZAkQ,-3081702.0000
651,951,546,1071,494,-1.0120,-1075534.96,1945725#4Ru645vxvhygNyraS9h,280413,1593720.340,false,5080574,5324328#S6zyGj1Xaj3nBU,2528704.0000
652,141,1124,755,227,-0.5956,5098582.37,5677531#TBLE3pOJ4T9qo7VK5V8,856660,2018042.960,false,-5779684,1243875#xydwkgDwKDmK6W,5447360.0000
653,1983,328,696,666,-0.8530,-4048032.11,2277168#gxG8AcaeF05klADuO1m,-4419880,867064.190,false,-4224086,1510294#D3Ods3TpeLpgj8,-1742992.0000
654,1427,1831,13,1236,2.1866,6023664.67,5467493#70wPf02M7JJFGF796no,1409334,-1279542.610,true,1370524,2184750#OUwa4pjupsNdh1,-5102304.0000
655,33,1065,421,1306,-1.4100,4876613.8,4752123#PL8lbqRCUlicRvgEKTE,-5855763,-3803741.140,true,-1672066,2297968#BLObhIi9uQyoPz,719936.0000
656,774,1480,8,1072,-0.4624,-4979531.71,901106#YGVUjTrMEdE8HKu93td,4884856,-4958863.590,false,5335086,4853850#EPUN50OIshPO9O,-2040272.0000
657,1033,291,664,136,-0.9570,-2482708.65,1394728#0QfyLrxd4hVINzL3Uh9,72842,-2086191.760,false,5704479,4648187#eonipObcAniNAS,-4884336.0000
658,2461,1938,673,1110,1.0160,-3945644.38,745796#6ImFRy89gSWULMgnBXK,-293465,-3693158.800,false,-4943408,451929#ZeWzOWHI64OJGR,2211680.0000
