270,905,2,1,6,9,317,1,724,1553341#EzRF2DDDJUWn5S5hTvH0ISZvqOaJvqEW,32609.58,2675964.110,1957776.0,-2350749,1218380,165811#olXIVFf6Y6jC,2462261.8,1988816,1028354#z3f0INf15,323597.38,973974#6UA81L6s9iDq1ckVGhM7Cr0GHYcnKoqmOdluAevZEpbyLYA2q5Udb3XATWkt1iTRdd,-2697483
271,176,2,6,1,5,434,1,872,1070654#rfu3ouikeEdQcmABGYmRkpT4qNbsXTY5,-940049.3,210220.690,-243504.0,2598859,-2240382,1358774#J5jJkeHtLYQi,1919267.2,-657687,1599953#PBG4V8TsR,-1063449.0,1992968#IJD2LB5j9ABLeURcKv0OJsS63D8HvoPtW3eqTLpEFf2onVCGx9RBE039MzCVhJRC7d,-2085002
272,345,1,6,10,8,490,1,3034,226811#bMHYnVvqoDKNxMOG8T38DHH4WWfHq2fL,2263387.8,-2231978.120,894864.0,-1754163,1198041,1740913#tzVg4Z5zunQG,1521044.2,-1675504,817287#SozEayBD2,-782290.06,815056#gfEZJ6kZ5QfrHHY8oUvsA2EHMiuemP4gGTUUA2xzymIKTvGDMGTxh4CJIzl2J1HwHI,30158
273,679,1,1,1,12,1592,1,587,238013#fJ6ALogpfcovrnygKFEsG5rbnbZGDV57,-1201759.0,-1145456.380,696864.0,-337719,49589,1330393#UcVtrX3vi57S,854011.1,2367110,2629603#IgOOM9SoL,1499728.6,894935#11thKeC3tuPzZ3wtb79TqcTROiPxCwGnOHJGb6p9zzBM5eV3HnibDB6bp8gUi82Noi,-2570676
274,505,1,3,3,12,1682,1,3153,1315645#N8UbKrfvFZcKf8asET1MGC8lbD9nIela,-2690528.8,2146087.270,-1206096.0,-264655,1583811,456028#j8NGojZ1oCaX,2603969.5,-2405870,1368321#uwyvBmxqS,-164325.25,49853#RlO2x1KteXX2UjBePZeXO3iR0B39KDuUUcAwYYoSb8DpFEFBW648GtiJH7ot6o36P9,-804985
275,409,1,4,10,8,624,1,3654,1838255#gJGGB2IqzlJ1mh8ogFaOjDQ7RPAXQyGt,2367462.0,2703005.910,-1016096.0,1007092,1792614,2364256#EWCJLYrXrkQM,1698402.9,1474557,991914#6Ae2jfOmK,1616571.6,207512#l2PVc76nKfMbCHS56k415vLz3w1rpA4WkucFd5imLMDy88sNDQLml8M3LoHMeLBpAi,-1235628
276,1008,2,7,6,4,87,1,879,2145418#DtBJ5AH5b33gH5CyLDVsVvkarbami46y,381275.75,1568537.190,119824.0,217984,-1252223,1292057#a9QQg9CodP6g,-359637.8,2237606,439549#EK1edNDWQ,-980846.06,328540#A46j3UPlh3PSRTXY5Unlo6jb3i5G366M6khkINsQHlxS285ng3sgjLe2WAmwe3mCyD,-1894284
277,382,1,4,10,8,815,1,1857,1047681#xdGOvO7uuFJ90UsclUUJwSpKkY1GO6YU,2002675.4,341817.520,-1524576.0,-278607,2009017,1490406#m9ebQmyA8H90,-1709528.1,-2516393,2460394#bt5S1fWZ9,-1126262.6,192700#GWTIwlaUIP1fKcdqImZxvhCVHxCmOl1miG8ghHJJgknU29u2yKDhN8Eow2XSKHUrFQ,-1292570
278,314,1,4,8,11,1061,1,1403,1881022#Ok7KVdREZDPIxLEodqJf5ritXuImlXCR,-1329602.1,-2687429.040,-137872.0,1791965,-1801783,2369792#nsQZSDxMWMIa,-2461264.8,2289023,1049300#hIGiFh5Tq,-1072585.9,1731205#rE9r0tsUQU2h39qyjD8S98I7YhC1W6mSEufRXIiDyyAoc8143aC9GBWbLVlwREIAjq,2229900
279,711,1,2,10,2,1352,1,2820,1337474#6DRrWIX1uN0MnKwR1Acjoc6p8Efoenxi,-1920378.6,-2563154.530,2408880.0,2589629,2289911,1810938#lIcRfNjZ7qy5,-964138.5,1063383,2280052#2vREDApkc,-1459695.4,2545945#kBZzIXl0rFCjhDMbBwHNackzu157Md5GYHPfRe8j1Thj9ssg5HEp4gvzONMmWG3XRv,-2312224
280,790,2,7,11,6,889,1,1403,1935547#pFsSDmilZ2v6oUOJpKBAOM8tROIZEeks,-394475.75,442130.570,-367360.0,-1782538,-2552812,1285371#CJzv1wLxsO3c,1032824.1,-1568293,146962#eLU83kLgQ,-1642619.8,395894#6Kvcpfr3y42zbUYZDgQEOeKF6DjV4oT7awJlKNEJcRmUTKfYHVsfvyEInXbXCWlOVn,1309605
281,32,2,5,11,8,869,1,1610,1109502#3idXebR7L94WkPK5cuCq9TTvDHdtbMaZ,2641490.8,-2730714.660,-507744.0,1667500,-2278330,2401546#hnDeDc80IUR3,828263.6,1642902,781673#R9xsClTEy,1227203.0,588846#qg2g2JPrWH7dF9xg9vokOHaUw222LpDSOTvzbh4pkdzzSFMkDmoGWq1RyXC4yXmk9f,2493357
282,957,1,2,6,2,946,1,3443,1735951#7ueJSIiOs6fyoIP7uVISkCRHT8o9RZP2,-1489510.0,-1696448.700,-1928352.0,-2004783,547643,1884353#uYgQREhCJgF5,1721422.1,-1952496,553181#RU85LtZeM,2135131.8,685840#LI7BMlkJ3kv4rvf9N41Znqe4HgJG6PfWgrNbpXy0G7UrDPwd1BBTZ1Ei9kexkvPvKF,-999828
283,949,1,4,1,7,1364,1,237,1765539#hZlDF4JEd4wJtZcSVmkhZWpJJ6FT3DSX,549272.3,138885.180,-701184.0,177722,-2002161,1181790#JRuMJE9w4YRb,-2346762.8,-1025218,2088599#qvvq4O9wr,-2507627.5,2459284#fMM3XkF9lnfMkCgSUNgHcx0W8zVzzDSJnQAuxn193rMinxHY74MN2EVgLwNTemnNAl,-260295
284,661,2,1,12,6,540,1,1559,831736#KIPzEZKyDM0mSsGmkMLIQ8ftOeLWcouy,-2497306.2,1941719.260,-715120.0,941875,1258795,1755132#cYYJg10HbNhK,-517442.0,-769278,2678147#rUVXc4Hia,-1649846.0,1563099#dDee0uWg0Kw5g7ZwPtuPrJOoNVYD4OEBaapVehBZxAQvafMhGzyJQWZUqLAnXGsBpq,-1714653
285,527,2,6,3,9,335,1,2884,1673079#OY32u0CsAaoof5yxBJEI6bArcStB5RAn,-727533.9,-737526.300,-1846592.0,1063301,-174799,335079#lEvN0iWVT5Wm,1647464.8,-2765985,1925236#xYQZTirYn,-1773644.6,948556#EGLT0Ih9DG295xbCDslmQLEymF5xRhchRqj5x4Mxgm4s7gMl1Oxvn83fMRvpG2NMXV,630135
286,130,2,4,7,4,965,1,1082,732547#pFsSDmilZ2v6oUOJpKBAOM8tROIZEeks,2275405.5,1588963.680,1137456.0,1510500,2076368,267483#tep4mMpFiF3z,-868330.0,-2703056,2390949#LaBKboZL8,-370319.03,1957969#LzdgteQnQHrj4SUEDbrIhWbzeaG9h8aKFibRPWnA9fR4Qr8LxQZPNzWJaRrxiptyP1,2575309
287,246,1,2,1,7,1484,1,1612,391765#6tXbUBzCWjPOq3snpt3oviY20Ckl38oe,-572031.94,2466971.880,2382896.0,-1193741,1609858,537614#UtyYZchYWg0O,2067101.6,2663871,468733#QwLLUzuzw,704932.8,1517838#d0ZYMhhO8226ZNAR3OHZFHMPL3nVvwCZbHoHeF5kMLfzxdKvmp3JEJ0NxUcenbl8uy,-2655636
288,767,2,3,3,6,1333,1,3505,1405385#bCD4p9TkChqVTldUfZr1Qaism7iY3lUB,-1016012.44,-589105.700,649904.0,-429946,-2429303,2372283#0VpxBUoVwgMu,445077.72,-191457,2242906#xcwgnbmZJ,1454979.0,1633487#KInsDou3h0rghN4SJaUJmA7ypemdzdPsXuHMSAeh77RQwrqMiAJaz0m7EiPSg1hSN7,2797165
289,701,1,1,3,2,1025,1,2440,671007#TcbDeJaH87fJ16uJXKx1aUx92Z55iRXa,-1771743.5,-2519646.730,1913024.0,2560252,2061364,2173665#thYdtsL2Ye4J,917630.7,2570851,721531#D6npKp2qX,-2496509.8,976762#OEV8uhBBF341ZEhADEK60JFmg5MywrHJI1NSnvJnqbqwWVIjxKuuZjHANzn4R2C3gD,52199
290,20,1,4,12,11,681,1,64,1868833#JFzprBCQU8xyBaW8zcrLSrkJsZq34mbJ,2347632.2,506596.900,847056.0,-2789321,-869204,1502864#vCcIISqtz6sA,-2384090.0,-1247158,662033#1XEBLRNnS,-2183890.8,1776834#FAZm1W28BUuyRDBxK1SqwHFaiqe4yv46W0lF7TfviL0wrixKgAq6bg45ud4S9EwUJT,530505
291,296,2,7,9,6,1663,1,2781,1799751#MLuZeWeWgH6L7gbR9HjD04lZRFKC7Wht,-913033.0,-833847.990,-116116.0,2015679,1205234,1814441#eol8DBhaUhs3,1225191.1,1272634,675126#NBepO4LHn,1533898.5,668295#PRFxipXJvB1MEklnm9sr26sBsjoARUBiY0RlO1twlSDR81PdZEuXZor0Z7vo0Ch4tF,2489123
292,537,2,6,2,2,107,1,330,2699051#WOMQud290JDmuPtKc3r3hbVE7JypQWZ4,588030.3,2508642.920,1604720.0,460290,2423868,81766#JVWyztBUEzhg,-2638697.5,-2690515,237004#E7DIFBXNx,1057669.2,248646#bg3bNgP5Lv4FqpxneGwPXtLKAOEpYVxjAE3N6ZQTND6qBgTwtO7pnu9vcekNM2aY1v,-1618956
293,350,1,6,13,9,934,1,2366,891632#OZiHijINTzyue4bH9xJxsDKltnvWQL1T,-808073.4,-303259.690,-573824.0,6863,-822884,585492#gTSoEGMrcxFO,1940266.2,2257350,370071#VbwTNF5Nu,-1389609.9,2920527#v4Y1ktBljBO9R8WDjpuows1XRPnd1oFGha2GUKCGntdKBKFVQtjWAIlr7ZuRklGMx7,-442973
294,714,2,6,12,10,889,1,3624,1786791#sKf1M8pxGe9PSNbFx2xBMlkQwXNBMN70,-2471379.0,2869852.980,2679312.0,-856577,1138101,558396#iSyd7Xy9PqDn,2156094.8,2796015,2727013#B7sJ7Yjjs,592101.8,1329007#qImI1sc8BQlOtGVtDfMGb9l7IhtClEpa2pBpcc4tdG2TcGsJvsXW4Tk9Fky1OIvjOI,-2249351
295,127,1,7,4,4,1414,1,1653,1396135#FLdpgMuUhCzIQSVYUCa1TULejvLypHaJ,205190.5,2303367.450,392304.0,-1002969,-663049,2718780#jiwUwMjqYxpc,-2643822.5,739501,1495320#hZD0F5n9E,2157609.2,2643061#TyTxwagZChmKviWm3CCRvQAlVgWqT7D3gpLMkRBhRKxOAeWFTBCY8im9YGE0UO4FFO,483497
296,417,2,3,8,11,968,1,986,140700#d7Fgg35C7XKiYKjntP4USoyUR5tTKYPP,-2665253.5,-2747676.590,-45840.0,-291771,1988759,2443319#0kWDXM7tvf5p,-717897.8,1897985,1992334#4GCQe3Qzt,-779402.8,1592326#i2BMW37mch3jpBll30RTox7XMD6Hs71JhvetWYely2O8WMAQWgVSIaMI1W182cU4R4,2257745
297,229,1,7,11,9,1710,1,1556,641763#fsrr8Y7gxX4dATwxkmjJrI1wDvBW76Of,-2712159.2,-1512892.590,2143888.0,-119507,-2284871,615677#OMiz0uJReC05,-1888704.2,-2738348,2141931#zrJt4x1wL,732775.1,296501#oZaPyLVYvNaaC809pt5FYxHpkufPhRhPB9VfpvfrggjO7rgIbYkh1bDwt4qQd458wK,247233
298,535,1,4,2,13,1686,1,88,1283931#QtprszrbP9wcB3o5hjlSGM530Rym66p6,-953789.1,-360663.110,783936.0,-2681041,-2981671,1969607#t2rBA2WVbEdx,-2374996.0,694389,1829870#D9otUKeyL,2486738.2,1403171#7Ta9Q56vPNStegyF1D4s5HXuo0yZbSqbrRwBEEFDY7woxrOtEVnGwHBJoThnH2movX,838002
299,1015,1,6,5,9,1045,1,1618,787190#kd826T6VFaaDzs5Nj0tkmP2q24gt9buD,1398910.8,393343.110,1565728.0,2298195,-1151023,382221#yrJN31z1lype,62642.65,-2983302,2050281#5pQBFYdg1,-1542560.4,1040210#dS0GYIIhygRDI2amiM40fNIiYneu4G6kLSMxTDtfnpjL75ZHXGkgUlpgVM7JnI9zXs,-106965
300,416,1,3,10,13,1272,1,3368,1600005#ZxGhWhtX5Iw9NxYANfWvnrV2acSA8OpN,-1821484.2,-1393256.740,-1379712.0,518754,-1378237,2292850#MawlfB1pQy4a,2451209.8,-2989230,1701224#Gqh5pktor,-2786694.0,1140381#tLFk7yGnUfivgpdmDyQcEEMk9GhVj6e2zx0yu6ZHwleg4QTNzngCvDwybx3BiwJYDd,1525571
301,384,2,4,8,3,917,1,3929,2995128#aAXO2QLOJuIQhXEUTnsjtiK13TJLtAv4,1008966.94,1861725.540,-257600.0,157697,-2880888,2291668#zuCHa4q9lC8O,2822168.8,-569970,736600#hUTMebnDm,86135.96,2235751#DSoEfcHLeUdj5POwI5ksJAbwt2IREPelpBSyjXCvehnZAmFzAM20trHbsSTLBXPm7j,1585086
302,1033,1,5,2,2,1097,1,3214,3005846#AnD7tvB2lSGL7yfkaVZkpuKNVh5Y4cRE,-2452454.0,2835230.380,-172368.0,171389,-2097147,373938#lIcRfNjZ7qy5,465509.28,570704,1802944#ilqZ4ftHh,-1514924.5,2381290#Pd49pkGYHeYe8zmhSnoezoaWe5Xi5Bx1kRr2RmjpOkPF6yYgxrTbLHynydxa3vVMnR,-2688621
303,965,2,6,4,13,21,1,3208,2612223#dpX7bft4dUZKsb5X4fZcvEgrMnbMziqb,2855371.8,425752.250,459864.0,-2813240,-2402656,2473644#u2lB9ilEyRlY,1294618.5,2744045,1702945#ySEb7kD8e,1988608.9,2279907#oSLarA1tzMxzQdAC2B8zT0cC0l8z1hvQWmESOAUKA9sHmavzANPJmNBklLJCM6Krde,917117
304,995,1,1,12,13,1181,1,160,214470#lHJppZJVRbuf6GbBPYveNGweS2XlgzcF,-1675217.9,2591877.440,106704.0,-1205760,2850730,2480474#KvR8nL3lC1ah,-2429541.2,-1314181,1101785#ucahJTNeT,-932962.1,1378556#EGLT0Ih9DG295xbCDslmQLEymF5xRhchRqj5x4Mxgm4s7gMl1Oxvn83fMRvpG2NMXV,-1065263
305,877,2,3,6,12,1085,1,2677,914532#58TSaHU22P9cycmSq6cteKUdt9ziViuq,569717.3,2119022.150,-1882448.0,-924311,-1982538,2162158#oHMPmIlFlIT6,-1275352.8,394218,2268482#vJTwpOYgC,979062.7,1211439#uJymePHNfbvzwchReaWRh8RVybdBO9CEEo3U7Esol0hq7R22XrlwF5nBM3HaXiqw28,1104878
306,650,2,2,6,11,304,1,3114,1211554#aF68Q6vYrj4Bz74s7G2tOU83tFDP4qPo,-2516878.2,2302850.730,2716944.0,-1480117,-2178933,384070#wCnuwzj4T7ez,587915.1,-132557,2271123#SQqgTpeX1,623446.0,500935#11thKeC3tuPzZ3wtb79TqcTROiPxCwGnOHJGb6p9zzBM5eV3HnibDB6bp8gUi82Noi,-2068254
307,766,1,6,11,2,427,1,3372,2204448#nRJ6oxj0ioYdtI02rDaHawWtrRluscpL,-1095346.6,3000447.650,1195376.0,-744995,563080,2036055#fAJZq5jVAwXE,1321720.6,-738188,1572249#eR6bmzpKO,-1017384.4,39708#AF1XlzHyoEIkIqW8MqmV9qtrZbGBfm5SRoyPEAlhbO3VoYn6oBvcff6Otrbddfjdz9,6819
308,21,1,5,10,11,1167,1,1017,772891#MIkQXhDgIAYd1K2TrkPjnNUqZA7oBbN4,-1163172.8,2271043.340,-466000.0,-1455470,-102288,1735048#K5gudcqNysQD,2857538.8,-787543,1167161#pLNSdmqCK,2967789.2,2211290#Pd49pkGYHeYe8zmhSnoezoaWe5Xi5Bx1kRr2RmjpOkPF6yYgxrTbLHynydxa3vVMnR,-701054
309,819,1,1,2,2,707,1,2362,2696849#IbuYIQ7YXBiCM9RQckNuYnwzRvYBGBEx,1356067.1,254476.590,2757648.0,-933105,1143345,2184736#DIgbux7JjP6F,-354209.4,-948925,769213#49DuvThxX,494456.8,1254664#25W3AxZnYxth7UVEgJ5q1LNN4Yoy1khckyrFcGNKQKw0c1c0mWc2ys8fURgLnxnywJ,1394001
310,873,1,1,8,8,263,1,3378,1754185#1LhmS3jpfLX3WUYQLaa2wkwuBZPyGRRM,2251704.2,2617109.090,-1831856.0,-26811,1444932,2820386#lv9zLgaLWnL6,1868005.8,-161487,1955831#vFYqunViB,930509.44,1175655#evfWgrR6c8QBY5O9PwRzuayscWzaMOnbzfylcCwlZEL9QFt2Xz06synct31fbxmzNr,1004760
311,522,2,5,12,3,1419,1,2214,956867#o1kjfDkC6nw1WiDuXHtGurGfJgZkuarr,800884.7,1401178.770,2929968.0,2103498,-919185,995235#XAavNca6qJle,1192101.6,-3067494,1416571#nopPdR5BW,456663.44,1124417#wFEipmuHaL5rMF5Yxf5R42pevYbDqzG5uqTCKFNO4x86FKDKdqTqfhgDOJ6XUHdW4o,-1549763
312,66,1,6,10,10,590,1,5,1745443#aekylZCMq5edYo9ztGIPGm86Qfgn2M8E,2914901.2,2814237.310,-773760.0,1418803,2909089,1014903#BSfVONIreZrf,1028434.5,-1089667,1739168#OmhS43Ebd,-2691126.0,514008#Fd871kOyiZiBNGge8BXr5TxN6Wub7Jovwe4JoX1PHpA9jRvzSwnEfiKFZGqsGEtr79,-1943072
313,298,2,6,1,11,447,1,1095,1103523#ahugyoDjVh8VNpA6Ix1WbIfKHHYHWKS9,2958749.8,-2149033.640,-2341904.0,2194213,2000299,651351#239hTDIua0DP,-2686179.8,1479159,1671322#nknrJlswG,-356417.0,2052531#0H4Lo3VhdyVm0oPiMPHXYIUvoyeu5UpiwqlqZgL0FisqysZL2A2cwkMnebjWNPwGRC,-2425648
314,723,2,5,6,13,1157,1,1906,71340#YURYasqVr30QDWfYhGbbciWCB33jxF8l,-2811770.5,1753557.730,169600.0,2650406,-2561412,40749#s2ma2gKUjRUC,2374286.5,-2023571,1339807#Be9N5pg9f,520216.7,2277158#fbWqRBjGhrp0niLMXMJlrjCfAXECG1bACOwot0ofYUTZ6UTx0MsELrQa5joZAamC2V,2234805
315,428,2,4,11,4,991,1,557,2560936#mWgzjJ8nfbWNCqKyDp30uPir48TKjmAa,2959209.8,218626.800,2884512.0,65800,3014013,1499719#SMjG4Qo4KbVv,-1860592.5,182848,1791949#LaBKboZL8,501410.25,2711719#IQuPzdhJ6J4HT9T5E2I4BPjjiRd5kXrsxkzLuaDzESx6tCo60B1KKLYKMROSw2YRMg,1769329
316,781,1,5,4,6,800,1,3371,953714#Lfm5LkQDKjWQFFvYYvjnNlcPetrRs8br,-2065202.1,2735364.240,-2239104.0,-3117846,2921917,741262#A73lswzm9Yev,2768993.2,-2900117,2105986#QKT24JYBM,3161258.8,2755201#BOpHUIyfPUjyjEutpXUke9XPMKunx0oaO6Hw6VW8WZgOXVwkWCNV7PGDKaNQmVs2nP,434545
317,130,1,3,1,11,412,1,945,148406#Ss5AawWsdkOz5rg2arB3RlzG09Ozg05b,-177585.64,-1659705.710,-197616.0,-1138480,73666,280954#TUXPj3ntq3dj,1979250.5,-1935382,1217379#p62TPo0s8,-372795.6,2731689#Uu0bcQG0eMqyOTz2rYdqKYSWhiXgRJ6ZNapNkrpYxkhOwS87buTSftamDk45IvK4jC,1737003
318,699,2,6,2,3,754,1,113,3183521#3zc11AxaapLvr1Bb8rlFYadmHAQGYs0i,2227897.8,-1914262.280,161776.0,3164499,-635111,3001068#EcjLy8dq8wd5,1792317.8,1697793,2865270#6ryM8gjny,311208.53,969070#XiQnH9RlRY3VOiyDbyOXPtpHKThbAPJqlO2zFov11mogIddYwORZIpi8kQZNNdqwZM,-1155018
319,220,2,5,2,11,785,1,2769,1116732#H0KZEtaeMwd26rXaihH0m8zgHM0UVayl,-2104389.5,1322651.590,-964960.0,1309959,64583,2115164#i1teHobxMI06,-2631945.8,3164754,2779645#iXcCJ41T2,-1310852.6,1560644#NkCmyCUGTfHL4rIHzgAAGchXgxd7ef6oM3fmMPvVdsJRrJ4CYw17T1snyE71J3BkmJ,2614683
320,1040,1,1,6,11,917,1,2854,1839282#q4AUDALu9TREBdqdnnRVYk7RywtLmqek,38209.58,3172199.110,2321776.0,-2786287,1443305,196052#bZwfmpPksBr4,2919061.8,2358520,1218200#iqkw19LKH,384397.38,1154235#v22ZkirobehDUI1PDvXXz3YnYVeuLyLM6Uj5Imkmuzb6vBrlJqtVvUtZTiO1JLXlaG,-3195920
321,619,2,3,11,1,59,1,412,1267659#7YgMC3iLO1BCPEeaZiBIHNZKFfqr8tgY,-1112049.2,249131.190,-287504.0,3076959,-2653332,1607878#zMKEpRdB6sLQ,2273667.2,-778969,1894288#bDaiRVQ06,-1257849.0,2359355#bzC3yGAObEQbpbvQtS89UhgWXm9WlCvtCnUKfVVzFBg9WGRqhhpp95bEUEp3wpTHKx,-2468028
322,1060,2,4,11,11,753,1,1034,268008#4Qjik20SzLQeQxFWFF1pclzDlKCp1zkZ,2678587.8,-2641485.620,1060464.0,-2074988,1418091,2059644#u2lB9ilEyRlY,1801044.2,-1981908,965963#5Ln8znbLB,-925490.06,964714#6h9w0bZwIy0GPZFFH1wsLblWRzKhSE1gl0HgCwj00MOYmIiONKh3ZJ4Ywuv2WGNWTU,34048
323,507,2,2,11,3,817,1,3837,280717#Qf4vvYsoE9gpNQfgUGCjVQ4zRDYAs2Br,-1420959.0,-1356433.880,823264.0,-399944,57064,1572552#vtBfORe18lnX,1010811.1,2800410,3110054#ziqVNwhrx,1774928.6,1058168#JNqdSQXoz4labUzZ2slfakjkj8eAnolZnPF7xZt7eaxO9Z7FehVtlfIz4aTrX1w5qh,-3042447
324,699,1,2,8,13,407,1,303,1554583#BE058jEtjDFEtqrHwdx0HB7Ox9tnIcWv,-3181728.8,2537764.770,-1426096.0,-312505,1872061,539234#B7Hgj6Il8dyf,3080769.5,-2845909,1616617#qC6oAWzXU,-194725.25,58897#HoxZEkUCC00T2p1Afl7IaZ9aZIRISzZQzKFYwoGkC7Ud3fT2oIHPHfjrzgPoZRXkaD,-950260
325,179,2,3,12,5,849,1,3644,2171680#U6EiZlbAzAbty2g8zevYRItnUP6rKmio,2797062.0,3193849.910,-1200096.0,1190892,2120157,2792472#eDmvHCCiUjo7,2005602.9,1743949,1170926#hwD6Rl9rv,1910971.6,245234#pihaR4ZoqEOTdpZD0PVrfsyqyl5nmp5TRcf91HHgiY5YQC3Oa6rxnKV6L6cXWoQNe1,-1458660
326,983,1,3,3,6,225,1,1591,2533083#NOv6nrislbeDZEftwyz5neJBp8rRtDje,450075.75,1854421.690,139824.0,259154,-1480054,1525763#DKG05ZQ6wLS2,-424437.8,2643210,519106#UWleUDYum,-1159246.1,386647#Ez5cefGr98cIQbqjZB49AqLN9ZRHB40JugqfpP8Yrd73a4dlopwSvm4PjE2VHM6Xoh,-2235915
327,612,1,7,8,2,365,1,2282,1235297#K19fW1bTLIenBRe6as2B4QQLzzxpaQSQ,2365075.5,402079.020,-1800576.0,-329453,2371809,1759025#a5so6e2TJv9q,-2019128.1,-2972408,2904267#Z8oQleOSy,-1330262.6,226778#oaGJvV46SMyIDOG7MeoWHBBpNVilbtG0HPC15TcQ5bvVpmFZ9WghKICArZW2smpBve,-1525625
328,214,1,7,2,5,1449,1,351,2218835#mmdtq5dZS2N3XyAHdue1nF7CckPpWk1d,-1568802.1,-3170678.540,-164272.0,2115828,-2126483,2795040#eigRPqD5ey1S,-2902864.8,2700946,1237181#RU85LtZeM,-1266985.9,2041746#P5DKQUspYknkfP70InpFI9B3TAFM7egqiLNAV8eIz9zUd36dz77R8XCmxEcjvWkN9q,2631922
329,810,1,2,11,4,8,1,2405,1575561#lYpPdKhjTmmhihMh6OLshKnLvx8LEmfE,-2264378.8,-3022989.030,2840080.0,3052129,2699661,2134924#EwCouKz1Npzf,-1136938.5,1254779,2687185#L4SxQwGPV,-1721295.4,3001049#B5JL4NnStSQJJnTmUsA51j1hF2I2C7mDjT6oUwEjGZUimf3hlazNeo5EL38LsrWbxc,-2724930
330,363,2,3,2,12,489,1,279,2280901#s89uU8dYjWWhMRIHcCNNHi1Gq06ar9zn,-466475.75,519998.570,-433760.0,-2101788,-3007887,1513311#66Tk5ceyl0fv,1217624.1,-1849925,172067#YeTHjxuor,-1934619.8,465636#7iVwOeuUfeD34vIBL9toCuexcwt4siw7l2XQGxlJesV0MFdoANRHQVN3UQgEl4NM34,1541777
331,282,1,2,10,4,419,1,1515,1306333#rGvpF1h8hFJAvBENylnD962Ww0mhr1RE,3111090.8,-3216845.660,-598144.0,1964356,-2682280,2827438#QhMfSmvIPRc2,977063.6,1934547,920703#2Ak3F0byk,1445603.0,692817#wXptJNEmKO4H01AZfqnQmhKdbVpKCkxSy9atYTchyWQGhazAVmw9GhIKy5IiphsfyO,2937424
332,437,1,4,6,4,1421,1,498,2042042#keZ6cAVlLiYLVXAsfkXcf2p0MjMyVTa4,-1755110.0,-1998505.200,-2269152.0,-2359208,644468,2216742#UlYCwhP9fKmt,2025422.1,-2300188,650382#oKPoQXFDu,2513531.8,806158#fbWqRBjGhrp0niLMXMJlrjCfAXECG1bACOwot0ofYUTZ6UTx0MsELrQa5joZAamC2V,-1176063
333,314,1,5,3,9,489,1,3059,2077340#YURYasqVr30QDWfYhGbbciWCB33jxF8l,647672.3,164742.680,-826784.0,207522,-2354461,1389364#rWtXoV11hMb5,-2762762.8,-1206753,2456428#uNMQVPUFk,-2950027.5,2892639#uH3pfdI6TwxzeBWU4HS5FSIfE9Dn1t8iw9KgPWul8SJOpU2iS7zsZmNDsxMOgnpoxF,-306554
334,83,1,1,7,10,365,1,3849,977947#6bCresFrnGb777Wn59voCxFfDHa2l0Cs,-2935706.2,2283499.260,-840720.0,1105963,1479170,2062639#bSt5pnIclDZz,-609442.0,-902992,3148495#y0GmDyfhQ,-1939446.0,1838227#n5PM4BlMxB1A9FwU5wG7a03nSscPfSS2zCxpP5oQksPRzZc0IG6UMPKm7XsFO5Y1l7,-2015695
335,257,2,2,6,13,1194,1,3167,1966190#kd826T6VFaaDzs5Nj0tkmP2q24gt9buD,-853933.9,-867905.300,-2168992.0,1249401,-206474,392891#i9Mu0AiauzZD,1937864.8,-3250368,2261778#58txPe81M,-2084044.6,1114211#R4NbshWI8PL0AsbPze45354lufVpBW7dBVFpfmcqHfvzIHNm5uZKvQnI81VTzdcRyf,741074
336,395,2,7,1,9,1465,1,2070,859945#6901dDIcwMczYiCpnpbKnab2iLLrAVre,2673005.5,1865174.680,1337456.0,1773850,2439743,312566#xv0sv4VDpwvH,-1020330.0,-3175683,2807539#rkJ7ACGtS,-433519.03,2299518#D6haq58SJIEM9E7aReL44lbuMgsEfrRUFfaZkfQzAtLI9EXCUq4SMXDKm8UnGAGgkO,3025014
337,116,1,1,13,1,809,1,1682,459755#puAkh9xjblAA4NEpRqHfuqYIhmlkmCr6,-670431.94,2895420.380,2798896.0,-1400178,1891633,630213#Rv8Xn87Za9Ey,2427901.5,3126262,549224#Gqh5pktor,827332.8,1781146#doFjSexXtAGEIxuxFqwwokh2mrYFO3AGMmpqYLkg1VxfyPLeRIWAMWtr0wg7xZIBjl,-3117174
338,719,2,4,4,8,558,1,2915,1648202#rdqeiOOI8ikBjGDcGdc8f6DyjSMPMh6Q,-1191212.4,-689834.200,762504.0,-505671,-2850853,2782942#Kp4ks70r8xdC,521077.72,-225930,2632036#Surx8xoNp,1706179.0,1916586#F8X3pVvSqHQaNlKH3qrA1TseU1MzRIcbXN4F1rX7t2aQEO7ClQ7aJFWsTSfqyogAM2,3281857
339,896,2,1,13,7,1487,1,1312,785564#cISu1s5WuTccxEt6LG7p1xg4wjiVtvtk,-2079743.5,-2954916.730,2243424.0,3003252,2418589,2549659#pJ7fvfm5hrW2,1075230.6,3015147,844821#FyECJBgeP,-2930109.8,1144487#KInsDou3h0rghN4SJaUJmA7ypemdzdPsXuHMSAeh77RQwrqMiAJaz0m7EiPSg1hSN7,62008
340,52,2,3,11,6,1593,1,1451,2189710#7NPL1BjRZugtlgC8NeyLjetLUsx9lsiL,2753232.2,593709.400,993456.0,-3270796,-1019904,1760850#MawlfB1pQy4a,-2795290.0,-1460803,774993#6XL4MjNRs,-2560690.8,2082198#VBjeAx1vANwLovnAHhtZ99WQdFNB7KbvaCdpJ9u9YigXinnMGshXXAkv0j7scQTMuL,621277
341,632,1,1,10,7,250,1,3761,2108293#HysbDjGhalcm4EcoYF0o1YaF0ZHS0qk8,-1071433.0,-977473.990,-135116.0,2362929,1413309,2125397#teTJrgIMxqrF,1435591.1,1490793,790630#9wGAvaSo7,1797898.5,781845#K3WmeCljSkskBz71WKbdwaYfIPVc1NTyUU5uJM749A1bqsZTq4c5t13sIJko8O115V,2917898
342,994,2,6,11,4,1057,1,730,3160409#rieyvaJpDCMHam7vEPWTkbbUxjnw5wNZ,688830.3,2938709.420,1877920.0,539952,2838862,94677#OMiz0uJReC05,-3090697.5,-3149604,277418#BMvaYnRUe,1237669.2,289766#etteVA8rb5vMVkIvcTQ06PPhp4GuzQ6cB3EptBe5dHCUydbF8JT8FnTEAsCtwhJhJ5,-1894512
343,367,1,5,2,3,1709,1,2856,1042146#JXc6ZobU0AEcTbwCoZxQXzRCfA63gHEV,-945673.4,-355895.690,-673024.0,7388,-964746,685121#K90FO4O9Nlo5,2269866.2,2644052,431519#a7wKfjWLP,-1627209.9,3418146#doFjSexXtAGEIxuxFqwwokh2mrYFO3AGMmpqYLkg1VxfyPLeRIWAMWtr0wg7xZIBjl,-519522
344,394,1,4,8,6,1489,1,3634,2089321#jeDES6HrTAT1TXOUeUl316O46XdtKNqz,-2891379.0,3356970.480,3134512.0,-1002758,1330101,653185#drerjWulrhpy,2523294.8,3272516,3189719#fPgYt2Rqw,693701.8,1554262#ELHmDMMOG7Zmi2SfxE1ohqQmMPrxBE6rHNLnqENG0AwpYC64hDXTopev5qXhD8vMwf,-2630505
345,187,1,2,2,3,814,1,203,1632214#5a5iULEzZygfUZAQAXONW1sCgZw41GF2,241190.5,2692571.450,459504.0,-1173094,-776624,3179370#WUIOe9wPa6OW,-3091822.5,863463,1747439#dy789ZvoF,2524009.2,3089415#N1a02BoFNDVmDys00HrDiO3qLt8bFxkSeIeaUfZSQSGQnaE3KXaUz4qxsGvWKQtbJe,564926
346,477,1,3,13,3,1356,1,86,164088#SbUe5ljydbn3hdGa2NZsNjNXlw9UrvpU,-3115653.5,-3212660.590,-52240.0,-341058,2323609,2855460#OZNP6jBqvWlH,-837897.8,2218291,2327533#iON8lC7zL,-911402.8,1861216#8XVXPc19tQLiarq8cCtoaPbPtNohZYD4dsgXVtaxa6IMwbN1R8DZggzrJFm0ilKBJt,2637434
347,357,2,6,12,8,1660,1,3376,748561#lYpPdKhjTmmhihMh6OLshKnLvx8LEmfE,-3167359.2,-1767498.090,2505488.0,-139107,-2668596,717904#MzXqq34lO4M3,-2206304.2,-3199549,2501205#LRKREVLnl,856775.1,345547#67RPiXh05dmaZE2rAdAsNJIFBXbKOwTF9q2qlH0HbFZIkLLq4rijepBku4yEY3FT5R,287562
348,286,2,4,6,8,1573,1,1603,1498345#3OtrLxMbSu7WlXULiukrlj421VDdAGUp,-1112189.1,-420756.110,914336.0,-3129910,-3480871,2299763#DKG05ZQ6wLS2,-2774196.0,812360,2135459#J6EZslsZh,2902738.2,1637498#4B3TuwZCaGN2uImpKeUQPr8H9iPWRW6IiCUqxLkYClqhefAdesaK2Hb0zr6wQnW9Ry,978091
349,365,1,5,12,3,1570,1,2803,917742#iCuFxVEhjXL9gzasEZixJxRfTQqvybY6,1631710.8,460234.610,1828928.0,2683658,-1342573,445850#MawlfB1pQy4a,73042.65,-3480644,2393102#wiA7EwhUg,-1799360.4,1214085#cCvPxotIDcCZ5S2GhmRdXCiMfuPuyrqZf6v9EXkmZ0GLfJNW9c8hRRprYXb3zABg9L,-125869
350,434,1,7,6,2,772,1,3016,1865938#YXwbkuJMxkk1owbudCqplOaVfSYsjDIA,-2126284.2,-1625109.740,-1608512.0,605529,-1609600,2673392#I8zS8JECsSNZ,2860809.8,-3487107,1983891#mLxtWb6Lg,-3249894.0,1330256#9EObLDycmiUIdIyAreUEd3VCIpNVmVKiI3vQgjt2neuaMUBSd57KpTz16AUl8AVNaa,1778551
351,209,1,6,13,1,617,1,942,3491931#QtprszrbP9wcB3o5hjlSGM530Rym66p6,1175366.9,2169895.040,-299200.0,183085,-3360502,2672038#1EyeolxpH315,3292568.8,-663199,857478#JgyQWAuTg,99735.96,2606894#6Kvcpfr3y42zbUYZDgQEOeKF6DjV4oT7awJlKNEJcRmUTKfYHVsfvyEInXbXCWlOVn,1849803
352,240,1,2,13,9,959,1,3399,3502572#wgQjtF6KikSZ9J5CXYncr9YZM9OGI0IC,-2858054.0,3305359.380,-200368.0,198889,-2443497,435481#CXVs5RWCIchI,541509.3,666755,2099812#uDCQlc0ER,-1765324.5,2774739#fK7UOIaE0jam2vooKw48b9k4yFw98XhfLblMqKcGR3WTmdFopLtLGJ0j6aFGPgn9bj,-3134025
353,900,1,5,1,2,1539,1,2408,3041932#66Iw2l2MEETDnGAUpmomfM71OyoxfHgC,3328171.8,494743.750,535464.0,-3278278,-2798431,2881253#ggE4f4jIazze,1508218.5,3195289,1983811#2Bco1KTul,2317408.8,2655965#MlkczAe4kJ33ad2EJGwNasd2Xu01nqxr5C08ObiJBRjBBXuCSTMH9kmHexRqwAIBq2,1067574
354,300,2,3,8,8,1381,1,3415,248292#vEL1ZCqAROfiVGvGxvZSNnEqrOY1nRPX,-1952017.9,3018014.440,125104.0,-1402669,3320305,2887621#MBvLzxXTeKSU,-2828741.2,-1531476,1281604#I0uK47u4n,-1084962.1,1604542#ONOS82fTvk3BwIzWCwER1x5RkGEw4513BOWO7qdMCPQLHmSxvaBRGO7bmZO7gyhgzO,-1241501
355,322,2,5,4,13,598,1,1772,1063661#Edjo2Lu8HfsjePt74XWzTvNAVszrxv8h,662517.3,2466521.650,-2191248.0,-1076992,-2305988,2516142#j3hovOoA9tqE,-1484952.8,458342,2639607#kp9gRtMxv,1138262.8,1408465#sZ75HDhaDVqrqBpkFygWbPcIhYLgEKsRkovSNCMihfAAFY09yuFAw5Yvl8E2i1jmbQ,1285632
356,535,1,4,5,8,154,1,3592,1409191#jQQ4yslO6Tkn1R2pL5g4odsGBnD4Z8ym,-2929678.2,2678545.730,3161744.0,-1720467,-2534458,446056#x4apM2d5D88M,684715.1,-153051,2642162#jfVeXID9g,726646.0,582067#KtCxpWs5HzPPpHnSTtARIHDUUTDdi2RTUQEmK2ZZqo3lQWw6iKSCAW5lEBmbMTU1XN,-2405763
357,286,2,1,1,11,527,1,2852,2563281#5BhpEAwWkWmiUuZZOsKi84vHt7C0eCds,-1272146.6,3488745.150,1391376.0,-867770,655043,2367449#Ki0FDeMJfqft,1536120.6,-858889,1826760#mrbTetJmM,-1183784.4,44852#3X7flzljeL0zmjoAk4pf7IyyXlVEDXoA2fxLwxO1yO4NXLvSb3MFgIDwV6SWQMhzMo,7906
358,781,1,4,1,6,592,1,442,897654#rfu3ouikeEdQcmABGYmRkpT4qNbsXTY5,-1353572.8,2641189.840,-541200.0,-1692151,-118563,2015754#5P28PCilcvDO,3321538.8,-915250,1356056#mnGejarBl,3449389.2,2568752#99pKxpXlizDv8qiWezfP96y53OV5XFckKU2Mc1KwXQCTfhPk6htVhg0v4GDFM1YkSk,-813402
359,126,2,4,12,6,982,1,197,3132098#JnDryKaiYx3OEvm9MStXrnxOEjq4YN5e,1576067.1,295400.090,3202448.0,-1083111,1329095,2537605#qDy5O6JR6KNX,-411009.4,-1101256,892735#wVQTYXT2c,575256.8,1456287#onOpxTL3JTuBN2R99MMwadAWB1SIekXc7QnjpRjrDuR9rEnQZHmy7LdOKj9qwMPfgx,1619066
360,508,1,7,12,9,1713,1,2188,2035529#kJgAyak46mDa6jvLXTeFTAQu19qnnYzK,2614104.2,3040130.090,-2128256.0,-30061,1678182,3275057#a9QQg9CodP6g,2168005.8,-188563,2271023#9BBXo7EcX,1080909.5,1363865#V9T1E4295ZANu29rmLM3To9WsTfgyiDQclOGaeoJP3Z8PNJIdS0cMDt4FiJNriw8P3,1166668
361,1042,2,3,2,7,1344,1,1559,1109110#0nPffgWJau6jtzaR0KyuGFWfhzxleRg4,929684.7,1625624.770,3401168.0,2441261,-1067135,1155004#BQcHoMCJp5j9,1384101.6,-3561723,1643737#GVu3IWaHS,529463.44,1305109#WRiCShlyDhLazMBYKafZ5t6x4j2OmWNzExdLxQPVhLjsjF6CSDqum9cNzawqBRm4IH,-1797326
362,49,1,3,12,7,1571,1,1650,2024458#7BCU1lSww74pbr293Umhlcgg170ASMG6,3382101.2,3265177.310,-897760.0,1647478,3375823,1177156#URe7gRGKaMto,1194834.5,-1265094,2017447#GPvdxlYps,-3123926.0,595447#PxQxYmGWUmcDEmYe6l56LW0dvb6AX3dsNcQGHpmDME4qU4WVVJncUXQaZKGJqiyvha,-2254929
363,348,1,2,10,6,760,1,665,1278934#26JaeXafeDpUrOIrWoqFGToYFvacVaIe,3430749.8,-2492402.140,-2716304.0,2545117,2318774,755142#j3hovOoA9tqE,-3114179.8,1716089,1937592#GBvBqwgEO,-412417.0,2379486#94gl6kuGK1hBprg3OdmnKJjayWelbP6bqciceBwPk4GRFPoo0plZBmHvdaemL7ifXV,-2811725
364,416,2,3,9,5,844,1,411,82325#NiVVAWaVGEE6fhnLlVOuTiJXXjOkKbLM,-3259770.5,2031952.230,197600.0,3072669,-2970312,46594#h7DiCHNnSzpE,2751086.5,-2346387,1553137#OaPfebE7S,603416.7,2639284#fMM3XkF9lnfMkCgSUNgHcx0W8zVzzDSJnQAuxn193rMinxHY74MN2EVgLwNTemnNAl,2589670
365,563,1,3,1,8,303,1,1887,2966607#rOz3vhnaoRxKBcPEaVbbMr25arsbmuC2,3428809.8,253246.300,3341312.0,77675,3492470,1736964#NIaCt4vDUJ2f,-2156592.5,213139,2075185#L4SxQwGPV,580610.25,3141061#TyTxwagZChmKviWm3CCRvQAlVgWqT7D3gpLMkRBhRKxOAeWFTBCY8im9YGE0UO4FFO,2049523
366,631,2,6,1,2,50,1,3656,1104598#1Jo5gXNh2z1SP3ZEt4qbGgfOFdZCu61A,-2392402.0,3169003.240,-2594304.0,-3611171,3384755,857336#AAoDeg96bS6W,3205793.2,-3357955,2437893#bzgRjx3dG,3660458.8,3189598#TNNhPKK7geop3aRtqBRXzw9sJMSeT1VUNt72WqaQ9HegxUb1NPAKUaZRtAo5J4hCDF,504034
367,710,2,5,3,10,1699,1,206,171533#FhBt1MBW5rnaEk2ggcFOaLfEXD1fLE6H,-205585.64,-1921635.710,-227216.0,-1316480,86316,324346#83NUoWFFqPjQ,2292850.5,-2240276,1408467#WI2IU73Qt,-432795.6,3161755#xHod8ew47InhbgXPVrGl3w3v4HEnuAXJKr9bH4Vskwre7MPqoiOlhl9FtCfGxHDOYl,2010026
368,804,1,1,7,6,260,1,56,3683296#5XGEEM1DRStrFEsuFxVIejN7TA3fzfnJ,2578297.8,-2213827.280,185776.0,3663274,-735555,3471780#jiwUwMjqYxpc,2073117.8,1963201,3314922#7onz6OG73,361608.53,1120559#v90hRQqNbcirxXx3hZw5cjkPFenK2fam7fbYLJFHlIxWdSMQI3g1TFCmeKL0QwMZMb,-1335229
369,1020,2,7,5,7,735,1,3789,1290331#XJIsdSowte1WlRmGZe8xYosevLBfI2Wg,-2434789.5,1531448.090,-1117760.0,1514098,76251,2446029#lXlcyLru7u6Q,-3043145.8,3660045,3214959#426aDDWYk,-1517252.6,1805113#0u5WABoETe4kypMTGs1nY98KCBySQ6jhyaOZdqfEWcWaMeNqxBs1TR2sF5BECFqf5n,3023445
370,115,2,7,6,13,1517,1,1019,2125222#IhD8S7UyUVxmqdFIslONVIQskynKLNG1,43809.58,3668434.110,2685776.0,-3221824,1668230,226294#0l6Sq8rZZ2JK,3375861.8,2728224,1408046#2G8ngwBoQ,445197.38,1334496#mzyUeydHsJEd4tpbY8cvwR8HYKrCsPj2kXwfOy4VyZsxXY4xF0tP0Q2RBSCq6AZOBN,-3694357
371,1,2,7,9,10,1459,1,3917,1464664#ZPWln4GGLM8lR0IQIoPPDDeWF9T8HTo1,-1284049.2,288041.690,-331504.0,3555059,-3066282,1856981#T66HhvF4EqtW,2628067.2,-900252,2188624#Uro6PhKyL,-1452249.0,2725741#7ACXQw34o6nPcqtQ3a1cunl4vq2eEx3PjSwEYbyhBeJ4NzxFQXZ4pkTR6yK8wg9yQO,-2851055
372,715,1,2,12,2,1015,1,2999,309205#0tyBqwmVwLJ6jU4qrMtBeco1vejL63a2,3093787.8,-3050993.120,1226064.0,-2395813,1638141,2378375#NUEBHjn3khMc,2081044.2,-2288313,1114638#GzyEWY10t,-1068690.0,1114372#TA2pUObr9y1HKEZ9o1i1iKuYUVMAspFWzcQq7N8mS2KYJiQOH8YhEycHhjr16IrphH,37939
373,334,1,3,8,7,42,1,3122,323420#qbSQ7v4FyVhEQSyDKX38PABaPHIvRiUq,-1640159.0,-1567411.380,949664.0,-462169,64539,1814712#4DWobxnlYxEO,1167611.1,3233710,3590506#F0iWFOIUM,2050128.6,1221401#udGA1q3fTZ2gGWoIDcjfMCAl3q4HtgNXpHrVnAnaPdTFMqavEdfwzEwUE70vrUknvU,-3514219
374,892,1,7,12,1,907,1,1418,1793522#xvGDzXgXxo1mlxdLUHdur488nItrT0FF,-3672928.8,2929442.270,-1646096.0,-360355,2160311,622441#eol8DBhaUhs3,3557569.5,-3285948,1864913#m2OwvrCNh,-225125.25,67942#xS8ouftkbjZ8eTpvsNSZ9S4HC1tZqHR1knkRntyeG86VVDtMhiu28SI8iRUlZMnZJV,-1095535
375,1009,2,2,1,2,1074,1,3634,2505105#m012joSBAQBRvcctCDQnrXsxFTEFresL,3226662.0,3684693.910,-1384096.0,1374692,2447701,3220688#UX7LA99OYlwV,2312803.0,2013342,1349938#FaibwOvTi,2205371.8,282955#JKIJR9gbNhQ4KGjp7Dj8TefaPMXaTxbu6mZXy5pGiopf03hs3qKHVxLdKZAEYSy5Gm,-1681693
376,958,2,6,13,8,362,1,2302,2920748#zMVaYA7Sb5Ntb0vupoEPfktHsVMVqsmP,518875.75,2140306.190,159824.0,300324,-1707885,1759468#FaFfaAtUDCwJ,-489237.8,3048813,598663#68xQtEXye,-1337646.1,444755#xHod8ew47InhbgXPVrGl3w3v4HEnuAXJKr9bH4Vskwre7MPqoiOlhl9FtCfGxHDOYl,-2577547
377,842,2,3,6,9,1690,1,2707,1422913#IYlRkZ6FVIw9o8qtCqHdShHfO0gktx7g,2727475.5,462340.520,-2076576.0,-380300,2734601,2027643#iYjMFOjIBVDk,-2328728.2,-3428423,3348140#NenWpJzmI,-1534262.6,260856#S1vgMV1RMtyRyinN77SwETpI2wsGGA5m2fCNavV6niyOjjK23TkGV8xZ06Am22I2NN,-1758680
378,114,1,4,9,13,61,1,3263,2556648#wwFkOaE14J1N5DFMAKuiPo5fX9Tr48bl,-1808002.1,-3653928.040,-190672.0,2439690,-2451183,3220289#xgkjbacnucoM,-3344464.8,3112869,1425063#5T9rNHVgB,-1461385.9,2352286#GdT2KrwpVDA9Bo9O698qLhnf9bM2QILrGV4rjTI1QDfyk161kncCwRREg6kFEn7rcs,3033945
379,908,1,2,11,6,439,1,1990,1813648#wwFkOaE14J1N5DFMAKuiPo5fX9Tr48bl,-2608378.8,-3482823.530,3271280.0,3514629,3109411,2458911#6zRbQB15Qayc,-1309738.5,1446176,3094317#X7YVFumLt,-1982895.4,3456153#b6luRS7IpOHj5kIB5VlVz743k16uIQwQ5cMX11f3AGB9epuRjGI1B42NcL0JYvElu6,-3137636
380,995,2,5,6,4,89,1,3120,2626255#gJGGB2IqzlJ1mh8ogFaOjDQ7RPAXQyGt,-538475.75,597866.570,-500160.0,-2421038,-3462962,1741252#7SfiYwiFugFr,1402424.1,-2131556,197172#5Agu9QfrC,-2226619.8,535378#O4OzPDzKPrQhmosGA3PAxjZ3onbn0vzBFTkv8RW7zIayXgL5cvzCkxirGQoqKS2JJu,1773949
381,532,2,6,9,13,1744,1,1420,1503164#VbhWEESnTEFJsVu0qWXiVjKT7G0hAkTH,3580690.8,-3702976.660,-688544.0,2261212,-3086230,3253330#P4l7PSO88P7z,1125863.6,2226191,1059734#V3S90VXQK,1664003.0,796788#B5Zx5LXuA3zMGfkYJPxcNrrJYITADzyCZFN7xpoXjXODco7bygYIlG0qYGeijguEnn,3381492
382,977,2,6,6,5,121,1,1518,2348133#0rxCrJ2CqgKuOg1ySmtxiOYg8WDM3tdn,-2020710.0,-2300561.700,-2609952.0,-2713633,741293,2549131#Pbm0PUJG8dxM,2329422.0,-2647879,747583#H62jGJ1Jo,2891931.8,926475#SJlm10lDfjaA7sR3FNjWYVhQFZrCiHdGjiLufvjrrF9Xb9t5qQVTWNoFdW4RgWjeNe,-1352297
383,739,1,7,5,12,1389,1,1917,2389142#pyUETis01KSfRUkDYTJdCz1ugVO20Tq9,746072.3,190600.180,-952384.0,237322,-2706761,1596939#Ja9bbdJqVRG7,-3178762.8,-1388288,2824258#dWOV7yByR,-3392427.5,3325993#I0XlpKp6lbsv3GvBEAX6N7KHlwmZrMyOsCEJHh0TJAQdMjgpRFywK9jkTMC1QuEJy0,-352814
384,566,2,1,2,1,190,1,2174,1124157#x8TPMPVZhcMWahOISyfb74zwybT2C2kq,-3374106.2,2625279.260,-966320.0,1270050,1699545,2370145#jzEfLjhbVa4j,-701442.0,-1036705,3618842#0m1sBSQYO,-2229046.0,2113355#bzC3yGAObEQbpbvQtS89UhgWXm9WlCvtCnUKfVVzFBg9WGRqhhpp95bEUEp3wpTHKx,-2316737
385,1047,1,5,9,4,278,1,3449,2259300#CVrryl3228uxSouCBoVVce0rtPuPRvwO,-980333.9,-998284.300,-2491392.0,1435501,-238149,450702#fG2U0rRFjkH9,2228264.8,-3734750,2598321#uwyvBmxqS,-2394444.5,1279865#V9T1E4295ZANu29rmLM3To9WsTfgyiDQclOGaeoJP3Z8PNJIdS0cMDt4FiJNriw8P3,852014
386,660,1,3,8,1,190,1,3057,987342#3NpDLW1nCbDE37u5kjXQOOm6sh5Eyi7i,3070605.5,2141385.680,1537456.0,2037200,2803118,357649#hc3LWmayyKbI,-1172330.0,-3648309,3224130#hdhraYULi,-496719.03,2641066#WRWIpPPHa9FmHZUOYHXNlmRYuKA0O2hQHOMkrVWXf9jkJfCJsumur08ZIaIbkwUZZK,3474720
387,1046,1,7,13,9,134,1,1752,527746#E3f5eHLg1hqKtZIOjSH3G3Ob81CT1lFw,-768831.94,3323868.880,3214896.0,-1606616,2173408,722811#olXIVFf6Y6jC,2788701.5,3588652,629714#3YxdGXsSd,949732.8,2044453#XINvvftUzRn6FMXKesVsVQ3czuXQkP6mDpcQt4K1KveyOdtD9gwbdqBFiDxFzEYqh1,-3578711
388,672,1,5,5,11,1558,1,2325,1891019#8omgYcwYkWi1pffdPUkg2ojoPnGgBMlc,-1366412.4,-790562.700,875104.0,-581396,-3272403,3193601#mR4ACKaOlbd8,597077.75,-260403,3021166#4UMuxqrrT,1957379.0,2199686#8giNqet0cICfHo8Q3v5CrU7HldJqFq4QzV5QNvc1W6cJpurYrkelZaqwxfoP5fpNws,3766548
389,31,2,2,10,12,175,1,185,900121#zgbc3PhNM9QPddQbeH0x5SbM50A610y1,-2387743.5,-3390186.730,2573824.0,3446252,2775814,2925652#JDNGiOgvnNmn,1232830.6,3459443,968112#v8IMrEzb6,-3363709.8,1312212#Q2GDa00UR7ETiYS6MP9ekP0FMo7aAbWlxSxzTostwYr5oshvTRxfAVabnlD4fv9Tzo,71817
390,85,1,2,9,1,731,1,2839,2510586#yfCQnmJE2ttEg4ib4rtXb5p1WjdqUqWh,3158832.2,680821.900,1139856.0,-3752271,-1170604,2018836#05XeMU4XIXwo,-3206490.0,-1674449,887953#PBG4V8TsR,-2937490.8,2387562#LPwk3fdMTdTkHdqITR5hZZ8cIHZk0ptfRRnO4g8cbDcVqjXjswfxYC95qxGo3m811w,712049
391,968,1,2,11,8,613,1,777,2416836#2xPYe1N4hsVw2nq7WGylxM2Tw8Bo5TYl,-1229833.0,-1121099.990,-154116.0,2710179,1621384,2436353#uYgQREhCJgF5,1645991.1,1708952,906134#n0kXHZelZ,2061898.5,895395#oiSK806Z26l2kgikevoKmCEMAQRObelfDeSm0T9N3VWBZVshU5J0FOHcL9Nk5prqDe,3346673
392,392,2,5,7,6,232,1,1130,3621766#p24Umc2n4Uxm2la5ByCJY72vJ6NsbUt4,789630.3,3368775.920,2151120.0,619615,3253855,107589#VUmTnRtJSrFk,-3542697.5,-3608694,317832#g6P0EJeqW,1417669.2,330886#7xwvEWe19PE8fuzooqmgDaziygHiB1twiYJ9a0cvOufYQt1JCH3cDIrmJ06cPUy9pm,-2170067
393,385,1,4,4,10,709,1,3346,1192660#5LtDzitK8nTVCk0ZDjJTCOA024XzuxUA,-1083273.4,-408531.690,-772224.0,7913,-1106609,784751#4n0iIVuYU1t8,2599466.2,3030754,492966#Bi2AjlMrQ,-1864809.9,3915764#JGqf43zrPXkql9V8l0a8miG9fXGjzT9emmkLqZXPqJfnGf8vMAXQHDn89VzL9NTfgN,-596071
394,74,1,3,4,2,314,1,3644,2391851#GEEr4YEPtcP3FFph9YrirRyWxgtJ1kmw,-3311379.0,3844087.980,3589712.0,-1148939,1522101,747973#ZZdNl4tPDVL5,2890494.8,3749017,3652425#7KkO2oZA5,795301.8,1779516#rgsGypfgfb9qcV2TT0TXtCduQRuX22AUTrLMovzxkOfyePmIqrYpVlsObGy6FRMWes,-3011659
395,247,1,3,1,1,214,1,2718,1868293#HysbDjGhalcm4EcoYF0o1YaF0ZHS0qk8,277190.5,3081775.450,526704.0,-1343219,-890199,3639960#D7VVNFI8c8xH,-3539822.5,987425,1999557#Qdkyps88T,2890409.2,3535768#sbnrE7HScK9X3RlLSulIaIYJDcUWMjXlxvSkNwfEL9yhNPfXnZ0Xpg3LtW2swdiM5c,646355
396,537,2,3,5,8,1743,1,3151,187476#KkG9VgRa6d7OjdEaxxQrX7hSwJ8arVNM,-3566053.5,-3677644.590,-58640.0,-390346,2658459,3267601#mR4ACKaOlbd8,-957897.8,2538597,2662732#Ge2YKR0WE,-1043402.8,2130107#1E7YFlaNucwVU2kolb35AftF1uMcTRHv45BaojBbOAIzoYczJwthXrtxc15MCvDqZ3,3017124
397,484,1,4,13,8,1610,1,1231,855359#3AB23bE9UnoT6jzl39YBSu66gJuDhjJt,-3622559.2,-2022103.590,2867088.0,-158707,-3052321,820130#vwJsTODp6I4W,-2523904.2,-3660750,2860478#JgyQWAuTg,980775.1,394594#oFrszejowNaCRlz6KiaWviopYILMzul9KdMxf7OLUY79p3IQXLbemxX75qPVr7fSeQ,327891
398,37,1,4,10,3,1461,1,3118,1712758#tVjIYvrUH895zdOafgBpbO7lUC0jpmGg,-1270589.1,-480849.110,1044736.0,-3578778,-3980071,2629919#GMJ4S7cLdo1f,-3173396.0,930331,2441049#IqkmiAbWO,3318738.2,1871826#kaRe4y4gNfjQD6HUYqQZZFuFNz3u1XGeqOAkaX5CsmAEkYYDvHMQ4vhtRt9iNxx0nG,1118180
399,775,1,4,6,9,320,1,23,1048294#xBfIQYamLaD6ZUUEqTY15E6gghoMGmgv,1864510.8,527126.110,2092128.0,3069120,-1534123,509478#6kwtFw3SYcTf,83442.65,-3977986,2735923#dgmMsEqFI,-2056160.4,1387961#TYeI3Zkk2rqUcm9i7NQJgWcJgP2r0MOGCrrdPt5IpgngxeYQqcaO0sJSIW6jcOSDTS,-144773
400,451,2,4,2,3,272,1,2663,2131872#h0nRuPlCZu4r3tLcpWjzUr2r6PmMbZW3,-2431084.2,-1856962.740,-1837312.0,692304,-1840962,3053935#WwenwxNWyLtX,3270409.8,-3984985,2266558#XQz77ERcf,-3713094.0,1520132#74VmqxLPiJ5yKBmM1xoQiOYJ0aJ0pfkvxs6EAv8Fw5Djup2LuHf7NoB8kigmYoIhoq,2031532
401,34,2,1,5,13,317,1,1921,3988734#3qlr2ZEWhF2WDkUaa8lFYxiBXJmxhDRp,1341766.9,2478064.540,-340800.0,208472,-3840117,3052407#QZuAUmnbBnmG,3762968.8,-756427,978357#XEQ0fntK3,113335.96,2978037#vfFJsr4SqGnnbC4kE5CXp49XINDbWu4uU02HVPlOBbmVqApLDkEo9xp8xNkYbtJ9V2,2114519
402,508,1,5,11,3,822,1,3584,3999299#ajOj8YvdimY4UyeWGUsYrJkUzBonucPm,-3263654.0,3775488.380,-228368.0,226389,-2789847,497025#a5so6e2TJv9q,617509.3,762806,2396681#Xet2NBqtA,-2015724.5,3168188#YYGMQXvOfMjMLaqSxPdqE1v5BO3EzJyJ0fX4Gaws6Pme1bRIQl9O0qmCwZz3KERofj,-3579429
403,835,1,4,10,4,1283,1,1608,3471641#D3RBIou1WwZGYdHVV3OK3tGAJwKJXWwW,3800971.8,563735.250,611064.0,-3743315,-3194206,3288862#A2qbBX5M8eyC,1721818.5,3646534,2264677#U3AZ5xzvt,2646208.8,3032023#a3VUsVQllplFMt0N1WRgcK8pBgOEUvGnPM5dwgmCMUrYSfCNAJpZ7rEFfqiFEpl2mV,1218031
404,665,2,5,3,4,1581,1,2705,282114#aTfCqwFncPLPR8v1unkjXejtjlAAllNl,-2228817.8,3444151.440,143504.0,-1599578,3789880,3294768#bD7Ry9I75WDE,-3227941.2,-1748771,1461423#E5eZ4z9qf,-1236962.1,1830527#v4Y1ktBljBO9R8WDjpuows1XRPnd1oFGha2GUKCGntdKBKFVQtjWAIlr7ZuRklGMx7,-1417740
405,827,2,7,1,1,110,1,867,1212790#IeyvgErE3C0E61fV7McyLMSsCzRNpwOo,755317.3,2814021.150,-2500048.0,-1229673,-2629438,2870126#hMwTTHiHy8uu,-1694552.8,522466,3010731#yG3Q2yGOB,1297462.8,1605492#24SFWdFwIPt32y2u72K9w4p6qoKMwdzlevmJIv619y4121GXFbNfMKph3ONcXyliw6,1466386
406,420,2,7,4,5,4,1,104,1606829#iI6yLXbZx4SY6EIImfgAJ3RENOf5aWat,-3342478.2,3054240.730,3606544.0,-1960817,-2889983,508043#DH7brXRcpboJ,781515.1,-173545,3013201#Lyyp8FTB7,829846.0,663199#IVgW6fwWon5u7MCidjqe2FfzqHHMkiZMcYLxRLwocte9I0ye1xgrKYQ6vOgL841Sfg,-2743272
407,866,2,4,5,7,627,1,2332,2922114#aTfCqwFncPLPR8v1unkjXejtjlAAllNl,-1448946.6,3977042.650,1587376.0,-990545,747005,2698842#OkPFkIRwwVze,1750520.6,-979590,2081272#awysRN0M7,-1350184.4,49997#qegaPTPuBAkuYKnKnkCZXgjK6XutuNEIL6Rexb6N1Q6lVUFdDGTYPtROOHn0nR0xJV,8994
408,481,1,3,5,13,17,1,3832,1022417#D209sGL9chO3f25HLYSDdqKaX1MU0lTJ,-1543972.8,3011336.340,-616400.0,-1928832,-134838,2296460#OZNP6jBqvWlH,3785538.8,-1042957,1544952#7aAOSC0VX,3930989.2,2926215#dR33uyAx5wJzz5uVg987mMd3azfGg2CVdlgxdgkz3yQ6IplKN0yaEjSGlGvoZlvvhV,-925750
409,494,1,1,9,10,1257,1,1997,3567347#pHKFLQkd1r2rRA0SnZbV1LHOEJzgpHat,1796067.1,336323.590,3647248.0,-1233117,1514845,2890474#KvR8nL3lC1ah,-467809.4,-1253587,1016258#dWOV7yByR,656056.8,1657911#SaVBJmaadepHgVcBI9PEcIAPikVoIxTglZNJnlLQqF6iz7RnoT2P2rJlvKs4qKj7FM,1844132
410,143,1,6,3,10,1388,1,998,2316872#h0nRuPlCZu4r3tLcpWjzUr2r6PmMbZW3,2976504.2,3463151.090,-2424656.0,-33311,1911432,3729728#4qej1NH6gMru,2468005.8,-215638,2586215#JKuN9fiiA,1231309.5,1552075#eJ8uh0tVw7iGD2XvsILWkEUxQbaeT62aAoXMqACaqmVP1gev5yJkwoTsIMJeQovnZS,1328576
411,502,2,7,5,11,1269,1,904,1261354#bwXprMhj9RIid7ljBmgzpY51bJPBdniw,1058484.6,1850070.770,3872368.0,2779023,-1215085,1314773#fe7rDaNuhGlB,1576101.6,-4055952,1870904#ISP5JRwtF,602263.44,1485801#HvuP3PEZH4DQVmSaYyja9tjimEiRkDzLeXX89e68Z2dIJVp9W6KLNe0sshdmSgBa6d,-2044889
412,31,2,6,1,4,777,1,3295,2303472#P5IW9nKAQMQA49GkPKX6AblhVzNY3gLd,3849301.2,3716117.310,-1021760.0,1876153,3842557,1339409#aQsXU9In8do4,1361234.5,-1440522,2295726#RmpEx4oz4,-3556726.0,676885#GTiHX3yjF8U7H6vYUZM1LTZvJ2HVhZB0hOY4244dBcqahFSOT7L4gyRyyypeE8uqBn,-2566786
413,398,1,6,6,1,1072,1,235,1454345#3OtrLxMbSu7WlXULiukrlj421VDdAGUp,3902749.8,-2835770.640,-3090704.0,2896022,2637249,858933#O7IhdeKGV0Sa,-3542179.8,1953019,2203863#YCQR5Ipu2,-468417.0,2706441#nasRNeqh22HFP9kpdSqpUQoI0WpLZ7vh29WiCaNraLWqS49mhEJMtUt9CtBupJAbnt,-3197802
414,108,2,1,12,9,532,1,2881,93311#X6PyebD3Kr9XF17KLq4lPHHNiBACqfs5,-3707770.5,2310346.730,225600.0,3494931,-3379212,52439#ujSqJo6adtT2,3127886.5,-2669203,1766466#T1jAlvN67,686616.7,3001409#hbevlnJhiOWrEoZNXcaL4Wcqiei5kNLfvDRsZ6NyGNRxh7mPl7Am2aL9iqqwbpCL3i,2944534
415,698,2,2,4,12,1391,1,3217,3372278#puG2GJOBA4oBslczgkCLreNba3cpxOYn,3898409.8,287865.800,3798112.0,89550,3970927,1974210#75I17ivRSWqf,-2452592.5,243430,2358421#uAc1xI6Ps,659810.25,3570403#cftI4w31HmkhdldadZ7vZpl3OZsxdAu2mwkWuxSUqRkBNZeTRmy3NuILIR7yrahXWS,2329717
416,481,1,7,11,11,1075,1,3941,1255482#BfjtPB5nuDrbX93N3xwSFFgY20vmpJt8,-2719602.0,3602642.240,-2949504.0,-4104496,3847592,973410#MVZVWciqY9WF,3642593.2,-3815793,2769800#uNL5F9gC0,4159658.8,3623996#uD7uWLOuALqY9E07dKlSdoGhmnXPEkb6WCuPDkkenyD35FR3Z1KZJkj1p0VmiR6gkl,573524
417,230,1,7,5,9,1212,1,3432,194660#5LtDzitK8nTVCk0ZDjJTCOA024XzuxUA,-233585.64,-2183565.710,-256816.0,-1494480,98966,367738#Pe1EX1IvhelF,2606450.5,-2545169,1599556#IS5B41Xkv,-492795.6,3591821#QZLuwjiYCdTmUYUVxzcrCURVZEYs4ymZ46lMwKdtVKvLLBtRThcmKsDHSNtjzmqczV,2283049
418,909,2,4,12,8,1541,1,3963,4183070#MMgBnBEhpjTCV5Sg0dMqTQQk9KdKrOsF,2928697.8,-2513392.280,209776.0,4162049,-835998,3942491#VwhB2OriV1xc,2353917.8,2228609,3764573#rn7PhDkJz,412008.53,1272048#phc0LsqAqEWhcpO5AU1qJx5YINr5AI2W9yj34q4HepgsYoJp2QY9PlCU4YX9gUuKa7,-1515440
419,760,2,1,8,3,685,1,844,1463930#hsgNYtos5pnOg4lZUIO7SEL4cpJTNcMB,-2765189.5,1740244.590,-1270560.0,1718237,87920,2776895#ERQZ33F6kAxp,-3454345.8,4155335,3650273#8Ui0z0qGC,-1723652.6,2049582#u6KHt24yiIeNtd9E0K5eL00yMDAMWAKXQGXdSka9Zk9MsA6RZ5wqeZCGjRcfMiBbHj,3432207
420,250,1,7,6,2,342,1,3149,2411163#A8jN1nd04dUi6FurMBCD9AMlGfjX1FdA,49409.58,4164669.110,3049776.0,-3657362,1893155,256535#4vL3wzJ5yOhL,3832661.8,3097928,1597892#1YNupy29g,505997.38,1514757#y6560Uc0O6PX0lqBFUq9TBtpS9bp9coMExjcoLpyzuJdBKBcZsbKY9AOcE1g4DqnQs,-4192794
421,444,2,4,6,6,1084,1,3457,1661669#rJUxKBm5yeB2KfLP8Ov1A04Bn3KXj9WU,-1456049.2,326952.190,-375504.0,4033159,-3479232,2106085#dshcFbKEG5FG,2982467.2,-1021534,2482959#426aDDWYk,-1646649.0,3092128#oAEH7Sa1qo2CEoLfWbh1aBKFaJJeIHWh8H0xkPyP2jn0XQxdizvZmssmG9O9ZwqVa4,-3234081
422,370,2,7,13,5,1278,1,999,350402#cTOmREBiAvu0R2QBDgQyTxDgoHZBcBRb,3508987.8,-3460500.620,1391664.0,-2716638,1858191,2697106#Te6sBTqaC0hs,2361044.2,-2594717,1263314#okCtKmRDf,-1211890.0,1264030#6uKeQr8E1D8P0GEUC2gOGWiTyxQuYpQ1x0PuZjdnVzGqOW4jEzGcs84nLmBL586PEa,41829
423,162,2,4,5,11,1042,1,2407,366124#5CZHnYnYgghApF6ZiUwQeFtLQ2piIssL,-1859359.0,-1778388.880,1076064.0,-524394,72014,2056871#EpHsubE9OJcx,1324411.1,3667010,4070957#LrbCXmJO9,2325328.5,1384634#rxh0AIXzMEJVF2SCTw08Og2QTiPdpHCXArlnhbEnl1zjvogxVEYB0MfdeSSKDp3esC,-3985990
424,26,1,6,4,2,1407,1,2533,2032460#1vzvhYlcRQ5uDSd2vlBkTGcPU4WbzHPO,-4164128.8,3321119.770,-1866096.0,-408205,2448561,705647#sGwwb8882tNo,4034369.5,-3725987,2113209#ETvB45vPp,-255525.25,76986#5S7I9eCw1GdEveAQr2MdBpBCzoyRi3qjVNkQhD5QU3y6KBlQJ25HiUD9aJYbZjlf2f,-1240810
425,779,1,1,3,12,1299,1,3624,2838530#xXbRnGeh5vbmZKxRsRZ0vWjhl3fQwK8N,3656262.0,4175537.910,-1568096.0,1558492,2775244,3648904#MzXqq34lO4M3,2620003.0,2282734,1528950#8uXg2C2JL,2499771.8,320677#mjbmU5bszzOwi8vVDLm3tZoM4UFZ9bp7ozaSoILQpz6O9WCjdRx1S8naFQz3YvLV5o,-1904725
426,933,1,2,10,10,500,1,3014,3308413#YsQuuhRSapf4Y9UUNLGxHkLnYsYbbDW1,587675.75,2426190.690,179824.0,341494,-1935716,1993174#mzWzLTvKebUD,-554037.8,3454417,678220#JLyqo42ah,-1516046.1,502862#DmX3uhKCKSyS8yDkRWWXxWPmx36pFbyqBLPcVbtCx3bJ9XBE8Cc9bVjnp2B0nJMDin,-2919178
427,12,2,6,4,3,1240,1,3132,1610529#kJgAyak46mDa6jvLXTeFTAQu19qnnYzK,3089875.5,522602.020,-2352576.0,-431146,3097393,2296262#A73lswzm9Yev,-2638328.2,-3884438,3792013#B7sJ7Yjjs,-1738262.6,294934#5QwMRAqnftKcIwteiFTs3eTTEJX9x8GjVBGrXkQ0ixZbpjRJnvPPTWXf4FiaF7t1dK,-1991735
428,14,1,7,3,7,449,1,2211,2894461#1AE8s8ftUAgbZO21Qgnx7hIpWhav38ou,-2047202.1,-4137177.540,-217072.0,2763553,-2775883,3645537#64bTcd1fZ6ub,-3786064.8,3524792,1612944#ilqZ4ftHh,-1655785.9,2662827#7WzfNfCAmUQKX7pw3kooCaITkrOxXe2ujSrbxQGsOr9xCtg6n14TLxuURc0IV5YCXC,3435967
429,1007,1,2,12,8,870,1,1575,2051735#WWaLZMrR6j88WHhXCXz7G2g25HCvLQ1p,-2952378.8,-3942658.030,3702480.0,3977129,3519161,2782897#5a5QM0G5HQUr,-1482538.5,1637572,3501450#8JLrc7POH,-2244495.2,3911257#pVTnK9kwf5tGzs8MPTuOs8XSk54O6CCBua1KWletNyvcBQ6W9q0HnrPuR2mF0s0Wdq,-3550342
430,568,2,1,10,10,1464,1,1996,2971609#nW2fUtwmGWrZk6N0e5mAgVJIApHpDoQ6,-610475.75,675734.570,-566560.0,-2740288,-3918037,1969192#dQHuBa2BaLNi,1587224.1,-2413188,222277#uADfthvb1,-2518619.8,605120#nq84jcJI56CvWOLI9P3zSd9ALtSt3q7Tlmd9envIiSqH8D8bi5aKqd9adSYnHxaRxe,2006121
431,782,1,3,8,9,1294,1,1325,1699995#QsSfuvcwbljiIxP4epI9v6FqOZAUBux4,4050290.8,-4189107.660,-778944.0,2558068,-3490180,3679222#wOIgxiXrof6u,1274663.6,2517836,1198764#TUreYvp0p,1882403.0,900759#d8WfJlcprGLmJhKqFq8fgeqivehbqD1lN17ZPWa7xVn0HkBEVxhuo0zqV9OzfEo8Y0,3825559
432,457,2,1,6,7,596,1,2538,2654224#o3DUljxquiMaTL2qIiYGVzpDCoJURazL,-2286310.0,-2602618.200,-2950752.0,-3068058,838118,2881520#KdsaDEOxAfcD,2633422.0,-2995571,844784#dIXJsvuSk,3270331.8,1046793#6RNnn3L5QDdMRu2vr5PJlIdFy6c0QXMYwF2xu3CeX7Q9PydraPjiqsVjilfJtGWnOt,-1528532
433,104,1,1,7,1,514,1,774,2700943#1dwWSGxIMAjcGgjZ0jfos0p2ZgtX3kdY,844472.3,216457.680,-1077984.0,267122,-3059061,1804513#i0pi9wBO39JZ,-3594762.8,-1569823,3192087#OgkRv5fym,-3834827.5,3759348#u0p6p0HhDCiuYCH0rMeFX57GH6D7N14IB8fBHqhZAgjQeX4BzQoifU0uACb0IjZXF0,-399073
434,1048,1,1,10,5,15,1,499,1270368#fyvfay2cQ9a2E6SPVsn0oabpdXi1SjAm,-3812506.2,2967059.260,-1091920.0,1434138,1919920,2677652#JDNGiOgvnNmn,-793442.0,-1170419,4089190#Qa806W8Pq,-2518646.0,2388483#6dt5gv80dvzB7Bw2E0sWPnC9g6VXeocX1vOlHBoS2ZKMaIWbuzn0mgkFBbs0lT84fI,-2617779
435,777,1,1,12,8,1137,1,3732,2552411#y0lO5C60qcBNL0nl073J4xWnJr8XoJDF,-1106733.9,-1128663.300,-2813792.0,1621601,-269824,508514#OPWBuc3rOhpk,2518664.8,-4219133,2934863#YCQR5Ipu2,-2704844.5,1445520#CMoca7wUmVqQvoIqqMBY5WQjPfVNVeQ9C2uKiYZbo3rp9gc6RDxic6PUbmbSnXGSsn,962953
436,925,1,6,2,6,690,1,80,1114740#NevBHNU4t2k8SCQwjngpmPRr3B68wIVx,3468205.5,2417596.680,1737456.0,2300550,3166493,402732#NomaO27r45ii,-1324330.0,-4120936,3640720#lCp0Oid6p,-559919.06,2982615#R3TbsPPenjGW32l5xPbgtcAZ0tF9xGTauTHk8NsooOtlUHSMzWmH74Ho0lczxffShi,3924425
437,916,1,6,12,3,1234,1,1822,595736#KIPzEZKyDM0mSsGmkMLIQ8ftOeLWcouy,-867231.94,3752317.380,3630896.0,-1813053,2455183,815410#MVZVWciqY9WF,3149501.5,4051043,710205#LRKREVLnl,1072132.9,2307761#ZGbybIotpvA0T5WSU9HERF3Fa5y4FR7dz931d1RrGCjKqtESph3xfwUgcZtrwD8tcN,-4040249
438,624,1,6,6,13,783,1,1735,2133836#2xPYe1N4hsVw2nq7WGylxM2Tw8Bo5TYl,-1541612.4,-891291.200,987704.0,-657121,-3693953,3604260#9xVH6pCPaOPQ,673077.75,-294876,3410296#YKkCdDf2s,2208579.0,2482785#AWYgh5KKQ5UO9LuYd9VVsuDIOCYJ6u0dBwYYZoUjWj1NdYZ6aBXJTlgPsy4ISOlYB2,4251240
439,226,1,2,7,4,637,1,3022,1014678#oSkYuJX5qmUSip88PtAjXLrhmOFb6xAJ,-2695743.5,-3825456.730,2904224.0,3889252,3133039,3301646#WnPLJGE0djVl,1390430.6,3903739,1091402#kyy1d0gcW,-3797309.8,1479937#bomeEUS5QC9DpLo8hWwrJCfLe7WPfYbclO4TG3JRODgtwVg0uVVMUseB1qbXRwGdBd,81626
440,117,2,1,8,9,1643,1,261,2831463#r0o3jHhaCojdX9SxAJQsa7LKJgFtKA2L,3564432.2,767934.400,1286256.0,-4233746,-1321304,2276822#YVwHclrUvBFZ,-3617690.0,-1888094,1000913#m2OwvrCNh,-3314290.8,2692926#m2QubIFh9L1m4BTevTFKiobnxirDfPtUl6vJTFM3jPiCTiyhKUFUCutluCjvr6oAob,802821
441,244,2,3,12,9,975,1,1757,2725378#2oY6HlWAZifWcVeFVmhtEI7EOXBJEduX,-1388233.0,-1264725.990,-173116.0,3057429,1829459,2747309#LGXdxJA9aJhV,1856391.1,1927111,1021638#GzyEWY10t,2325898.5,1008945#kBZzIXl0rFCjhDMbBwHNackzu157Md5GYHPfRe8j1Thj9ssg5HEp4gvzONMmWG3XRv,3775448
442,849,2,5,3,8,1182,1,1530,4083124#5CZHnYnYgghApF6ZiUwQeFtLQ2piIssL,890430.3,3798842.420,2424320.0,699277,3668849,120500#4Ydoe4BbKDbO,-3994697.5,-4067783,358246#LrPguvC0w,1597669.2,372006#kDnLckEm8eBzGvNUP74vEWMeBhFRmVLEJq4v4ByKxyHDl2pW1GmeTPLXcxr0owtp1u,-2445623
443,402,1,3,6,4,1484,1,3836,1343174#EA02Y6tbd8TSzOPqhusmsAVa4wrnxmZs,-1220873.4,-461167.690,-871424.0,8438,-1248471,884380#Hwrxgg9BHZbS,2929066.2,3417456,554414#n8u3shRRY,-2102410.0,4413383#UMI8LNbOD3BSVjkLYGU6ZbsTO6CxAIp5yXuknHrSefab6FUvcOneesX0BNjwJSnNYT,-672620
444,814,2,1,13,11,914,1,3654,2694381#CzygXNq95jHgpEOSjnIb6OL4eBjFWuhx,-3731379.0,4331205.480,4044912.0,-1295120,1714101,842762#oHgjApI2Pf9B,3257694.8,4225518,4115131#EU9RFYPWY,896901.8,2004771#TQgC2EzvCreZNGZrwZHpbNnzc6ylZLmGQ6t3hEZpBLvMWj5uaQo7LsFvVbkGbTZryy,-3392813
445,307,1,5,12,13,1389,1,1268,2104372#IJ28eQyjzHVAxWnFWo8llqu6mM466AqZ,313190.5,3470979.450,593904.0,-1513344,-1003774,4100550#TdBiW482MfHS,-3987822.5,1111387,2251676#heibTLsPh,3256809.2,3982122#tCLGOmwp5TxwxedMTcbOKOyQWageyLV9sVBkzWaVLygntZ8j0NhEZpwYKCSJTdbs6q,727784
446,597,1,3,10,13,356,1,2251,210864#0byHLZHiJPa61OGzie7AhJBcIvCcvnkv,-4016453.5,-4142628.590,-65040.0,-439633,2993309,3679742#UlYCwhP9fKmt,-1077897.8,2858903,2997931#zrJt4x1wL,-1175402.9,2398997#qegaPTPuBAkuYKnKnkCZXgjK6XutuNEIL6Rexb6N1Q6lVUFdDGTYPtROOHn0nR0xJV,3396813
447,612,2,3,1,7,1560,1,3051,962157#x8TPMPVZhcMWahOISyfb74zwybT2C2kq,-4077759.2,-2276709.090,3228688.0,-178307,-3436046,922357#OmRRJPyObiAe,-2841504.2,-4121951,3219752#2zhp8IwGM,1104775.1,443640#exCcJufTQBT9vzQAS8OH3ITfVI3yzevsXjnjKS1lnRozxrLBh4sHjkDwqXcMxoTU9d,368220
448,848,2,4,1,11,1348,1,668,1927172#sbOtBMbPDpErzJSGrHlCusxCVlNaE9Tv,-1428989.1,-540942.110,1175136.0,-4027647,-4479271,2960075#bwZexbakVEM1,-3572596.0,1048302,2746638#GzyEWY10t,3734738.2,2106153#b6luRS7IpOHj5kIB5VlVz743k16uIQwQ5cMX11f3AGB9epuRjGI1B42NcL0JYvElu6,1258269
449,125,1,3,13,3,845,1,1208,1178846#AnD7tvB2lSGL7yfkaVZkpuKNVh5Y4cRE,2097310.8,594017.610,2355328.0,3454583,-1725673,573107#9o1fcGqy2wTP,93842.65,-4475328,3078744#fsehfpAC7,-2312960.2,1561836#OvFoXs39H5rxvgvE2JES8Fwvtyl7lyZZyIbt7VXyyPbJI2e81MTaFVULFTrhk0K0fP,-163677
450,469,2,1,11,5,1547,1,2311,2397805#wjpQq53lQA3pITuc0fT44uXPpeSCM0D3,-2735884.2,-2088815.740,-2066112.0,779079,-2072325,3434477#ifg6UulPkbIH,3680009.8,-4482862,2549225#fgQsjrTPq,-4176294.0,1710007#qImI1sc8BQlOtGVtDfMGb9l7IhtClEpa2pBpcc4tdG2TcGsJvsXW4Tk9Fky1OIvjOI,2284512
451,919,1,3,10,11,17,1,2899,4485537#sC4HrIQ4p0cOM7BtiGInDuOh49oHZCsc,1508166.9,2786234.040,-382400.0,233860,-4319731,3432777#2aXINBki0XNj,4233369.0,-849656,1099235#5fNThIVJU,126935.96,3349180#t7eNRkTzikCmnZn3agagsqADNhrYrMeRN5MxTGMWexlAq44iaOOZmXk4uTRwBMLDnB,2379236
452,775,1,2,9,10,684,1,3769,4496025#Bq4qU5LX4PU9COwWZgWlLBmgmE7Hi5LS,-3669254.0,4245617.380,-256368.0,253889,-3136197,558568#gvvX1xh0ddlE,693509.3,858857,2693549#EK1edNDWQ,-2266124.5,3561637#WbLsAxoTv4bkm3ON56J1xLuh7XPqqEbMWg6gxgkfeOmLcZUkusJ5wlJjir5r9NPwAI,-4024833
453,770,2,3,7,6,1026,1,808,3901350#m7k918pet1K0rHZi0JTxJmNlRT28aWTI,4273771.5,632726.750,686664.0,-4208353,-3589981,3696471#UluF9eLpAXfA,1935418.5,4097778,2545543#29gRN5Zcj,2975008.8,3408081#IosMvVs0LB4jZi5qKchQHiOdLMmmw2Co8TVQSyFzpKSGKgJRnrfmR28sZv8fZkQKV1,1368488
454,1030,1,7,12,12,6,1,1995,315936#mWgzjJ8nfbWNCqKyDp30uPir48TKjmAa,-2505617.8,3870288.440,161904.0,-1796487,4259455,3701915#v5px4tP1k5uE,-3627141.2,-1966066,1641242#yTEaAxH5s,-1388962.1,2056513#OYzmRjxAwCIgtWCaKXdo4dfdxJEtm6kN9nkXslgmnT9MhLXmgEx3ucwPjuVxDfDzTt,-1593978
455,272,2,2,12,2,1398,1,3927,1361919#gDe4ZZvc65JeIb49toIvYEUTafUT3PdO,848117.3,3161520.650,-2808848.0,-1382354,-2952888,3224110#1rzZMXR8enFj,-1904152.8,586590,3381856#ohaKlJGCs,1456662.8,1802518#D6haq58SJIEM9E7aReL44lbuMgsEfrRUFfaZkfQzAtLI9EXCUq4SMXDKm8UnGAGgkO,1647140
456,305,1,2,3,2,1629,1,582,1804466#SWR5dOecxiXbfYFzS9tTXJzuOz86YU9V,-3755278.2,3429935.730,4051344.0,-2201167,-3245508,570029#lXlcyLru7u6Q,878315.1,-194039,3384240#xA6jA4WKH,933046.0,744331#Kq4oqbYwspq2mQgzEondWB0aolQpjlqtKiu4KwpUx4nUXT6QqcjazkZlx02CpwJLMp,-3080781
457,386,1,6,8,3,727,1,1812,3280947#6bCresFrnGb777Wn59voCxFfDHa2l0Cs,-1625746.6,4465340.150,1783376.0,-1113320,838968,3030236#UCoDKSJopTXm,1964920.6,-1100291,2335783#Q9y9g6El4,-1516584.4,55141#yda53Y9uOmjXqCt9XXY0yisfP8GTJo5dE9ZkamF5LqZ1fAvb20MKA3eVM9udHRja3A,10081
458,181,1,2,9,8,1217,1,3257,1147180#jO9lmAb2mwk9kAhGGbgmV5E81lVVXCtS,-1734372.8,3381482.840,-691600.0,-2165513,-151113,2577166#v83JoetQVYrP,4249538.5,-1170664,1733847#Cl88yV8kE,4412589.5,3283677#mjbmU5bszzOwi8vVDLm3tZoM4UFZ9bp7ozaSoILQpz6O9WCjdRx1S8naFQz3YvLV5o,-1038098
459,861,2,4,6,1,1532,1,3797,4002596#JoKrF9UoiJSaJmZYjUAWh8HIcmnl2TYR,2016067.1,377247.090,4092048.0,-1383123,1700595,3243343#KGaxuvZL5Zp7,-524609.44,-1405918,1139780#glk8AWL5Y,736856.8,1859534#pjMHwAI419Lg41nYxyzvo3Sph2zkcbfLLexxNKFwWJPTWBC3h5PO13Q04HbWwhnAYr,2069197
460,838,1,5,7,11,1063,1,3773,2598216#r1DuuDwC7uWrOEbCDWlwXwgT1brspAc6,3338904.2,3886172.090,-2721056.0,-36561,2144682,4184399#fXakLecZGocz,2768005.8,-242714,2901407#hE56egdoq,1381709.5,1740285#LXjhcw5ycvzYRLvZSvwu6IeEtglW9McxVE4pKGjqOy5Tvx51u72HXr57S1grjlxk8N,1490484
461,1022,2,5,8,2,1194,1,249,1413597#xbG5817gI8cukvK6RzZcClxBnaD2YYbc,1187284.6,2074516.770,4343568.0,3116786,-1363035,1474542#dmShE0F03wxo,1768101.6,-4550181,2098070#IXBy99H7j,675063.44,1666493#KbLdrCGT7ZaaPjAGmfXQFla3fLEb2HSHITqWD9NBM5iFEmfrW7ogohQeA3RwH4rIyg,-2292452
462,14,2,3,3,1,1758,1,975,2582487#MHkt5yNFpqPXiCCzTQako0O9E0IUoWEv,4316501.0,4167057.310,-1145760.0,2104828,4309291,1501662#qISGEtdibzli,1527634.5,-1615949,2574005#2yWRUUNmN,-3989526.0,758324#q2fV60YDtOCxvuDvmuwZxKRiMPSHAP1lEtJpdkE9FAxY6rAegiqH8BMRbeGwXe14zl,-2878643
463,448,2,2,2,9,1385,1,3770,1629756#B35Xnd2Dl1ZgNAoLjCqqf28IGrNQ2pM0,4374750.0,-3179139.140,-3465104.0,3246926,2955724,962724#JweRo5ohDRfD,-3970179.8,2189949,2470133#TOQN5hBag,-524417.0,3033396#IrG3616QBsrnPGOkDjDEZtuEFlZv8AHGPeIkiKh3GJK7k40kul5IbSQUG2HQssZGGy,-3583879
464,861,2,6,2,1,219,1,1386,104296#5XGEEM1DRStrFEsuFxVIejN7TA3fzfnJ,-4155770.5,2588741.230,253600.0,3917194,-3788112,58284#FSOud1vQlJAS,3504686.5,-2992019,1979796#5MaqyXqmc,769816.7,3363535#K4TZVk1mtWUtBE42Os0rn3cGdiH0QjO5qnFramzbPMffOzzltx2r1sbKniJ78cQo7T,3299399
465,833,1,1,7,3,703,1,582,3777949#N2Gyxg5HGEE396Rv5Uopxw4mffOptBo6,4368009.5,322485.300,4254912.0,101425,4449384,2211455#StwNEZrqDNLe,-2748592.5,273721,2641657#Jt4jDxPqc,739010.25,3999745#ejph1grf60V9ufI09mnNWdzpGIF2Jlp8Nawedvyq1oq0znaJi45uj88IMabutPqEWp,2609911
466,331,2,1,8,7,325,1,261,1406366#ocZXx5Rq292AM13GFtETmGhxFSOK0h2C,-3046802.0,4036281.240,-3304704.0,-4597821,4310430,1089484#CYGHwLAMIkw1,4079393.2,-4273631,3101707#NEjWIllVM,4658858.5,4058393#51dNlx3KNwKZfICOLeUyiBa7glbXKrKMRpmVgMGEpx9w37QaPLofjfakWWss4ZZXiz,643013
467,810,2,2,7,8,724,1,2693,217787#tGnmoeh8rgqV0a2zpcZTqY71LR0gJjqD,-261585.64,-2445495.710,-286416.0,-1672480,111616,411130#vwJsTODp6I4W,2920050.5,-2850063,1790644#IY1O1R0ye,-552795.56,4021887#HlZYfp29n9WzXRctwpeYAL80GBHDGBaVXWdiQh0dTsu6TkQia1U9vne2jPDdGlZd7i,2556072
468,1014,1,6,4,11,1047,1,3906,4682845#EK8Tvvf4kItf5I3mexAoUb8tN6IE5rkB,3279097.8,-2812957.280,233776.0,4660824,-936442,4413203#jeOI9SjF3MUu,2634717.8,2494017,4214225#fgQsjrTPq,462408.53,1423537#pKw0eG8vj4xALXBJRP9ZEkxqiqOUKnUoRKNsEQc02syQPhpcLi4xZGaZRfoAV5ILVI,-1695651
469,500,2,3,11,12,635,1,1864,1637529#kJgAyak46mDa6jvLXTeFTAQu19qnnYzK,-3095589.5,1949041.090,-1423360.0,1922376,99588,3107760#SRHSfBSxwrfy,-3865545.8,4650626,4085587#ftyq8oXTY,-1930052.6,2294051#KpnGR4ZmJtixR8dd4yvpIXGyrBVuLF2piU154KIjq3qfhEr7lB8SfrB3qIMH6jKXKF,3840969
470,385,2,6,6,4,942,1,1314,2697103#VVGYdAnQCjcATUuFn9KJVHmX0resPnss,55009.58,4660904.110,3413776.0,-4092899,2118080,286777#2aXINBki0XNj,4289461.5,3467632,1787738#izHBorcZu,566797.4,1695018#Pr6KS9iUuQZuxmgi4yhnPrHCcxFXH0tYvnxHj3InjGYvrESbkAXRdBwwgq7UH0P84a,-4691231
471,886,2,1,4,2,709,1,2997,1858674#SgcYQc1smMvtxKdmYjroK9EWnBOCFQKU,-1628049.2,365862.690,-419504.0,4511259,-3892182,2355188#RQJtwztv53qV,3336867.2,-1142817,2777295#hgGDCv7g8,-1841049.0,3458514#HsOqL1iDLcW9aavpsPdt5FuWuvfulf3Qvur11lp5vQuzEiSYCFEQAK7zi1bagjrty4,-3617108
472,25,1,5,1,9,1540,1,2964,391599#SH5EDUtuP6Z7FRgOdhQauZfWTonF3XTL,3924187.8,-3870008.120,1557264.0,-3037463,2078241,3015837#PvPKo75vqETR,2641044.2,-2901122,1411989#DkjR2phTS,-1355090.0,1413688#NaPTOeGfaRnEzrzKVebPtsVP827m5SxQR3EyHTMKIqdN9gJ3kCY6IGk8wnPy7HcNnh,45720
473,1049,1,5,2,2,267,1,1692,408827#3RooczEO6SfTFtp320vRGoOWNkua0d4v,-2078559.0,-1989366.380,1202464.0,-586619,79489,2299031#tKpM0adQYnOy,1481211.1,4100310,4551409#zZYM1yXmZ,2600528.5,1547867#HK5OJd5dAN1CQ8fvH0sDXLp0kTSZL7E3xoptRJRLifrqc6QOpM3e0hxHI6wxJKy2uG,-4457762
474,219,1,4,8,3,132,1,3648,2271399#GlHjNyzXQ57uq0GgcmhhKSAF8UfWFduf,-4655328.5,3712797.270,-2086096.0,-456055,2736811,788854#YQwbLyaLbVnd,4511169.5,-4166026,2361505#elgokoEp1,-285925.25,86031#OIgUsTuDvORK80gbzz4jewWML5FLpN1pbtTNRRgbAVBB1e6fWC3blCDc1QihXglaVq,-1386085
475,549,1,7,5,9,1524,1,3614,3171955#KKxdjiSbUmHKY3DVTPwblUESHprvFlUu,4085862.0,4666381.910,-1752096.0,1742292,3102788,4077120#yYu8uOFsqP4C,2927203.0,2552127,1707962#eLU83kLgQ,2794171.8,358398#lMc300hxIUWQDfaLjYRhjcawIziA3qMireySMXUP7rn0mB8PLSGweUZyMRcQyYYxzf,-2127758
476,908,2,5,7,12,637,1,3725,3696078#XlFq9mFO5jKLMMpdk2FY19OAoiO7max9,656475.75,2712075.190,199824.0,382664,-2163547,2226879#VuCM947r8Vo4,-618837.8,3860020,757777#9GAVw3r8n,-1694446.1,560970#o0NIidWSDEntUe598salqpkGEv7OyrukJWaYrO72MMI9HUxLZtOvXOEg7b9FX9F4ih,-3260810
477,242,1,2,2,10,790,1,3557,1798145#DQWni3JfZ4ATZ4lVHefF65WLV87mn4ZN,3452275.5,582863.520,-2628576.0,-481993,3460185,2564880#voa1tuvwq3Gh,-2947928.2,-4340453,4235886#yUSGFb5ap,-1942262.6,329012#tyXVbv13jExHjrInwqiHlvxZsfc6gFJAniF0QjTvSAmiqybm9yDjYElkZ7oIg2JpJS,-2224790
478,974,1,4,10,2,836,1,1158,3232274#0oUVd6G9j0snfoqHSjyIwnsh2K8unBEU,-2286402.0,-4620427.040,-243472.0,3087415,-3100583,4070786#0SGRrDKSxks4,-4227664.5,3936715,1800826#L2en5isQm,-1850185.9,2973367#zIDSeJrnWGyJTnjioqRyPcSEBJqfsCMhI4Z633ne7sS9OuRqrTGCz6nq3dDnrYRjoo,3837990
479,45,1,2,12,10,1301,1,1160,2289822#0rst4b3CN7Ut5ByRekVG4NquRatnZd9q,-3296378.8,-4402492.530,4133680.0,4439629,3928911,3106884#JLZ4e2UON8Q4,-1655338.5,1828969,3908582#4mJjG0SkP,-2506095.2,4366361#ni1ZS1CxaQtKVDgGj4KAJnBssSd51GpOzh36EWh8PZoPz774fjQXqUrH58GCWz5hlu,-3963048
480,140,2,3,1,2,1064,1,872,3316963#iV7MUNCuqIl17zlhkvpmr7GbtvipJFUJ,-682475.75,753602.570,-632960.0,-3059538,-4373112,2197133#RsuLzk3S2AAL,1772024.1,-2694819,247382#oKPoQXFDu,-2810619.8,674862#DmX3uhKCKSyS8yDkRWWXxWPmx36pFbyqBLPcVbtCx3bJ9XBE8Cc9bVjnp2B0nJMDin,2238293
481,1032,2,7,7,5,844,1,1230,1896826#nI7qhAv3cQ9zMdnlWhtH41kwBUKUFxLI,4519891.0,-4675238.660,-869344.0,2854924,-3894130,4105114#YSHT1dm9syPJ,1423463.6,2809480,1337795#9SlILno3F,2100803.0,1004730#z0ITOhUVsd01OwYpcySURqXQr31iXoHyaxSQfCzpOPj0S5CUbhQScOPaj2bR6YKOci,4269627
482,997,1,3,6,8,1071,1,3558,2960315#cEZS3F86S2ypTo9Je5wSpfAeQusBgqKJ,-2551910.0,-2904674.700,-3291552.0,-3422483,934943,3213909#BhhKOTqBhLcy,2937422.0,-3343262,941985#ACuWMlHG2,3648731.8,1167110#vuRzza11qj5ykFBEeQgX7lp3TLQSsfHDhQO23lwWFyNWHPwzynn1v3sF3Vqn3dZSjN,-1704766
483,529,1,3,9,4,1414,1,3597,3012745#OqruAPeD5VBoeRKLSWdk1U4e6vIXkdrs,942872.3,242315.180,-1203584.0,296922,-3411361,2012088#DY18TmBz1oL2,-4010762.8,-1751358,3559917#l5vyUFOZr,-4277227.5,4192702#ECujEuEo2F6hjPwMy8ZqUqUr4ClX67FXYHIYmTat5oWxHmkiSy2YbInh8dLPeQG9Sc,-445333
484,471,2,1,5,9,1615,1,2789,1416578#weUXTOGn4cxW2ofYSdzMEgDBRG2px9OC,-4250906.0,3308839.260,-1217520.0,1598225,2140295,2985158#oHMPmIlFlIT6,-885442.0,-1304132,4559537#K7oJAN31H,-2808246.0,2663611#BATbZ0ihcFfSnw0tJdz0Zn96sHDF5W71DfkfSNuJe1UBwE8wDIqRZNgRNKydo5eomY,-2918821
485,507,2,4,2,12,221,1,49,2845521#3zc11AxaapLvr1Bb8rlFYadmHAQGYs0i,-1233133.9,-1259042.300,-3136192.0,1807701,-301499,566325#U0K9LJGFuADW,2809064.8,-4703515,3271406#BJ0UicZjw,-3015244.5,1611174#QeaDT8zXXzrMbtwjJUfcLZwctsoGHRgAViEGHgOcb86A5b1H5lKqxcP4dGIF0bmEPp,1073893
486,130,2,2,9,11,1190,1,1067,1242137#qBUsK9UcWLxf4vfJAiSSMxNVSRQ7spnV,3865805.5,2693807.680,1937456.0,2563900,3529868,447815#9ocH6ylEH6Zd,-1476330.0,-4593562,4057311#6DFl5Cr6J,-623119.06,3324163#bH41F2sCQxWLN2pxhqOCYDVOibsday3j3g3ekTm1SNNEMxU4EdWzcJKTwDOFmejQNG,4374131
487,786,1,5,12,11,559,1,1892,663727#kPdbv724hBXUknaDWzlMmKVomOgExxep,-965631.94,4180765.880,4046896.0,-2019491,2736958,908008#Sj7ZwnCrlDs1,3510301.5,4513433,790695#sabQaSx4L,1194532.9,2571068#48pmzVk2dEQW1BkazUk4WdEGsv8GTYWDcJRNVYxz0xpBfhtWbfRokQoW1PcuPkp6lq,-4501786
488,577,2,7,7,3,8,1,1145,2376653#0kFUZPGc5CwsMwTf1KSlbQwyJkQuU6js,-1716812.4,-992019.700,1100304.0,-732846,-4115503,4014919#GMJ4S7cLdo1f,749077.75,-329349,3799426#73o6KL0GM,2459779.0,2765885#GTiHX3yjF8U7H6vYUZM1LTZvJ2HVhZB0hOY4244dBcqahFSOT7L4gyRyyypeE8uqBn,4735931
489,421,1,3,4,9,1100,1,1895,1129235#R3TGq09usf7Il9PWEtYWIkRU0RbOIHFU,-3003743.5,-4260726.730,3234624.0,4332252,3490264,3677639#bSt5pnIclDZz,1548030.6,4348035,1214693#t3GOhKpWY,-4230910.0,1647662#RuKF8c7SThE3vAfjEbRrqSJDAkgG6A4rTvthMbRvLrIVmjOfJ2P66tSNEBNgO09FWO,91435
490,150,1,7,6,4,781,1,1649,3152339#PVkI7YeHMS9CiRRODty0kDvJr8u5rUY0,3970032.2,855046.900,1432656.0,-4715221,-1472004,2534808#aoCxhF93IURi,-4028890.0,-2101740,1113873#DiJn9jB2T,-3691090.8,2998290#Pd49pkGYHeYe8zmhSnoezoaWe5Xi5Bx1kRr2RmjpOkPF6yYgxrTbLHynydxa3vVMnR,893593
491,580,2,4,13,10,1338,1,2738,3033921#DdtQ2Y2bJSFPX9Jdu7sSVnFbWgB70GpH,-1546633.0,-1408351.990,-192116.0,3404679,2037534,3058265#zOyzeEimuwcN,2066791.1,2145270,1137142#HU2ZVZlit,2589898.5,1122495#DJNstVwNR8QhV7jYIDHfKhFKFaN0VDYNHvdSjGTjkXafoRZILsVR9EdkIWvQ6Pkqzu,4204223
492,247,2,4,12,10,357,1,1930,4544481#nyhzRrIMilT1LRypFQZ7ELLuLQLcKlMs,991230.3,4228908.920,2697520.0,778940,4083842,133412#Vt9jpRYMD329,-4446697.5,-4526873,398660#kNY6mlXDM,1777669.2,413126#qtDNT5ImmOFmVyh0ONaP57IjrTwaGwgvNWJ67SIxlYGkISqYJlf6t79QSKtVmS5l0F,-2721178
493,420,1,2,8,11,484,1,361,1493688#nza9cY4hXvbRvcpKRogAxuxPw87G8ffk,-1358473.4,-513803.690,-970624.0,8963,-1390334,984010#pspko61fbjr2,3258666.2,3804158,615861#NhXPCkZ2E,-2340010.0,4911001#r4gA9ZrW51ybyfR9gbSu5p4AVEwdtxsOoTHNYJ2k7bGjHGSjB0UacX1bRlaN74M2Dc,-749169
494,494,2,7,9,7,1514,1,3664,2996911#hukyalj2PR4vcrjRB6Itqt6qYpOvMBSI,-4151379.0,4818322.980,4500112.0,-1441301,1906101,937550#TdBiW482MfHS,3624894.8,4702019,4577837#MybN0dSBm,998501.8,2230025#G4cPKovlx78sABzqp1JqyfKpHa3V02C5Pm6QKEkUaKJK5NYz5C7gBCHn1mjI9PVqtZ,-3773967
495,367,1,6,11,11,789,1,3783,2340451#X3Qsy0nL9CaSJ8qF7VsU78d1yGEAeZQJ,349190.5,3860183.450,661104.0,-1683469,-1117349,4561140#1wf11ZM0hH8V,-4435822.5,1235349,2503794#uLTpHcFEr,3623209.2,4428475#SJlm10lDfjaA7sR3FNjWYVhQFZrCiHdGjiLufvjrrF9Xb9t5qQVTWNoFdW4RgWjeNe,809213
496,657,2,3,2,5,743,1,1351,234252#pyG3qg4QNzup6YmDMu6xabFJkZzF865h,-4466853.5,-4607612.590,-71440.0,-488921,3328159,4091883#fNJrVLy0r3t4,-1197897.8,3179209,3333130#hdhraYULi,-1307402.9,2667888#Kg2Z9NujPtl7BIgCgtMXQeNl9PSTnGRsa50QgGKeXhnshBhmYRmx5xkERIluzFb4Jw,3776503
497,739,1,1,2,7,1510,1,906,1068955#KKxdjiSbUmHKY3DVTPwblUESHprvFlUu,-4532959.5,-2531314.590,3590288.0,-197907,-3819771,1024583#LfN9RwJRbuAM,-3159104.2,-4583152,3579025#Ec3zCG6i8,1228775.1,492687#3ZOniw1hvdTz8ZeyG90JbViTTwhhOv9Bs6GFwRRBHW1jNubZ6doe1L5edPKT8GE1Bj,408549
498,599,1,4,5,6,1236,1,2183,2141585#lIID4qJkeOjJkqfBbUPpYjR16usLP7wy,-1587389.1,-601035.110,1305536.0,-4476515,-4978471,3290231#CIZYQfLUIAut,-3971796.0,1166273,3052228#0k6L1nY0x,4150738.2,2340481#31G23zMivZiyoThR4egTypbbutwvSbVJQZuh7Cmu5U0XuDUhrSXWsfwlhZO9bsYAic,1398358
499,535,1,2,7,9,1370,1,2393,1309398#HwEpU2QYqeVVNdOcE425oMLD86et6Zoi,2330110.8,660909.110,2618528.0,3840045,-1917223,636735#HGTir5U63F7t,104242.65,-4972670,3421565#C89yEFe3o,-2569760.2,1735712#dOWlB17qurSfA5m6iDQOXrmj7h7pAIwjb0UgNowba59fTRFKDWyT5FXFoZfariBMDz,-182581
500,486,1,5,7,6,1047,1,1958,2663739#k19mIBruBG8dDgRlil2Zgawp3l1wlKlH,-3040684.2,-2320668.740,-2294912.0,865854,-2303687,3815020#LXXDCkCm8Kk6,4089609.8,-4980740,2831892#1YNupy29g,-4639494.0,1899883#V44IxFNYSUeQe6gXYPH9zAWX3V5c1V4642vrcFeG1gDUYz79rJaKLJKX93ejplN0o5,2537493
501,744,2,5,2,10,1492,1,3878,4982340#YURYasqVr30QDWfYhGbbciWCB33jxF8l,1674566.9,3094403.540,-424000.0,259247,-4799346,3813146#qmYQQOBp5NPR,4703769.0,-942884,1220114#KCD50SnE6,140535.95,3720323#GQCbQBDMxHZFgC6zU8KFzIM619LYJ5ffaVmiZu98ZhzW1PeOfe8iXmTLZorL0SVSkz,2643952
502,1043,1,5,7,4,547,1,3954,4992752#ZBZzxFELCgVtxxCQ7lAylGGJQhmh8crb,-4074854.0,4715746.380,-284368.0,281389,-3482547,620112#gjLJHISHA4hM,769509.3,954908,2990418#BMvaYnRUe,-2516524.5,3955086#jXn0xOmq03DW1neIk8zcepF4xNjBtDyDY7RKpHSsiHxguZkarefZqpikWiAlalb65E,-4470237
503,705,2,2,3,8,770,1,8,4331059#nSJNmejV2tQFJfIjecqP4aHbh7UEFVnH,4746571.5,701718.250,762264.0,-4673390,-3985756,4104080#Txnf7f0gNGBV,2149018.5,4549023,2826409#zZYM1yXmZ,3303808.8,3784139#MGCPZHNzkt0rBAoDJLKCdsft1vAFwPrWgeoew6rDryeS6TNM4nwD7t6K8DBWXDGRk3,1518945
504,335,1,2,7,8,206,1,1285,349758#tVjIYvrUH895zdOafgBpbO7lUC0jpmGg,-2782417.8,4296425.440,180304.0,-1993396,4729030,4109062#GZ8DV3f2E4ah,-4026341.2,-2183361,1821061#P2uLWYNTs,-1540962.1,2282498#4B3TuwZCaGN2uImpKeUQPr8H9iPWRW6IiCUqxLkYClqhefAdesaK2Hb0zr6wQnW9Ry,-1770217
505,777,2,4,9,3,910,1,3022,1511048#GXviNEgupdzk6sekJa7VwWpdnFUXm5QB,940917.3,3509020.150,-3117648.0,-1535035,-3276338,3578094#jjQaIhY0eYu3,-2113752.8,650714,3752980#g0p0K6NSh,1615862.8,1999545#4Mb9JOl2dl334J5DqfD5f4nNHuboLkq0fKT5YlVxaYNMy9syGu92Lk1Ztmofi9gFiV,1827894
506,190,2,5,2,12,1479,1,1059,2002104#tRSeTOShxXlSJa33LfUd8XpvXwldfe1y,-4168078.2,3805630.730,4496144.0,-2441517,-3601033,632016#Ll1lUjjgnCyl,975115.1,-214533,3755279#BiNm4pEae,1036246.0,825463#5BcIPCpepP24aACa51g8smA2KpxCjveeYESVceFB6gOrOJKlvqEJAUeOfNeyUfgQXv,-3418290
507,966,1,2,12,12,827,1,1292,3639780#fcLX7KMTIX1A33mhG8wIKLLvD2571CJe,-1802546.6,4953637.650,1979376.0,-1236095,930930,3361629#borEj8ZlwrP6,2179320.8,-1220992,2590295#hgGDCv7g8,-1682984.4,60286#GdT2KrwpVDA9Bo9O698qLhnf9bM2QILrGV4rjTI1QDfyk161kncCwRREg6kFEn7rcs,11169
508,941,1,1,13,2,642,1,2682,1271943#1dwWSGxIMAjcGgjZ0jfos0p2ZgtX3kdY,-1924772.8,3751629.340,-766800.0,-2402194,-167388,2857872#aBIEFk0zN1b2,4713538.5,-1298371,1922743#9JE69VpoW,4894189.5,3641140#IvL2X8YS3q4Qi1EtMGHHg9hW950Q8iyUD2bUm0evCITt4YwbSrBSeNbFZiyh53SUua,-1150446
509,169,1,1,3,5,32,1,1632,4437845#EK8Tvvf4kItf5I3mexAoUb8tN6IE5rkB,2236067.2,418170.590,4536848.0,-1533129,1886345,3596212#nfbXxclt3Crk,-581409.44,-1558249,1263303#oTCCEzLke,817656.8,2061158#fbWqRBjGhrp0niLMXMJlrjCfAXECG1bACOwot0ofYUTZ6UTx0MsELrQa5joZAamC2V,2294263
510,473,1,4,11,12,738,1,2583,2879559#QpZ49cgA02YHF6yaDeHw4kvMuhnBZFL8,3701304.2,4309193.090,-3017456.0,-39811,2377932,4639070#wCnuwzj4T7ez,3068005.8,-269789,3216599#qvvq4O9wr,1532109.5,1928495#DJNstVwNR8QhV7jYIDHfKhFKFaN0VDYNHvdSjGTjkXafoRZILsVR9EdkIWvQ6Pkqzu,1652392
511,482,2,2,11,6,1119,1,3559,1565841#KrqcARxAml3u6neqRXP8Dc9jDy4fpeYX,1316084.6,2298962.770,4814768.0,3454548,-1510985,1634311#66Tk5ceyl0fv,1960101.6,-5044410,2325237#y4Ji88HAm,747863.44,1847185#y70zm184kT7t4fiMPReFqxBZyV6Q3efEVkhHCjJc7ZeNVbfWWWYKGFC7oYqMxWyXDc,-2540015
512,1056,1,6,5,11,964,1,2620,2861501#UxliNSSfxQ4UAs5SG1Hc6JcasosUJWJs,4783701.0,4617997.310,-1269760.0,2333503,4776025,1663915#v5px4tP1k5uE,1694034.5,-1791377,2852284#0eSQFuX8O,-4422326.0,839762#OEV8uhBBF341ZEhADEK60JFmg5MywrHJI1NSnvJnqbqwWVIjxKuuZjHANzn4R2C3gD,-3190500
513,498,2,6,11,4,1697,1,3340,1805167#4vBsHUppuZNrAyPQKP7LWNTmYgrurxDQ,4846750.0,-3522507.640,-3839504.0,3597831,3274199,1066515#klHDgG7ZUvH3,-4398180.0,2426879,2736404#IZdBpdtiY,-580417.0,3360351#c94d7ylPhStlRCoQlL5rdmh7bHf9ieoeRFOhP9lqMSpZDjHvLYrgOgB7FGyf1sCakq,-3969956
514,553,2,4,5,5,1682,1,3856,115282#q4AUDALu9TREBdqdnnRVYk7RywtLmqek,-4603770.5,2867135.730,281600.0,4339456,-4197012,64129#PcRbqEJ1NL9j,3881486.5,-3314835,2193125#o5DLucsi9,853016.7,3725660#K6mkXH2G5MvWlF5MErhQ817klcjYqrWkHWBg2TkhMqmjTXZXGlvn7HAxr1voM9fW2X,3654263
515,968,2,7,10,7,16,1,1912,4183620#cYv2c3ecLRPJz7ZBSM98eMECnNbj9rE1,4837609.5,357104.800,4711712.0,113300,4927841,2448701#AZfvgXFwC5ak,-3044592.5,304012,2924893#bzgRjx3dG,818210.25,4429087#YTBPQnKhTdx3QEomHR19HA07iw0bONaEAHiKS61LQPz1U0nKAj5cWKXGu35WyU21GU,2890105
516,181,1,2,5,3,1350,1,546,1557250#lPeStRSYqpQyG4qdgbNKYP0DZvSZbE4S,-3374002.0,4469920.240,-3659904.0,-5091146,4773267,1205558#piTRDibYmslF,4516193.5,-4731469,3433614#m1BYGkSU4,5158058.5,4492791#D57MkAZ6EjjbG8p718l5jNW5FMd9PK9eSvsx1lRQ0vAALJUNfCLWI3SMCwPgE6yarV,712503
517,330,1,4,9,7,237,1,1954,240914#2Vs7u04VdqPqrt3j4yzPavCEZeuDbwuz,-289585.62,-2707425.710,-316016.0,-1850480,124266,454522#0wlM4zAEtQs2,3233650.5,-3154956,1981733#QwLLUzuzw,-612795.56,4451953#PhQzqjoFKy4gMhvXq97n61I0DhgDPwAlvNJgKuQqy89LWAChOs2DuSQfjOKjwDOlNR,2829095
518,59,2,2,9,13,553,1,3848,5182619#u1MEFzUR97ioPONKR2OOTNt9B25XXihv,3629497.8,-3112522.280,257776.0,5159599,-1036885,4883914#4UZGOZlk1kjQ,2915517.8,2759425,4663876#wK2lqN3PJ,512808.53,1575026#D8N7VklITDnVkOV90Vq3OoqRllQJwv8YUzo1zYAYbuxnVV4P1hpzPkej1kJE12Npq9,-1875862
519,240,2,4,1,8,585,1,2884,1811128#aAXO2QLOJuIQhXEUTnsjtiK13TJLtAv4,-3425989.5,2157837.590,-1576160.0,2126515,111257,3438626#Dd92qX6kfJtk,-4276745.5,5145916,4520901#3yNzrMF9x,-2136452.5,2538520#CMoca7wUmVqQvoIqqMBY5WQjPfVNVeQ9C2uKiYZbo3rp9gc6RDxic6PUbmbSnXGSsn,4249731
520,520,1,6,6,6,1542,1,3444,2983044#7qHIkgwU918R6M596cZWkc99PfF9WJRt,60609.58,5157139.110,3777776.0,-4528437,2343005,317018#i7jyL85CLVe4,4746261.5,3837336,1977584#EBrC5c1Xn,627597.4,1875279#4YWYZCEnAG6wllRXPLGtGIbHxXQGJI6zEnTRrw4vQb34GYakrgS75a2I4kqcc3PkIz,-5189668
521,269,2,5,1,11,334,1,2537,2055679#jy76N5bZhIQzYwSdU3vStprHDz6sID5q,-1800049.2,404773.190,-463504.0,4989359,-4305132,2604292#Atq9OuOpOSv5,3691267.2,-1264099,3071630#9wGAvaSo7,-2035449.0,3824901#4sGc45qg4X3ESEDJ9ZiJzfAB1PcWeHIwp7a63WQV99xcIObBY2Ce80oGpV9R2Nxtpd,-4000134
522,740,2,3,2,12,28,1,964,432796#NCpW3ivAVKsawYSqp8HDmTyNC0A7pQUo,4339387.5,-4279515.620,1722864.0,-3358288,2298291,3334568#gvvX1xh0ddlE,2921044.2,-3207526,1560665#EkJuQZJai,-1498290.0,1563346#0g9v2MSmuqQONgl6Jr79sXONCcQIprDd2oqpHTmg9y96TSGZKHeFlTeBnRQ4uOO882,49610
523,877,2,6,12,6,1267,1,977,451531#WGzfR5M9s8Xg1o75hx8ZzbrcpgG1LLRu,-2297759.0,-2200343.880,1328864.0,-648844,86964,2541190#tv7lOUq6MAkF,1638011.1,4533610,5031860#nWb1BcoHy,2875728.5,1711100#WqjQpAd1RYmpSSyimQPsAlcQXexF4AM6nzPMd3B9PJvILSdYzQqj2hbNu8lf3uFA1H,-4929533
524,413,1,3,13,4,632,1,798,2510337#bgLhbBZA6RxQGUPjjrBuHMW82Ww0jNEx,-5146528.5,4104474.770,-2306096.0,-503905,3025061,872060#3bhGaD0Dcfs6,4987969.5,-4606065,2609801#WGa8BA6pr,-316325.25,95075#eJ8uh0tVw7iGD2XvsILWkEUxQbaeT62aAoXMqACaqmVP1gev5yJkwoTsIMJeQovnZS,-1531360
525,319,2,6,7,6,1749,1,3604,3505380#mIisUX9KgRO9RfqFi5kJn0MkinkdU1WY,4515462.0,5157225.910,-1936096.0,1926092,3430331,4505336#AAoDeg96bS6W,3234403.0,2821519,1886974#s3d9RKEpp,3088571.8,396120#nq84jcJI56CvWOLI9P3zSd9ALtSt3q7Tlmd9envIiSqH8D8bi5aKqd9adSYnHxaRxe,-2350790
526,883,1,1,4,1,775,1,472,4083743#wFRSiDwbm4xCP0N0odsoCuePfRyxvvre,725275.75,2997959.690,219824.0,423834,-2391378,2460585#g52Pjiqax9xP,-683637.8,4265624,837334#4GCQe3Qzt,-1872846.1,619077#X9x6vEhqPCOzTc4ITuAIeF8SXH3Sqbs81YBl0472GUzuYGNe4Z3gTJXxqy0wVsED1S,-3602441
527,472,1,5,13,4,340,1,17,1985761#RFQaRHBmWgnURvWbLdMrB4uijfVMnSLQ,3814675.5,643125.020,-2904576.0,-532839,3822977,2833499#4zwnmiF6EkcZ,-3257528.2,-4796468,4679759#ed9UuqI4D,-2146262.8,363090#rXBiZBoW8Lkv6T7xIhhv9shxAufWbVFrMu12Nyp8XFFknV5TwSPc7hZznMSjGSI5YV,-2457845
528,874,1,7,4,9,1224,1,106,3570087#2H2UV8BFYDebHxN4DHjirkFV1I1GObwR,-2525602.0,-5103676.540,-269872.0,3411278,-3425283,4496034#4MT2QWbhqnkE,-4669264.5,4348638,1988707#NEjWIllVM,-2044585.9,3283908#vNg7Nxbo9aK5UL7cjIK7b3QS17DL5EVZKn3u2XuYBh9vaHMKDUuslgfZammEPX7Tvh,4240012
529,144,1,2,13,12,1732,1,745,2527909#3pySGAgF4iPwzEaVoUyoHntu6myP6GCA,-3640378.8,-4862327.030,4564880.0,4902129,4338661,3430870#uPM2186t7Zh8,-1828138.5,2020365,4315715#rwmIZhdRY,-2767695.2,4821465#sZ75HDhaDVqrqBpkFygWbPcIhYLgEKsRkovSNCMihfAAFY09yuFAw5Yvl8E2i1jmbQ,-4375754
530,773,2,6,5,8,664,1,3713,3662317#6Z1xqQaCxXxUB59uFeh6dGee9qIcxrG0,-754475.75,831470.570,-699360.0,-3378788,-4828187,2425073#6fUGXcHdhfLf,1956824.1,-2976451,272487#zlx30uv91,-3102619.8,744604#1zp3FTLAueBiLn9ND9OqFMhNRSSRVVX1vME4sZVhU8ou02fc31krdKchxchZBzEitx,2470465
531,222,1,4,6,1,394,1,1135,2093657#YdtfuNpL6pEZOdsBt3WInFEY0r4dRzgF,4989491.0,-5161369.660,-959744.0,3151780,-4298080,4531006#BbcWpny2iwy8,1572263.6,3101125,1476825#Kw8gU96s2,2319203.0,1108701#2Y8A4DvGsEgoyVEYYKmQoyUqfMPTlfdlV2MPcpCLd5ZaLK75LUFkQVUPtaOISY5VYI,4713694
532,477,1,5,6,10,1546,1,613,3266406#Ss5AawWsdkOz5rg2arB3RlzG09Ozg05b,-2817510.0,-3206731.200,-3632352.0,-3776908,1031768,3546298#eiQ9uBp5dO5j,3241422.0,-3690954,1039186#RqFJhyyZj,4027131.8,1287428#HeKsJwfGgyCbRkCUi9oboCsxrrUwn1SdcDpuSngRwSJMowCpboFvZnjsqprrwerush,-1881001
533,954,1,4,11,6,539,1,2454,3324546#D8TVfQXy45FeVXyGVMnBO4nUb9UtYHFE,1041272.3,268172.680,-1329184.0,326722,-3763661,2219662#qISGEtdibzli,-4426763.0,-1932893,3927746#3ZdVwhTOD,-4719627.5,4626057#BQhmC1BTJDcgBmackdCIcAFEETLIYwYNdsOuL2BCmbLSYXMbe6B2viBqg12Nzy4k4v,-491592
534,953,1,1,13,13,1440,1,1114,1562789#LbyifvaCR8oi2GP8rkTrSSGXClRcmkxL,-4689306.0,3650619.260,-1343120.0,1762313,2360670,3292665#thYdtsL2Ye4J,-977442.0,-1437846,5029885#NdTqk1fnB,-3097846.0,2938739#fK7UOIaE0jam2vooKw48b9k4yFw98XhfLblMqKcGR3WTmdFopLtLGJ0j6aFGPgn9bj,-3219863
535,237,2,7,5,3,1080,1,332,3138632#OZiHijINTzyue4bH9xJxsDKltnvWQL1T,-1359533.9,-1389421.300,-3458592.0,1993801,-333174,624137#Ee28yaS4gT8T,3099464.8,-5187898,3607948#ZYlBGMU8V,-3325644.5,1776829#9mv8Cm35JDmqUf0qUlP5F8ChOhgaRFkCtUy2RtbPwVcd9MUKVuDSiXyaKiYWsnQvl0,1184832
536,395,2,5,3,3,1690,1,2055,1369535#qIzOEsjTkE8GGAUyihhkuDHjM6XpM2SQ,4263405.5,2970018.680,2137456.0,2827250,3893243,492898#x0h5P1Yjk1Pz,-1628330.0,-5066189,4473901#3yNzrMF9x,-686319.06,3665712#dOWlB17qurSfA5m6iDQOXrmj7h7pAIwjb0UgNowba59fTRFKDWyT5FXFoZfariBMDz,4823836
537,656,1,4,11,5,1659,1,1962,731717#Qf4vvYsoE9gpNQfgUGCjVQ4zRDYAs2Br,-1064032.0,4609214.380,4462896.0,-2225928,3018733,1000607#t2rBA2WVbEdx,3871101.5,4975824,871186#RqFJhyyZj,1316932.9,2834376#OZJfw1PHbrsXRMWLRhHF6At49qqznzPkpW4uCqbyiXWDUrjEF4i7SaYde7zGhBePin,-4963324
538,529,2,1,8,5,1008,1,555,2619470#lHJppZJVRbuf6GbBPYveNGweS2XlgzcF,-1892012.4,-1092748.200,1212904.0,-808571,-4537053,4425578#pEsfWXLJAIc0,825077.75,-363822,4188556#IS5B41Xkv,2710979.0,3048984#M3gJg43FwiVDeQ7vOQU7tZk1jFYowwkWJrl3uk86rbnM2Na3zPdOCxd5Ys7k7viyCU,5220623
