1,1286,1,1085,1,2,6,2,-8017,4025,-1204.55,8061#iSma024qtU1pvL,704,-1753,5916,-5077,12173#P5MNCc2oSOA9Yz7PrI
2,1460,1,1066,2,4,5,7,8283,8580,-9643.93,15321#dXjZxKOt5GImwa,-13386,11687,9075,-22435,11496#sBfnzJjygAfcsnus7P
3,1363,1,321,1,3,6,1,-31622,20524,-30179.39,21487#besTlHYXFqGCUs,9367,22100,-16396,5049,17834#0nKh6EJ7YAtcZPxFQH
4,231,1,990,2,1,2,6,14501,44282,2803.29,12577#nN27lCFHIAI7XK,7840,2987,250,-28491,27721#yGllqIdPhHvEFrHTE5
5,1669,1,150,1,6,4,9,51680,-32925,24913.58,17354#wexKUQsGKWE0aH,-24069,6333,-9277,-4396,37407#tNayoKjY4kRxAt0qI2
6,1040,1,864,1,4,2,8,41628,56262,-7336.66,58275#wtirLCtNFsHwq9,999,-14835,5372,-41293,34175#jEQPsV4hAt1UwHt4Ms
7,1022,1,1154,2,3,6,3,16063,-24457,17894.71,18411#pqURxjQwDs9smH,26492,18543,18166,-56487,27511#ZFT58kRa75IhvMtn01
8,31,1,857,1,4,1,8,-51586,67032,-62342.16,76106#2fjAES4NFJn0eg,62714,-62537,-77562,-19303,7993#Nd2wqEn73qoABKXDSG
9,319,1,86,2,2,6,7,46164,31794,-63612.04,36449#bUE8SIAAycUtuN,27615,-50603,50731,-13171,74537#nCuf0FiX5C48HHYSQf
10,1501,1,91,2,4,3,9,-22021,44737,-2717.23,5381#vbekr06GoglbzZ,-43956,34193,90510,4486,88267#zanBmgPwMNyvqXfpSa
11,972,1,324,1,1,9,8,27763,-63145,80029.62,48156#NhRAgSQlXIF3zT,-105399,-88658,-53748,34170,75023#NSH3LMBmr2NQt2dlOp
12,693,1,98,1,6,3,2,29603,7965,-65491.53,67634#uu5As8dfc0wxTD,7709,84603,105323,-92864,93035#jzYRw82sY5J7BjiOof
13,567,1,570,2,1,5,4,118169,764,-60930.26,18842#c67d1xg2RKoY37,91821,17746,57456,71763,9447#UGlvfJJgyL7NQgoZrn
14,1281,1,890,1,5,3,8,-16140,-138889,-198.71,137143#PfTp3y1T2YN5cr,141258,104080,89425,127984,65104#6JOSLpCZsygcu7Glmo
15,1235,1,247,2,6,4,1,27225,-35290,122085.61,152681#DKofMpFhTdLH8d,-132385,30185,-129189,74708,45593#A8oIfgSm88lGBm1SJs
16,362,1,1073,2,4,5,7,-123983,79928,-57316.78,22069#hmFmiNN61V1Y8S,-47253,89869,-62018,-75156,38846#dPsRmewYvlPfdZyUVR
17,1247,1,497,1,3,6,4,19550,-110401,162610.87,136158#hg2NlYHiYnFk8Z,-43120,35612,-93536,-4363,117483#sl3xC7hWBCwMZOgXou
18,51,1,79,2,4,1,4,-46607,159668,-76248.45,131826#PCXGxFUz6YnBWs,-99970,6215,26988,-107052,172341#a4fDKbSPP2k3XWQzJt
19,654,1,615,1,2,3,1,-9062,162194,-38100.08,10792#1uSrN2Zml50Iyd,-178415,13539,188593,-29350,195882#cvwz5Mm9GrNhks5mcC
20,1242,1,313,1,4,6,4,30666,-24144,38847.77,174896#Ps9SNBvy7Uut4t,119574,177704,-154050,47479,123492#g1GVW9YCbTP44fZxeb
21,296,1,738,1,3,9,1,-42226,25285,-8711.4,62946#qYCpNkPTM5qFgo,-22344,131758,-134926,-144885,41435#GkQXoMmocmVVBrjhOo
22,746,1,764,2,6,4,7,52152,146161,7621.8,81641#Kj58rpN9fzwdgU,-171967,29127,7890,104228,164734#xN3XRgAeC592q4UHzR
23,1332,1,1158,2,1,5,8,119979,232324,108880.5,165146#8S8PPIGbT1gPF2,-19981,-114520,45143,194142,81419#6aPyHnMAT5dnLcF1Hx
24,1223,1,831,1,2,3,5,-68392,54973,205085.34,192217#yGYLcAA7Td5KTP,-34596,29439,-145244,-76468,95269#1VjSM9wyJTz7X435gX
25,1110,1,165,2,2,2,4,34219,9260,104816.38,210373#16WbLwPN8BTJTM,-144671,-114402,44709,174650,183555#gOeiwYaYuAtAFVXloy
26,748,1,29,2,1,6,8,-54833,-40691,61457.62,148055#lYT5i8CGCN6UVS,-79491,-227658,152755,-78254,168987#j47aKFmnyxHZhy1kwS
27,196,1,139,1,2,8,7,-27245,-98671,-122934.98,45873#ORrEXFPgK1DdFf,-30990,115411,-120623,-200136,220000#e3pQ63d57OmC1xPOSr
28,1425,1,1194,1,6,4,8,196025,80119,-263814.11,182873#ORrEXFPgK1DdFf,211768,95209,22740,120123,104374#5lsRNpv8dTjJiwq6Sb
29,1385,1,521,1,6,1,9,-229723,249886,5005.86,184732#kJ7ADO1l5CVSOm,-30569,-221373,-115055,-88312,280451#ASQUIqskhgiaBd5yan
30,775,1,268,1,6,1,3,5263,-202261,121573.04,163191#ycjqcc0CqFk7Ac,94172,-38628,-254873,129192,100508#OEN62tCWZrH6KB6jVA
31,622,1,242,1,4,2,6,-227175,131821,229179.65,142003#oZ3lMF8USD5idu,-18459,-31746,130522,-67749,281459#I2SaIK1BQd50YRyueL
32,1254,1,540,2,6,3,1,309748,-114887,312461.65,324875#mWb3cV5wzXuAj7,-69036,181919,-21370,259193,307705#gZklagmmcKkMLFrIoi
33,345,1,190,2,1,8,5,322202,72194,85712.3,13781#yaErIGoCgXikFB,140085,-218622,-37041,8082,33985#pzCiVfIZuJE49UFjAF
34,512,1,330,1,2,9,2,-99934,-87799,143171.26,233744#Yf5tSIADIlkZCQ,318508,185205,305683,-114852,138217#RMwV9FEnIQ8e1YC9JO
35,703,1,806,1,1,6,2,-249574,-153415,-249592.99,208389#34l4DHPVUf11aB,348390,-343554,-187903,-270599,325840#zlNgQoRaNlteTijUVF
36,1553,1,308,2,4,1,9,-253947,81242,342431.92,271559#ngJWzKMnaftG2L,-41535,-352822,289275,-241646,30780#tIzyNfZhtpVuLkyuES
37,442,1,270,2,2,3,8,119814,79522,211031.06,238466#OmCZIxwtpznbVv,-150338,-220958,106203,327987,136738#Mc9skLTampnBwuwBeO
38,1732,1,501,2,4,7,7,-71023,232806,-157406.81,150609#Dn1IelfowVIrJw,289093,305718,176404,-285412,153531#PpjeCnyyYcYrFE0qzD
39,776,1,1067,2,6,9,6,-35225,4754,41575.84,373913#71FOT3wzCsfei2,363264,-291323,381110,-184820,79597#CN3POthMzLj0dj5bX9
40,1687,1,56,1,4,6,9,269448,-268754,-133162.03,230479#mZBfw3Pyy6Xce7,391280,-313675,-256988,-384350,384085#tp4Q07MRszclqsXo5T
41,1424,1,479,2,3,2,4,374914,210938,195870.82,195797#1c3902sfzhvhzj,-58379,80830,-224148,-356704,350894#1OgQdXldpTP7Qzt1rS
42,1710,1,119,1,3,5,2,-154159,-268253,-157615.13,194118#yd6HZVdioYQCAq,-97743,304827,183413,-139407,338992#yiu6uR3sufFUGEAjMa
43,1172,1,1019,1,3,6,9,210586,-428312,-131387.86,125268#BCdqjhDPY6XjBe,140507,-338452,309657,297877,316713#rs2DAoENayDOaKRvHQ
44,802,1,949,2,2,3,5,164488,-397031,185598.1,91819#CjvTORXSLNCxZ5,229097,49322,323376,-394012,87248#TsTNeRdnz7QfpWGN8o
45,769,1,387,2,4,5,9,370996,-128663,-68426.51,294255#IxwNiRMdiosGQv,269658,440312,-130103,261504,139856#ZgAOZOptLHdJTm2kCE
46,1154,1,469,1,4,9,2,-247768,23029,227000.77,444414#Q9leTXjZL5cNOA,214553,-299837,-149839,303136,439464#6YFmT8NtILJByw8PlT
47,1123,1,164,2,3,3,9,409067,-230978,157873.06,67270#VB9BYYJZKtDYdH,-187494,-153718,-424794,-388962,78812#tdadXnxQKXIr04K28t
48,887,1,372,1,3,8,1,-245521,357908,-325620.72,443535#P01SFhIz97s7nu,135889,-372527,32001,282293,377651#7zZhPzMuRPHhN4VZo5
49,1471,1,891,2,3,3,8,-99906,249792,156702.12,125247#DGjMs9TtkB5QCK,-253735,9181,76,457558,168658#fC0ME0qp7qYzWtlZpD
50,1746,1,981,2,6,7,9,124556,327596,440.76,191880#pMl0BKRNbiKtdf,-303692,159160,-234327,362022,343692#ZL53wmkXZeX5PFBpcG
51,11,1,111,1,1,9,4,61638,139182,210795.45,190660#dX4022KTF4Z0ti,293604,-454153,493616,97922,191085#tp4Q07MRszclqsXo5T
52,1085,1,481,2,6,2,1,313583,230375,-131243.93,181111#pN4uwCmxa0x2YJ,-371586,60287,-13724,-341335,164970#ZaUzZmyJFGfrP2MN9c
53,1088,1,277,1,1,7,1,-502522,475397,-451779.39,344669#fGb9r7zYPEUHH8,215092,443700,-289896,170399,273441#sxSW9DZLLnXS7zwa5t
54,806,1,689,2,3,7,4,260401,539290,73203.29,96430#yxX6SxmtD44Kft,230090,-26187,-29549,-493691,319109#7MNX34roeqbFpDkUeq
55,1369,1,427,1,6,2,8,535530,-320581,349713.58,121250#7W1TNV3miJV9xq,-289169,139683,-68377,-118033,314012#LuElUSUttFRG6a6l5I
56,1565,1,299,2,2,4,1,343928,506322,-105736.66,508793#N4qV8NGkmpdKid,31299,-175535,-13327,-376280,246604#b7ktKT63xocDxhm2GC
