885,1,1,436,2019-09-15 16:32:46.000,3690143,-4501586.600,-6435455.0,-2914354,-6279267,-239721.2,true
886,1,1,1647,2015-05-29 23:06:30.000,6480677,-4558997.860,-7945088.5,-210223,1320235,221837.7,false
887,1,1,880,2015-05-13 08:35:56.000,7209655,-7868084.910,-4992833.0,2253288,-981187,414852.3,true
888,1,1,325,2020-01-19 12:23:44.000,558679,-3495585.640,3020187.5,-8584987,5367423,-108892.2,false
889,1,1,356,2011-08-06 03:37:23.000,-3818875,-5356510.330,56588.42,-4346526,8513431,121608.4,false
890,1,1,1575,2012-03-30 09:12:39.000,2891956,3732617.600,-1559914.0,8340294,-3920618,287388.1,false
891,1,1,867,2016-09-20 03:21:46.000,-3985838,-5981411.890,-1514951.4,-462733,7193075,370093.5,true
892,1,1,235,2013-09-18 04:15:04.000,-2579540,-7080989.040,-8255699.5,2155293,2069878,-274502.3,false
893,1,1,354,2016-09-22 15:35:32.000,1290327,8246907.070,137602.14,1343379,-1834928,-346836.1,false
894,1,1,431,2017-11-14 09:44:09.000,-4639023,869506.200,6316390.0,811375,-1142524,193019.1,true
895,1,1,1360,2012-10-02 19:13:08.000,1661143,6537402.000,6314751.0,1958559,-8169381,182776.5,true
896,1,1,151,2016-02-16 03:44:58.000,1301243,-1730391.790,1424559.0,8630157,-8580055,-93950.0,true
897,1,1,763,2010-11-20 09:46:27.000,1978765,2198748.460,-7828529.5,-6995260,-8069679,34440.8,true
898,1,1,814,2012-01-31 15:15:39.000,6325732,-5156544.140,2410824.5,7815976,1664131,-57307.5,true
899,1,1,326,2010-06-30 03:12:50.000,5357494,-6978054.590,-7440940.5,794479,7499540,303191.5,false
900,1,1,1363,2019-12-21 20:34:48.000,7598377,8943866.500,-4054939.2,-8533580,1601857,22668.3,true
901,1,1,129,2012-06-16 15:30:29.000,-5493987,676867.640,240080.66,-29546,3471936,-379981.3,true
902,1,1,184,2010-05-20 16:09:42.000,-5523926,3959034.820,-2333384.2,-893351,-5965854,311236.8,false
903,1,1,714,2011-02-28 11:45:00.000,-7329432,-6266651.230,1957445.8,340097,-9013311,235879.5,true
904,1,1,520,2014-06-03 04:20:31.000,100973,2396717.700,1118841.2,3899649,-2637079,-71734.5,true
905,1,1,1573,2010-09-30 07:40:51.000,-8706172,6221728.250,-8363476.5,-3939904,-9000574,400241.9,false
906,1,1,606,2012-09-10 09:10:52.000,-8074351,-8957284.060,-8702923.0,8183713,-5556656,-143888.7,false
907,1,1,727,2017-10-24 04:20:34.000,-6216733,4187041.290,450245.97,3758618,-5198968,-243546.6,false
908,1,1,424,2019-02-02 23:24:45.000,185181,-2418133.990,3711414.5,-3751613,-3748485,-132798.1,false
909,1,1,1466,2020-03-03 19:28:52.000,4204479,6593781.420,-7861979.5,-6046432,1129967,351705.3,false
910,1,1,400,2017-04-05 07:56:25.000,-8121587,-4390077.300,2159869.2,-2576968,3447781,158693.9,false
911,1,1,1751,2019-01-21 22:26:51.000,4340823,-1740139.980,-8824944.0,8061436,-1442637,-459087.2,true
912,1,1,1439,2010-07-02 05:17:05.000,2963211,7428267.090,-7859018.5,982145,6065981,-262373.1,false
913,1,1,641,2015-08-23 11:24:29.000,-2177370,4456393.380,3638855.8,8418201,1339152,47385.5,false
914,1,1,233,2018-10-03 07:30:11.000,-6399945,-6032757.120,3387824.0,-7186602,-4525389,282192.8,false
915,1,1,350,2016-07-17 22:45:19.000,-9027699,-1704910.520,-1473425.4,1610599,-5237720,254277.6,false
916,1,1,1255,2011-09-25 22:22:58.000,4005193,2809291.870,4521996.0,-6187744,3489796,-321468.9,true
917,1,1,1268,2011-12-14 15:50:20.000,3427701,-2762332.010,974317.8,-4607759,7464941,-172876.9,true
918,1,1,517,2019-06-16 19:24:21.000,-7012236,-2103192.140,7577124.0,-8838930,8794742,107622.4,true
919,1,1,1736,2015-04-13 17:54:48.000,314331,-4343349.650,4712134.5,-2952562,-2964058,147053.4,false
920,1,1,9,2013-11-20 05:58:28.000,-7933443,-2384637.750,122777.2,8231692,-1974101,141621.7,false
921,1,1,1216,2017-09-24 18:08:05.000,7006729,-6406474.610,1506173.5,-2827120,-9124951,298694.1,true
922,1,1,1504,2011-02-23 07:54:34.000,7856625,-217494.840,-5498388.5,-7406921,8428097,413834.1,false
923,1,1,1433,2016-06-02 20:24:09.000,-7803449,-3155010.980,9207002.0,-4753877,6261338,-370949.3,true
924,1,1,620,2017-03-28 10:11:46.000,-866997,6609560.930,4135441.0,672262,6497583,165455.6,false
925,1,1,789,2013-09-16 23:06:20.000,-3806844,-6815646.750,-7576281.5,-916846,6544140,196865.9,true
926,1,1,1590,2020-01-11 15:40:53.000,-2566821,-2136467.340,-1268786.1,6047919,-2233071,208664.4,true
927,1,1,844,2015-01-02 13:35:10.000,-9137591,1601420.070,-7152737.5,3158942,7215477,331313.9,true
928,1,1,905,2015-05-24 12:53:48.000,6845731,6229207.460,6182653.0,8860713,-8227497,-331514.8,true
929,1,1,887,2019-02-13 18:39:37.000,7160643,3056166.080,-8118823.0,-4754866,356464,-67406.2,false
930,1,1,1472,2015-09-04 09:13:07.000,2520059,-1969903.030,6836787.0,8473497,6471743,335092.0,true
931,1,1,1127,2017-09-13 09:56:47.000,5327852,-8754628.260,6944412.5,8753054,1401315,-440818.6,false
932,1,1,110,2016-07-01 06:10:24.000,1644685,-4631674.260,3672995.0,-1627558,7221105,374918.1,true
933,1,1,583,2011-12-12 00:47:24.000,18257,-6968831.480,5786935.5,-1946633,-3757926,226769.0,true
934,1,1,1074,2019-12-16 00:09:44.000,-4822809,-9211963.250,1455469.8,-2306868,-8669822,458143.4,false
935,1,1,86,2019-09-25 21:42:09.000,3898355,-4756024.600,-6798655.0,-3079185,-6633487,-252760.2,true
936,1,1,160,2015-09-05 11:24:23.000,6846277,-4816237.860,-8393889.0,-222273,1394844,234089.2,false
937,1,1,280,2015-08-20 21:59:53.000,7616005,-8311556.410,-5274433.0,2380613,-1036271,437927.8,true
938,1,1,350,2020-01-22 16:09:10.000,590129,-3692249.640,3190587.5,-9068137,5670031,-115385.2,true
939,1,1,731,2012-01-30 14:21:13.000,-4033775,-5658283.830,59788.42,-4591326,8991752,128380.4,false
940,1,1,375,2012-09-10 15:04:55.000,3054375,3942122.100,-1647114.0,8808644,-4140956,303760.6,false
941,1,1,1617,2016-12-01 02:34:00.000,-4209575,-6316788.890,-1599751.4,-488233,7596807,390315.5,true
942,1,1,691,2014-01-30 09:32:48.000,-2724440,-7477545.040,-8718100.0,2276156,2186084,-289526.8,true
943,1,1,642,2016-12-03 15:17:54.000,1363039,8709181.570,144802.14,1418904,-1937423,-366565.6,true
944,1,1,806,2018-01-01 18:22:57.000,-4898373,917683.700,6669990.0,856850,-1206554,203358.1,true
945,1,1,1572,2013-03-06 09:16:55.000,1754143,6903162.000,6667551.0,2067847,-8626096,193090.5,false
946,1,1,1051,2016-05-10 21:00:07.000,1373918,-1826830.290,1504559.0,9112220,-9058932,-98749.5,true
947,1,1,1638,2011-06-02 04:56:40.000,2089515,2321668.960,-8264529.5,-7384927,-8519516,35937.3,true
948,1,1,439,2012-07-18 17:28:29.000,6678395,-5444128.140,2545224.5,8251226,1756698,-60516.0,false
949,1,1,1001,2011-01-18 13:16:06.000,5655469,-7366025.090,-7855340.5,839004,7916495,320306.0,false
950,1,1,763,2019-12-26 16:40:48.000,8020040,9440391.000,-4279739.0,-9008097,1690296,24347.3,false
951,1,1,429,2012-11-25 11:32:12.000,-5799037,713949.640,252880.66,-30946,3664101,-401574.8,true
952,1,1,1284,2010-12-12 02:31:34.000,-5830526,4178200.820,-2462184.2,-942651,-6296217,328465.8,true
953,1,1,89,2011-09-05 21:11:45.000,-7735132,-6613521.730,2065445.8,358472,-9511864,249419.0,false
954,1,1,445,2014-10-02 10:33:34.000,106873,2528732.700,1180441.2,4114899,-2783156,-76036.5,true
955,1,1,1773,2011-04-16 20:05:09.000,-9187122,6565100.750,-8825877.0,-4157329,-9498213,422672.9,false
956,1,1,906,2013-02-15 05:09:51.000,-8519614,-9451784.560,-9183723.0,8635188,-5863749,-152020.7,false
957,1,1,1252,2017-12-13 11:42:55.000,-6559767,4417877.290,475045.97,3965807,-5485346,-257360.1,false
958,1,1,574,2019-02-26 10:05:42.000,195587,-2551010.490,3915414.5,-3957863,-3955283,-139785.6,false
959,1,1,741,2020-03-04 11:41:47.000,4435266,6956225.420,-8294779.5,-6378807,1192076,370599.8,false
960,1,1,1425,2017-06-06 11:31:24.000,-8568012,-4631226.300,2278269.2,-2719052,3636922,167759.9,true
961,1,1,1501,2019-02-15 03:48:23.000,4579098,-1835870.980,-9309744.0,8503511,-1522058,-484343.2,false
962,1,1,564,2011-01-23 13:37:07.000,3125961,7835345.590,-8290218.5,1036132,6397998,-276719.1,true
963,1,1,1560,2015-11-28 02:43:09.000,-2296620,4700581.380,3838055.8,8878826,1412360,50128.0,true
964,1,1,696,2018-11-03 01:03:56.000,-6750545,-6362286.120,3573424.0,-7579252,-4772954,297987.8,false
965,1,1,1375,2016-10-03 15:43:49.000,-9521274,-1798244.520,-1553425.4,1698624,-5523398,268182.1,false
966,1,1,155,2012-03-24 00:01:57.000,4223981,2962357.870,4768396.0,-6525769,3679883,-339316.9,true
967,1,1,534,2012-06-07 07:01:08.000,3614385,-2912908.510,1027917.8,-4859159,7871913,-182687.4,true
968,1,1,817,2019-07-02 17:15:24.000,-7394511,-2217252.140,7989924.0,-9320705,9273495,113325.4,false
969,1,1,598,2015-07-27 18:08:52.000,331518,-4579118.150,4968134.5,-3113148,-3124968,155562.4,false
970,1,1,834,2014-04-04 04:14:26.000,-8364318,-2513902.750,129177.2,8678798,-2081768,149766.2,false
971,1,1,1487,2017-11-16 14:38:50.000,7387007,-6754220.110,1587773.5,-2980695,-9620774,314784.1,false
972,1,1,1066,2011-09-05 05:51:41.000,8282475,-229572.840,-5796788.5,-7808971,8884771,436484.6,false
973,1,1,783,2016-08-22 22:24:27.000,-8225649,-3325705.980,9706202.0,-5011702,6601011,-390983.8,true
974,1,1,920,2017-05-31 01:27:57.000,-914347,6967589.430,4359441.0,708875,6849560,174326.6,true
975,1,1,389,2014-02-03 11:10:39.000,-4012419,-7184272.250,-7985881.5,-966646,6898260,207444.4,true
976,1,1,434,2020-01-15 09:56:36.000,-2705771,-2251709.340,-1336786.1,6374669,-2353706,219452.9,false
977,1,1,1569,2015-04-24 12:46:34.000,-9630566,1687437.570,-7538337.5,3329017,7604748,348823.9,true
978,1,1,655,2015-09-05 06:07:10.000,7214831,6565235.960,6516253.0,9338013,-8670515,-349379.3,true
979,1,1,1525,2019-03-09 03:59:18.000,7545968,3220742.080,-8555623.0,-5010566,375217,-71465.7,true
980,1,1,1072,2015-12-11 06:16:42.000,2655134,-2076232.030,7204787.0,8928597,6819963,353546.0,false
981,1,1,977,2017-11-06 13:36:48.000,5614002,-9224651.260,7317212.5,9222904,1476897,-464423.6,true
982,1,1,1060,2016-09-19 12:31:01.000,1732735,-4880145.760,3869795.0,-1714858,7608258,395486.1,false
983,1,1,933,2012-06-08 03:48:45.000,19129,-7341823.980,6097335.5,-2050621,-3958806,238601.0,false
984,1,1,780,2019-12-21 09:18:14.000,-5081009,-9705350.750,1533869.8,-2430648,-9133547,482400.4,true
985,1,1,1511,2019-10-06 02:51:31.000,4106568,-5010462.600,-7161855.0,-3244016,-6987706,-265799.2,true
986,1,1,447,2015-12-12 23:42:16.000,7211877,-5073477.860,-8842689.0,-234323,1469454,246340.7,true
987,1,1,1455,2015-11-28 11:23:50.000,8022355,-8755027.910,-5556033.0,2507938,-1091355,461003.3,true
988,1,1,375,2020-01-25 19:54:36.000,621579,-3888913.640,3360987.5,-9551287,5972640,-121878.2,true
989,1,1,1106,2012-07-26 01:05:03.000,-4248675,-5960057.330,62988.42,-4836126,9470073,135152.4,true
990,1,1,950,2013-02-21 20:57:10.000,3216793,4151626.600,-1734314.0,9276994,-4361293,320133.1,true
991,1,1,592,2017-02-11 01:46:14.000,-4433313,-6652165.890,-1684551.4,-513733,8000539,410537.5,false
992,1,1,1147,2014-06-13 14:50:31.000,-2869340,-7874101.040,-9180500.0,2397018,2302289,-304551.3,false
993,1,1,929,2017-02-13 15:00:16.000,1435752,9171456.070,152002.14,1494429,-2039918,-386295.1,true
994,1,1,1181,2018-02-19 03:01:44.000,-5157723,965861.200,7023590.0,902325,-1270584,213697.1,true
995,1,1,10,2013-08-07 23:20:42.000,1847143,7268922.000,7020351.0,2177134,-9082811,203404.5,true
996,1,1,176,2016-08-03 14:15:16.000,1446593,-1923268.790,1584559.0,9594282,-9537809,-103549.0,true
997,1,1,738,2011-12-13 00:06:54.000,2200265,2444589.460,-8700529.0,-7774594,-8969353,37433.8,false
998,1,1,64,2013-01-03 19:41:18.000,7031057,-5731712.140,2679624.5,8686476,1849264,-63724.5,false
999,1,1,1676,2011-08-08 23:19:22.000,5953444,-7753995.590,-8269740.5,883529,8333451,337420.5,true
1000,1,1,163,2019-12-31 12:46:47.000,8441702,9936915.500,-4504539.0,-9482614,1778735,26026.3,true
1001,1,1,729,2013-05-06 07:33:55.000,-6104087,751031.640,265680.66,-32346,3856267,-423168.3,false
1002,1,1,609,2011-07-05 12:53:27.000,-6137126,4397366.820,-2590984.2,-991951,-6626580,345694.8,false
1003,1,1,1239,2012-03-13 06:38:31.000,-8140832,-6960392.230,2173445.8,376847,-10010418,262958.5,false
1004,1,1,370,2015-01-31 16:46:36.000,112773,2660747.700,1242041.2,4330149,-2929233,-80338.5,true
1005,1,1,198,2011-11-01 08:29:27.000,-9668072,6908473.250,-9288277.0,-4374754,-9995852,445103.9,true
1006,1,1,1206,2013-07-23 01:08:50.000,-8964876,-9946285.060,-9664523.0,9086663,-6170843,-160152.7,false
1007,1,1,2,2018-02-01 19:05:15.000,-6902801,4648713.290,499845.97,4172996,-5771724,-271173.6,false
1008,1,1,724,2019-03-21 20:46:39.000,205993,-2683886.990,4119414.5,-4164113,-4162081,-146773.1,false
1009,1,1,16,2020-03-05 03:54:41.000,4666054,7318669.420,-8727579.0,-6711182,1254185,389494.3,true
1010,1,1,675,2017-08-07 15:06:23.000,-9014437,-4872375.300,2396669.2,-2861136,3826063,176825.9,true
1011,1,1,1251,2019-03-11 09:09:55.000,4817373,-1931601.980,-9794544.0,8945586,-1601480,-509599.2,false
1012,1,1,1464,2011-08-16 21:57:09.000,3288711,8242424.090,-8721419.0,1090120,6730015,-291065.1,false
1013,1,1,703,2016-03-03 18:01:48.000,-2415870,4944769.380,4037255.8,9339451,1485567,52870.5,true
1014,1,1,1158,2018-12-03 18:37:40.000,-7101145,-6691815.120,3759024.0,-7971902,-5020519,313782.8,true
1015,1,1,625,2016-12-20 08:42:20.000,-10014849,-1891578.520,-1633425.4,1786649,-5809076,282086.6,true
1016,1,1,830,2012-09-20 01:40:57.000,4442768,3115423.870,5014796.0,-6863794,3869969,-357164.9,false
1017,1,1,1574,2012-11-29 22:11:56.000,3801069,-3063485.010,1081517.8,-5110559,8278886,-192497.9,false
1018,1,1,1117,2019-07-18 15:06:26.000,-7776786,-2331312.140,8402724.0,-9802480,9752249,119028.4,true
1019,1,1,1236,2015-11-09 18:22:56.000,348706,-4814886.650,5224134.5,-3273733,-3285877,164071.4,false
1020,1,1,1659,2014-08-17 02:30:25.000,-8795193,-2643167.750,135577.2,9125903,-2189436,157910.7,false
1021,1,1,1759,2018-01-08 11:09:35.000,7767285,-7101965.610,1669373.5,-3134270,-10116596,330874.1,false
1022,1,1,629,2012-03-17 03:48:47.000,8708325,-241650.840,-6095188.5,-8211021,9341445,459135.1,true
1023,1,1,133,2016-11-12 00:24:45.000,-8647849,-3496400.980,1.0205402E7,-5269527,6940684,-411018.3,false
1024,1,1,1220,2017-08-02 16:44:08.000,-961697,7325617.930,4583441.0,745487,7201537,183197.6,true
1025,1,1,1764,2014-06-22 23:14:58.000,-4217994,-7552897.750,-8395481.0,-1016446,7252381,218022.9,true
1026,1,1,1052,2020-01-19 04:12:18.000,-2844721,-2366951.340,-1404786.1,6701419,-2474340,230241.4,true
1027,1,1,519,2015-08-14 11:57:58.000,-10123541,1773455.070,-7923937.5,3499092,7994019,366333.9,true
1028,1,1,405,2015-12-17 23:20:31.000,7583931,6901264.460,6849853.0,9815313,-9113533,-367243.8,true
1029,1,1,387,2019-04-01 13:18:58.000,7931293,3385318.080,-8992423.0,-5266266,393970,-75525.2,true
1030,1,1,672,2016-03-18 03:20:17.000,2790209,-2182561.030,7572787.0,9383697,7168183,372000.0,false
1031,1,1,827,2017-12-30 17:16:50.000,5900152,-9694674.260,7690012.5,9692754,1552480,-488028.6,true
1032,1,1,235,2016-12-08 18:51:38.000,1820785,-5128617.260,4066595.0,-1802158,7995412,416054.1,true
1033,1,1,1283,2012-12-04 06:50:06.000,20001,-7714816.480,6407735.5,-2154608,-4159686,250433.0,true
1034,1,1,486,2019-12-26 18:26:45.000,-5339209,-10198738.250,1612269.8,-2554428,-9597271,506657.4,true
1035,1,1,1161,2019-10-16 08:00:54.000,4314780,-5264900.600,-7525055.0,-3408847,-7341926,-278838.2,true
1036,1,1,735,2016-03-20 12:00:09.000,7577477,-5330717.860,-9291489.0,-246373,1544063,258592.2,true
1037,1,1,855,2016-03-07 00:47:47.000,8428705,-9198499.410,-5837633.0,2635263,-1146439,484078.8,true
1038,1,1,400,2020-01-28 23:40:02.000,653029,-4085577.640,3531387.5,-10034437,6275248,-128371.2,false
1039,1,1,1481,2013-01-19 11:48:53.000,-4463575,-6261830.830,66188.42,-5080926,9948394,141924.4,true
1040,1,1,1525,2013-08-05 02:49:26.000,3379212,4361131.100,-1821514.0,9745344,-4581631,336505.6,true
1041,1,1,1342,2017-04-24 00:58:28.000,-4657050,-6987542.890,-1769351.4,-539233,8404271,430759.5,false
1042,1,1,1603,2014-10-25 20:08:15.000,-3014240,-8270657.040,-9642900.0,2517881,2418495,-319575.8,true
1043,1,1,1217,2017-04-26 14:42:38.000,1508464,9633730.570,159202.14,1569954,-2142413,-406024.6,false
1044,1,1,1556,2018-04-08 11:40:32.000,-5417073,1014038.700,7377190.0,947800,-1334614,224036.1,true
1045,1,1,222,2014-01-09 13:24:29.000,1940143,7634682.000,7373151.0,2286422,-9539526,213718.5,false
1046,1,1,1076,2016-10-27 07:30:25.000,1519268,-2019707.290,1664559.0,10076345,-10016686,-108348.5,true
1047,1,1,1613,2012-06-23 19:17:08.000,2311015,2567509.960,-9136529.0,-8164261,-9419190,38930.3,false
1048,1,1,1464,2013-06-21 21:54:07.000,7383720,-6019296.140,2814024.5,9121726,1941831,-66933.0,true
1049,1,1,576,2012-02-27 09:22:38.000,6251419,-8141966.090,-8684140.0,928054,8750406,354535.0,true
1050,1,1,1338,2020-01-05 08:52:47.000,8863365,10433440.000,-4729339.0,-9957131,1867174,27705.3,false
1051,1,1,1029,2013-10-15 03:35:38.000,-6409137,788113.640,278480.66,-33746,4048432,-444761.8,false
1052,1,1,1709,2012-01-26 23:15:20.000,-6443726,4616532.820,-2719784.2,-1041251,-6956943,362923.8,true
1053,1,1,614,2012-09-18 16:05:16.000,-8546532,-7307262.730,2281445.8,395222,-10508971,276498.0,true
1054,1,1,295,2015-06-01 22:59:38.000,118673,2792762.700,1303641.2,4545399,-3075310,-84640.5,true
1055,1,1,398,2012-05-17 20:53:45.000,-10149022,7251845.750,-9750677.0,-4592179,-10493491,467534.9,true
1056,1,1,1506,2013-12-27 21:07:49.000,-9410139,-10440785.560,-1.0145323E7,9538138,-6477936,-168284.7,false
1057,1,1,527,2018-03-24 02:27:36.000,-7245835,4879549.290,524646.0,4380185,-6058102,-284987.1,false
1058,1,1,874,2019-04-14 07:27:36.000,216399,-2816763.490,4323414.5,-4370363,-4368879,-153760.6,false
1059,1,1,1066,2020-03-05 20:07:36.000,4896841,7681113.420,-9160379.0,-7043557,1316294,408388.8,true
1060,1,1,1700,2017-10-08 18:41:23.000,-9460862,-5113524.300,2515069.2,-3003220,4015204,185891.9,false
1061,1,1,1001,2019-04-04 14:31:27.000,5055648,-2027332.980,-1.0279344E7,9387661,-1680901,-534855.2,true
1062,1,1,589,2012-03-09 06:17:11.000,3451461,8649502.590,-9152619.0,1144107,7062032,-305411.1,true
1063,1,1,1622,2016-06-08 09:20:27.000,-2535120,5188957.380,4236456.0,9800076,1558775,55613.0,false
1064,1,1,1621,2019-01-03 12:11:25.000,-7451745,-7021344.120,3944624.0,-8364552,-5268084,329577.8,true
1065,1,1,1650,2017-03-08 01:40:51.000,-10508424,-1984912.520,-1713425.4,1874674,-6094754,295991.1,true
1066,1,1,1505,2013-03-19 03:19:57.000,4661556,3268489.870,5261196.0,-7201819,4060056,-375012.9,false
1067,1,1,840,2013-05-24 13:22:44.000,3987753,-3214061.510,1135117.8,-5361959,8685858,-202308.4,false
1068,1,1,1417,2019-08-03 12:57:29.000,-8159061,-2445372.140,8815524.0,-10284255,10231002,124731.4,false
1069,1,1,98,2016-02-22 18:37:00.000,365893,-5050655.150,5480134.5,-3434319,-3446787,172580.4,false
1070,1,1,709,2014-12-30 00:46:24.000,-9226068,-2772432.750,141977.2,9573009,-2297103,166055.2,false
1071,1,1,255,2018-03-02 07:40:20.000,8147563,-7449711.110,1750973.5,-3287845,-10612419,346964.1,true
1072,1,1,191,2012-09-27 01:45:54.000,9134175,-253728.840,-6393588.5,-8613071,9798119,481785.6,true
1073,1,1,1258,2017-02-01 02:25:03.000,-9070049,-3667095.980,1.0704602E7,-5527352,7280357,-431052.8,false
1074,1,1,1520,2017-10-05 08:00:20.000,-1009047,7683646.430,4807441.0,782100,7553514,192068.6,false
1075,1,1,1364,2014-11-09 11:19:16.000,-4423569,-7921523.250,-8805081.0,-1066246,7606501,228601.4,true
1076,1,1,1671,2020-01-22 22:28:01.000,-2983671,-2482193.340,-1472786.1,7028169,-2594975,241029.9,false
1077,1,1,1244,2015-12-04 11:09:22.000,-10616516,1859472.570,-8309537.5,3669167,8383290,383843.9,true
1078,1,1,155,2016-03-30 16:33:53.000,7953031,7237292.960,7183453.0,10292613,-9556551,-385108.3,true
1079,1,1,1025,2019-04-24 22:38:38.000,8316618,3549894.080,-9429223.0,-5521966,412723,-79584.7,false
1080,1,1,272,2016-06-24 00:23:52.000,2925284,-2288890.030,7940787.0,9838797,7516403,390454.0,true
1081,1,1,677,2018-02-22 20:56:52.000,6186302,-10164697.260,8062812.5,10162604,1628062,-511633.6,false
1082,1,1,1185,2017-02-27 01:12:15.000,1908835,-5377088.760,4263395.0,-1889458,8382565,436622.1,false
1083,1,1,1633,2013-06-01 09:51:26.000,20873,-8087808.980,6718135.5,-2258596,-4360566,262265.0,false
1084,1,1,192,2020-01-01 03:35:16.000,-5597409,-10692125.750,1690669.8,-2678208,-10060996,530914.4,false
1085,1,1,811,2019-10-26 13:10:17.000,4522993,-5519338.600,-7888255.0,-3573678,-7696145,-291877.2,true
1086,1,1,1022,2016-06-27 00:18:02.000,7943077,-5587957.860,-9740289.0,-258423,1618673,270843.7,false
1087,1,1,255,2016-06-14 14:11:44.000,8835055,-9641970.910,-6119233.0,2762588,-1201523,507154.3,true
1088,1,1,425,2020-02-01 03:25:28.000,684479,-4282241.640,3701787.5,-10517587,6577857,-134864.2,false
1089,1,1,81,2013-07-15 22:32:43.000,-4678475,-6563604.330,69388.42,-5325726,10426715,148696.4,false
1090,1,1,325,2014-01-16 08:41:42.000,3541630,4570635.600,-1908714.0,10213694,-4801968,352878.1,false
1091,1,1,317,2017-07-05 00:10:42.000,-4880788,-7322919.890,-1854151.4,-564733,8808003,450981.5,true
1092,1,1,284,2015-03-09 01:25:58.000,-3159140,-8667213.040,-1.01053E7,2638743,2534700,-334600.3,false
1093,1,1,1504,2017-07-07 14:25:00.000,1581177,10096005.070,166402.14,1645479,-2244908,-425754.1,false
1094,1,1,156,2018-05-26 20:19:19.000,-5676423,1062216.200,7730790.0,993275,-1398644,234375.1,true
1095,1,1,435,2014-06-13 03:28:16.000,2033143,8000442.000,7725951.0,2395709,-9996241,224032.5,true
1096,1,1,201,2017-01-20 00:45:33.000,1591943,-2116145.790,1744559.0,10558407,-10495563,-113148.0,true
1097,1,1,713,2013-01-03 14:27:22.000,2421765,2690430.460,-9572529.0,-8553928,-9869027,40426.8,true
1098,1,1,1089,2013-12-08 00:06:56.000,7736382,-6306880.140,2948424.5,9556976,2034397,-70141.5,true
1099,1,1,1251,2012-09-16 19:25:54.000,6549394,-8529936.590,-9098540.0,972579,9167362,371649.5,false
1100,1,1,738,2020-01-10 04:58:46.000,9285027,10929964.500,-4954139.0,-10431648,1955613,29384.3,true
1101,1,1,1329,2014-03-25 23:37:21.000,-6714187,825195.640,291280.66,-35146,4240598,-466355.3,true
1102,1,1,1034,2012-08-19 09:37:12.000,-6750326,4835698.820,-2848584.2,-1090551,-7287306,380152.8,false
1103,1,1,1764,2013-03-27 01:32:02.000,-8952232,-7654133.230,2389445.8,413597,-11007525,290037.5,true
1104,1,1,220,2015-10-01 05:12:41.000,124573,2924777.700,1365241.2,4760649,-3221387,-88942.5,true
1105,1,1,598,2012-12-02 09:18:03.000,-10629972,7595218.250,-1.0213077E7,-4809604,-10991130,489965.9,false
