1,1,1,1696,1,1,93,1105,6648#RUcOH1d09tkhnmQd,2006-12-15 09:51:28.000
2,1,1,116,1,1,2094,1045,14594#yald8cwCfDW6fRho,2000-06-08 00:25:48.000
3,1,1,1000,1,1,187,966,6398#6jWO8psjxCWT0QJE,2017-05-09 05:41:25.000
4,1,1,1392,1,1,607,1140,8654#TvERQfC7MHDCzn3N,2010-12-07 02:13:38.000
5,1,1,796,1,1,694,421,36639#1HmxO82p6A5jEmcY,2008-09-01 16:04:39.000
6,1,1,1558,1,1,1571,970,29623#jiD09OUJFvsU6crr,2001-06-10 15:08:32.000
7,1,1,803,1,1,2061,1028,37641#z5wlcqO3PCkHJaig,2004-04-13 18:03:45.000
8,1,1,628,1,1,225,438,35300#8fWqTlPwC00IBHYk,2007-02-08 11:35:15.000
9,1,1,1704,1,1,1985,567,42412#qPhoTewI3JuGfgvU,2002-04-21 01:48:36.000
10,1,1,29,1,1,880,1002,38398#6jWO8psjxCWT0QJE,2017-04-10 00:51:17.000
11,1,1,575,1,1,1524,695,97407#RRvEyRqCVvmQCCa2,2010-05-28 06:26:25.000
12,1,1,1161,1,1,2081,729,18372#cvI7AeDExqocnkwb,2000-10-22 06:15:57.000
13,1,1,1052,1,1,763,1075,18113#vbz22hYvTpuXvzUY,2008-01-13 09:44:05.000
14,1,1,1375,1,1,1287,805,86275#4W2mTkzIuSPKR2df,2001-01-12 00:57:37.000
15,1,1,935,1,1,504,1127,110366#MrkyH5jYp3j7jM1j,2018-09-03 06:37:26.000
16,1,1,133,1,1,1270,1136,142540#CqZJ1UVNJ6yiGble,2018-06-28 23:24:53.000
17,1,1,841,1,1,173,942,169875#oLLASseL7HfsWJar,2002-08-27 18:55:46.000
18,1,1,1176,1,1,1973,834,120315#gCkU9kldydrWVgxF,2015-05-30 15:16:24.000
19,1,1,1410,1,1,1452,814,63196#rmo0Xc7dAulTSKNO,2003-09-16 14:34:07.000
20,1,1,24,1,1,1579,133,42315#gCkU9kldydrWVgxF,2019-07-08 05:24:58.000
21,1,1,405,1,1,1789,683,214773#5HwMd4GkR1SrMGks,2005-03-22 16:08:41.000
22,1,1,931,1,1,115,183,112421#pZSbAF8DwfNSQgmZ,2012-01-12 04:37:58.000
23,1,1,1409,1,1,1757,1161,200410#cg9gy5sX6shxByD1,2005-01-01 21:43:42.000
24,1,1,884,1,1,476,22,181456#tEAy3THdeyaHH70D,2005-06-16 21:40:27.000
25,1,1,582,1,1,238,812,38866#bj5qHYQ39pQVIqJ4,2011-05-28 17:54:07.000
26,1,1,290,1,1,477,1116,178898#l4yXAcAA9wyue4pM,2004-09-10 16:25:35.000
27,1,1,156,1,1,252,705,209145#fEhDGeRz3gqlO0tr,2018-02-16 02:37:05.000
28,1,1,832,1,1,1041,851,138607#OfjngCViw81sLdNo,2016-12-15 11:34:32.000
29,1,1,1710,1,1,1233,308,268793#Iq9ltYErIVfZeHhz,2013-07-01 16:38:06.000
30,1,1,378,1,1,1553,1148,53455#HfZMOrVL9kA2NwGy,2009-03-19 13:37:56.000
31,1,1,1722,1,1,1556,642,162008#alMiPmcQnUg1oJap,2011-11-30 00:28:11.000
32,1,1,591,1,1,1839,8,237905#V8m1w9wvjXHkoa5W,2013-04-13 03:44:53.000
33,1,1,326,1,1,1147,133,26233#60ls491CnaMJZm5G,2005-08-22 12:41:58.000
34,1,1,1174,1,1,225,829,156470#UuH8pJqRdidYliJE,2016-10-22 01:34:40.000
35,1,1,888,1,1,2142,81,92007#1nzUwe5IbuSxMJVc,2011-07-28 06:28:39.000
36,1,1,587,1,1,266,173,350614#J94ZZ3MusG60HGlv,2019-07-30 06:55:56.000
37,1,1,1129,1,1,394,528,314266#QGPOBsU9aknOkYZL,2007-04-24 12:13:27.000
38,1,1,151,1,1,36,536,151117#LGoVsXTAGfoSDJrA,2018-11-04 13:11:07.000
39,1,1,1009,1,1,1882,1174,24341#HQaQxNl57jBU1nsF,2007-04-10 15:56:29.000
40,1,1,557,1,1,817,517,367710#8I50yzdG88cBxeun,2018-05-11 20:40:27.000
41,1,1,1530,1,1,1354,949,328970#pVXfeJ25X3jyoPy7,2009-10-19 07:43:25.000
42,1,1,1348,1,1,1211,536,112572#1rO9ig6g9DExW2ri,2002-05-07 03:13:58.000
43,1,1,753,1,1,1148,333,367582#YXpuVaE0aAu48gzZ,2016-06-28 21:24:33.000
44,1,1,1315,1,1,720,754,85027#15arMycxT8JPygEb,2003-11-01 16:42:04.000
45,1,1,1210,1,1,76,499,418208#axj57ykvGyX1i9xO,2008-08-08 22:06:34.000
46,1,1,704,1,1,449,265,226066#jlnSJicIY9pelVuq,2001-07-18 17:03:46.000
47,1,1,1473,1,1,1507,613,23207#yE3OZibMjSiWdxpi,2002-10-11 01:11:01.000
48,1,1,512,1,1,1565,1156,261847#v5LoWdacW9WG5bO9,2014-12-03 08:25:42.000
49,1,1,152,1,1,1407,880,230462#DE1L1BMvS2IP1TzB,2015-03-08 12:03:38.000
50,1,1,1617,1,1,237,928,180898#l4yXAcAA9wyue4pM,2000-10-31 10:00:33.000
51,1,1,1021,1,1,1990,330,110533#LAzmEHl6Uu73J6kZ,2007-04-30 19:12:30.000
52,1,1,216,1,1,1839,571,259578#4L9ZncEMnLP3108g,2000-12-28 15:23:54.000
53,1,1,275,1,1,1081,429,22246#zX8pFhMeorn3fcwA,2017-06-07 14:50:37.000
54,1,1,1413,1,1,465,869,45958#tgAvEe5SMUkuwb7H,2011-03-12 16:48:34.000
55,1,1,671,1,1,1444,890,374806#UkGy1SJfBlB2zwKS,2008-12-29 16:14:34.000
56,1,1,758,1,1,713,143,257802#xsFn6cEVgr6NNFWB,2001-12-21 07:47:27.000
57,1,1,1609,1,1,2152,1169,277107#eIUjNn1Gs4UNEciI,2004-09-25 04:43:59.000
58,1,1,1143,1,1,43,781,253538#ZBwbm5SYH7SaciPK,2007-06-23 20:30:17.000
59,1,1,1004,1,1,1854,465,261028#go16ijqH4XguRVAj,2002-10-23 04:41:24.000
60,1,1,829,1,1,1728,844,180558#zODkTCl0ehD5f6BY,2017-05-10 08:39:31.000
61,1,1,750,1,1,25,554,523102#Km8K09WsCJ9FrDSB,2010-09-06 17:18:04.000
62,1,1,611,1,1,437,420,54469#YLJbgfvmj41EI5go,2001-05-11 04:13:08.000
63,1,1,1664,1,1,948,668,63079#saYkziNTVLSuz8kI,2008-05-18 13:03:00.000
64,1,1,688,1,1,2077,190,391806#UkGy1SJfBlB2zwKS,2001-07-29 20:39:46.000
65,1,1,1760,1,1,1816,816,464180#1NuqkpVKaoolOZ3f,2018-09-19 03:55:20.000
66,1,1,120,1,1,198,1144,563578#4L9ZncEMnLP3108g,2018-07-16 18:09:37.000
67,1,1,1116,1,1,725,583,659078#xS7W4MsVLnBgI7Um,2003-02-26 02:10:06.000
68,1,1,401,1,1,1646,722,428191#chBgCdgKAcoYkdNt,2015-07-19 11:05:30.000
69,1,1,1285,1,1,1536,322,219338#MyqhyrGJuR0Q0lDT,2004-03-06 03:49:00.000
70,1,1,1099,1,1,756,904,134629#5mgXDz0a2AUoOQyJ,2019-07-15 09:14:13.000
71,1,1,555,1,1,997,283,709596#VA94qAAxsRvHfek0,2005-08-25 15:42:27.000
72,1,1,1299,1,1,1266,730,362715#4WT4KTNvslQT9LH7,2012-04-06 08:12:23.000
73,1,1,1609,1,1,2125,292,615389#sD9Wp5m9L40iaxRb,2005-06-09 08:11:59.000
74,1,1,109,1,1,1118,1013,542935#EQ5CTFAOhg4SCmFw,2005-11-17 16:33:19.000
75,1,1,713,1,1,1028,366,101101#6lIeGyBpMPYXlCki,2011-08-28 13:37:42.000
76,1,1,965,1,1,630,986,512098#zoeBfqa20m6skYas,2005-02-19 15:06:06.000
77,1,1,440,1,1,605,480,583714#9qs2hwmYwsoOQgTn,2018-03-09 19:15:43.000
78,1,1,882,1,1,1196,1161,384938#sNkxjfLou8cB22um,2017-01-18 10:15:03.000
79,1,1,1435,1,1,1854,820,724785#ccnUQbHB385zGgnV,2013-09-09 19:40:24.000
80,1,1,153,1,1,357,716,135482#G5PhwqaKE5VxdWTh,2009-07-12 13:56:19.000
81,1,1,1240,1,1,1024,976,407320#ip2nnjB8HSDtbRT5,2012-02-24 20:17:45.000
82,1,1,853,1,1,1654,837,594964#SKFWfAKCWYY5IgTh,2013-06-24 16:26:30.000
83,1,1,801,1,1,1979,786,61628#7VKL5bUfgqYVtiUJ,2006-01-22 04:45:12.000
84,1,1,374,1,1,584,27,374529#ZuwyV8fm8Nqzfuw1,2016-11-26 16:34:04.000
85,1,1,863,1,1,1895,879,222337#L4PmHMf9e20T8w1u,2011-10-26 21:07:42.000
86,1,1,462,1,1,784,927,824218#JYqNzpXSGSFCXlHG,2019-08-05 21:06:33.000
87,1,1,1154,1,1,1728,762,735498#5U0jLG6B4Eq2yU2s,2007-09-06 23:33:02.000
88,1,1,1251,1,1,1941,410,346814#nDMQlDmWaefs0je7,2018-11-18 20:30:40.000
89,1,1,1259,1,1,708,16,50646#ydIg65zRkDh8L66P,2007-08-24 16:35:02.000
90,1,1,1107,1,1,1044,751,817493#cFo3H28wpXpWikd3,2018-05-31 06:36:03.000
91,1,1,1593,1,1,976,365,730102#Km8K09WsCJ9FrDSB,2010-02-05 21:36:51.000
92,1,1,1498,1,1,2074,1151,241740#lhdDyrxef110DsWD,2002-11-11 07:35:39.000
93,1,1,78,1,1,1882,1144,794786#RlyoKHPYlNSy0hhn,2016-08-07 00:38:20.000
94,1,1,815,1,1,1534,51,178880#RZavgaZkqttyTImA,2004-04-22 09:27:44.000
95,1,1,1510,1,1,829,846,881525#XsWJLIapFRyKP6wZ,2008-12-09 08:47:11.000
96,1,1,1029,1,1,593,40,464652#kSwnrM4xFihvZa52,2002-01-31 18:49:39.000
97,1,1,773,1,1,762,23,46222#CV1zAkjo0MfKwY6k,2003-04-13 05:38:41.000
98,1,1,1012,1,1,353,451,531577#gv5g26uqsgEKQVXa,2015-01-28 04:54:01.000
99,1,1,789,1,1,1128,166,465220#0d4LynupcH2TuNRP,2015-04-30 15:09:19.000
100,1,1,1492,1,1,1883,564,352321#zEJV74n0HVCShwTJ,2001-05-24 11:48:56.000
101,1,1,346,1,1,1728,770,214418#c1oR0hSE0TVJiNNp,2007-09-14 04:33:31.000
102,1,1,316,1,1,1584,97,504561#wPzZE5bI9oVIjxKg,2001-07-20 06:22:00.000
103,1,1,1325,1,1,1975,1105,38094#tyTkbXytS3x9drlt,2017-07-06 23:59:50.000
104,1,1,1435,1,1,323,598,83263#6Vc2LBzADTOrH3fp,2011-06-16 07:23:30.000
105,1,1,546,1,1,35,146,712973#XvRrsmXYc5WBf3BD,2009-04-27 16:24:29.000
106,1,1,1733,1,1,2014,531,485982#QvXDf4rMMB3regwT,2002-07-03 00:26:22.000
107,1,1,640,1,1,84,96,516573#USVzJ37Ug0mqI5ja,2005-03-08 15:24:12.000
108,1,1,1659,1,1,2020,1124,471776#E9QYjtxo8P2TJXJn,2007-11-06 05:25:20.000
109,1,1,304,1,1,1723,363,479644#BAupV31d1eUABIaB,2003-04-26 07:34:11.000
110,1,1,1629,1,1,417,686,322717#LfylLGIyCnhsdwya,2017-06-09 16:27:45.000
111,1,1,925,1,1,685,412,948797#MvShH7Rihj6qPoSR,2010-12-17 04:09:42.000
112,1,1,61,1,1,951,111,90567#Igrvsa2fezYtAbu1,2001-11-28 02:10:19.000
113,1,1,502,1,1,1134,261,108046#kvwZeUuoYKqSKEf8,2008-09-21 16:21:55.000
114,1,1,1775,1,1,708,789,697338#MyqhyrGJuR0Q0lDT,2002-02-13 16:21:56.000
115,1,1,810,1,1,969,504,817995#Oi7gVxftRHn6y2m9,2018-10-05 01:13:14.000
116,1,1,108,1,1,1285,1153,984616#IK6LyxAVsVqClHZ1,2018-08-03 12:54:22.000
117,1,1,1391,1,1,1277,224,1148282#3soVY6BNZ4fyGpNY,2003-08-27 09:24:26.000
118,1,1,1401,1,1,1319,610,736067#ugmtJnPQNIMw7A6m,2015-09-07 06:54:35.000
119,1,1,1160,1,1,1619,1044,375480#1YkhNP0QuVjQAcUe,2004-08-24 17:03:54.000
120,1,1,399,1,1,2091,462,226944#1zb2VfkuOwLXn5hL,2019-07-22 13:03:28.000
121,1,1,705,1,1,205,1097,1204418#c1oR0hSE0TVJiNNp,2006-01-28 15:16:13.000
122,1,1,1668,1,1,258,63,613009#d27rMt3fR2uawypJ,2012-06-30 11:46:49.000
123,1,1,34,1,1,334,638,1030367#XnKyNpf5eYatOkii,2005-11-14 18:40:17.000
124,1,1,1109,1,1,1760,790,904413#mecqNxKBkvETTgN9,2006-04-20 11:26:10.000
125,1,1,844,1,1,1818,1134,163336#zhMVkrhFwcFOq1pk,2011-11-28 09:21:17.000
126,1,1,1640,1,1,783,856,845299#9D6f2RM5xKQv0SoC,2005-07-31 13:46:37.000
127,1,1,724,1,1,958,255,958283#Yglj7V33sSwDgCLM,2018-03-31 11:54:21.000
128,1,1,932,1,1,1351,257,631268#oD0TJlIVzRhegxj9,2017-02-21 08:55:34.000
129,1,1,1160,1,1,316,118,1180777#IdsVtGgYb1xgIb26,2013-11-18 22:42:41.000
130,1,1,1703,1,1,1320,285,217508#dK2pkkaMwbiNY1B9,2009-11-04 14:14:42.000
131,1,1,759,1,1,492,96,652632#YYNVW8yQKct6z2KR,2012-05-21 16:07:19.000
132,1,1,1116,1,1,1469,452,952023#6PL0bWLNuBlOFHrW,2013-09-05 05:08:07.000
133,1,1,1276,1,1,652,225,97023#6PL0bWLNuBlOFHrW,2006-06-23 20:48:25.000
134,1,1,1349,1,1,943,439,592587#cSSajs1LxNj1tslL,2017-01-01 07:33:28.000
135,1,1,838,1,1,1648,464,352667#q8ssxpyKlf4pMLUo,2012-01-25 11:46:45.000
136,1,1,337,1,1,1302,467,1297822#1v2StfODBNT7HCl6,2019-08-12 11:17:10.000
137,1,1,1179,1,1,903,996,1156730#s1ifJ1suQPYt0chU,2008-01-20 10:52:37.000
138,1,1,576,1,1,1686,283,542511#IjYseOr39G5efSNw,2018-12-03 03:50:14.000
139,1,1,1509,1,1,1693,72,76951#azAmilu6navKSLFv,2008-01-07 17:13:35.000
140,1,1,1657,1,1,1271,985,1267277#QnnuNsAOr9eUK9na,2018-06-19 16:31:39.000
141,1,1,1655,1,1,598,995,1131234#za6DgHG7G3u6DSeq,2010-05-26 11:30:16.000
142,1,1,1648,1,1,779,552,370909#PARSpbeKqq7IwaOJ,2003-05-18 11:57:21.000
143,1,1,1178,1,1,456,740,1221990#HIKdlTLLTrrguJ65,2016-09-15 03:52:08.000
144,1,1,315,1,1,189,561,272732#iHhNkqd1Zy50WOua,2004-10-12 02:13:24.000
145,1,1,35,1,1,1581,1193,1344843#WYjhhMCNtMxEiGd8,2009-04-10 19:27:48.000
146,1,1,1354,1,1,737,1029,703239#nMYkFiqhVNryaGY4,2002-08-16 20:35:32.000
147,1,1,73,1,1,16,647,69237#OMlLMlZojZi96UkV,2003-10-14 10:06:22.000
148,1,1,1512,1,1,1300,959,801307#QxTCDnaUjMv6bO6B,2015-03-25 01:22:20.000
149,1,1,1427,1,1,849,666,699978#RIeFr94Zk3654iFW,2015-06-22 18:15:00.000
150,1,1,1367,1,1,1370,200,523743#48ZxCm6It6CCs0WX,2001-12-15 13:37:19.000
151,1,1,1446,1,1,1466,1209,318303#leSj6ZSwaVS2j8oF,2008-01-28 13:54:32.000
152,1,1,416,1,1,1329,837,749545#FTQFbft11djy0xfx,2002-02-08 21:20:06.000
153,1,1,600,1,1,710,568,53942#3NxE0BeOEQ6TDlAF,2017-08-05 09:09:02.000
154,1,1,1456,1,1,181,327,120567#Igrvsa2fezYtAbu1,2011-09-19 21:58:26.000
155,1,1,421,1,1,785,615,1051140#rhLJWsoPK8pqmesh,2009-08-24 16:34:23.000
156,1,1,933,1,1,1156,918,714161#MpQWZ8wkhtLWyjOG,2003-01-12 17:05:16.000
157,1,1,1446,1,1,175,237,756039#AvE6TKTkHJ6eNOh0,2005-08-20 02:04:26.000
158,1,1,399,1,1,1838,253,690014#kBwc3tGx09rR28W9,2008-03-20 14:20:23.000
159,1,1,1379,1,1,1592,261,698260#pLa36xVywZy2T8fV,2003-10-28 10:26:59.000
160,1,1,654,1,1,1265,528,464877#hnx7HyR0JmqTnO3E,2017-07-10 00:15:58.000
161,1,1,1100,1,1,1345,271,1374492#RLgFd03JcVZM8xTi,2011-03-28 15:01:21.000
162,1,1,1286,1,1,1466,1016,126664#9hqpRtkJmswrJ6rF,2002-06-17 00:07:29.000
163,1,1,1114,1,1,1319,1068,153012#i0kNsVOaQhTYvvuz,2009-01-25 19:40:51.000
164,1,1,1088,1,1,1498,174,1002869#IdUJlgRMRfV2d1kr,2002-08-31 12:04:05.000
165,1,1,1635,1,1,122,193,1171809#t9KsXtA1tQhUUVbq,2018-10-20 22:31:09.000
166,1,1,95,1,1,213,1161,1405654#TvERQfC7MHDCzn3N,2018-08-21 07:39:06.000
167,1,1,1666,1,1,1829,1079,1637485#6yRBcuYLNHmol2Ir,2004-02-25 16:38:46.000
168,1,1,626,1,1,992,498,1043943#VmJQ5LBQJivvoAbJ,2015-10-27 02:43:41.000
169,1,1,1035,1,1,1703,552,531622#Z5as1roHdsYGhooc,2005-02-12 06:18:48.000
170,1,1,1474,1,1,1268,19,319258#1wbPzmGf87Gq9qL9,2019-07-29 16:52:43.000
171,1,1,855,1,1,1572,697,1699241#c8VnYb2AdHgvcCYk,2006-07-03 14:50:00.000
172,1,1,261,1,1,1409,610,863303#leSj6ZSwaVS2j8oF,2012-09-23 15:21:14.000
173,1,1,234,1,1,702,983,1445346#AD1ujS9a0bZRnZrY,2006-04-22 05:08:34.000
174,1,1,334,1,1,243,567,1265892#2TdY29GEOaGyfZ98,2006-09-21 06:19:02.000
175,1,1,975,1,1,449,688,225571#WswGNgcHTB3eq359,2012-02-28 05:04:53.000
176,1,1,540,1,1,936,726,1178499#QLynIt5nh3Z9UkiM,2006-01-09 12:27:08.000
177,1,1,1008,1,1,1311,30,1332852#aapdgHA6a2hiDuP9,2018-04-22 04:32:59.000
178,1,1,982,1,1,1506,567,877599#o6olefr9RC3ZuBfv,2017-03-27 07:36:04.000
179,1,1,885,1,1,937,630,1636769#gExbZA34KI2Qz2JR,2014-01-28 01:44:58.000
180,1,1,1478,1,1,124,1067,299535#bKx9MHKvgnyyhrYp,2010-02-27 14:33:05.000
181,1,1,277,1,1,2119,430,897944#1zb2VfkuOwLXn5hL,2012-08-16 11:56:54.000
182,1,1,1378,1,1,1284,67,1309082#yOxtnnYwwVwKIA4U,2013-11-16 17:49:44.000
183,1,1,1751,1,1,1484,878,132418#c1oR0hSE0TVJiNNp,2006-11-23 12:51:38.000
184,1,1,549,1,1,1302,851,810646#ydIg65zRkDh8L66P,2017-02-05 22:32:52.000
185,1,1,813,1,1,1401,48,482997#DHTl8Ss6K2MX1DUp,2012-04-25 02:25:48.000
186,1,1,212,1,1,1820,7,1771426#rjUOhI3gRW6WiRUN,2019-08-19 01:27:47.000
187,1,1,1204,1,1,78,16,1577962#va19nV4PoqSUy24t,2008-06-03 22:12:12.000
188,1,1,1676,1,1,1432,157,738208#axj57ykvGyX1i9xO,2018-12-17 11:09:47.000
189,1,1,1759,1,1,519,128,103256#bMPKsDnkSSnZgwjh,2008-05-22 17:52:07.000
190,1,1,432,1,1,1498,5,1717060#2XDATZ9sAWVHXion,2018-07-09 02:27:15.000
191,1,1,1718,1,1,220,411,1532366#MrkyH5jYp3j7jM1j,2010-09-13 01:23:42.000
192,1,1,23,1,1,1642,1167,500077#sbjrWfS8V3BIdiMM,2003-11-22 16:19:03.000
193,1,1,503,1,1,1190,337,1649194#fH9s5qV5XJUVmv7Y,2016-10-24 07:05:55.000
194,1,1,1590,1,1,1003,1072,366585#bELKgAqg0z7CArKa,2005-04-02 18:59:04.000
195,1,1,335,1,1,175,326,1808160#x2PB7s9UUt81jGdd,2009-08-11 06:08:24.000
196,1,1,1679,1,1,881,804,941825#D3tmJ5NELNeTnQbW,2003-03-01 22:21:25.000
197,1,1,1148,1,1,1430,57,92252#FMqYp0fDSVdbCjF4,2004-04-15 14:34:03.000
198,1,1,237,1,1,88,254,1071037#L1paPvdou2chYufh,2015-05-19 21:50:38.000
199,1,1,289,1,1,570,1166,934736#7h80hzcWo7Kw2M1P,2015-08-14 21:20:40.000
200,1,1,1242,1,1,857,1050,695166#BG40FhFbbJ7i2Yfs,2002-07-08 15:25:42.000
201,1,1,771,1,1,1204,435,422188#Nv5jiOrzhBPrCzQi,2008-06-12 23:15:33.000
202,1,1,516,1,1,1074,363,994528#Ldhzo6MtCNc2aC0A,2002-08-31 12:18:12.000
203,1,1,1650,1,1,1604,30,69790#FSjmBTGHggAA5Q0m,2017-09-03 18:18:14.000
204,1,1,1478,1,1,39,56,157872#MaE5lqBj1PXukEQh,2011-12-24 12:33:22.000
205,1,1,296,1,1,1535,1085,1389307#QxTCDnaUjMv6bO6B,2009-12-21 16:44:18.000
206,1,1,133,1,1,298,92,942341#HQaQxNl57jBU1nsF,2003-07-25 09:44:11.000
207,1,1,477,1,1,266,378,995505#VPJd2VHIMRvESjoz,2006-01-31 12:44:39.000
208,1,1,915,1,1,1656,596,908252#FMqYp0fDSVdbCjF4,2008-08-02 23:15:25.000
209,1,1,679,1,1,1461,159,916876#4xn0sBKtcaB3pRdL,2004-04-30 13:19:47.000
210,1,1,1454,1,1,2113,370,607036#f2oKbjP1rbmIMxYq,2017-08-09 08:04:12.000
211,1,1,1275,1,1,2005,129,1800187#JMl6T0cLcYDoFKjt,2011-07-08 01:53:00.000
212,1,1,736,1,1,1980,707,162762#Up3NBvqUtZVddjEb,2003-01-03 22:04:40.000
213,1,1,1727,1,1,1505,661,197979#Rdd3EGKXpnaVUf2i,2009-05-31 22:59:46.000
214,1,1,400,1,1,129,773,1308401#nttdPWOzzCEiT1un,2003-03-18 07:46:15.000
215,1,1,685,1,1,1434,1095,1525624#7ZJQtTG9o3a7MdGb,2018-11-05 19:49:03.000
216,1,1,83,1,1,1300,1170,1826692#IkPRL2JY6OzABDyS,2018-09-08 02:23:51.000
217,1,1,166,1,1,222,720,2126689#RH0OGuOVKkNdruM4,2004-08-25 23:53:06.000
218,1,1,1626,1,1,665,386,1351819#zEOmc46BSxEgcV2I,2015-12-15 22:32:47.000
219,1,1,910,1,1,1786,60,687764#mepp6SaFs4CouOQk,2005-08-02 19:33:42.000
220,1,1,774,1,1,444,791,411573#USVzJ37Ug0mqI5ja,2019-08-05 20:41:58.000
221,1,1,1005,1,1,780,297,2194063#4Gyvo4JOqRDvGoxd,2006-12-06 14:23:46.000
