664,1,1,1313,1,1,762,94,4058184#8cWyBVP70xnGULLX,2008-02-09 17:05:41.000
665,1,1,1010,1,1,288,720,4709954#YQTmIml7oh25cLOD,2019-03-28 19:30:11.000
666,1,1,1745,1,1,288,32,5616034#lzgtorJTIrejX7s1,2019-02-15 03:06:31.000
667,1,1,866,1,1,872,1131,6529520#s9pTFb9NxXS6x6QY,2009-02-21 17:02:05.000
668,1,1,1751,1,1,2040,592,4122703#0ozr7LnwjfWtfROW,2017-03-08 08:54:40.000
669,1,1,1560,1,1,379,488,2093042#8OQwhfDFb4zbc9bV,2009-10-24 18:47:46.000
670,1,1,1574,1,1,1669,450,1242403#KuhcNjRx59LRnA8J,2019-10-09 07:05:14.000
671,1,1,580,1,1,129,339,6647466#RjJqun3Bj35khFN6,2010-10-10 10:27:40.000
672,1,1,396,1,1,2124,10,3366243#4ds908Mm8KtCT4HI,2015-01-23 03:05:29.000
673,1,1,459,1,1,64,796,5595131#8emI3v9xxkmwE6dO,2010-08-23 13:51:26.000
674,1,1,1459,1,1,186,765,4880677#IGD5NQ5JrNV2xhWS,2010-12-07 03:07:39.000
675,1,1,510,1,1,1872,1084,847921#AOop97vywviTZRWd,2014-09-03 10:20:45.000
676,1,1,190,1,1,307,640,4510504#xD8GpY5jBRtTykzO,2010-06-16 23:12:18.000
677,1,1,298,1,1,523,208,5078542#1ZbNXAKLstly2TDU,2018-11-25 02:59:18.000
678,1,1,1482,1,1,897,25,3340904#8iiabvhW4v1KnIy2,2018-03-01 18:21:12.000
679,1,1,1685,1,1,670,894,6196689#RH0OGuOVKkNdruM4,2015-12-30 08:07:52.000
680,1,1,1003,1,1,1118,394,1119800#myOTtDnTq0ucIAJE,2013-04-22 17:36:58.000
681,1,1,787,1,1,1117,128,3351064#ZLE5A1qlFGrUm5I6,2015-01-01 18:12:37.000
682,1,1,453,1,1,1593,1073,4879672#xynS1IMyI3CvbfLr,2015-11-12 00:45:55.000
683,1,1,1176,1,1,1168,124,486368#0jEgxCre30A73ak4,2011-01-28 05:23:48.000
684,1,1,1424,1,1,574,115,2991231#8regz1gTZyicZwhU,2018-01-28 04:26:50.000
685,1,1,563,1,1,1090,749,1786297#hHjogIpIn2hl7dKh,2014-10-18 04:56:20.000
686,1,1,737,1,1,523,263,6507466#RjJqun3Bj35khFN6,2019-10-23 23:13:59.000
687,1,1,1454,1,1,464,1142,5790282#3soVY6BNZ4fyGpNY,2012-02-18 15:28:00.000
688,1,1,251,1,1,1046,106,2695178#JFrLIexu28UvywMa,2019-05-09 12:25:20.000
689,1,1,709,1,1,1733,688,366306#Y6gQwW4GR3KdLp4u,2012-02-12 00:17:36.000
690,1,1,607,1,1,1609,1131,6214895#1xvgXfwfHMswlxrp,2019-01-19 05:43:13.000
691,1,1,568,1,1,758,641,5543686#P4G8v7gemLG2FAwY,2013-09-12 20:18:02.000
692,1,1,1523,1,1,1641,33,1791762#Up3NBvqUtZVddjEb,2009-01-16 11:56:03.000
693,1,1,853,1,1,2048,1158,5921234#za6DgHG7G3u6DSeq,2017-11-19 15:23:46.000
694,1,1,140,1,1,507,107,1305110#uoKMf6NF6g0hbZZ5,2009-12-24 18:35:40.000
695,1,1,1560,1,1,1223,154,6441335#V1NcyBXAqAvCGtnw,2012-12-17 16:54:30.000
696,1,1,1379,1,1,162,982,3327690#M7pOQOL1nArr7xpQ,2008-07-23 16:00:16.000
697,1,1,1248,1,1,452,227,322402#pN36Ax0Lw6UGaflm,2009-05-01 11:10:52.000
698,1,1,1687,1,1,922,483,3768337#L4PmHMf9e20T8w1u,2016-11-28 10:33:47.000
699,1,1,1339,1,1,2098,96,3282316#NEvfTDsfQ8pvsgEV,2017-01-27 04:17:28.000
700,1,1,1767,1,1,45,1052,2409391#KNrTy8gGLQzK4n0n,2008-02-18 09:29:30.000
701,1,1,1121,1,1,743,1188,1461038#SPq9sLVBE5LpPCyI,2012-03-07 20:45:45.000
702,1,1,1516,1,1,683,479,3444363#kGtMhLrB1aLOK1o8,2008-03-28 17:59:13.000
703,1,1,1500,1,1,1908,725,228270#rxjfgZsq3myOhR3z,2018-06-24 13:50:18.000
704,1,1,1693,1,1,778,988,530917#iJv94T0titnuMhy2,2014-08-06 14:22:40.000
705,1,1,821,1,1,399,924,4770977#seJ82mHuT3vugQKh,2013-03-25 18:23:28.000
706,1,1,1008,1,1,354,325,3224136#NSovBFjvSKGek6Qf,2008-11-12 08:13:19.000
707,1,1,1437,1,1,1176,574,3390165#QIb8EIgNxsERAiIb,2010-08-02 23:26:53.000
708,1,1,745,1,1,1995,384,3090632#YYNVW8yQKct6z2KR,2012-04-17 16:25:51.000
709,1,1,779,1,1,151,353,3103036#f2oKbjP1rbmIMxYq,2009-05-25 18:07:43.000
710,1,1,579,1,1,1957,4,2028631#OeVh0M6xz4uC29zP,2018-06-08 14:06:27.000
711,1,1,1250,1,1,2128,1142,6057137#RkybjtX5hx5kbE2U,2014-04-17 14:29:27.000
712,1,1,561,1,1,648,45,523737#9jmxDyQefAIjPBR0,2008-07-05 01:36:27.000
713,1,1,752,1,1,1201,233,647644#BAupV31d1eUABIaB,2012-11-13 08:08:59.000
714,1,1,625,1,1,1552,693,4363716#3bKp64wT4JCkhahj,2008-08-26 12:47:51.000
715,1,1,60,1,1,1600,408,5063769#gExbZA34KI2Qz2JR,2019-04-13 16:48:06.000
716,1,1,1733,1,1,1375,41,6037072#ipEKZTuZIXsN2b7n,2019-03-04 21:51:15.000
717,1,1,1141,1,1,1424,772,7018724#kKOCtlaE0QOpQnGP,2009-08-23 00:16:25.000
718,1,1,976,1,1,1713,480,4430579#Ony3WADvx4taq3L4,2017-04-27 04:43:45.000
719,1,1,1435,1,1,462,1210,2249184#8cWyBVP70xnGULLX,2010-04-14 08:02:40.000
720,1,1,874,1,1,845,8,1334718#eJJeeVGnNxb8tQqt,2019-10-16 10:54:29.000
721,1,1,730,1,1,1496,1153,7142288#hwwko4NHzDBKQPQV,2011-03-15 10:01:26.000
722,1,1,765,1,1,1116,557,3616537#j51Q232Ubt54jyV8,2015-04-18 06:39:54.000
723,1,1,659,1,1,432,1142,6010109#PxrP2N5wx6l6sgUa,2011-01-29 00:19:43.000
724,1,1,684,1,1,828,542,5242155#vjsBWPoMYCZ29g75,2011-05-09 22:00:31.000
725,1,1,641,1,1,503,638,910156#zxPqMTD05rzE25TW,2014-12-04 06:04:20.000
726,1,1,865,1,1,460,510,4843705#WqBPoU90uTxD0m05,2010-11-25 21:52:49.000
727,1,1,582,1,1,876,1197,5453111#3qbsZ7Gnw68TSWqN,2018-12-16 19:37:56.000
728,1,1,1532,1,1,1052,335,3587234#za6DgHG7G3u6DSeq,2018-04-04 17:01:43.000
729,1,1,1410,1,1,1291,192,6652681#hc5xu5cZSPvSXWtI,2016-03-09 11:10:10.000
730,1,1,778,1,1,2081,1177,1201826#kCOXL6CcT1hkVV9S,2013-08-15 17:55:22.000
731,1,1,306,1,1,585,462,3596376#JDOCb9dcmO3OxEsG,2015-03-29 14:02:12.000
732,1,1,716,1,1,1408,688,5236731#BJTQDFqJeXjJ3vtF,2016-01-23 13:27:32.000
733,1,1,1651,1,1,2000,777,521763#jLmmQPGnIrXmeXNb,2011-06-29 21:27:01.000
734,1,1,624,1,1,933,527,3209289#iRAYJx2U7Lb9qbpI,2018-03-04 19:26:14.000
735,1,1,538,1,1,843,334,1916627#4ViU35uJy8GBVzU5,2015-01-16 19:35:23.000
736,1,1,612,1,1,1041,1017,6981070#Xry8D39OeIfBN32W,2019-10-30 13:24:36.000
737,1,1,1479,1,1,1798,162,6211514#Jk0xRvvIZxAgWvQP,2012-07-03 02:47:35.000
738,1,1,1351,1,1,791,1193,2890875#oLLASseL7HfsWJar,2019-05-23 19:44:54.000
739,1,1,959,1,1,559,744,392611#jvYck1uhu5VXZOx9,2012-06-27 00:56:09.000
740,1,1,1157,1,1,1836,151,6664679#YUJALlSnbWwq1mXn,2019-02-07 15:38:49.000
741,1,1,630,1,1,380,57,5944818#Mq1iDQPfo2mYsd66,2013-12-31 10:11:28.000
742,1,1,1673,1,1,346,648,1920931#tWyJNMm2nmtsU7XP,2009-07-23 16:17:45.000
743,1,1,178,1,1,622,754,6348438#RMCV4znSpkLTLLVE,2017-12-28 18:37:33.000
744,1,1,1415,1,1,1321,617,1398962#va19nV4PoqSUy24t,2010-06-15 11:21:20.000
745,1,1,85,1,1,1975,501,6904653#AEQURXVmrsof41FX,2013-04-19 03:35:07.000
746,1,1,1704,1,1,306,757,3566277#QnnuNsAOr9eUK9na,2009-02-05 17:46:10.000
747,1,1,548,1,1,1865,851,345417#XIqQn4eALUKAaWTM,2009-11-01 15:38:33.000
748,1,1,412,1,1,1869,991,4038067#ugmtJnPQNIMw7A6m,2017-01-23 07:02:06.000
749,1,1,202,1,1,1819,596,3517074#fQb60T0TyfxcEu5t,2017-03-21 07:23:08.000
750,1,1,1642,1,1,1691,688,2580813#0a1wKm2SWIL33fXq,2008-09-10 11:17:53.000
751,1,1,446,1,1,481,413,1564923#mYX3ZwDYvyXaMAdr,2012-07-22 06:06:47.000
752,1,1,1616,1,1,428,5,3689347#ezoI0syZhqFwaAoJ,2008-10-18 08:57:19.000
753,1,1,775,1,1,643,188,244118#sr7AQQPN1tjDecD0,2018-07-23 22:59:30.000
754,1,1,1714,1,1,636,717,568221#Aj9mIGvT2BvGATdr,2014-11-10 04:57:36.000
755,1,1,696,1,1,1149,179,5109144#1PvHb9R2t8MeLajD,2013-07-22 18:33:23.000
756,1,1,208,1,1,1655,712,3452315#gCkU9kldydrWVgxF,2009-05-25 00:52:14.000
757,1,1,468,1,1,1267,715,3629631#OeVh0M6xz4uC29zP,2011-01-14 10:07:07.000
758,1,1,1260,1,1,1813,727,3308870#kQuuKbnB2trRupjt,2012-08-31 01:20:54.000
759,1,1,79,1,1,20,251,3321652#kSwnrM4xFihvZa52,2009-11-26 21:00:30.000
760,1,1,1379,1,1,646,1060,2170791#VMf0lxoZSLUfdq8r,2018-07-08 21:54:41.000
761,1,1,1425,1,1,629,1001,6482832#u7Y9JUHjN3nhHdRa,2014-07-28 01:21:06.000
762,1,1,11,1,1,1163,950,559834#OJWNGNZNn9t0eT89,2009-01-21 23:33:38.000
763,1,1,1364,1,1,1386,1040,692610#NO0qsQCyhCnvVLdJ,2013-03-19 11:27:54.000
764,1,1,1713,1,1,183,78,4669247#UFhqsLiqkg5x9eFH,2009-03-13 08:30:00.000
765,1,1,885,1,1,753,97,5417583#uqfO0RQSvxuo6LQ0,2019-04-29 14:06:00.000
766,1,1,1720,1,1,303,49,6458110#uoKMf6NF6g0hbZZ5,2019-03-22 16:36:00.000
767,1,1,1416,1,1,1976,413,7507927#q2WFGfQIE8v5ezvC,2010-02-21 07:30:45.000
768,1,1,201,1,1,1386,368,4738455#HfZMOrVL9kA2NwGy,2017-06-16 00:32:51.000
769,1,1,1310,1,1,546,718,2405326#cSbmoT4pgloZWVlg,2010-10-02 21:17:33.000
770,1,1,174,1,1,22,779,1427032#EFSurdyyqhgsZLWO,2019-10-23 14:43:44.000
771,1,1,880,1,1,704,753,7637111#3qbsZ7Gnw68TSWqN,2011-08-18 09:35:13.000
772,1,1,1133,1,1,108,1104,3866831#hlYpNaU5U6NKaiDa,2015-07-12 10:14:19.000
773,1,1,859,1,1,800,273,6425088#eHsLFyizyEZ1Nyg6,2011-07-06 10:48:00.000
774,1,1,1684,1,1,1470,319,5603634#MDHczsoAHCUh5YN8,2011-10-10 16:53:23.000
775,1,1,772,1,1,1293,192,972391#KNrTy8gGLQzK4n0n,2015-03-06 01:47:56.000
776,1,1,1540,1,1,613,380,5176905#V8m1w9wvjXHkoa5W,2011-05-06 20:33:21.000
777,1,1,866,1,1,1229,972,5827680#6bWlzTu1v1UdPyhZ,2019-01-07 12:16:34.000
778,1,1,1582,1,1,1207,645,3833565#XkX7fyxkYQjMes64,2018-05-08 15:42:14.000
779,1,1,1135,1,1,1912,704,7108673#E2uAExqKp62wrKla,2016-05-18 14:12:27.000
780,1,1,553,1,1,885,745,1283853#n8QQOrzbIRffA4Ol,2013-12-08 18:13:45.000
781,1,1,1599,1,1,53,796,3841688#10v3TEja5cPOdMdl,2015-06-24 09:51:46.000
782,1,1,978,1,1,1223,303,5593790#FSjmBTGHggAA5Q0m,2016-04-05 02:09:09.000
783,1,1,351,1,1,673,216,557158#bZXA0KPMsrRx0K8B,2011-11-29 13:30:14.000
784,1,1,1599,1,1,1292,939,3427348#JAPct3COxWAVYY4V,2018-04-09 10:25:37.000
785,1,1,513,1,1,596,1132,2046957#zVmnd3dIRjIx0lNF,2015-04-17 10:14:26.000
786,1,1,487,1,1,1559,557,7454674#pmOsuGZRxOVwVzeY,2019-11-06 03:35:13.000
787,1,1,1504,1,1,973,396,6632746#UJT35hY4QtwB1q5h,2012-11-15 14:07:10.000
788,1,1,676,1,1,537,1067,3086572#1rO9ig6g9DExW2ri,2019-06-07 03:04:27.000
789,1,1,1209,1,1,1544,800,418916#1rGT2qaFXv8NAsMC,2012-11-10 01:34:42.000
790,1,1,1707,1,1,2063,385,7114462#DE1L1BMvS2IP1TzB,2019-02-27 01:34:25.000
791,1,1,693,1,1,2,687,6345950#uJtZHlxQ6nsszIxm,2014-04-20 00:04:54.000
792,1,1,48,1,1,1209,49,2050099#p5WlSw4vmiG7jTVs,2010-01-27 20:39:27.000
793,1,1,1278,1,1,1356,351,6775642#9o0kqO62D6zo81T2,2018-02-05 21:51:20.000
794,1,1,915,1,1,2135,1128,1492815#qFhs2zF0DdU3aDHg,2010-12-05 04:07:00.000
795,1,1,385,1,1,569,848,7367970#pVXfeJ25X3jyoPy7,2013-08-19 14:15:43.000
796,1,1,254,1,1,450,532,3804863#pUGpmqp3mVbNDJRr,2009-08-21 19:32:03.000
797,1,1,1623,1,1,1120,261,368432#2IP6L1nsNkopp7FE,2010-05-04 20:06:14.000
798,1,1,912,1,1,657,286,4307797#MvShH7Rihj6qPoSR,2017-03-20 03:30:25.000
799,1,1,839,1,1,1540,1096,3751832#u7Y9JUHjN3nhHdRa,2017-05-13 10:28:49.000
800,1,1,1517,1,1,1178,324,2752236#AvxnnEMt2IPakaC0,2009-04-03 13:06:15.000
801,1,1,1546,1,1,219,853,1668808#Gn1BVp5n6FklzZlm,2012-12-05 15:27:48.000
802,1,1,1716,1,1,173,745,3934330#M4pek2tUVwfcs2BI,2009-05-09 23:55:25.000
803,1,1,50,1,1,1537,864,259966#24GKL07qFfzY43co,2018-08-22 08:08:43.000
804,1,1,1736,1,1,494,446,605526#zCW7MyRugQ1RLZM1,2015-02-13 19:32:31.000
805,1,1,571,1,1,1899,649,5447311#hMyKVKdraw6djI39,2013-11-18 18:43:18.000
806,1,1,1183,1,1,797,1100,3680495#jEtgVeqD0xWbdNio,2009-12-04 17:31:08.000
807,1,1,1274,1,1,1358,856,3869097#uMMAWSk4todkRFDm,2011-06-27 20:47:20.000
808,1,1,1,1,1,1631,1070,3527108#k0A5Gy4nIg2HjlH8,2013-01-13 10:15:56.000
809,1,1,1154,1,1,2048,149,3540268#oD0TJlIVzRhegxj9,2010-05-30 23:53:18.000
810,1,1,404,1,1,1494,902,2312950#uJtZHlxQ6nsszIxm,2018-08-08 05:42:54.000
811,1,1,1600,1,1,1289,859,6908527#SyDUf4It24aND6dY,2014-11-06 12:12:45.000
812,1,1,1236,1,1,1677,641,595932#mxpm1EVXCeXiJ0SQ,2009-08-10 21:30:49.000
813,1,1,202,1,1,1572,633,737577#gv5g26uqsgEKQVXa,2013-07-23 14:46:49.000
814,1,1,1025,1,1,973,677,4974779#dLZAVk6OaZwLLTKw,2009-09-28 04:12:10.000
815,1,1,1710,1,1,2065,999,5771398#6jWO8psjxCWT0QJE,2019-05-15 11:23:54.000
816,1,1,1708,1,1,1390,58,6879148#mTbXtxDtFi1rw1YN,2019-04-09 11:20:44.000
817,1,1,1691,1,1,369,54,7997131#8emI3v9xxkmwE6dO,2010-08-22 14:45:05.000
818,1,1,1201,1,1,1059,256,5046331#72IYlgIspy2c8YuQ,2017-08-04 20:21:57.000
819,1,1,1185,1,1,629,226,2561468#xYecUlJU1JXBfY0u,2011-03-23 10:32:27.000
820,1,1,1249,1,1,1357,337,1519347#ezoI0syZhqFwaAoJ,2019-10-30 18:32:59.000
821,1,1,1030,1,1,2071,353,8131933#5seb8LHgxXRC1KHJ,2012-01-21 09:08:59.000
822,1,1,1502,1,1,1259,437,4117125#TpCeyU8KNGcZVWO1,2015-10-05 13:48:45.000
823,1,1,1059,1,1,1168,619,6840066#jlnSJicIY9pelVuq,2011-12-11 21:16:17.000
824,1,1,909,1,1,2112,96,5965112#mVahYFZDHGswEaRX,2012-03-12 11:46:14.000
825,1,1,903,1,1,2083,960,1034626#boPAegRh4xtDgEOQ,2015-06-05 21:31:31.000
826,1,1,440,1,1,766,250,5510106#P8G4Xqm1klZUYw6r,2011-10-15 19:13:52.000
827,1,1,1150,1,1,1582,747,6202249#Otvfe7OC2UwlChmh,2019-01-29 04:55:12.000
828,1,1,1632,1,1,1362,955,4079895#1xvgXfwfHMswlxrp,2018-06-11 14:22:45.000
829,1,1,860,1,1,374,2,7564665#xQsfhbd7jGXZcb9e,2016-07-27 17:14:45.000
830,1,1,328,1,1,1848,314,1365879#u621AMVV1koKsh2p,2014-04-02 18:32:08.000
831,1,1,1118,1,1,1680,1130,4087000#SzCthSWfIO2KOoEL,2015-09-19 05:41:20.000
832,1,1,1241,1,1,1038,1132,5950849#Qm5i5rnX0dZxGBSw,2016-06-16 14:50:46.000
833,1,1,826,1,1,1505,869,592553#3BOtkqwdO3zFBV0G,2012-04-30 05:33:27.000
834,1,1,799,1,1,1651,137,3645406#Q0NMwDezCvsTHVaP,2018-05-15 01:25:01.000
835,1,1,488,1,1,349,717,2177287#yOSYzacUjlAgawwc,2015-07-17 00:53:29.000
836,1,1,362,1,1,2077,97,7928278#rDqvUpMSYkC4zETf,2019-11-12 17:45:50.000
837,1,1,1529,1,1,148,630,7053978#RIeFr94Zk3654iFW,2013-03-31 01:26:44.000
838,1,1,1,1,1,282,940,3282269#D41siRZHT6nljj21,2019-06-21 10:24:00.000
839,1,1,1459,1,1,370,856,445221#Aj9mIGvT2BvGATdr,2013-03-26 02:13:15.000
840,1,1,482,1,1,131,619,7564246#zX8pFhMeorn3fcwA,2019-03-18 11:30:00.000
841,1,1,755,1,1,1783,103,6747082#yOxtnnYwwVwKIA4U,2014-08-07 13:58:20.000
842,1,1,198,1,1,2073,664,2179268#oD0TJlIVzRhegxj9,2010-08-04 01:01:09.000
843,1,1,603,1,1,2089,1161,7202846#5iZoGTHtYImDIwxb,2018-03-17 01:05:07.000
844,1,1,415,1,1,790,424,1586667#q8ssxpyKlf4pMLUo,2011-05-26 20:52:39.000
845,1,1,685,1,1,1321,1195,7831288#hwwko4NHzDBKQPQV,2013-12-20 00:56:20.000
846,1,1,579,1,1,594,307,4043450#QULInbDrVb3p8FNy,2010-03-06 21:17:56.000
847,1,1,923,1,1,374,885,391447#wwXt0ourBXSOp9JB,2010-11-05 00:33:55.000
848,1,1,1412,1,1,1604,794,4577527#SyDUf4It24aND6dY,2017-05-14 23:58:44.000
849,1,1,1477,1,1,1261,382,3986590#f0x2ueoOOTgAEv8k,2017-07-05 13:34:30.000
850,1,1,1392,1,1,665,1174,2923658#sDJqczeIr8mgb2Oh,2009-10-25 14:54:38.000
851,1,1,871,1,1,2116,78,1772693#8cZx6wGlFSgTRab0,2013-04-21 00:48:49.000
852,1,1,41,1,1,2077,271,4179314#H8oKGTkhPtEZixWx,2009-11-29 14:53:31.000
853,1,1,1100,1,1,272,327,275814#nDMQlDmWaefs0je7,2018-09-20 17:17:55.000
854,1,1,1757,1,1,352,175,642830#OpjYGJu7sPF7hzjK,2015-05-20 10:07:27.000
855,1,1,446,1,1,490,1118,5785478#M6xhLl15lNLd0qNc,2014-03-17 18:53:13.000
856,1,1,383,1,1,2098,273,3908674#pmOsuGZRxOVwVzeY,2010-06-16 10:10:03.000
857,1,1,305,1,1,1449,997,4108563#uPscMruPgru0dpRz,2011-12-09 07:27:34.000
858,1,1,516,1,1,1449,199,3745346#AD1ujS9a0bZRnZrY,2013-05-28 19:10:59.000
859,1,1,454,1,1,1917,47,3758884#Jokvr5bAh0P6Il1I,2010-12-02 02:46:06.000
860,1,1,1204,1,1,183,744,2455110#uoKMf6NF6g0hbZZ5,2018-09-07 13:31:08.000
861,1,1,1775,1,1,1949,718,7334222#CV1zAkjo0MfKwY6k,2015-02-15 23:04:23.000
862,1,1,686,1,1,33,332,632029#ezGPZ7KA38C1F1zL,2010-02-27 19:27:59.000
863,1,1,814,1,1,1757,226,782543#CNkjXa8NpHOT6wrK,2013-11-26 18:05:45.000
864,1,1,338,1,1,1763,62,5280310#Zovs7eeeI1GCoQMJ,2010-04-14 23:54:19.000
865,1,1,760,1,1,1218,688,6125212#JgwFkst2VIBqogVg,2019-05-31 08:41:48.000
866,1,1,1695,1,1,318,66,7300186#nzDoUN7yOwDQ0pBv,2019-04-27 06:05:29.000
867,1,1,191,1,1,921,909,8486334#OQ3wwRHcPok0zAZA,2011-02-20 21:59:24.000
868,1,1,426,1,1,732,144,5354207#yE3OZibMjSiWdxpi,2017-09-23 16:11:03.000
869,1,1,1060,1,1,713,948,2717610#NO0qsQCyhCnvVLdJ,2011-09-10 23:47:21.000
870,1,1,549,1,1,534,1108,1611661#anqhdPdw08jMkl2l,2019-11-06 22:22:14.000
871,1,1,1180,1,1,1279,1167,8626756#oP8mT3OWJcjeu8Kl,2012-06-25 08:42:45.000
872,1,1,95,1,1,251,984,4367419#3nXrn5455o9CfjDk,2015-12-29 17:23:10.000
873,1,1,1259,1,1,1536,964,7255045#xbk7qDw8mzAati3n,2012-05-18 07:44:35.000
874,1,1,134,1,1,595,1087,6326591#QMNIOI1XQa1IWskt,2012-08-13 06:39:06.000
875,1,1,1034,1,1,714,514,1096861#8AQ6wK7a1voA3guG,2015-09-05 17:15:06.000
876,1,1,1115,1,1,919,120,5843306#Y6gQwW4GR3KdLp4u,2012-03-25 17:54:23.000
877,1,1,1434,1,1,1935,522,6576818#Mq1iDQPfo2mYsd66,2019-02-19 21:33:50.000
878,1,1,1682,1,1,1517,51,4326226#UMh0MFN72BOJX5Iz,2018-07-15 13:03:16.000
879,1,1,585,1,1,995,514,8020657#inFs0lG5vajcKKS5,2016-10-05 20:17:02.000
880,1,1,103,1,1,652,1096,1447906#ZOUhT22aJr4hxO2w,2014-07-26 18:50:31.000
881,1,1,636,1,1,1148,250,4332312#opQ5rQc2jDEzADU7,2015-12-15 01:30:55.000
882,1,1,1503,1,1,853,747,6307908#p9T8YxUPZYE60jyj,2016-08-28 03:32:23.000
883,1,1,1301,1,1,178,308,627948#XwG8Nns08722HiZH,2012-09-29 21:36:40.000
884,1,1,1774,1,1,2010,549,3863465#iAhMVPQOp3SSUMZG,2018-06-19 16:24:25.000
