357,1479851,2544088.2,1401849#ON7T6Ixa4y5,-101523.0,1815828.520,-1605473,396259.54,-1510296,278807#9tI6TZa2bYnHvlro7f
358,-3220331,2428070.5,3156635#AXJd4KfdgDY,1413226.0,-1420556.970,-1994130,2495369.48,-3019523,480483#7cxtv5BSnk4tVKwnN2
359,-2801303,2809717.0,3121416#kEYG15tkQ9E,2737561.0,3436989.990,-595345,-3523113.01,-3227182,2996679#MtlSmDWhBAUnmbtvze
360,535787,2689961.8,1074645#IzigAsLaM0I,-2356350.0,-323447.400,1972780,1434629.94,2784822,327043#PI6yh76irjegBFnmq9
361,-3067100,-3589468.5,1950545#PRkNPECAIWd,-800343.3,-308455.680,1322939,842964.85,2458968,2001405#aohENA9qoUasHZLJWY
362,3610076,-682507.3,1736342#59JLIpvngzG,-240666.0,1908553.970,-287646,2086802.75,-683075,1291185#K6kkv2tUKX7vKcRY0h
363,-3444031,-2338997.5,687765#M6PVhQPRj2r,-3508846.5,2519955.210,-2091202,-449154.6,-1295747,758459#dHcZhX2HhD5dvFylMJ
364,291740,-661006.56,603534#Y9E6BZOaQMT,140518.4,2827182.700,-2277418,-2798867.84,-670553,2276262#4BCdFIq0Dzyjg5EFXG
365,-2202653,773171.9,471572#KHslRPW2b0i,-987121.0,-1684323.640,235286,-1542002.61,1222006,1200115#uw2ASDdJ2MsWrTvKQZ
366,2325329,-2595266.2,1202109#76p10HbigBN,-773335.4,-1251281.880,1587928,2916580.2,-2974939,858323#jQX96vB7hSBVvDI5yt
367,97418,-3387687.2,3017061#aoeTdJ3JSrP,-3625084.5,-3263903.420,-1006847,1276671.93,494969,2805709#Nxm5cgxpanBuiVKyRc
368,-2145635,-1014619.4,2037008#UbZEQeZ9gkp,-3537904.0,2262484.900,587869,-2818650.2,-344134,2946836#1rtRHYRj9J8lLmoKzI
369,2638913,3074722.0,105872#4zhehBTwByp,1241363.5,1179616.590,1581549,-113335.37,2355090,1282383#Tl0kNds7T0a1kn96Ol
370,1116110,-1187029.8,122072#eE1hZvL3aZO,732325.5,-1562258.840,-1279210,531543.74,425146,1361169#IMdECTwIu9dz6RN8Jw
371,1178113,-3065178.0,3683862#xyyolVM0Q4h,-3372590.0,-3294067.190,-2619315,446607.08,955289,3020987#aujGHFnoVBuYTBLwwp
372,-3124006,331382.1,1179189#mQBIjTJXOkK,872189.0,-3633838.570,-3682591,-980038.28,-1835183,552881#EqwMmbZYU7jo2tG6gM
373,431488,-468672.56,146524#POoUjmfkjWW,1044455.0,-91219.920,3565098,-790608.58,1164094,340313#BlLHzPzph6m862Ep5Z
374,2870800,1004206.5,2808235#gCeNCqNGjeb,2748234.0,-1551725.710,-1573463,3577489.81,1003011,3251985#wOBZ1OUkt67tNautsX
375,-29635,531852.44,2995787#89GJMR3F3ps,548189.0,-1091587.520,1006417,-2489450.37,-527989,878761#JDza5gzr6BgpICS6Il
376,275186,565867.3,3367097#m5sOFZrbTJk,697344.0,-803519.370,736364,3499244.59,2582899,2598434#bDfRdINoXos8hNaIdl
377,-980057,-1025971.25,3039304#DI9hmf7IZIH,784232.5,-1600803.710,-2062094,-130865.99,198151,2847192#G86PLQQCUDJkUEHFy5
378,-2173165,-2003984.5,370838#X5nccfuBud5,1919257.0,-2172045.400,-3141664,-941844.67,1551733,809324#qqlAALyqIx1BVtnGCp
379,-664365,2011844.5,2156945#l7VympLqsQt,-2288007.4,3603152.770,1928572,3733771.74,-1370610,1226172#HQXjG9KEB3chiHcEna
380,701329,-665865.44,3262346#oniSr3EBYPy,-1812949.0,-713061.850,-884228,2327419.13,3632375,3210272#20kYusEYlGBMvQPI2t
381,-2469647,2880223.8,686917#OlkaJTDxgLl,-1697177.0,-2214311.170,2155111,3343516.56,1026870,3479584#KoSfWLJzlkcQ4gBokX
382,-2870016,1208595.2,94476#lKfyIVv31gb,219953.0,-2075720.600,3140344,-1933117.1,548251,2477250#Iz8eyoASnFHnvdQSXj
383,3150867,397504.25,3183111#WmrmzpX6HIm,87468.0,2981906.250,-1629346,1044771.13,3236150,1660169#IMdECTwIu9dz6RN8Jw
384,148911,-3250460.2,2576780#7sGjmIbVkD8,2917506.5,3673878.810,-2163248,-1732233.87,2032308,114352#xavn1ZMWW26dNfoYlG
385,-3278248,603648.9,974743#eOWIgqI5MU8,-3547942.0,1157188.860,-2418630,92433.35,-1844614,978747#Su3EE0lsDl9P4qyzZC
386,-3220999,2984017.8,2546110#0MAm16OArmT,3433005.1,-2389896.110,47164,630990.62,-3062659,1377225#pq0hWpehwOlCjIm3Sa
387,-1000326,2934268.0,2152228#zjlZ8LtpcHj,-1499250.5,-2213252.750,-3532504,-3392468.12,1559750,767191#h7zyGB7Y6BMWDzAJfA
388,3690411,-807161.56,1924954#fHrwwAGMDV5,-1044847.0,-3611400.570,-2490465,-2432720.24,3071414,925060#5lxarzfg9fCdLhM3cL
389,617968,-126652.69,2692962#lVbrQ68kzsn,-3806539.0,-2001465.430,119001,-1865756.58,1403540,49669#UsSVqTQL48OHb4tFWS
390,-3286849,2348035.2,597964#BXC1LzYztv2,426263.0,-1053621.080,1245105,-1350177.53,1146067,1622196#43G1Q40usWKYU0Ywwf
391,2822925,3340666.8,2128642#opS2tbF9JBM,-3494615.9,-2170343.410,-2764222,805962.67,2671736,1833824#m84HgLydISEtycxnAZ
392,3880124,3760469.5,2348371#IgCX1EM41W2,1111621.5,-1632983.730,-2539416,-577464.85,2344604,3490696#sVMOKmtTraqgiUj7kg
393,2144036,-591650.8,2779720#LXtE3CVL91i,-3872215.2,-2448316.340,-3279139,2895732.1,2746014,2331174#jHyslbrhSzYJ1GYCCo
394,2784617,-2753358.8,2545641#jd62DLuw6H9,2047714.5,-262525.320,1862543,-3429385.77,348306,2528640#2GhR3717ouIxMPAXHy
395,-763787,-1460505.9,1411998#FrEYyq0Ceki,-52449.2,3264416.940,-2222079,-202753.0,524767,2364342#9j99i7f60Ou8iCTQTo
396,-3629572,-3671138.2,246532#WkxgoxuTWxH,3912182.5,-1480002.810,3884421,3131029.29,373574,1472411#gxJPrJ7KgB9TWpj1bq
397,3383266,2674712.8,2370905#MF4m4U7nBpY,-2617750.5,-2082303.470,1351185,-505259.21,-2115699,1295613#NylpGJo2BaDsOvjvKZ
398,80277,-416426.2,817241#s98RYTvViOc,1889531.7,3971597.850,-1066883,61172.52,2131025,2952058#cXuUht0u7g2UkBWVtp
399,-303204,2195961.5,946575#eciLomLzmbo,-302046.0,2562088.260,-3062187,3828898.12,-1310759,1389116#QrWyJ2pCU8ahkHbRLj
400,474736,-3403773.5,641933#liFcSV5Dg6i,1565996.0,-298809.640,1457865,-1131861.12,-1992078,2225233#W9Dq35Mpu37bdkY2OS
401,2872642,3131921.0,2693689#iEvaMwTIEWW,3445063.2,1762037.120,3639419,3223374.5,91963,3574443#juiK6StrkbCTNNvWxn
402,2576249,1105201.6,795172#VjzBFbAF17H,-31307.7,569945.030,375300,-878684.18,-196068,2568272#20kYusEYlGBMvQPI2t
403,3574999,-1655575.0,1283655#K8JEFEk1R3L,3940494.5,-2929493.550,-2167954,3216037.26,991773,3428501#l9AirAmoQFduXDz5ND
404,-3380106,-476389.38,443110#0MAm16OArmT,916309.0,1564456.390,839192,-380925.98,-1837957,1580765#DLS8yhf8peZkBIBRTL
405,2695280,2125258.2,3391644#EIHdhuNsWCX,-1205092.3,1480535.680,-2306648,-69973.85,-3881802,880561#Tm4Tdiskifsq5MsDTW
406,2082805,3482451.8,2386839#cw2eoFifz2O,-6386.0,977815.370,-2923552,-3888541.71,3812929,118925#g38fVOiyW6BPhrddSh
407,1687376,2900888.2,1597169#62pLt7Yo1m0,-115291.5,2070416.520,-1829378,453059.54,-1720547,317058#cXuUht0u7g2UkBWVtp
408,-3668919,2768070.5,3596370#2b2i8vfDfd5,1611426.0,-1620104.470,-2273800,2844169.48,-3442027,547342#9j99i7f60Ou8iCTQTo
409,-3190666,3201717.0,3554944#oo2liJsLsXP,3118311.0,3915264.990,-677710,-4015113.01,-3675373,3412872#WdwtD8oY0OhdcHshCL
410,610193,3062761.8,1223427#fYrWqjK0JeV,-2682387.5,-368987.900,2247568,1633829.94,3172086,371553#qf8Mz9gJ1mn3g5DlEm
411,-3491700,-4085468.5,2219365#tlkvqIpNIhp,-912149.3,-350756.680,1505375,959764.85,2799814,2277898#SiP5GA1rOxDaQDoIGj
412,4109189,-776107.3,1975046#ucm18z15Fr8,-273516.0,2171315.470,-326091,2374002.75,-776292,1468298#0ReRagzcH2KWqzoGSa
413,-3918081,-2661397.5,781523#jZtfRLgTnlX,-3991302.5,2867383.210,-2379726,-510754.6,-1475315,861686#O3Xa6GIR27z7vRqb40
414,332546,-752206.56,686400#oOd79YcFstT,160503.9,3214868.200,-2591302,-3182867.84,-763451,2588624#z0Mcd28jjxA4uNwVSz
415,-2504953,879571.9,535023#GPP40TwlFn7,-1123371.0,-1915798.640,268159,-1752402.61,1389384,1363208#UFvbRtLWX8D17SsFmo
416,2643204,-2949666.2,1366236#tSqs1OpGyiz,-878153.9,-1421044.380,1805552,3315780.2,-3381318,975028#ct4RQZH4Bablwv8aQy
417,110433,-3850087.2,3427486#gi82WgbCnb0,-4117659.5,-3707871.420,-1144893,1451071.93,561995,3187081#KpVgOqPF4ysDDb73RZ
418,-2438496,-1152219.4,2312665#QD3HmOonZt7,-4019654.0,2570476.400,666566,-3201050.2,-391720,3346490#wUjOWcmHNqeW0bFN2E
419,2997401,3491522.0,120162#OLhHG2k9ilR,1409938.5,1339914.090,1795606,-128535.37,2674442,1456005#gkfEWkVw1VoCmUt6Ex
420,1266135,-1346229.8,137803#CadPqgropX4,832363.0,-1773657.840,-1451267,602743.74,483839,1543971#k7TSyxxsYJYa50b8cQ
421,1337656,-3479578.0,4179987#AjHqaYrnBYK,-3825890.0,-3738079.190,-2973132,506607.08,1085331,3427167#4NF1pCI9TCnu1Zor5w
422,-3542606,376982.1,1336961#98z0wvx5g2B,989401.5,-4121449.570,-4177735,-1110438.28,-2081216,626885#fy5oCURnTblvTzEgNP
423,489818,-531072.56,165566#mYyQu8G4kGA,1183405.0,-102388.420,4044304,-896208.58,1319910,385792#fH0u1opfPQ3DLN5CGC
424,3255900,1137806.5,3182440#c19l5VfUWgD,3115384.0,-1759688.210,-1782584,4055089.81,1136822,3685896#HQgg0qwHfOJPxpZFRJ
425,-34472,601452.44,3394034#0qgjbXYvJ2Y,622339.0,-1237893.520,1140851,-2821450.37,-599268,995779#CYljzLXY7MzkvbrOy2
426,310550,641067.3,3813740#krWjW1Z7YxH,790244.0,-909215.370,833055,3964844.59,2925046,2943339#jYjSdJfXY3l3gfxSUg
427,-1111313,-1162771.2,3441698#8ao6GHes1Qj,887257.5,-1811870.710,-2336030,-148465.99,224517,3223710#8y3Xv3x64uutIJI8Lj
428,-2460077,-2267984.5,419842#tqtYHkhqnnk,2171982.0,-2458521.400,-3556661,-1066644.67,1756196,915231#cwmqDrFNHahU9U8aQy
429,-751596,2277444.5,2441217#uISaoUALgaX,-2589103.9,4077448.270,2183116,4227371.74,-1551294,1387225#pq0hWpehwOlCjIm3Sa
430,793935,-753865.44,3691034#0qgjbXYvJ2Y,-2052486.5,-806837.350,-1000840,2633019.13,4110382,3632265#qkJ6Cv0uJgNw94ngyU
431,-2794684,3257823.8,776951#Yvim8RKp2sm,-1919427.0,-2505940.670,2437241,3781916.56,1162514,3935909#YG1Y0TqmjtWfvwy6xs
432,-3246029,1366995.2,106157#z5V49b4n56L,249128.0,-2348688.100,3552394,-2185117.1,619641,2800912#c1pIh8kUeyfjFz51QX
433,3562067,448704.25,3598168#1qRR4poAr7U,98868.0,3370673.250,-1840852,1182371.13,3659830,1876546#FtOpfmrdE2DQ9UZgOT
434,168074,-3674460.2,2911332#lFJzau8fW53,3297211.0,4152244.310,-2445074,-1957033.87,2296317,129237#Sa0rMFHlLhvTnx6Aor
435,-3703498,681248.9,1101189#mQBIjTJXOkK,-4007442.0,1307176.360,-2733376,104433.35,-2085057,1105381#jzCkSfHDxJunPAxGCe
436,-3637274,3369617.8,2875745#Mg7t6uVBPu9,3877558.1,-2699072.110,53595,713390.62,-3458755,1554834#jETxX9wUwPaBN6QVnX
437,-1128576,3312668.0,2429576#3X6s0uafcjG,-1692225.5,-2500155.750,-3990127,-3830068.12,1760098,865348#VRzDKw9TjMRe44Sx3I
438,4166102,-911961.56,2172578#oVhrDqXeX6M,-1180434.5,-4077731.070,-2811885,-2745520.24,3466831,1044043#PI6yh76irjegBFnmq9
439,696843,-141852.69,3038179#0WdVPG0TaOU,-4295489.0,-2259566.430,133570,-2105756.58,1583806,55953#Q036uuM6iFBw8csicO
440,-3707049,2648835.2,673446#bOtkbywXsdF,480188.0,-1188390.580,1403890,-1523777.53,1292414,1829315#a06cZoFpfiYGcTQcft
441,3184275,3768666.8,2400266#Le21NeIpP05,-3942393.9,-2448535.410,-3118846,909962.67,3014453,2068032#2bpwvPWj9rB1wpvn1A
442,4375899,4238869.5,2646642#opS2tbF9JBM,1254112.0,-1841341.730,-2864280,-651064.85,2642752,3935038#e3CvLsQYh8j5eJUSVb
443,2417073,-667650.8,3132695#ZuKcnQbOLPC,-4364077.7,-2760457.840,-3696975,3265332.1,3094520,2627362#uBjuvubHKD9YlNMZcA
444,3138210,-3103758.8,2867527#uGo2Lx8rZ4f,2306527.0,-294769.820,2099687,-3864585.77,391810,2849411#gxJPrJ7KgB9TWpj1bq
445,-860787,-1644505.9,1589537#L7J2tUlwXPc,-58636.7,3677493.940,-2503743,-228353.0,591786,2663270#usTCFPBOeW53iWR9DI
446,-4088278,-4134338.2,277346#oniSr3EBYPy,4407151.0,-1667202.810,4375277,3527029.29,420404,1657593#mKljMaNQgeIsWvcTaT
447,3810072,3012312.8,2669479#GXEtPE8kIRY,-2948175.5,-2345279.970,1520951,-570059.21,-2382829,1458183#7A42JnoFclq36DNcdB
448,91377,-469226.2,919380#kv6qQfGdNJg,2126737.7,4470692.350,-1199911,69172.52,2399628,3322572#Ifrqe0kuLrlnFTNfF7
449,-342379,2470361.5,1064543#NsNnBCxBx0G,-339746.0,2884216.260,-3445907,4308898.12,-1474791,1562135#AxAde5sRXCIqKJU1Lm
450,534361,-3828573.5,721554#hlJsdFdGpgT,1762783.5,-336591.140,1639273,-1272661.12,-2240783,2503387#8toV8xrgvfju4Qwzms
451,3230492,3523121.0,3028382#imHbSjBEMt9,3875625.7,1982643.620,4093480,3624974.5,102928,4019519#xULNAiO4kxbutPaDDr
452,2895555,1242001.6,893188#fyF07eDzzm3,-35301.2,640474.530,421863,-988284.18,-219928,2886683#uiIwG3GOfFmASr5Vxf
453,4018899,-1860375.0,1441765#M6PVhQPRj2r,4430469.5,-3293000.050,-2435733,3614437.26,1114963,3852904#Or2Aaw2yz23SUlUdLW
454,-3797819,-536389.4,497077#WBuDQvUQZpo,1028721.5,1758400.890,942123,-427325.98,-2066014,1775747#Su3EE0lsDl9P4qyzZC
455,3029117,2387658.2,3809267#dlL3f8sUxnN,-1354935.8,1663660.680,-2592107,-79573.85,-4361260,988743#wdTkNL6Hju4IHjzATf
456,2338205,3910451.8,2679967#PfCFnrKuocF,-6536.0,1098283.870,-3283126,-4366941.71,4283470,132344#WLrT0KbzT01W3GPcNF
457,1894901,3257688.2,1792490#qYnPHWdJiZn,-129060.0,2325004.520,-2053283,509859.54,-1930799,355309#LuYYF8ZLKIysmmx8NV
458,-4117506,3108070.5,4036105#kaG7rGDTkEx,1809626.0,-1819651.970,-2553469,3192969.48,-3864532,614200#M46eHlBbhyVGoBTkmH
459,-3580028,3593717.0,3988472#6K6RXvpmxPy,3499061.0,4393539.990,-760074,-4507113.01,-4123565,3829064#yqsH5KwHDdWtgXc81n
460,684599,3435561.8,1372209#k0obutcYZYe,-3008425.0,-414528.400,2522357,1833029.94,3559351,416063#RQf45GE68NILHGF2UL
461,-3916300,-4581468.5,2488186#78FtA4cRn8d,-1023955.3,-393057.680,1687811,1076564.85,3140659,2554390#TKf9TLWxAw0Ry15eFE
462,4608301,-869707.3,2213751#tEsoyRp24ab,-306366.0,2434076.970,-364535,2661202.75,-869508,1645410#chBrVG4hbydmAN8rDj
463,-4392131,-2983797.5,875281#Euc8S9Jw2Xc,-4473758.5,3214811.210,-2668250,-572354.6,-1654882,964912#c1pIh8kUeyfjFz51QX
464,373352,-843406.56,769265#o9QF26l2Y4Z,180489.4,3602553.700,-2905185,-3566867.84,-856350,2900987#aujGHFnoVBuYTBLwwp
465,-2807253,985971.9,598475#YvlYRRRjFIt,-1259621.0,-2147273.640,301033,-1962802.61,1556761,1526300#ADw8qtfPt45KWNEkJH
466,2961079,-3304066.2,1530363#Bnj3tBpNjyw,-982972.4,-1590806.880,2023177,3714980.2,-3787697,1091733#FVAYJYKcY7Hkcp0Brj
467,123449,-4312487.5,3837912#jUMWPkLjKCP,-4610234.5,-4151839.420,-1282940,1625471.93,629021,3568454#GTTl4AdEGJR3OFe15H
468,-2731356,-1289819.4,2588322#rHXCbavIx70,-4501404.0,2878467.900,745263,-3583450.2,-439305,3746144#FnbSQanbFrwGfCGCOj
469,3355888,3908322.0,134452#CCoDx9CffvK,1578513.5,1500211.590,2009664,-143735.37,2993793,1629626#9ez6XRwLi7eqYaBJlF
470,1416160,-1505429.8,153534#Y9E6BZOaQMT,932400.5,-1985056.840,-1623323,673943.74,542531,1726773#NYV8OdR0XBfExbVEHZ
471,1497200,-3893978.0,4676111#WmrmzpX6HIm,-4279190.0,-4182091.190,-3326949,566607.08,1215373,3833347#2OTA7lVXkngaQ73GIt
472,-3961206,422582.1,1494734#P0lrCknuWZG,1106614.0,-4609060.570,-4672878,-1240838.28,-2327249,700890#ymTT8oKgPKg33Hq7Hz
473,548147,-593472.56,184608#8yQpNvfHCui,1322355.0,-113556.920,4523510,-1001808.58,1475725,431270#usTCFPBOeW53iWR9DI
474,3641000,1271406.5,3556646#AdCsOXhj3YN,3482534.0,-1967650.710,-1991705,4532689.81,1270633,4119807#9tI6TZa2bYnHvlro7f
475,-39310,671052.44,3792281#Euc8S9Jw2Xc,696489.0,-1384199.520,1275284,-3153450.37,-670546,1112797#fre6MsTJo5oh6eNE6q
476,345915,716267.3,4260384#VIUODxmEUci,883144.0,-1014911.370,929746,4430444.59,3267194,3288244#56xQld8BelbZ1qq8u5
477,-1242569,-1299571.2,3844092#dBdaXgODeDh,990282.5,-2022937.710,-2609967,-166065.99,250883,3600229#wxYOT4OjlCZtJHZtf2
478,-2746990,-2531984.5,468845#CRpi4f6Ts18,2424707.0,-2744997.400,-3971658,-1191444.67,1960658,1021138#AnakMb8UhsDm0Z1Aro
479,-838827,2543044.5,2725489#4qBt3mUwcJY,-2890200.4,4551743.770,2437659,4720971.74,-1731978,1548277#JSdtFscfKXg3i53dY4
480,886541,-841865.44,4119723#OyN0KcSxEdw,-2292024.0,-900612.850,-1117452,2938619.13,4588390,4054258#EM9LAyKEfvpLJh0gHa
481,-3119722,3635423.8,866985#RYI6PN4NCM3,-2141677.0,-2797570.170,2719371,4220316.56,1298157,4392233#W9Dq35Mpu37bdkY2OS
482,-3622041,1525395.2,117837#MXj1INbsdGC,278303.0,-2621655.600,3964444,-2437117.1,691031,3124575#NiDXFTmGXVZNPxjcCr
483,3973267,499904.25,4013225#oqbPgUvVa8V,110268.0,3759440.250,-2052358,1319971.13,4083510,2092923#bELYPJBKbrGOMeTtdn
484,187236,-4098460.2,3245884#NaISXAJsz4g,3676915.5,4630609.810,-2726900,-2181833.87,2560326,144122#4hyvIUTuDMW09sukoW
485,-4128748,758848.9,1227635#AXJd4KfdgDY,-4466942.0,1457163.860,-3048122,116433.35,-2325500,1232015#nlahn0XthK0YeZyzNV
486,-4053549,3755217.8,3205381#ILc7KC02fP0,4322111.1,-3008248.110,60026,795790.62,-3854850,1732444#vT5fNhq2LTRZOHTLST
487,-1256826,3691068.0,2706924#FRjcf2mjy7b,-1885200.5,-2787058.750,-4447750,-4267668.12,1960446,963505#AdgfoRS16JfSGWlwtP
488,4641792,-1016761.56,2420202#5q98boLqLG5,-1316022.0,-4544061.570,-3133304,-3058320.24,3862247,1163026#2uSjjPrvdBIcihz1gj
489,775718,-157052.69,3383396#NFcIVG15YfS,-4784439.0,-2517667.430,148139,-2345756.58,1764071,62237#Sa0rMFHlLhvTnx6Aor
490,-4127249,2949635.2,748928#Be8PpKMJ1Sq,534113.0,-1323160.080,1562675,-1697377.53,1438761,2036435#0nQx2BqJTV23uZyKUc
491,3545625,4196666.5,2671891#4ctIV8PirH8,-4390171.9,-2726727.410,-3473471,1013962.67,3357171,2302241#bPNmABwHvPxqvb2dfb
492,4871674,4717269.5,2944913#gfcLXVS0GsD,1396602.5,-2049699.730,-3189145,-724664.85,2940901,4379379#twGvBKsudilnulvf4y
493,2690111,-743650.8,3485671#O1w0YQvNbuZ,-4855940.2,-3072599.340,-4114810,3634932.1,3443027,2923551#UeU1oQyT1JpGxhfLlp
494,3491804,-3454158.8,3189413#ywuvYA306ER,2565339.5,-327014.320,2336832,-4299785.77,435314,3170183#7A42JnoFclq36DNcdB
495,-957787,-1828505.9,1767076#QwVDMhfKfNv,-64824.2,4090570.940,-2785408,-253953.0,658805,2962199#X3KEQbEWqLAgSVa8wb
496,-4546984,-4597538.5,308161#3Qu0Kpmurcu,4902119.5,-1854402.810,4866134,3923029.29,467233,1842775#zLbe8kEtwu6NoMrZOW
497,4236878,3349912.8,2968053#rA6zBytg4al,-3278600.5,-2608256.470,1690717,-634859.21,-2649959,1620753#nTKpgG5fLaRYtdfqyG
498,102477,-522026.2,1021520#slAlXKtPcgg,2363943.7,4969786.850,-1332940,77172.52,2668230,3693087#G1EUQzos9SGQJm0tGJ
499,-381554,2744761.5,1182510#sRLbP6j2uCN,-377446.0,3206344.260,-3829626,4788898.12,-1638824,1735155#S2nZSQrhzU2KCBgta6
500,593986,-4253373.5,801174#LXymdkeiQNP,1959571.0,-374372.640,1820681,-1413461.12,-2489489,2781540#bFMhxMCVfyByAMiRD8
501,3588342,3914321.0,3363074#WJuwOnxIITf,4306188.2,2203250.120,4547541,4026574.5,113892,4464595#NtEkMoCHDIwUZdULdk
502,3214861,1378801.6,991205#4YCzheaef2K,-39294.7,711004.030,468426,-1097884.18,-243787,3205094#vBD0XiONbTtkyfxpNl
503,4462799,-2065175.0,1599874#teVFdKsYO5g,4920444.5,-3656506.550,-2703512,4012837.26,1238154,4277308#SJAEvhomifzcj2UGaE
504,-4215531,-596389.4,551043#fUz6cd5NlE5,1141134.0,1952345.390,1045053,-473725.98,-2294072,1970730#SrYskVCIQ7saW1NSdz
505,3362955,2650058.2,4226890#Z0ySRQSom6B,-1504779.3,1846785.680,-2877565,-89173.85,-4840718,1096925#g38fVOiyW6BPhrddSh
506,2593605,4338451.5,2973095#ZIULspwyDua,-6686.0,1218752.370,-3642699,-4845341.71,4754010,145763#eLl8nJWHhi0TtRfmVa
507,2102426,3614488.2,1987810#HICEhZyAGnm,-142828.5,2579592.520,-2277188,566659.54,-2141050,393560#24wze6u5UJlj1voe4I
508,-4566094,3448070.5,4475840#WVsPszMH19s,2007826.0,-2019199.470,-2833139,3541769.48,-4287036,681059#rnyjolDqXWAl0nIREs
509,-3969391,3985717.0,4422000#CkG6a0M4Xuy,3879811.0,4871814.990,-842439,-4999113.01,-4571756,4245257#npHk7EuX48YwlLas7D
510,759005,3808361.8,1520991#PlT8ksl46Wm,-3334462.5,-460068.900,2797145,2032229.94,3946615,460573#hjktbaLxpxBkJTRcLc
511,-4340900,-5077468.5,2757006#EfvrrGDQ8ij,-1135761.3,-435358.680,1870247,1193364.85,3481505,2830883#9IkhATBCWGKJiIotbT
512,5107414,-963307.3,2452455#YoymgawJK2z,-339216.0,2696838.470,-402980,2948402.75,-962725,1822523#LaHJEFqfEoJYeXs9SF
513,-4866181,-3306197.5,969039#SvVoP8E5aqG,-4956214.5,3562239.210,-2956774,-633954.6,-1834450,1068139#a2jr0CDizOoeJImYn2
514,414158,-934606.56,852131#ePVPhi3irT8,200474.9,3990239.200,-3219069,-3950867.84,-949248,3213349#idZxTmeCmwzh3eLT8z
515,-3109553,1092371.9,661926#NDl2vhHXN7q,-1395871.0,-2378748.640,333906,-2173202.61,1724139,1689393#nF3du1P5tvjMQHgfQ2
516,3278954,-3658466.2,1694490#qYnPHWdJiZn,-1087790.9,-1760569.380,2240801,4114180.2,-4194076,1208438#mIEededDJT0T2zf03c
517,136464,-4774887.5,4248337#cs6S9atrglh,-5102809.5,-4595807.420,-1420986,1799871.93,696047,3949826#6oJotdL1DQr1ponmPh
518,-3024217,-1427419.4,2863979#mzFnrWvW3u9,-4983154.0,3186459.400,823960,-3965850.2,-486891,4145798#G8ghBoFzKi0wsjT6i9
519,3714376,4325122.0,148742#sSuJ9pn2HiR,1747088.5,1660509.090,2223721,-158935.37,3313145,1803248#keKdMdEECFuK1SsE0D
520,1566185,-1664629.8,169265#o9QF26l2Y4Z,1032438.0,-2196455.840,-1795380,745143.74,601224,1909575#NiDXFTmGXVZNPxjcCr
521,1656743,-4308378.0,5172236#tSqs1OpGyiz,-4732490.0,-4626103.190,-3680766,626607.08,1345415,4239527#5uGuP6hHRprSlIvxcr
522,-4379806,468182.1,1652506#7fhK99RAEZz,1223826.5,-5096671.570,-5168022,-1371238.28,-2573282,774894#thfzikN3A7updXlPmx
523,606477,-655872.56,203650#eS9Fr72Vpeu,1461305.0,-124725.420,5002716,-1107408.58,1631541,476749#oIOIU8coV5NvY0JlG8
524,4026100,1405006.5,3930851#rmBQEIt0HsG,3849684.0,-2175613.210,-2200826,5010289.81,1404444,4553718#dWYDvHwlM38iZPresF
525,-44147,740652.44,4190528#DEQsDDyDiH1,770639.0,-1530505.520,1409718,-3485450.37,-741825,1229815#j0lovn2XXNW4LCFTc1
526,381279,791467.3,4707027#62iBbnvwpZ7,976044.0,-1120607.370,1026437,4896044.59,3609341,3633149#3cM5oH1AT0QACAh1iG
527,-1373825,-1436371.2,4246486#gi82WgbCnb0,1093307.5,-2234004.710,-2883903,-183665.99,277249,3976747#Su3EE0lsDl9P4qyzZC
528,-3033902,-2795984.5,517849#ON7T6Ixa4y5,2677432.0,-3031473.400,-4386655,-1316244.67,2165121,1127045#1CCAvWOoefy09Azh52
529,-926058,2808644.5,3009761#8E6PDATYkId,-3191296.9,5026039.270,2692203,5214571.74,-1912662,1709330#owmdaS6MuLRv82Efni
530,979147,-929865.44,4548411#6d5jCL6tHTM,-2531561.5,-994388.350,-1234064,3244219.13,5066397,4476251#0nkIDaRwDh73rGsCir
531,-3444759,4013023.8,957019#33TPRH7JqBZ,-2363927.0,-3089199.670,3001501,4658716.56,1433801,4848558#u3hCu08c9Ey9seyeki
532,-3998054,1683795.2,129518#0w4LX3pmBQJ,307478.0,-2894623.100,4376494,-2689117.1,762421,3448237#Sa0rMFHlLhvTnx6Aor
533,4384467,551104.25,4428282#Lh2DFW58eG6,121668.0,4148207.250,-2263864,1457571.13,4507190,2309300#ADw8qtfPt45KWNEkJH
534,206399,-4522460.5,3580436#7gJPpIlgDr1,4056620.0,5108975.310,-3008726,-2406633.87,2824335,159007#ZjH2oQK7K2IVsdS6l9
535,-4553998,836448.9,1354081#ojGAX8fLJR1,-4926442.0,1607151.360,-3362868,128433.35,-2565943,1358649#qByeOiloNl76pjCLav
536,-4469824,4140817.8,3535016#OLBqT28ll4s,4766664.1,-3317424.110,66457,878190.62,-4250946,1910053#Xve0k7NpkKaleylSSS
537,-1385076,4069468.0,2984272#JyLsIwFitQE,-2078175.5,-3073961.750,-4905373,-4705268.12,2160794,1061662#HdJ2YilryLP7ibNtaB
538,5117483,-1121561.5,2667826#xjMZiybXd1Z,-1451609.5,-5010392.070,-3454724,-3371120.24,4257664,1282009#z8l5fxTaWEo8YfHl5V
539,854593,-172252.69,3728613#FKloT75mtgg,-5273389.0,-2775768.430,162708,-2585756.58,1944337,68521#YpBgdzD7bbcg6jsHAD
540,-4547449,3250435.2,824410#o6lXIZhcpKc,588038.0,-1457929.580,1721460,-1870977.53,1585108,2243554#PfJ58QqWU3huvyoh7t
541,3906975,4624666.5,2943515#C5rouCfLnzR,-4837949.9,-3004919.410,-3828095,1117962.67,3699888,2536449#s7L12JPtdadmz69Sms
542,5367449,5195669.5,3243184#a5XBImEWDRh,1539093.0,-2258057.730,-3514009,-798264.85,3239049,4823721#UeVQlfBCd5KSeE9K5T
543,2963148,-819650.8,3838646#AdCsOXhj3YN,-5347802.7,-3384740.840,-4532646,4004532.1,3791533,3219739#VRJ7Xdc0pEdo496Q9d
544,3845397,-3804558.8,3511299#EFxMG7DQeI1,2824152.0,-359258.820,2573976,-4734985.77,478818,3490954#n9VdlaUqfm6LnRCjID
545,-1054787,-2012505.9,1944615#DGLOSiTbCMC,-71011.7,4503647.940,-3067072,-279553.0,725824,3261127#Hg9uWiEZJpojBbsW6E
546,-5005690,-5060738.5,338975#VreyPewoSSi,5397088.0,-2041602.810,5356990,4319029.29,514063,2027957#630KPsc2rIGm0OffQu
547,4663684,3687512.8,3266627#xxR1glArfox,-3609025.5,-2871232.970,1860483,-699659.21,-2917089,1783323#jQX96vB7hSBVvDI5yt
548,113577,-574826.2,1123659#gw0wl2Wp6bR,2601149.7,5468881.350,-1465968,85172.52,2936833,4063601#hVS8SKdHEqCrWFHNUW
549,-420729,3019161.5,1300478#Iv3cuJ0ACYH,-415146.0,3528472.260,-4213346,5268898.12,-1802856,1908174#jHyslbrhSzYJ1GYCCo
550,653611,-4678173.5,880795#bpLrV1LHaDL,2156358.5,-412154.140,2002089,-1554261.12,-2738194,3059694#u65xxqObi31HZihWYM
551,3946192,4305521.0,3697767#3T0FyaiE4hw,4736750.7,2423856.620,5001602,4428174.5,124857,4909671#65fWoNsUIrSYGE3reP
552,3534167,1515601.6,1089221#Ev5wqxE1z34,-43288.2,781533.530,514989,-1207484.18,-267647,3523505#AdgfoRS16JfSGWlwtP
553,4906699,-2269975.0,1757984#F3HlMEvmtQ5,5410419.5,-4020013.050,-2971291,4411237.26,1361344,4701711#6SWbhp5TXxL7q62NbT
554,-4633244,-656389.4,605010#QV3Dk6PSiaA,1253546.5,2146289.890,1147984,-520125.98,-2522129,2165712#MkhcxufaqxEYQh18KY
555,3696792,2912458.2,4644513#eS6hAfhv1Fk,-1654622.8,2029910.680,-3163024,-98773.85,-5320176,1205107#cgePMWuqWCj0Z5wPUc
556,2849005,4766451.5,3266223#E2GtfGRPoDo,-6836.0,1339220.870,-4002273,-5323741.71,5224551,159182#2a9V3jObwKNKOKmmwh
557,2309951,3971288.2,2183131#ePVPhi3irT8,-156597.0,2834180.520,-2501093,623459.54,-2351302,431811#20lXCwP2Gt00CnOq2p
558,-5014681,3788070.5,4915575#eciLomLzmbo,2206026.0,-2218746.970,-3112808,3890569.48,-4709541,747917#rb5PMyMrTVvpSB43w2
559,-4358753,4377717.0,4855528#DEQsDDyDiH1,4260561.0,5350089.990,-924803,-5491113.01,-5019948,4661449#s7L12JPtdadmz69Sms
560,833411,4181161.8,1669773#0b6GaWrKypA,-3660500.0,-505609.400,3071934,2231429.94,4333880,505083#RiBCFY51KJLmx57S7n
561,-4765500,-5573468.5,3025827#3HwsMKO8vUV,-1247567.3,-477659.680,2052683,1310164.85,3822350,3107375#CAn4lLr2SEenFGfphd
562,5606526,-1056907.4,2691160#sRk7FI0UAiv,-372066.0,2959599.970,-441424,3235602.75,-1055941,1999635#LnFBUusHRSkIUhCpgf
563,-5340231,-3628597.5,1062797#32w3bbiR6DR,-5438670.5,3909667.210,-3245298,-695554.6,-2014017,1171365#2khO2RVJUjpKI1cRo3
564,454964,-1025806.56,934996#1pl76JMwWez,220460.4,4377924.700,-3532952,-4334867.84,-1042147,3525712#MkhcxufaqxEYQh18KY
565,-3411853,1198771.9,725378#iEK58WJeUUC,-1532121.0,-2610223.640,366780,-2383602.61,1891516,1852485#nmTY2fULuc2REcegaZ
566,3596829,-4012866.2,1858617#FcLZcV2CY6i,-1192609.4,-1930331.880,2458426,4513380.2,-4600455,1325143#jWu7b3VT5qml5K3Qpe
567,149480,-5237287.5,4658763#x1OQvAzCVaG,-5595384.5,-5039775.420,-1559033,1974271.93,763073,4331199#X3KEQbEWqLAgSVa8wb
568,-3317077,-1565019.4,3139636#8Ejd6t88MvZ,-5464904.0,3494450.900,902657,-4348250.2,-534476,4545452#OJGxiIy6LlLt5kFfar
569,4072863,4741922.0,163032#D7ioeOpLzeY,1915663.5,1820806.590,2437779,-174135.37,3632496,1976869#fY0OFGHguG2xdW5FXS
570,1716210,-1823829.8,184996#1pl76JMwWez,1132475.5,-2407854.840,-1967436,816343.74,659916,2092377#uarzE9J7xuDP9AdkW2
571,1816287,-4722778.0,5668360#Xiao59pzuRy,-5185790.0,-5070115.190,-4034583,686607.08,1475457,4645707#bZnihM1LSuWSNqnlRp
572,-4798406,513782.1,1810279#2zC7WT7Kk3D,1341039.0,-5584282.570,-5663165,-1501638.28,-2819315,848899#oBj126WlKBq5m7PeMA
573,664806,-718272.56,222692#vlXosmQWsON,1600255.0,-135893.920,5481922,-1213008.58,1787356,522227#WadzDjquX2DX5h8Pup
574,4411200,1538606.5,4305057#xcO0bFhCCvu,4216834.0,-2383575.710,-2409947,5487889.81,1538255,4987629#EXJLNi0z8IudCwWkRV
575,-48985,810252.44,4588775#P0XgRp82CzT,844789.0,-1676811.520,1544151,-3817450.37,-813103,1346833#fG5O22lasvpcuu2A0T
576,416644,866667.3,5153671#O1w0YQvNbuZ,1068944.0,-1226303.370,1123128,5361644.59,3951489,3978054#LJxPyCcaOygTywnPY9
577,-1505081,-1573171.2,4648880#HEFqz8O2I5i,1196332.5,-2445071.710,-3157840,-201265.99,303615,4353266#RrXdM5mjexV5dQGnxH
578,-3320815,-3059984.5,566852#uzhykiz2dz4,2930157.0,-3317949.400,-4801652,-1441044.67,2369583,1232952#eKvnMKqriWXOgWsB51
579,-1013289,3074244.5,3294033#AWNEuWq0EnW,-3492393.4,5500334.770,2946746,5708171.74,-2093346,1870382#xWXjachBXkvpna9LRY
580,1071753,-1017865.44,4977100#qkQRD4PQBIb,-2771099.0,-1088163.850,-1350676,3549819.13,5544405,4898244#56xQld8BelbZ1qq8u5
581,-3769797,4390624.0,1047053#rA6zBytg4al,-2586177.0,-3380829.170,3283631,5097116.56,1569444,5304882#9f6Y8OiBi6rrGdlwdn
582,-4374066,1842195.2,141198#k0xXhVAmcAM,336653.0,-3167590.600,4788544,-2941117.1,833811,3771900#QktYWWlVLgrcz8VIl2
583,4795667,602304.25,4843339#IWUz3KKO5lB,133068.0,4536974.250,-2475370,1595171.13,4930870,2525677#fVOHVvKEiPkHKhPRon
584,225561,-4946460.5,3914988#Lil0roIfkNr,4436324.5,5587340.810,-3290552,-2631433.87,3088344,173892#rDw10IFjl7mCNdmBRD
585,-4979248,914048.9,1480527#uGo2Lx8rZ4f,-5385942.0,1757138.860,-3677614,140433.35,-2806386,1485283#0XFJWTsWjTkxuxjuBm
586,-4886099,4526417.5,3864652#KG3sFhV6YEu,5211217.1,-3626600.110,72888,960590.62,-4647041,2087663#0q3nDzPmlKxUQE8EJA
587,-1513326,4447868.0,3261620#bcHq39XrCG3,-2271150.5,-3360864.750,-5362996,-5142868.12,2361142,1159819#kcY3cZhJnP4stYHcql
588,5593173,-1226361.5,2915450#829DE5yA2yQ,-1587197.0,-5476722.570,-3776143,-3683920.24,4653080,1400992#URgfodDxhSDfJJy1Xj
589,933468,-187452.69,4073830#l8GdS44hnCO,-5762339.0,-3033869.430,177277,-2825756.58,2124602,74805#favNbIojB4afHHV9dG
590,-4967649,3551235.2,899892#5sOQTqItO4q,641963.0,-1592699.080,1880245,-2044577.53,1731455,2450674#L3tBl3PAeMfyQkdXPb
591,4268325,5052666.5,3215140#qYYxo5Lva2P,-5285727.9,-3283111.410,-4182720,1221962.67,4042606,2770658#APODdv0RKMWozMRkHw
592,5863224,5674069.5,3541455#YoymgawJK2z,1681583.5,-2466415.730,-3838874,-871864.85,3537198,5268062#O0OafxFEj8uTlzgpbP
593,3236186,-895650.8,4191622#nUoIIO4hI0h,-5839665.2,-3696882.340,-4950481,4374132.1,4140040,3515928#XbhZ06aWJccOP8iZRH
594,4198991,-4154958.8,3833185#XPnsIKRkRlP,3082964.5,-391503.320,2811121,-5170185.77,522322,3811726#jcE3sTdp0QryfpcH5O
595,-1151787,-2196506.0,2122154#ggQI2DRsmyA,-77199.2,4916724.940,-3348737,-305153.0,792843,3560056#SYP2gSRpMTkIlP8hGL
596,-5464396,-5523938.5,369790#dz2UlJyduMU,5892056.5,-2228802.810,5847847,4715029.29,560892,2213139#a2jr0CDizOoeJImYn2
597,5090490,4025112.8,3565201#RUltObI6unZ,-3939450.5,-3134209.470,2030249,-764459.21,-3184219,1945893#6refCnr8LN8A0oCOhA
598,124677,-627626.2,1225799#BeUkxk73pjn,2838355.7,5967975.850,-1598997,93172.52,3205435,4434116#QrWyJ2pCU8ahkHbRLj
599,-459904,3293561.5,1418445#cJ7pkJ1c7u1,-452846.0,3850600.260,-4597065,5748898.12,-1966889,2081194#XiuDm8RjdMagu033p2
600,713236,-5102973.5,960415#JrFyzBsbKX7,2353146.0,-449935.640,2183497,-1695061.12,-2986900,3337847#nfBxQVVBHlwbMjsWIz
601,4304042,4696721.0,4032459#1qbtHFg0FOd,5167313.2,2644463.120,5455663,4829774.5,135821,5354747#Su3EE0lsDl9P4qyzZC
602,3853473,1652401.6,1187238#QRaI1ABsA4c,-47281.7,852063.030,561552,-1317084.18,-291506,3841916#cgEC1lJAg09Xdroh7t
603,5350599,-2474775.0,1916093#er96GA7rmMn,5900394.5,-4383519.550,-3239070,4809637.26,1484535,5126115#uw2ASDdJ2MsWrTvKQZ
604,-5050956,-716389.4,658976#csuQpAr77R9,1365959.0,2340234.390,1250914,-566525.98,-2750187,2360695#esRQSUnuSxgpLhFd11
605,4030630,3174858.2,5062136#jOOZBYW2ynJ,-1804466.3,2213035.680,-3448482,-108373.85,-5799634,1313289#dZGVJcxtJWl9Kre4rF
606,3104405,5194451.5,3559351#RwuKNJJ2rsx,-6986.0,1459689.370,-4361846,-5802141.71,5695091,172601#hVS8SKdHEqCrWFHNUW
607,2517476,4328088.0,2378451#OMKluS5icg9,-170365.5,3088768.520,-2724998,680259.54,-2561553,470062#O0OafxFEj8uTlzgpbP
608,-5463269,4128070.5,5355310#obKEoQ6bztE,2404226.0,-2418294.470,-3392478,4239369.48,-5132045,814776#REK0TyQega1hiUGKpW
609,-4748116,4769717.0,5289056#aFZhl4ghY9K,4641311.0,5828364.990,-1007168,-5983113.01,-5468139,5077642#TiuV0WYxgOiUNpApm9
610,907817,4553962.0,1818555#G6zPwuNAsTF,-3986537.5,-551149.900,3346722,2430629.94,4721144,549593#mKljMaNQgeIsWvcTaT
611,-5190100,-6069468.5,3294647#ddvOgnNm9hJ,-1359373.3,-519960.680,2235119,1426964.85,4163196,3383868#3DZVtvMo283aTo0w5z
612,6105639,-1150507.4,2929864#gHKmZ8Ccqli,-404916.0,3222361.470,-479869,3522802.75,-1149158,2176748#DdAtWlrow0xyeYemX4
613,-5814281,-3950997.5,1156555#G6zPwuNAsTF,-5921126.5,4257095.210,-3533822,-757154.6,-2193585,1274592#KWMHeRbQmgfFNVuWuj
614,495770,-1117006.5,1017862#xyyolVM0Q4h,240445.9,4765610.200,-3846836,-4718867.84,-1135045,3838074#HJbhImqShTIIoMYz0b
615,-3714153,1305171.9,788829#OzdisFCmP87,-1668371.0,-2841698.640,399653,-2594002.61,2058894,2015578#VbyGwPUPHIddKjNVod
616,3914704,-4367266.0,2022744#trD88jl97b0,-1297427.9,-2100094.380,2676050,4912580.2,-5006834,1441848#YTeJcMl648I5xlGoDK
617,162495,-5699687.5,5069188#fyF07eDzzm3,-6087959.5,-5483743.420,-1697079,2148671.93,830099,4712571#A6Gs7H1wMFc4nZY5uk
618,-3609938,-1702619.4,3415293#0YB9ZPZsPpq,-5946654.0,3802442.400,981354,-4730650.2,-582062,4945106#aE5YzBLcVJabnqGgYG
619,4431351,5158722.0,177322#rHXCbavIx70,2084238.5,1981104.090,2651836,-189335.37,3951848,2150491#jm9YzNgpwxAaWkbCWL
620,1866235,-1983029.8,200727#6GurLRSIfC8,1232513.0,-2619253.840,-2139493,887543.74,718609,2275179#FLqCnS38ZobizucO7c
621,1975830,-5137178.0,6164485#Ai9XHvhIVTz,-5639090.0,-5514127.190,-4388400,746607.08,1605499,5051887#uFuhFoyRpGe6PqK5eO
622,-5217006,559382.06,1968051#lK97qY7v6yj,1458251.5,-6071893.570,-6158309,-1632038.28,-3065348,922903#lJX9GMDed2qfFrv3qf
623,723136,-780672.56,241734#P0lrCknuWZG,1739205.0,-147062.420,5961128,-1318608.58,1943172,567706#dbHfQ8VRx6DwJ5wlNS
624,4796300,1672206.5,4679262#CoEkMF5ECVa,4583984.0,-2591538.210,-2619068,5965489.81,1672066,5421540#bFMhxMCVfyByAMiRD8
625,-53822,879852.44,4987022#XZKKP1fuLb2,918939.0,-1823117.520,1678585,-4149450.37,-884382,1463851#greUUmOcdWvRoIfa7B
626,452008,941867.3,5600314#TD9K171tuEX,1161844.0,-1331999.370,1219819,5827244.59,4293636,4322959#IFPuvasBFoSsROP41l
627,-1636337,-1709971.2,5051274#m2M1tzZU2CY,1299357.5,-2656138.710,-3431776,-218865.99,329981,4729784#v7mU26P57YeZZocZf7
628,-3607727,-3323984.5,615856#RMEqaJZtGOi,3182882.0,-3604425.400,-5216649,-1565844.67,2574046,1338859#cZHP2cHYiQ4PXx1V6c
629,-1100520,3339844.5,3578305#4SYSs9t8vJ1,-3793489.9,5974630.270,3201290,6201771.74,-2274030,2031435#0nQx2BqJTV23uZyKUc
630,1164359,-1105865.4,5405788#aRywyMWrMJq,-3010636.5,-1181939.350,-1467288,3855419.13,6022412,5320237#Sa0rMFHlLhvTnx6Aor
631,-4094834,4768224.0,1137087#ijfDs9UVt6R,-2808427.0,-3672458.670,3565761,5535516.56,1705088,5761207#q4RceuSFDEl5GFdt4k
632,-4750079,2000595.2,152879#TGkNkV4eZEO,365828.0,-3440558.100,5200594,-3193117.1,905201,4095562#pTlkQpBt7QpUGxZ6Nw
633,5206867,653504.25,5258396#NFcIVG15YfS,144468.0,4925741.250,-2686876,1732771.13,5354550,2742054#LJxPyCcaOygTywnPY9
634,244724,-5370460.5,4249540#q9Wj6QCuuxk,4816029.0,6065706.310,-3572378,-2856233.87,3352353,188777#bk8vtOIRHCknqnJECr
635,-5404498,991648.9,1606973#uXeL36ocxrc,-5845442.0,1907126.360,-3992360,152433.35,-3046829,1611917#rb5PMyMrTVvpSB43w2
636,-5302374,4912017.5,4194287#az9OaNJoqQ8,5655770.1,-3935776.110,79319,1042990.62,-5043137,2265272#20kYusEYlGBMvQPI2t
637,-1641576,4826268.0,3538968#jGec7OOpW88,-2464125.5,-3647767.750,-5820619,-5580468.12,2561490,1257976#Y3wLzNTJdjluOWGWAl
638,6068864,-1331161.5,3163074#WJuwOnxIITf,-1722784.5,-5943053.070,-4097563,-3996720.24,5048497,1519975#2Ouvbdk9mrnZws2Hef
639,1012343,-202652.69,4419047#gDwxisvVnwT,-6251289.0,-3291970.430,191846,-3065756.58,2304868,81089#jpsP9NlG60OzOeHGXj
640,-5387849,3852035.2,975374#E5XNQyZRuHP,695888.0,-1727468.580,2039030,-2218177.53,1877802,2657793#mIGNgoGBB1xq648xRm
641,4629675,5480666.5,3486764#ZYNNWbnQy9u,-5733505.9,-3561303.410,-4537344,1325962.67,4385323,3004866#ko67ZL5KkwbE1W1Gkr
642,6358999,6152469.5,3839726#LMHe4DqMzIl,1824074.0,-2674773.730,-4163738,-945464.85,3835346,5712404#Ulx5r8lJMpkC8ZZ9eO
643,3509223,-971650.8,4544597#AXH4X1jMpg3,-6331527.7,-4009023.840,-5368317,4743732.1,4488546,3812116#QrWyJ2pCU8ahkHbRLj
644,4552584,-4505358.5,4155071#DoR1B42uuDK,3341777.0,-423747.820,3048265,-5605385.77,565826,4132497#SeNKsHw8ebWm4ZUPNg
645,-1248787,-2380506.0,2299693#66YJumCBCT2,-83386.7,5329801.940,-3630401,-330753.0,859862,3858984#fY51g1XLrfRGsGLa41
646,-5923102,-5987138.5,400604#i5LaVmZJDrr,6387025.0,-2416002.810,6338703,5111029.29,607722,2398321#SXBMqRFbKR4mxZQpVc
647,5517296,4362712.5,3863775#P0XgRp82CzT,-4269875.5,-3397185.970,2200015,-829259.21,-3451349,2108463#2Zvn6YEU5lzpjLxgbx
648,135777,-680426.2,1327938#Yl5W0TuGEfP,3075561.7,6467070.350,-1732025,101172.52,3474038,4804630#5hHtRASzihupXpI51K
649,-499079,3567961.5,1536413#ywuvYA306ER,-490546.0,4172728.260,-4980785,6228898.12,-2130921,2254213#efru2xdqnIpk5x7HRg
650,772861,-5527773.5,1040036#lYdQUBi6NuF,2549933.5,-487717.140,2364905,-1835861.12,-3235605,3616001#2uwtzjKgVJ75ka54cm
651,4661892,5087921.0,4367152#s0o1TQOxJ3B,5597875.7,2865069.620,5909724,5231374.5,146786,5799823#6jQ7ybGln7d2rrpMvb
652,4172779,1789201.6,1285254#QX2lPq3crFu,-51275.2,922592.530,608115,-1426684.18,-315366,4160327#RWeWI5zgE526s9crsK
653,5794499,-2679575.0,2074203#ywacbFMSNVa,6390369.5,-4747026.050,-3506849,5208037.26,1607725,5550518#p4gxcXsYK2WcsZjJx1
654,-5468669,-776389.4,712943#zc0WjxQ1MgM,1478371.5,2534178.890,1353845,-612925.98,-2978244,2555677#fVOHVvKEiPkHKhPRon
655,4364467,3437258.2,5479759#zZkdT3rghN6,-1954309.8,2396160.680,-3733941,-117973.85,-6279092,1421471#fYVMm4UQJ5GfS1XK5g
656,3359805,5622451.5,3852479#GXEtPE8kIRY,-7136.0,1580157.870,-4721420,-6280541.71,6165632,186020#uSqeSjaanA3RUn81HK
657,2725001,4684888.0,2573772#LldOtl6Ke63,-184134.0,3343356.520,-2948903,737059.54,-2771805,508313#BlLHzPzph6m862Ep5Z
658,-5911856,4468070.5,5795045#sMYGtYGY5kJ,2602426.0,-2617841.970,-3672147,4588169.48,-5554550,881634#LMKH5wxdDzIG0TBiSF
659,-5137478,5161717.0,5722584#8ctHN6c5Dh7,5022061.0,6306639.990,-1089532,-6475113.01,-5916331,5493834#jETxX9wUwPaBN6QVnX
660,982223,4926762.0,1967337#cs6S9atrglh,-4312575.0,-596690.400,3621511,2629829.94,5108409,594103#Ve73JaksZVKZbkFJ5c
661,-5614700,-6565468.5,3563468#LYTU1qEjjYC,-1471179.3,-562261.680,2417555,1543764.85,4504041,3660360#ativrj3j9SMw8KoZS9
662,6604751,-1244107.4,3168569#Lf56pm7ukYj,-437766.0,3485122.970,-518313,3810002.75,-1242374,2353860#5QKYx6J11wu29nS19f
663,-6288331,-4273397.5,1250313#ffLSDkItBif,-6403582.5,4604523.210,-3822346,-818754.6,-2373152,1377818#p151OqEoVc6SQjj1Mq
664,536576,-1208206.5,1100727#6GurLRSIfC8,260431.4,5153295.700,-4160719,-5102867.84,-1227944,4150437#drXUTGYgpjcrf8gb0k
665,-4016453,1411571.9,852281#Euc8S9Jw2Xc,-1804621.0,-3073173.640,432527,-2804402.61,2226271,2178670#eIBqxBuYassGHwCVF4
666,4232579,-4721666.0,2186871#x8HNoGONH5X,-1402246.4,-2269856.880,2893675,5311780.2,-5413213,1558553#qf8Mz9gJ1mn3g5DlEm
667,175511,-6162087.5,5479614#YzOn7d1dJVt,-6580534.5,-5927711.420,-1835126,2323071.93,897125,5093944#DUf10CBgk1K8gVzIno
668,-3902798,-1840219.4,3690950#sdJmQvb6WPO,-6428404.0,4110433.900,1060051,-5113050.2,-629647,5344760#hE6GclcHYxQesJy6nG
669,4789838,5575522.0,191612#x67AwVMbKg9,2252813.5,2141401.590,2865894,-204535.37,4271199,2324112#ZC9yvafxEv63tZfcso
670,2016260,-2142229.8,216458#S1LWTp6ViZe,1332550.5,-2830652.840,-2311549,958743.74,777301,2457981#9lctwowM1WVJzZmqf2
671,2135374,-5551578.0,6660609#EQedR4cGjGc,-6092390.0,-5958139.190,-4742217,806607.08,1735541,5458067#k8QZcl2Jfd4sKZm7cj
672,-5635606,604982.06,2125824#iBmvebIgqfq,1575464.0,-6559504.570,-6653452,-1762438.28,-3311381,996908#dxTfaqBuZ0EkZIOHfh
673,781465,-843072.56,260776#3Aoe0tdlSYY,1878155.0,-158230.920,6440334,-1424208.58,2098987,613184#7ddGfARQctWWILLniP
674,5181400,1805806.5,5053468#LYTU1qEjjYC,4951134.0,-2799500.710,-2828189,6443089.81,1805877,5855451#0RpPs73iqcTi4odVV3
675,-58660,949452.44,5385269#djdgqpKCJpS,993089.0,-1969423.520,1813018,-4481450.37,-955660,1580869#fY0OFGHguG2xdW5FXS
676,487373,1017067.3,6046958#Xkpq8JzMUPJ,1254744.0,-1437695.370,1316510,6292844.59,4635784,4667864#oO1SlvDEUhss4V4fyI
677,-1767593,-1846771.2,5453668#s99HnJGze1W,1402382.5,-2867205.710,-3705713,-236465.99,356347,5106303#OHJQpBtbEOMqtEuLSJ
678,-3894640,-3587984.5,664859#x14CQVZN6Bt,3435607.0,-3890901.400,-5631646,-1690644.67,2778508,1444766#tzBVWVFz7oCwGFJ6c9
679,-1187751,3605444.5,3862577#K53RV6L0vQQ,-4094586.4,6448925.770,3455833,6695371.74,-2454714,2192487#ubK3rBEDTAwMETltvc
680,1256965,-1193865.4,5834477#G9ksgue6W1x,-3250174.0,-1275714.850,-1583900,4161019.13,6500420,5742230#wdjmDyHNFhFSAUud5c
681,-4419872,5145824.0,1227121#vHppcvVFl7i,-3030677.0,-3964088.170,3847891,5973916.56,1840731,6217531#BAPPvQ9VvWpe6ISAQQ
682,-5126091,2158995.2,164559#HBrNDZZr4eK,395003.0,-3713525.600,5612644,-3445117.1,976591,4419225#pq0hWpehwOlCjIm3Sa
683,5618067,704704.25,5673453#bxa5SFVqAB8,155868.0,5314508.250,-2898382,1870371.13,5778230,2958431#mBOfyrOX6OjU2X19Qa
684,263886,-5794460.5,4584092#dBdaXgODeDh,5195733.5,6544071.810,-3854204,-3081033.87,3616362,203662#HdJ2YilryLP7ibNtaB
685,-5829748,1069248.9,1733419#MbV4obWyP5K,-6304942.0,2057113.860,-4307106,164433.35,-3287272,1738551#UeU1oQyT1JpGxhfLlp
686,-5718649,5297617.5,4523923#yiAvzsFgVVF,6100323.1,-4244952.110,85750,1125390.62,-5439232,2442882#9f6Y8OiBi6rrGdlwdn
687,-1769826,5204668.0,3816316#UzqisPrQ0nl,-2657100.5,-3934670.750,-6278242,-6018068.12,2761838,1356133#VA7Vp9EOeRhK1LiVMz
688,6544554,-1435961.5,3410698#8ao6GHes1Qj,-1858372.0,-6409383.570,-4418982,-4309520.24,5443913,1638958#xwXPFZt7zKxKXtDFEW
689,1091218,-217852.69,4764264#N8cZKZmdheY,-6740239.0,-3550071.430,206415,-3305756.58,2485133,87373#mDdRQEtxJv5CT7bc7j
690,-5808049,4152835.2,1050856#RMEqaJZtGOi,749813.0,-1862238.080,2197815,-2391777.53,2024149,2864913#OLhJ8tcyBMdqXAbFw9
691,4991025,5908666.5,3758389#UIwF57QYfEx,-6181283.9,-3839495.410,-4891969,1429962.67,4728041,3239075#g4GiW5mnLSwlVYGAYU
692,6854774,6630869.5,4137997#el2B2PA2XQe,1966564.5,-2883131.730,-4488603,-1019064.85,4133495,6156745#eHHcuZYxc1Tn2THE1G
693,3782261,-1047650.8,4897573#ElVKjAFHoYP,-6823390.2,-4321165.340,-5786152,5113332.1,4837053,4108305#MQufYrcbLnlFiZTBbk
694,4906178,-4855758.5,4476957#ELHB8IINuEM,3600589.5,-455992.320,3285410,-6040585.77,609330,4453269#jrPG7oyzihkNpCZu4u
695,-1345787,-2564506.0,2477232#qSZqv6rqETN,-89574.2,5742878.940,-3912066,-356353.0,926881,4157913#OLhJ8tcyBMdqXAbFw9
696,-6381808,-6450338.5,431419#MbV4obWyP5K,6881993.5,-2603202.810,6829560,5507029.29,654551,2583503#zLwsEX2AQ2WaYTyo0P
697,5944102,4700312.5,4162349#8tvCjOMTUMw,-4600300.5,-3660162.470,2369781,-894059.21,-3718479,2271033#1CjJd4lMVrwf74StBc
698,146877,-733226.2,1430078#KBN9hzaB7nw,3312767.7,6966164.850,-1865054,109172.52,3742640,5175145#FxeKmctWGmOQB5Rq2x
699,-538254,3842361.5,1654380#kv6qQfGdNJg,-528246.0,4494856.260,-5364504,6708898.12,-2294954,2427233#W9Dq35Mpu37bdkY2OS
700,832486,-5952573.5,1119656#30yJ7VckWd9,2746721.0,-525498.640,2546313,-1976661.12,-3484311,3894154#qoPd7Zs9sHtr2zXdZh
701,5019742,5479121.0,4701844#mwSsOT5dUBG,6028438.2,3085676.120,6363785,5632974.5,157750,6244899#oBj126WlKBq5m7PeMA
702,4492085,1926001.6,1383271#BKKXDJHSyND,-55268.7,993122.030,654678,-1536284.18,-339225,4478738#Lh1jXsKCwerbXqCByv
703,6238399,-2884375.0,2232312#78oGlZHPKC6,6880344.5,-5110532.550,-3774628,5606437.26,1730916,5974922#TrT11F0uSln3ZK4gH1
704,-5886381,-836389.4,766909#y6IdlUBZtid,1590784.0,2728123.390,1456775,-659325.98,-3206302,2750660#pORdrSwAcrwq3odMM2
705,4698305,3699658.2,5897382#imHbSjBEMt9,-2104153.3,2579285.680,-4019399,-127573.85,-6758550,1529653#E6UpxbVDQpPRISxfUr
706,3615205,6050451.5,4145607#PIiL3g0zHPQ,-7286.0,1700626.370,-5080993,-6758941.71,6636172,199439#GnXrHn86RR6tPEpi6P
707,2932526,5041688.0,2769092#dBdaXgODeDh,-197902.5,3597944.520,-3172808,793859.54,-2982056,546564#iLClRAW5J1zbpgP3oP
708,-6360444,4808070.5,6234780#7sGjmIbVkD8,2800626.0,-2817389.470,-3951817,4936969.48,-5977054,948493#z7DsH7oDyRshrj1mTq
709,-5526841,5553717.0,6156112#vcOTNgbcgza,5402811.0,6784914.990,-1171897,-6967113.01,-6364522,5910027#M8BjV6wMxIZnWJaPFl
710,1056629,5299562.0,2116119#2LEYcAQ7f0t,-4638612.5,-642230.900,3896299,2829029.94,5495673,638613#NylpGJo2BaDsOvjvKZ
711,-6039300,-7061468.5,3832288#yuSnWYNbWM3,-1582985.3,-604562.680,2599991,1660564.85,4844887,3936853#L3WXguj8II8BY2hrzn
712,7103864,-1337707.4,3407273#hviLI8ToTf7,-470616.0,3747884.470,-556758,4097202.75,-1335591,2530973#kNqWFX7w2kLkTRSKGZ
