1,374,2,6,4,12,942,1,2023,14310#OZje2lkMGxCV62MNGYcixbebHFJuAUbN,10566.93,12708.540,-8000.0,5372,-3201,9451#8uSdQCmnbCvd,-231.21,-10599,11329#xAtXk099P,4535.96,8893#9KnlO53d6kDhkqazQGtMGtHMxa5v5CE1r8fpVX2ulXH375vavq7zvJoADdcRuBaVPh,-3212
2,488,1,5,1,12,147,1,2104,25487#MHkt5yNFpqPXiCCzTQako0O9E0IUoWEv,-18853.89,14456.380,-4368.0,6389,-19047,4677#OMiz0uJReC05,9509.29,-5601,21733#QwLLUzuzw,-12524.53,20596#VcVCyrpdVUb4RSkIL3VjFXQLkYvcAsTzDUxAXMyvH0veUhhwRzdu4q2VvhEGujLo5l,-16197
3,295,1,5,12,1,1560,1,78,33969#r8Eu1KNg3Lk1Mi2cTNRE1csF6CZCOgM9,18571.74,11803.250,6264.0,-23015,-28006,27990#a8JEi25vf2gY,13018.54,36578,17749#hLsypJ2fX,15808.87,23559#v90hRQqNbcirxXx3hZw5cjkPFenK2fam7fbYLJFHlIxWdSMQI3g1TFCmeKL0QwMZMb,14375
4,925,2,3,13,1,1756,1,455,11538#wRRT5dZuOwVrGAi5PyFOAF1k3Z3ZE21D,-14417.87,35055.440,-3696.0,-24306,33280,37592#L18T2QTkQ3YN,-34341.2,-10411,22871#TqYHfz2sY,-20962.1,22643#R3ibJ69iGMKMXYMM1gmfSwEV2F4tIClu4X3u1xG0Dx5fIs1sO7abQQpFvwJcw54ieF,-7832
5,1027,2,5,8,6,460,1,177,19758#tVjIYvrUH895zdOafgBpbO7lUC0jpmGg,12917.29,34025.150,-29648.0,-8225,-41838,38254#5Rf5Y5tMwLDP,-17752.72,9474,41735#wVQTYXT2c,23862.7,29280#nC20j2HCypMLar7plonHWGAM3wztp8NxNzCrwlftGHaEYEybW17owgNFeLcXQM8vjZ,20354
6,280,2,1,12,3,1204,1,249,25729#khA0T8Hn2hVyk1BTRvGgKOanyDUYn5sQ,-40078.17,48680.730,48144.0,-38017,-45783,12151#kjj3UGGOoxWl,7115.12,-9593,44889#4Bzf8LWJX,4246.01,14143#1XNz7gWyAyHtPcrTwrECUyDVu4yUTDddZrnRhKTcwSPckh5GPcUnc3twm2JstHc87z,-43200
7,466,2,5,3,13,1602,1,2527,51450#PzxLzOFCHc2t4yfwzx6nqRkvgZfwM1N3,-34546.63,70662.650,19376.0,-8345,11305,47694#2uHDc9ttqOm0,35320.68,-13982,45180#oCTViuebK,-18984.35,8841#HcCsZ6K5Jsnip1VM1d1jsKeiROILWj553nFoJxOS6rRLcEjfm3uqUJhAt4I1RzY86n,294
8,761,1,4,12,5,1067,1,502,24313#tlIG9GBn9cRSsqAUM7ECz6KMC7OiZlR3,-20772.7,50164.340,-14800.0,-35384,-4638,50812#Vip3fOnawYIx,73538.74,-21301,33788#2swGRN5ad,78189.27,66515#fbK8BSq19ugCwHWlzmhL86kEQFI6dDuyrmp0nwkpDgRxoEXqsmI20GDIM59uTbogeW,-26966
9,734,1,1,7,4,832,1,3457,85355#8rJSlgKOHyrqKdpC3DxM058yRLrzMkUr,36067.17,8935.590,88848.0,-33069,28845,67522#0wlM4zAEtQs2,-13409.42,-34939,28078#NeZTb6RAS,9656.81,44923#8h7apfe67O0BgnJ8Oh01AioyTGZUajQlcKQB4Dg7EwCcoYqho0EWjA9RrjBSXQeR7Y,43608
10,943,1,7,10,2,438,1,2588,66124#5CZHnYnYgghApF6ZiUwQeFtLQ2piIssL,77304.22,78983.090,-53456.0,-7311,45432,92360#WgPcluoQe55I,68005.71,965,64679#TRzoUB0By,28109.44,46395#oiSK806Z26l2kgikevoKmCEMAQRObelfDeSm0T9N3VWBZVshU5J0FOHcL9Nk5prqDe,33312
11,582,2,6,7,5,94,1,2179,43406#Ss5AawWsdkOz5rg2arB3RlzG09Ozg05b,28084.66,54502.770,102768.0,76923,-31485,36621#MBvLzxXTeKSU,40101.65,-102120,53572#ZrMCYQPhI,19863.43,40265#0NiAd0ZUR2iqamCFHkTOEpdjMY14SZ3UHcI7j510VaG9mFQjl57xPZKsWecllPTgHy,-64385
12,171,2,6,11,2,29,1,2030,71356#adptGil5mWar8A7FkOFD4CcsAI8gKtjX,111701.24,108597.310,-29760.0,46753,108685,41385#MAFH7vAdpj8d,30034.49,-37102,69494#XLWZtqH0e,-94326.1,25377#7MwaNICCpFjZdtzTmlzfGYj6gnDlVUmvRgGB52m4Rk9cnTtveX44MWcz2JefMg2tHT,-71930
13,1058,1,6,12,2,347,1,3675,51057#HYZG84HqhOpXT1DWs5XHs6wWc3Myc3ya,126749.84,-88822.640,-95504.0,88786,89449,28605#qDy5O6JR6KNX,-118179.77,57579,73699#SYjGA2IPH,-20417.0,90801#HvuP3PEZH4DQVmSaYyja9tjimEiRkDzLeXX89e68Z2dIJVp9W6KLNe0sshdmSgBa6d,-109186
14,448,2,3,1,12,1257,1,2946,5427#1pfHtBajvlnptvfwTFxpJO8ib0NT4uKe,-123770.53,83190.730,1600.0,116831,-108012,5679#ELdPtSqmhqkW,113486.58,-86675,59830#WJ77Ue9kh,21016.68,104405#Vctj3LS5xjTAuQtwT1Oy76lhhEQjmBhTKvXRQWPr7NwDCFGkX23SI9NzRYdkzWJHgV,105618
15,678,2,3,6,6,1566,1,507,126910#oOnBgazniJ6fQAL7vBmyGchi5ZUFZRIZ,141609.64,10909.800,143712.0,-5449,143271,76246#R0hUojgRfGRQ,-84592.55,1102,92533#iON8lC7zL,26210.25,135667#dVb2dnZVvTZXipD3vAnMQdjTQ8bPFjcSx94fty5Bp9VwjDHk5ruLdgxdUc3Nq7piVE,88165
16,621,1,6,9,4,1750,1,1661,48410#7p4nvxaQ2N1i1J8M6dnAofkBIvNJcBJh,-102002.1,133530.240,-107904.0,-157896,144892,44818#H3cdbqGauDSc,148193.3,-153089,114544#Pd0OCXhQm,166058.7,148816#QsvswncTCBaJh4gKVWZJJHlmlIDShV3hSHp6WSkbtNseCQn4DPuoeGhGESCFBVbnCM,17608
17,890,1,5,2,4,1562,1,1414,9644#4j9HCqDWtd8BRpP0ijZFiJW87rm8xwMe,-9585.64,-88125.710,-20016.0,-70480,-2233,20602#05OvAEF9r96g,97650.56,-106021,70848#fmKdyB5ux,-12795.59,151293#mAxcJD1Kw5xr2HwyFA2NdiaM4Ain0tFSbjPWSqBrTPY1CwsGntVyPBdltgVjr3hSO3,98865
18,69,2,5,11,1,168,1,458,184874#OpBFzC8WiqldtqcX2MrYp8Ef6yYD5Iei,125497.79,-116872.280,17776.0,171849,-32450,176799#gz4DxBKds8DX,107517.74,105345,167361#KaSO8gNVX,8808.54,60136#SH5H5czzFMIUxURUHEXh6aC8TWC1SqXxQ0s8M9LxLH4z3JAUyicr4w7KRBMeobBBWN,-73752
19,720,2,3,10,9,1085,1,614,75138#xhoFIx1Ft2MrxI5yC7yMVnOFW9FlLkBe,-121989.52,69872.590,-48160.0,85125,-5427,129971#X9HdYJDQdnit,-164745.73,193011,167761#tZ4wksKR3,-72452.57,93830#WzPjQH8qYO4JNWEH99v0u65PokDzO4qWG5pdxUhmrKNmXv1vWo4Grf3ua3ABbvBVYs,162111
20,230,1,4,6,12,867,1,1969,123639#JcfYEIVpGegsNOiBA1fCbprGSKFA3W4i,4609.58,194789.110,137776.0,-173062,93755,14603#nxiRH6IC4Bbj,178261.67,140296,79124#Qsr0Z0DBg,19597.36,72669#7j1yKtDC7t7mlJSajm6QxdngOyi8XFHmIC6fDmgHChN2ChXOi8fndnFjgXjW8IoL1e,-205298
21,84,2,7,13,12,534,1,3172,85629#6EjpJ2CzdzbQx3bt4LrxAW9dkhHfd8MG,-80049.31,15668.190,-23504.0,208359,-175632,113257#K9PosfaoJsaI,147267.25,-51274,128275#W8QlOtTW8,-91449.01,161036#IK89L6NldjyB9SEeP81hVjDX5RaK0yh6nIYrvb9NgNeJKRBipb0Ce8xNvkuJzMffdg,-169869
22,1010,2,2,5,3,953,1,1139,20826#nI7qhAv3cQ9zMdnlWhtH41kwBUKUFxLI,187387.7,-184440.620,66864.0,-150038,97791,147258#uWS2pwcE674v,121044.26,-143481,73910#Y7XurgbB2,-66290.04,66766#etteVA8rb5vMVkIvcTQ06PPhp4GuzQ6cB3EptBe5dHCUydbF8JT8FnTEAsCtwhJhJ5,10705
23,482,2,3,3,5,142,1,197,24496#FuG5qQvhix2P0h9wrCOGHFk7d3GVSAiA,-105758.99,-90568.880,64864.0,-26594,12214,119595#0Fw4BLCqM6RQ,70011.14,200610,227345#RDi0Rt4dw,123728.62,78770#gX7H00KMZPEqbYt8i1vHtfc6b8Fi2YscZtGFCXt5GfRpiihyAM5wKTbO0dXhxKqekA,-211818
24,598,1,4,7,7,957,1,1543,120952#da1C5saIuDg2betXAgDUMNxFSnQDnnbG,-234528.7,187699.770,-106096.0,-25405,142561,39995#tL4W78c9BH2K,219969.55,-205675,126841#kLzKl84tN,-12325.25,4630#6McwuocPQUpBNqssDv2CBnb0exhZ8ZIYsWFNjZQ0Pm06bxWVjJSxu6HMEXQpRPwcZS,-78610
25,499,1,2,13,10,1274,1,3704,171130#I2qMHHmueUv4XXxMgSLiUStXA4nqVdMO,219461.95,248785.910,-96096.0,88092,154896,223176#qDumGCfUvc1V,162402.92,127594,96854#34JIVmQvP,144571.64,18905#2TBLB3vrSj6JN0jLo0vyMmlZnqJouJpvOBVcpDNfP3lINsGt4moaburMCLjuecfq1g,-120465
26,73,1,6,8,7,1175,1,1287,207093#qByxuilcr7QQKnUAiwWm6P40qc8f0gYH,37275.75,139114.690,19824.0,12134,-113068,123530#BPmQasFVUaIy,-35637.8,209589,41764#TUreYvp0p,-88846.08,38002#8HlB71RlCK9RTjogNDXX0Qdpbxo8OckWFoBIN6AqLFPG7XTCqdMJwqBj23hGlGMq3O,-186126
27,292,2,3,7,12,1290,1,3697,109601#W6HLvPPCcmi8Uhvs8OrONMTbCcKiJGpZ,190675.38,40510.020,-144576.0,-24374,195057,147314#bijWzyR5E1BV,-161528.12,-236318,241029#fcslEyNcZ,-106262.66,22310#TAYDfwfbN08jgJlL3yTQKVMKU693iG4Mw2uwSCGpmbjWhvwrs5xNzpf7WpxCOBGw3c,-127295
28,814,1,7,12,12,899,1,2701,191957#ipuoGbKUAen5bcNZKWJ6qnYRV19AxydW,-133602.08,-271181.540,-5872.0,172653,-178283,243549#Z2yT51198lsr,-253264.69,229408,109892#1YNupy29g,-100585.9,178503#0LtuDArutg32FTNKrSjEztUgi3V97lJMRfXUl2H5W8nd7nCIxgCb6hcrdHHZAUUPoz,219787
29,219,1,2,8,5,972,1,930,147039#x8Psj0J4mS9ZPSpADFjzEDJ65WmOYb7c,-200378.62,-263982.030,252880.0,277129,241161,191005#vj0lmnxl0O5V,-100138.5,106400,244390#7zWFrQ3Nq,-151695.34,270425#hArYwaUuoAZ349GjSpaDM1v2n2p0VWkLjNL5pAX2kAcyEHf5pcAv5x7to6Sn6dM0ct,-248694
30,808,2,2,4,5,1114,1,3058,208777#5erHSOtx2ttitCQIX8qTS8jrJjbPm482,-34475.76,52790.570,-35360.0,-186288,-277437,145668#zuCHa4q9lC8O,108824.15,-160136,21437#7ZPElYBc3,-182619.78,47184#W9X8wmQ6nwrrsbdpJ9P945DZiPV6pF5edxEbjeMBWpQ5KnWZEvhZ2R6Kg61I2um9uO,148745
31,902,1,6,3,2,1344,1,2085,125347#pHKFLQkd1r2rRA0SnZbV1LHOEJzgpHat,293490.75,-300059.660,-55744.0,183220,-258580,272086#9kNu4ic6QiJ7,84263.62,184680,86520#ubfDuQiHQ,135202.95,68991#hGZmuXNTKN0lKGlDMx9WFGW8sZpWS3W75IfbFDLMgb8cs2F5bDUzLeDo3CHE33wmPK,273019
32,377,2,6,6,8,346,1,2308,205496#FuG5qQvhix2P0h9wrCOGHFk7d3GVSAiA,-161509.98,-186166.200,-224352.0,-232658,63518,222408#LQtehWqPV7r3,201422.06,-214039,67176#4CogemyYk,243131.8,84253#l5yY9VWdC5M0ljCEPv2bWz86dCeeha2PJVmQNcmhSdW5xhZbaz7ROzewsxuEi1JKpa,-118656
33,944,1,3,4,7,414,1,1984,206531#WGzfR5M9s8Xg1o75hx8ZzbrcpgG1LLRu,57272.29,9597.680,-73184.0,28722,-240661,143917#CXA8HlGOE9i7,-266762.8,-117543,249451#SI0Rd40Pq,-295627.53,292512#l2PVc76nKfMbCHS56k415vLz3w1rpA4WkucFd5imLMDy88sNDQLml8M3LoHMeLBpAi,-28997
34,368,1,1,11,12,1415,1,2004,100684#SQ2GHVlYrJJk5rbBRxjQpTH1QrvY27he,-305306.2,232819.260,-87120.0,121438,156920,217600#w7gMVT59Blfd,-57442.0,-100711,326410#KX4XjG7th,-201846.05,187459#rYbXX8jsZwJk4Q0DGgiF8YH7xevqCTO0kyYqs38Efs3DkM6G2O6vPcbZSkxtef2p9O,-209443
35,817,1,5,1,2,1365,1,1472,207527#I7eJ59rpUalvXotdIKOMfXVfAA7ZS1Pu,-95533.9,-85631.300,-234592.0,132801,-16424,46022#27PwolnZpOQd,195464.78,-344073,242523#QWQArIzlH,-221644.56,120284#fMM3XkF9lnfMkCgSUNgHcx0W8zVzzDSJnQAuxn193rMinxHY74MN2EVgLwNTemnNAl,75437
36,925,1,3,11,5,240,1,110,95560#LFieP9KSlBuu2kyP1PaFZO6s1wurOBGL,287405.6,207908.680,137456.0,193750,259493,42068#EcjLy8dq8wd5,-108330.02,-339924,307996#oxJQYjuAs,-54319.04,250227#n5PM4BlMxB1A9FwU5wG7a03nSscPfSS2zCxpP5oQksPRzZc0IG6UMPKm7XsFO5Y1l7,326781
37,896,1,7,3,8,1309,1,1262,51812#uEdzI35NXt9wdoCgsIQWXg1XfxyG9ug7,-80031.96,324729.380,302896.0,-161553,200983,74622#ejA1kdQfRG3M,263101.62,351919,66281#5pQBFYdg1,92932.82,201301#TrYezEwxrrMoHcLKoTlVq9deaJPS8e97w0P6HwdiLFTQPtgH07Fouj8xFbl6ZfTu1X,-347949
38,1004,1,5,11,6,1658,1,2490,191300#CVrryl3228uxSouCBoVVce0rtPuPRvwO,-140012.44,-85463.200,86904.0,-51321,-321553,318988#Dwy1FwxoYKFH,65077.72,-19092,297256#GOEFYhJXG,198979.06,217989#Op71q1vugwkYZf78lNVLARdaYutfIObs1bWl21n9VspGv4mRXno24h5iCNU2rMc7Ey,373708
39,786,1,5,5,3,487,1,147,98222#IhD8S7UyUVxmqdFIslONVIQskynKLNG1,-231743.45,-343296.730,261024.0,345252,275239,293698#kVO9e1dYSzoy,129630.66,349371,105078#NeZTb6RAS,-328509.84,138137#GrhQIiids0hyDDVuppNHuO8lu9M0K4E2dt9YSf3IjblI9orGelGG9Q2v1JR3B8xl0c,3154
40,917,2,2,7,10,1443,1,1056,264451#X3Qsy0nL9CaSJ8qF7VsU78d1yGEAeZQJ,319632.38,71034.400,115056.0,-381946,-115704,212934#bqymxUq82Jxd,-328090.0,-178930,97233#L1O0I6Myr,-299890.78,250014#7BxApcfUcLHcYROBHRc1XRUw4EH5LAs36eDyp4fs57vgVYzpos2RJ9DPV6T1PlnJR3,76645
41,736,2,2,4,1,1625,1,1843,257038#IlA84PQQ1NYn3sVFQ864mVkKtwdC78GZ,-121033.0,-115717.990,-21116.0,279429,164859,259661#Jyj4LI19IT0L,173191.08,181839,97606#y8Fb97t7S,213898.5,100545#4Mb9JOl2dl334J5DqfD5f4nNHuboLkq0fKT5YlVxaYNMy9syGu92Lk1Ztmofi9gFiV,345248
42,369,2,2,9,5,682,1,2295,392264#CUXiC8FbKLmvudWsMXwNvNmkEiIJmpJ0,84030.31,358310.420,238720.0,61977,348901,17208#QNFXydF0kkwx,-378697.56,-395067,34934#zSkmNCXeK,157669.23,43046#x39x3EUkNxwMyjEM2C7U8IsgE2yx0fhFWfiPgB6nGmqhwB0f6FTpvBr5T0zfh8uDFF,-241179
43,262,1,4,3,13,609,1,3881,139062#PkzXQllPOXzloYi1Jr1hQRVdqH4CUivg,-120073.39,-40079.690,-77824.0,4238,-113571,87344#P1HzEPmkwI4w,292266.25,323840,62834#vMxl6uLbu,-201609.89,432435#PGVYsFdrOGU8VSUVJmxQsuawBvK26M347vTgzYswqvDH1h6NMzJ7H7xT6Iwi5PBuF4,-60228
44,194,2,6,6,4,1439,1,3574,274141#saIO7uBIVwkFo45pl2lxovgOZOW9mV4p,-371379.06,434265.480,403312.0,-125672,178101,84454#szFDA2s5081D,320094.66,413510,413483#asCirhtPF,84101.83,202735#AhcrMJ6BmwidJDFnUcXOb8JhwCAGQPw4lxBRVFxy7FH5ZizVMlkEy7d5uhtK1wboVp,-343581
45,887,1,7,11,12,864,1,973,215740#NevBHNU4t2k8SCQwjngpmPRr3B68wIVx,25190.5,357347.450,56304.0,-152344,-95174,415830#LIs4u1AAGUh6,-403822.62,119691,234728#JK6DQ1Btb,325609.38,411294#dgHDEMovihHFzDYnSDQkF0vCAFc2OHu84y9EHMUR0tyrRKq3tZk0P3ffLVMaoufLGo,76352
46,117,1,3,9,12,806,1,1521,23760#3LReLZTYEx1b3CFLnjqR8GmUYlFjr0n7,-413253.5,-422756.590,-13840.0,-45333,314509,382614#UtyYZchYWg0O,-117897.79,296455,316339#bArOMw8M3,-119402.82,247873#tMBOpNS2s2VAWtFlbO6HTUYE7BXNrM2CAvmByxjixCEkJeSTPiSV7rlQSgfIIN8sUL,359297
47,652,2,1,6,11,185,1,386,107773#2XSyeBjH7GmvBIIgRr6B0inKhnGzOhvi,-436159.34,-239865.090,335888.0,-21507,-366246,104545#MfvjZvpxD0uP,-300704.22,-432343,345564#TmJG1zE4q,112775.14,51268#73dRxhyiii7jLdFeb8BY0JZhEL2iRdQFLxJ3zz42VQeZvccZf4kIp7uHWE14349Ury,45588
48,720,2,4,8,12,473,1,443,211864#0byHLZHiJPa61OGzie7AhJBcIvCcvnkv,-161789.16,-60198.110,131936.0,-436699,-485671,318827#JpRnGh40jeyt,-378996.1,104534,301922#7onz6OG73,406738.28,231533#CxuUWzHkI5tjUwkCYjSxNNybUtvaqu01y6QX4henJdvX6dlF7a6kUneaKWeLlclyG0,137557
49,25,1,4,9,3,195,1,3623,134430#39cI9LTGof9sVtrB0uqYwQsUtIxcNTKf,234910.8,58885.610,249728.0,370883,-193273,64079#lEvN0iWVT5Wm,10642.65,-496592,336176#4CogemyYk,-258560.36,170832#d7MjC0ov9zfl2DQ0mwj2dipURY0N5PXkw3gPr1K0rwHXG1dYTovdUvVAmp23wawW1Z,-12445
50,329,2,4,4,6,222,1,1166,270337#bgLhbBZA6RxQGUPjjrBuHMW82Ww0jNEx,-297484.25,-233991.740,-235712.0,84879,-221425,390137#Ee28yaS4gT8T,403209.7,-499842,287889#4Bzf8LWJX,-470694.1,191003#jo1DIXflcXr6GTpcsajjHTxIRBntgQduwUkYnYGczXuV3RrvW5mGQOHNTtUtl57qTW,260668
51,199,1,1,9,10,642,1,3001,511113#tugA23QV0xeCBlIHpkMo52k1ZsfZ6yv6,176966.94,320878.040,-49600.0,30760,-482815,389821#BGfH6PtmteuP,470168.78,-103828,132207#UvUDUYNB3,18135.96,380036#IK89L6NldjyB9SEeP81hVjDX5RaK0yh6nIYrvb9NgNeJKRBipb0Ce8xNvkuJzMffdg,261504
52,755,1,2,12,6,9,1,2289,522213#mPfKqcWxSILzAPJ8KTlbPdVBhHYIMZZ5,-424453.88,484585.380,-32368.0,33889,-365397,66220#Vqo0jifl7dJy,85509.29,90449,318601#8zVUu0dH0,-262924.53,414045#PkpZEMJ9LiXf1237AmZal1Y7OhZ34LYRjsJfgHAVizZQzp2JjltrER9BMhSJRfKXMz,-461601
53,230,2,4,9,3,1303,1,3243,463678#oSkYuJX5qmUSip88PtAjXLrhmOFb6xAJ,491371.75,80794.750,81864.0,-488053,-423781,435599#3xSahZm4ouYM,226618.55,487822,298615#phpT2Rw20,344608.88,399617#RwwSSDZNIiKMc3CqBrWBajFTHkg5F9picg89hQZOWDAXgJ1sAklEVuC10SSIgI8jw2,164832
54,230,1,5,9,9,181,1,3710,45360#oy58HIn7eYbkGrhMKZ66elTehyeiNjXp,-291217.88,461192.440,14704.0,-221215,502855,444739#ksEdBfVzobrF,-433541.2,-227706,202690#bICoOujMl,-172962.1,248629#VVFSzxPtzoquv2XvPGYbHG0DLE4aKvGjrY8HOpXKKGbzSfqrWlpUcrxEapNgzVraQs,-184070
55,472,2,7,6,7,1748,1,3237,168887#BtWFKT1wc0g3w1djOeHu4RBouijC9pNf,105717.29,381524.650,-338448.0,-160906,-365288,392238#ip91of8F6gDo,-227352.72,73598,412860#nWb1BcoHy,183062.7,226306#cxqRuSeTpvKsHyN4uZ5BnzDGphLyXWJARQO0TozZRYTc69bH2wHK8zknu9MqrdWUVR,201108
56,165,1,3,11,13,1054,1,727,223366#ocZXx5Rq292AM13GFtETmGhxFSOK0h2C,-452878.16,424375.730,492944.0,-278367,-401308,74137#Ee28yaS4gT8T,103915.12,-30087,415928#J7wuoh3nj,107446.01,95275#XzaISmqLb3cvje4dqvVjs0hUqaF3LINySdFFO3KS8LvphSPqk6bAUGtLK4yeaECMMp,-380709
57,1046,1,7,6,9,1702,1,2007,410283#CkFhfOfKxufkyw45xi23xUQTAd3K9VPJ,-211346.62,558960.150,215376.0,-131120,103268,379088#DY18TmBz1oL2,249720.69,-134683,299691#b8FkqEx03,-185384.34,13985#RqC6ehjhivUwIY3czryshcAIUu9wd91u1gougDWVe2MuuT1nHhyA2ijNSfh9lpFTsj,1381
58,461,1,3,3,13,492,1,3892,149076#bmWR6mJPz8YoFJxBOJMh6bOlc6fDPApq,-211172.7,420310.840,-90000.0,-272065,-20913,331518#OKO396FKGceR,537538.75,-149008,222683#uzvUZ85Se,559789.25,423977#42BYiyGkYu8OwHAZwjORaQ4g1vu5U2Vjip4nzNMSVyzIaDRIoSbxmZeBNp8MQSUIJW,-139314
59,41,2,4,4,8,1107,1,1292,520604#lwHTksaMiorHJYvu2HTfgYR6b4tVrunK,256067.17,49859.090,533648.0,-183075,214595,420391#GuHJ9aVDDLZa,-70209.42,-187270,151600#hUTMebnDm,90456.81,246546#lodOhmjg3byQH3nUfnj6FzREEVkEQFqYNqCd8oXdwYbgLlrbUzONpcWqrAGCdHDvxh,268673
60,578,1,6,1,3,113,1,1398,347468#hR4497UwAzzO42yyMBrAgVsROa8AivOa,439704.22,502004.090,-349856.0,-10561,278682,547031#tKpM0adQYnOy,368005.72,-26110,379871#TqYHfz2sY,178509.44,234605#6M5m9CGnvXOWcGAMSfH1QQCmzUVL57zdWsDAWCyZ5uO5n61s8kn6pwlNFFOY12eE5H,195220
61,42,2,4,10,9,19,1,1524,195649#1lrWG6yJRLG6oTaHqUclThI4Ep2RA4UZ,156884.66,278948.770,573968.0,414686,-179435,196390#dA4gliebKAwF,232101.66,-596349,280738#izHBorcZu,92663.43,220957#JBiYotFZVF8QZmQfSpSvRubu9qvw1QoCiiSMqxb9oWLFlMOotoh3EKZedWjfJg3bQG,-311948
62,154,2,3,13,12,1010,1,3675,350371#PIIh98MHqdzzO1y3FAQfuNcSQUansPeH,578901.25,559537.310,-153760.0,275428,575419,203638#HqHtGUXJJ2A2,196434.48,-212529,347773#k9XEmbSsP,-527126.1,106816#QsvswncTCBaJh4gKVWZJJHlmlIDShV3hSHp6WSkbtNseCQn4DPuoeGhGESCFBVbnCM,-383787
63,48,2,2,8,10,660,1,3245,226468#hR4497UwAzzO42yyMBrAgVsROa8AivOa,598749.8,-432191.140,-469904.0,439690,407924,132396#iSyd7Xy9PqDn,-546179.75,294509,339969#3xGAtd7d5,-76417.0,417756#tmWR7762a05FB9TwAoY0qAiOidIOFigoK5EGOxiY95i8PYWfwAGQoeEwvUomJhcxAt,-495263
64,141,2,1,4,4,944,1,1451,16412#LPJfDs9jEDvAuwCla8aoCRTgJnhHs1Ie,-571770.5,361585.230,29600.0,539094,-516912,11524#Y1oBDm0r7fgY,490286.6,-409491,273160#njJnp57g3,104216.68,466531#0H4Lo3VhdyVm0oPiMPHXYIUvoyeu5UpiwqlqZgL0FisqysZL2A2cwkMnebjWNPwGRC,460483
65,813,1,2,9,10,878,1,1837,532581#4gv20ounYrvE1n4bRR4DKzrS9pW7tm0h,611209.6,45529.300,600512.0,6425,621728,313491#VwhB2OriV1xc,-380592.56,31393,375769#vWdvSFqiH,105410.25,565009#O1RAzd2g36sMJ4sY7izdzyWsAX5CelTL5bxizWaLmeqZly0bwLXFtvbeXYC7cfv6zo,368359
66,471,2,7,6,13,1000,1,1946,199294#xBfIQYamLaD6ZUUEqTY15E6gghoMGmgv,-429202.1,567169.240,-463104.0,-651221,607730,160892#XPlX2FuvBo6d,584993.3,-610927,446451#SI0Rd40Pq,665258.7,583213#RNepu4tAF6dzwuAOD4L6eTwGh4IqDdZywkrMhJbCTlVQUHksv4j9rLcAorBusPa3oi,87097
67,410,2,7,4,3,1074,1,675,32771#5GV2lwMgsXfG1czFchSqL2C5v7OteKjR,-37585.64,-350055.710,-49616.0,-248480,10416,63994#HRwQ4prwKclt,411250.56,-410915,261936#4ZBy9e72N,-72795.59,581359#9k865bCRd1Y7HkwzIbrXSCuvvco0VQduJwLIdaQwHaZ9nJxW8LvC117MwXMM8cstcF,371888
68,174,1,7,3,4,1449,1,401,684649#1lrWG6yJRLG6oTaHqUclThI4Ep2RA4UZ,475897.78,-416437.280,41776.0,670624,-132894,647511#rTo2hWzbEytz,388317.75,370753,617013#B7sJ7Yjjs,59208.54,211625#FbZs3K9x6fMVczUXs8HM41Mj1GHq8wcwKmdSKcMO9FAYiX0AbTJW1HxJ5BouJFzyRU,-253963
69,460,2,5,13,5,1035,1,1634,248737#5WvFNmxx606aZs4jzotnqEHlRv4b7HGt,-452389.53,278669.090,-200960.0,289264,6240,460836#05XeMU4XIXwo,-575945.75,688302,603075#hoJqF7jIr,-278852.56,338299#w2QvT6Dbru34a4C35PmdSvqZ8UZy83DWm7XMP2qMq6RqVVMpqg6nGwEhV2fUv1ZD7Q,570873
70,365,2,3,6,1,1467,1,134,409579#Ta4gMRiKt13IP5z55jxuCH5QwSR1yRlf,10209.58,691024.110,501776.0,-608599,318680,44845#XRBUnZjfAimB,635061.7,510000,268970#7cvoFEjel,80397.36,252930#fWxKTq1lKM9pY42G6uAHSmKLoBqAmuwaviQxwaIVHlzrIzQgqy29WMRFei7ukcsBSa,-703735
71,526,2,4,11,8,159,1,2712,282634#jtHN95hPPl20jTP8cPBbX15nExI64U61,-252049.31,54578.690,-67504.0,686459,-588582,362360#WgPcluoQe55I,501667.25,-172557,422611#nA9382oPF,-285849.0,527422#5cO0RaXbh9boAMc6jzlegCCl7RKRumUigvpWroVoCvneHOvxIygmRtJykV964ATNm2,-552896
72,665,1,7,6,7,1215,1,3104,62023#KQsBO3z6VGWWxydis226olQ1DnPDvNk0,602587.7,-593948.120,232464.0,-470863,317841,465989#l1Ey1uV2v738,401044.25,-449886,222585#WaTEi3tPE,-209490.05,216424#YLaiLXd6W3bBt6m7NikmgogYNgkIGQLAY0zyDaFmePNszPLFZVlKGQZHjsQkNJZlIe,14596
73,309,1,4,13,9,1142,1,3447,67199#KEZJVuEiA7yFrequjHeSrusltyUff41n,-324959.0,-301546.380,191264.0,-88819,19689,361755#qkP5XOV526Rj,226811.14,633910,707797#IvCLBWpjL,398928.62,242003#jo1DIXflcXr6GTpcsajjHTxIRBntgQduwUkYnYGczXuV3RrvW5mGQOHNTtUtl57qTW,-683590
74,791,1,2,11,8,1457,1,2658,359891#MIkQXhDgIAYd1K2TrkPjnNUqZA7oBbN4,-725728.7,579377.270,-326096.0,-73255,430811,123202#xWXBMKgoz88U,696769.56,-645714,375137#OaPfebE7S,-42725.25,13675#rnLV0jMsSBB3UIToeB6cnIxTjxbeySowgOsjlJSatONKX0XkKjRGx7l67OVORqB6GC,-223885
75,269,1,1,2,7,1499,1,3694,504555#96iuErRRzep7adRgKeUfU3ghXU1aP3pg,649061.94,739629.910,-280096.0,271892,482440,651392#I8zS8JECsSNZ,469602.9,396987,275866#DcyAaFPMT,438971.62,56626#7N3aCHXJag9NLZ287H8fZHnk1mpDBTBdpYvajlxLrZT5XHoyEjEttsdZ5SFHraz0xR,-343498
76,48,2,2,5,9,1312,1,1998,594758#tVjIYvrUH895zdOafgBpbO7lUC0jpmGg,106075.75,424999.190,39824.0,53304,-340899,357235#XAavNca6qJle,-100437.8,615192,121321#uwyvBmxqS,-267246.1,96110#vuRzza11qj5ykFBEeQgX7lp3TLQSsfHDhQO23lwWFyNWHPwzynn1v3sF3Vqn3dZSjN,-527758
77,522,1,6,5,6,840,1,157,297217#FCoxjBeY7ulfhdjK2uTZX4Dc4viLw0fs,553075.4,100771.520,-420576.0,-75221,557849,415932#VPa2LHUONfYk,-471128.12,-692333,684902#lrJWVaO49,-310262.66,56388#5gDYq8zVX7FW3x6vZEUGulI7Vv5tmABxlf6Xl86DtsHeJwH9TtsuoCGRMveLC5C3UK,-360350
78,714,1,4,6,7,1286,1,1648,529770#1T5iD8l8Cm3b8YhELBBnC5nqyGxyDA8P,-372802.1,-754431.040,-32272.0,496515,-502983,668798#XoiqlJCgsy4m,-694864.7,641331,297774#r1EawXylE,-294985.9,489043#KeSRgancy0ei90zs0y3MWakKhJg6RrHi9FUGb9U5W3aEmFKfqHPZ6O0xYVKtc38JbZ,621810
79,317,1,2,8,7,1403,1,515,385126#92CnBdBGCvY4swWr8o7RgKtYw1xQEDve,-544378.6,-723816.530,684080.0,739629,650911,514992#Am6WZZB8hKV6,-272938.5,297797,651522#KNEWKRusl,-413295.34,725529#TGepWvlX1GHxl3jZliteAsssFVzbAI93dpe4wCjyuBbQcqkJS3w05GGIBhZGue4at1,-661400
80,380,2,4,8,10,714,1,1934,554131#YtXLk4GlteF5QXnVAHO9eH6iudPJAnw5,-106475.76,130658.570,-101760.0,-505538,-732512,373609#ChrHEFT2PS5B,293624.16,-441767,46542#I1pySPPZj,-474619.78,116926#m2QubIFh9L1m4BTevTFKiobnxirDfPtUl6vJTFM3jPiCTiyhKUFUCutluCjvr6oAob,380917
81,92,2,3,2,11,894,1,1990,322178#ojkbEcp8GM4Um5MukpU4QezQS8FwTTgT,763090.75,-786190.660,-146144.0,480076,-662530,697978#octdj9aPZlbJ,233063.62,476324,225551#v0GQYMZOA,353602.94,172962#Qql3zokEP64cJpt9a5Tk1QuJx7dfPsxNwEAkOVusJpAoUcaZAK96Cau34awDADE52p,717087
82,917,1,1,6,9,821,1,3328,511587#Ji83SI95aXSv35GF4Kr3EbLXrIwWBHJZ,-427110.0,-488222.700,-565152.0,-587083,160343,554797#HD3p9JuOZOp3,505422.06,-561730,164377#qrPSQhYSx,621531.8,204570#Z0MFPEcB9Y6Q852nNi13Zfq4eLCi2wsKm8p8VQo12TfPuCbaa3CfNltjPhogpDSYaG,-294890
83,309,1,5,6,10,1314,1,842,518333#rGvpF1h8hFJAvBENylnD962Ww0mhr1RE,155672.3,35455.180,-198784.0,58522,-592961,351492#gTSoEGMrcxFO,-682762.8,-299078,617281#5pQBFYdg1,-738027.5,725866#fDnMnx3BpaNPPaE9k2DfTxSBVSpJt2Q3kx2WkQuJhUIM99kKFip1UjxJBgygFidZyG,-75257
84,851,2,1,6,3,1240,1,329,246894#q7bNhpnKvJuMxogLMef0mv7xskXuJa4C,-743706.2,574599.260,-212720.0,285525,377295,525106#Te6sBTqaC0hs,-149442.0,-234424,796757#LZ3vr36rd,-491446.03,462587#IgRLO8U4qU0DnHFBajq8zt6HrQ07iC3BG4X0EXJDR3IJzehXF55Le0LOlThtMgqgny,-510485
85,547,2,1,4,6,449,1,1754,500637#0NfFlpCK8HuImTxQUoD9CaZfHvQ5LFyG,-221933.9,-216010.300,-556992.0,318901,-48099,103833#QRj5jSJgKawf,485864.78,-828455,579066#jquySroOk,-532044.56,285938#M3Q1PbIJ119IM6FZayjyzigVrQ7JJ1MJrSkzbOwlWximUwpeXMs3cWj8lK4xc8mNSL,186377
86,130,2,6,5,10,740,1,1097,222957#ipuoGbKUAen5bcNZKWJ6qnYRV19AxydW,685005.56,484119.680,337456.0,457100,622868,87151#kjj3UGGOoxWl,-260330.02,-812550,724587#ftyq8oXTY,-117519.04,591775#57U1eUIJeXjPYbt7Fir43pCIz6QjkClOGP1sCogz0mABrYemF0ybaXfATS5Wi688XI,776487
87,766,1,6,3,3,634,1,1332,119803#pMwMQctegXBlFfzFx4v6U6q7ofwhzZtX,-178431.95,753177.880,718896.0,-367991,482758,167220#Vqo0jifl7dJy,623901.6,814309,146771#7CIA4MIfF,215332.81,464608#jlQmAAiKdPWDsQrd2xlUJ52YcvxnvLRDJz36750kUi644aeQzB3m9W5FzVPk90VJGl,-809486
88,957,2,6,12,9,883,1,1900,434117#yXofD0DPBnJ0ZDqVnzSZN3SnGcHhV4Dw,-315212.44,-186191.700,199504.0,-127046,-743103,729647#sGwwb8882tNo,141077.72,-53565,686386#vDbtLajWj,450179.06,501089#6TY1ceqVgoAtZYhGArA8LOlpZJw8s5T2rTt9Qw8aGUptPm05O9RPryZO54fcy2ymdg,858399
89,981,1,6,2,8,950,1,2985,212779#llxitt1K6Lk4snme6cyuqxN3ZHO4MEo6,-539743.44,-778566.730,591424.0,788252,632464,669691#du9zVvlxTG35,287230.66,793667,228369#RQZxPPkYq,-762109.9,305862#DmX3uhKCKSyS8yDkRWWXxWPmx36pFbyqBLPcVbtCx3bJ9XBE8Cc9bVjnp2B0nJMDin,12963
90,950,1,1,5,5,581,1,2444,585327#WRhM03FjKOIzgIrfrdBPF8AZCx0zuBW7,725232.4,158146.900,261456.0,-863421,-266404,470920#QC3ofjtcgSJP,-739290.0,-392576,210193#7yxSYbkBw,-676690.75,555378#O4OzPDzKPrQhmosGA3PAxjZ3onbn0vzBFTkv8RW7zIayXgL5cvzCkxirGQoqKS2JJu,167417
91,12,2,3,5,2,213,1,2824,565581#4gv20ounYrvE1n4bRR4DKzrS9pW7tm0h,-279433.0,-259343.990,-40116.0,626679,372934,570617#aoL1eFHiwgSP,383591.1,399998,213110#fY1CCYv1L,477898.5,214095#kHboilBRtrX3Se2hoKBvxN9LETskrOYQoUym9zdvg9a0DOWnZJT7mdQdPkXUTIQclF,774023
92,827,2,1,5,7,1632,1,2695,853621#MaSBQuHx7QEkSfmnmBUwxe1ZvUXrAE9p,184830.31,788376.920,511920.0,141640,763894,30120#yYu8uOFsqP4C,-830697.56,-854157,75348#vteJk1wvz,337669.22,84166#SnneEWYD2jliadgJXxEIEf0MCAfErY5SlSjicsIfrQwInJEErxzXb4KB1oGXhnFXL3,-516734
93,280,1,3,5,7,1384,1,406,289576#fDxoGyYH6AeF2pNQF3xiiG54NNxgLSU5,-257673.39,-92715.690,-177024.0,4763,-255434,186974#D0uFTeYfTAl3,621866.25,710542,124281#5pQBFYdg1,-439209.88,930053#e1LhCDPsqVTlNCBjjg45dCdftIFAZZaG6hzK1BXqhPXrz1w9onC0x7tlodAyvNuihr,-136777
94,934,2,5,2,13,264,1,3584,576671#LiYCsMIYNbplPfjBreHMiNGlrA56veyf,-791379.06,921382.980,858512.0,-271853,370101,179242#ANOobHqWibgO,687294.7,890011,876189#3YgppbtFY,185701.83,427989#Op71q1vugwkYZf78lNVLARdaYutfIObs1bWl21n9VspGv4mRXno24h5iCNU2rMc7Ey,-724735
95,947,1,1,10,10,264,1,3488,451819#kD6RPU46fiMABVfR6q1bcbAeRyni9Lsn,61190.5,746551.450,123504.0,-322469,-208749,876420#Ac0CMIPUHrJF,-851822.6,243653,486846#decPHVTak,692009.4,857647#Ez5cefGr98cIQbqjZB49AqLN9ZRHB40JugqfpP8Yrd73a4dlopwSvm4PjE2VHM6Xoh,157781
96,177,2,3,1,4,1193,1,621,47148#zvdKnd7IUTppmdba7TbN2CYhjOXTxBEY,-863653.5,-887740.590,-20240.0,-94621,649359,794755#qkP5XOV526Rj,-237897.8,616761,651538#hv5BMX3Xx,-251402.81,516764#JGqf43zrPXkql9V8l0a8miG9fXGjzT9emmkLqZXPqJfnGf8vMAXQHDn89VzL9NTfgN,738987
97,779,1,6,7,11,135,1,2206,214571#x8zWuwsJ49dA2naK1StNoz8sEhbXBTf6,-891359.3,-494470.590,697488.0,-41107,-749971,206771#WYcuJsGQm9sh,-618304.25,-893544,704837#MybN0dSBm,236775.14,100315#mRoVwzANz8fdS0Ja2WvtXJVz78pt8GsDZ9ug0g5BFeZbYeen4f36tKQvftskJ08eE0,85917
98,471,1,4,12,7,361,1,1958,426277#Xp4re6TbQ43cAvDQ1YfqswkRjRMoX4Hy,-320189.16,-120291.110,262336.0,-885567,-984871,648983#O9IsD9DJY2UZ,-778196.1,222505,607512#IdxdTsi9m,822738.25,465861#fvLPS6ifJKujaLsUbybMVWiaY6P4PGxIcoK9JJsIaRu0gu8cv4mJ8phPftnqMhvdia,277646
99,435,1,3,3,9,720,1,843,264982#ncF4R94HvpnUlaoQGzf35Rw1bExAapWX,467710.8,125777.110,512928.0,756345,-384823,127707#IT1NOM0GGsf6,21042.65,-993934,678997#5zyyRZFu8,-515360.38,344708#AF1XlzHyoEIkIqW8MqmV9qtrZbGBfm5SRoyPEAlhbO3VoYn6oBvcff6Otrbddfjdz9,-31349
100,346,1,1,13,7,1497,1,813,536271#fIx5H5MlWE3K0E0zThpZrJ7asMExwWif,-602284.25,-465844.740,-464512.0,171654,-452787,770680#fWtnmq4b9EpJ,812809.7,-997720,570556#IS5B41Xkv,-933894.1,380879#x5NZ95WEQloKd0DnoBySRoX96FaIY2EAgaR6VoICyiSjm5DUN3NRUkzSwnriSdDhiy,513649
101,24,2,3,1,9,342,1,15,1007916#Cf4zi5nBtO8P5rPFpnSNYFkUAbvVlGMo,343366.94,629047.540,-91200.0,56147,-962430,770190#tv7lOUq6MAkF,940568.8,-197056,253086#ScL56DtcX,31735.96,751179#u05TFSrTXaHovc5Y59P53S7iUKJtBclrgE6Rz9hsxi8sy45OQH3O2zeDcBLtR1mB4t,526220
102,1023,1,5,10,13,1647,1,2474,1018940#pMzkZSZZs80TgTJenf4sgZOM6ks1hnUg,-830053.9,954714.380,-60368.0,61389,-711747,127764#gAEQA6Wjtgle,161509.3,186500,615470#9mbhYU7Hc,-513324.53,807494#iPNT9q2C8L2Gg80GyPuFFHMqkIxnXjv8dCzVOP4TeA5m3QGPHEhKlB1KQ38HUhIq1K,-907005
103,165,2,3,5,5,1047,1,2443,893387#Mj8tOlA2dGWzeWxfAm921GNJBxwZ9BGw,964171.75,149786.250,157464.0,-953090,-819556,843208#QNFXydF0kkwx,440218.53,939067,579481#FDwFt5dxn,673408.9,775675#rnLV0jMsSBB3UIToeB6cnIxTjxbeySowgOsjlJSatONKX0XkKjRGx7l67OVORqB6GC,315289
104,595,1,7,4,5,381,1,3000,79182#TDJ0VIKiYVmuIZIQfJpfBjQPrthi92hs,-568017.9,887329.440,33104.0,-418124,972430,851886#LzlclycX8rux,-832741.2,-445001,382509#vt4JvnSGN,-324962.1,474614#OXDpXtAQcLkTigguvwGivrcd92MIAVFzZeqWOgeT6wfxnzbZQqwXRR3pdBbhCJsaFn,-360309
105,977,2,2,3,8,1260,1,2332,318016#HEvJeCMwGQAuirS0E9yVhieDkaiTr4t5,198517.3,729024.150,-647248.0,-313587,-688738,746222#wOIgxiXrof6u,-436952.72,137722,783984#gezfBPI7a,342262.7,423333#553tVQ8PAKLaiYDO4bBSZSkIvm0uHPi12tl1Rvg6rl8YkX19Pop65nAGYqCA89tmuv,381862
106,50,2,6,10,10,904,1,1204,421004#tS2U0YUqjILnejmvdA20vZZbT5m1axrp,-865678.2,800070.730,937744.0,-518717,-756833,136124#gcK2ChTARU2v,200715.12,-50581,786967#Ad7VfUqAt,210646.02,176407#R20sx3ZJIXE1W4b1LHNbeXSjOhkuVkUYKSxUxJdUja4mezT5WSdV3TkuSe1WTSyV5p,-718218
107,566,1,3,10,5,27,1,1487,769116#ttIE5mWrCCe8HNG5T9YIZYZHJaUHOXcV,-388146.62,1047257.650,411376.0,-253895,195230,710481#CXVs5RWCIchI,464120.7,-255384,554203#xYkKFPHnV,-351784.34,19130#AAGOiztRJnCEc5HgBFPpioUcnVJlJwHsiA2H5FXJZF5OfKAebglIoY7liQJOOmtWOY,2469
108,161,1,2,7,7,1692,1,3317,273839#m3Zsek39UdB24GfWKvB3qG6JUUTLnq4D,-401572.7,790457.340,-165200.0,-508746,-37188,612224#ZITVJTuXDAcZ,1001538.75,-276715,411579#w67a8rHd4,1041389.25,781440#7gJ8gljlP9ad4NmwqIdldGQRafz7vOVHMs8BGQu8HpxDTDI0NwNUzbcUllqbBEBa92,-251662
109,409,1,1,1,12,1382,1,3092,955853#dJKl5CJwYJZFh9hmTA3FqqY28cAvNjZX,476067.16,90782.590,978448.0,-333081,400345,773260#9xVH6pCPaOPQ,-127009.42,-339601,275123#SQqgTpeX1,171256.81,448170#UEjR7qIxodvFwMQskjGFF8Sz4E0oTx48NTIUcFQ3sNYA068wY1UEptz1CNvZSOdlTL,493739
110,213,1,5,5,4,1563,1,208,628811#bMHYnVvqoDKNxMOG8T38DHH4WWfHq2fL,802104.25,925025.090,-646256.0,-13811,511932,1001702#fG2U0rRFjkH9,668005.7,-53185,695063#5T9rNHVgB,328909.44,422815#h3dsIJWAd9gUBrEVMBVbLAmpNtqN9kRRgXoHRlcAG66Ov4jZDwdKoagY9exPp8c4bb,357128
111,562,2,1,13,13,1719,1,869,347893#0eS4JguyBfj300FnXkB7VZ8V3nmzMYTZ,285684.66,503394.770,1045168.0,752448,-327385,356159#qBioaAF1MIlD,424101.66,-1090578,507905#nIYusNM69,165463.44,401649#tpqZ18K5wB8IR0iFkNCob1jMLaudrsXpx1ZVJGMw7bRyju8jfrpm9YF70cZ45fbdgb,-559511
112,136,1,6,2,9,216,1,1355,629385#bCD4p9TkChqVTldUfZr1Qaism7iY3lUB,1046101.25,1010477.310,-277760.0,504103,1042153,365891#i9Mu0AiauzZD,362834.5,-387957,626052#2vREDApkc,-959926.1,188254#NZ1IzXnjSIP5eJOHFZiIf37OT6BOFt7kuTPMfurG7prRzevmTgGHL0RYJaLPYEmqUA,-695644
113,98,2,6,4,5,972,1,2815,401879#rQNoxuLRIhxxT6CCuk647LhSmOXLUW6Q,1070749.9,-775559.640,-844304.0,790595,726399,236187#8FK4jdt5uLQ6,-974179.75,531439,606240#xA6jA4WKH,-132417.0,744711#oWJYfXwOUy0ChYirZ7VhuYLNPozkWsJMeY1OSxXh5XGcnaURx5wD1EF5fCKwWQf0Op,-881340
114,893,2,6,7,8,632,1,3921,27398#HwEpU2QYqeVVNdOcE425oMLD86et6Zoi,-1019770.5,639979.730,57600.0,961356,-925812,17369#0eBVRkYulNny,867086.56,-732307,486489#boeOalPyO,187416.69,828656#nrxkYTxBWo685Py98hqkUYlveIY19KHXKXKqvkC4LfLeiFCDngHZuulxB4xxXVYfnH,815347
115,948,2,1,12,1,191,1,3167,938252#pyG3qg4QNzup6YmDMu6xabFJkZzF865h,1080809.6,80148.800,1057312.0,18300,1100185,550737#XJ1GsY5ZDOLV,-676592.56,61684,659005#2yWRUUNmN,184610.25,994351#c94d7ylPhStlRCoQlL5rdmh7bHf9ieoeRFOhP9lqMSpZDjHvLYrgOgB7FGyf1sCakq,648553
116,321,1,1,3,9,250,1,2231,350178#ojkbEcp8GM4Um5MukpU4QezQS8FwTTgT,-756402.1,1000808.240,-818304.0,-1144546,1070567,276966#RwH3LDOUEh6u,1021793.3,-1068765,778358#DHDwgKOwj,1164458.8,1017611#BATbZ0ihcFfSnw0tJdz0Zn96sHDF5W71DfkfSNuJe1UBwE8wDIqRZNgRNKydo5eomY,156587
117,990,1,2,6,2,587,1,3901,55898#3V0PZWY6ZUrI7L8D10hx9GPklGWewCeP,-65585.64,-611985.710,-79216.0,-426480,23066,107386#lv9zLgaLWnL6,724850.56,-715808,453025#Ec3zCG6i8,-132795.6,1011425#hArYwaUuoAZ349GjSpaDM1v2n2p0VWkLjNL5pAX2kAcyEHf5pcAv5x7to6Sn6dM0ct,644911
118,279,2,3,8,6,955,1,343,1184423#tVDI5gVU5D7TLbjXie0VuBqISLqMTGZj,826297.8,-716002.280,65776.0,1169399,-233337,1118222#wOIgxiXrof6u,669117.75,636161,1066664#b3yI3OZKu,109608.54,363114#6fX5GQZqgdJu80jrQ3hjok8HGgqtXSjvx4vN2P5TbwVIklW7KwNEKiXuSszwIY41Ym,-434174
119,200,2,6,3,1,985,1,2654,422336#bwrxOBOzhdroPXCh4G4W57ZmUtzEUv5w,-782789.5,487465.590,-353760.0,493403,17909,791702#fG2U0rRFjkH9,-987145.75,1183592,1038389#S9h2f7mis,-485252.56,582768#sbnrE7HScK9X3RlLSulIaIYJDcUWMjXlxvSkNwfEL9yhNPfXnZ0Xpg3LtW2swdiM5c,979635
120,500,1,3,6,3,292,1,2264,695520#FNEoY9y95HnOvIJlu23ZPhOpeitFOiGv,15809.58,1187259.110,865776.0,-1044137,543605,75086#9kNu4ic6QiJ7,1091861.6,879704,458816#s53d4CfNw,141197.36,433191#cDVDTE6cuNXtlroMDHhHShaBuX9yoOE5ebTuniceWr7FZWkt0CHBRYeWJH9nBcwEvZ,-1202172
121,969,2,1,8,4,1559,1,2252,479639#JcfYEIVpGegsNOiBA1fCbprGSKFA3W4i,-424049.3,93489.190,-111504.0,1164559,-1001532,611464#EZd1TbWSHTJT,856067.25,-293839,716946#9kZ99pZkX,-480249.0,893809#DuIV3EoJaDPtfbHKszzxIf3MIMQPOHIGo96eJNGz7847WOy3vSglEPFkLxVlCB1QC2,-935922
122,320,2,5,7,10,1478,1,1104,103220#bsCibaWRn6d45rRtQVOluVSnZCemjRej,1017787.7,-1003455.620,398064.0,-791688,537891,784720#YGxNCQIxtk12,681044.25,-756290,371261#1mtNIzPIt,-352690.03,366082#GT9016lqpbvYkJbhXqrwII4saKIOShc3SjFjGXRltmNq36CP3cr6VjW2ziRRtgoO00,18486
123,137,2,5,10,13,367,1,2732,109903#gf7c648sh2CG1BDfh66Shapxqmt0KaMA,-544159.0,-512523.880,317664.0,-151044,27164,603914#4UZGOZlk1kjQ,383611.12,1067210,1188248#GSUmj3gOi,674128.6,405236#GKrXkqMZhbbdGk2YMuDRqJzsks0os5rILp5K7DawFcbTQIpaZpKywKl8nm9w4A3i2t,-1155361
124,985,1,1,3,9,182,1,3773,598829#iI6yLXbZx4SY6EIImfgAJ3RENOf5aWat,-1216928.8,971054.770,-546096.0,-121105,719061,206408#LQtehWqPV7r3,1173569.5,-1085753,623433#iPlWZClmL,-73125.25,22719#IQuPzdhJ6J4HT9T5E2I4BPjjiRd5kXrsxkzLuaDzESx6tCo60B1KKLYKMROSw2YRMg,-369160
125,39,2,7,4,4,1724,1,3684,837980#agWEZDPQhpdt8iydlzIaSQhrAi10IhAU,1078662.0,1230473.910,-464096.0,455692,809983,1079608#056sVV9e4PRj,776802.94,666379,454878#0wOXb387Q,733371.6,94348#u0p6p0HhDCiuYCH0rMeFX57GH6D7N14IB8fBHqhZAgjQeX4BzQoifU0uACb0IjZXF0,-566530
126,23,1,5,2,11,1450,1,2710,982423#tVDI5gVU5D7TLbjXie0VuBqISLqMTGZj,174875.75,710883.690,59824.0,94474,-568730,590941#bfxihUCBDeXt,-165237.8,1020796,200878#0wOXb387Q,-445646.1,154217#2JoObFWl1sd5CLakuXFNfqdcRlNcyhO5s42VpAdPTrlHlwKTzsNJtS6Yr6NN9osfAm,-869389
127,752,1,2,3,13,390,1,582,484833#JFzprBCQU8xyBaW8zcrLSrkJsZq34mbJ,915475.4,161033.020,-696576.0,-126067,920641,684551#pxDOXRU4yLz6,-780728.1,-1148348,1128775#aqbNnhG94,-514262.66,90466#lNqSuckGmAzNvFDkGDpQ7EWr2DkXKtvbbabwyeT6DqtKZW4zfRyxRsahf9yEJmbVfQ,-593405
128,614,1,7,13,1,1674,1,596,867583#BE058jEtjDFEtqrHwdx0HB7Ox9tnIcWv,-612002.06,-1237680.540,-58672.0,820378,-827683,1094046#tnJwNCn6VxM5,-1136464.6,1053254,485655#1POf4ndxF,-489385.9,799584#HdhMqy3qIJbD66ratAXG0RAbXJMG0ao6DxI5q4TPQfjbfX2FcBwjhqzrkZinFIuZwI,1023832
129,416,1,2,9,9,59,1,100,623213#mPfKqcWxSILzAPJ8KTlbPdVBhHYIMZZ5,-888378.6,-1183651.030,1115280.0,1202129,1060661,838978#octdj9aPZlbJ,-445738.5,489193,1058655#1POf4ndxF,-674895.3,1180633#tdgqdWD5u9A5Lpmzte4KdNiHCdlLOkBRXmweiCSvhgRiEiUMKPU7duwuCRR8h74171,-1074106
130,1013,2,7,12,3,314,1,810,899485#xPUIRuvVwavckAmLB823K8QFB0edrZJh,-178475.77,208526.570,-168160.0,-824788,-1187587,601549#Z2yT51198lsr,478424.16,-723399,71647#j53QA3mF5,-766619.75,186668#NZGgTTPR9ySsXOR7VCEH2SQ84OXlVXNkcj3QazqsqEnQDYEUziUaRYACKVZEiClZJB,613089
131,342,1,7,1,7,444,1,1895,519009#PeOAAKGFkk1tsC8gcpBMtrxrGUmmQYBl,1232690.8,-1272321.660,-236544.0,776932,-1066480,1123870#uPM2186t7Zh8,381863.62,767969,364581#efLRPm7B1,572002.94,276933#WIXzTBsvlES6JkgfETJCH86ScWlY28RQIju7eRKTzhBcSY47DkctoAv8FLuUGWenyX,1161154
132,397,1,3,6,11,1296,1,383,817678#oSkYuJX5qmUSip88PtAjXLrhmOFb6xAJ,-692710.0,-790279.200,-905952.0,-941508,257168,887186#EIzmcROj22mo,809422.06,-909422,261578#4d3pHpX5x,999931.8,324888#Kg2Z9NujPtl7BIgCgtMXQeNl9PSTnGRsa50QgGKeXhnshBhmYRmx5xkERIluzFb4Jw,-471125
133,734,1,6,8,12,439,1,3664,830134#cUdXpGD7BelJHURmQBTCQI4XEkZqXpNe,254072.3,61312.680,-324384.0,88322,-945261,559066#cxImEadavgCa,-1098762.8,-480613,985110#fY1CCYv1L,-1180427.5,1159221#NALXuvePG4ZuwAdkW0CxLnqEjJbASUFounpn0tqYnro8h6oTt3YaNjpNQvZje741DG,-121516
134,273,1,1,1,7,1065,1,2619,393105#m012joSBAQBRvcctCDQnrXsxFTEFresL,-1182106.2,916379.260,-338320.0,449613,597670,832613#k7Ax4ETowsBx,-241442.0,-368138,1267105#xqNFtcb9u,-781046.06,737715#rxBLy6tdLKKIi0IQPCth8yglCzELbnt38snK2Zpn8iOSH9K9wLx7AfdPzYYwnvX756,-811527
135,277,2,4,7,10,1308,1,2037,793748#zMVaYA7Sb5Ntb0vupoEPfktHsVMVqsmP,-348333.9,-346389.300,-879392.0,505001,-79774,161645#qoYUh0binadQ,776264.75,-1312838,915608#iFVoburwU,-842444.56,451593#AlZJJugOkubPBgm5yB5wpA2ELqSPJoQkx6faTzqo0cGgZKGivT0PdY8iCfEw3xlOMO,297316
136,395,2,2,12,2,1240,1,2085,350355#8rJSlgKOHyrqKdpC3DxM058yRLrzMkUr,1082605.6,760330.680,537456.0,720450,986243,132234#B7Hgj6Il8dyf,-412330.03,-1285177,1141177#CapljyBWx,-180719.05,933324#q2fV60YDtOCxvuDvmuwZxKRiMPSHAP1lEtJpdkE9FAxY6rAegiqH8BMRbeGwXe14zl,1226192
137,636,1,5,2,10,1734,1,1402,187793#l7PTek0Qb6HR3Gzhm5gFoyQEZbELkKKw,-276831.97,1181626.380,1134896.0,-574428,764533,259819#hrST4cTZZJvo,984701.6,1276700,227262#jnZnK8sRn,337732.8,727916#hOXSSyW0mJ4q6VtJQbgCgC9ybol9sguaWPP8kbWWc0Xf27dO5vUSqZpUv2sO2WsMe3,-1271024
138,909,2,7,13,11,108,1,1310,676934#26JaeXafeDpUrOIrWoqFGToYFvacVaIe,-490412.44,-286920.200,312104.0,-202771,-1164653,1140306#8pRkHdGrD24E,217077.72,-88038,1075516#RKo2fIz0y,701379.06,784188#YYGMQXvOfMjMLaqSxPdqE1v5BO3EzJyJ0fX4Gaws6Pme1bRIQl9O0qmCwZz3KERofj,1343091
139,116,2,6,12,13,1412,1,1857,327336#bwrxOBOzhdroPXCh4G4W57ZmUtzEUv5w,-847743.44,-1213836.730,921824.0,1231252,989689,1045685#GcwN7OakWUwf,444830.66,1237963,351659#HWnzQyTHc,-1195709.9,473587#IgRLO8U4qU0DnHFBajq8zt6HrQ07iC3BG4X0EXJDR3IJzehXF55Le0LOlThtMgqgny,22772
140,982,2,7,4,13,1493,1,3831,906204#Su1Bze7RVTeFDyLVc96iObK2QcMjIQq7,1130832.4,245259.400,407856.0,-1344896,-417104,728906#0X9ogiiCyLzo,-1150490.0,-606221,323153#wBhBlUOr5,-1053490.8,860742#iW7S2IseTIXKyz1qNW8ycffXz2PwpiGzG1FWwp96vnR0RCIOFSSMHoZECJ32IESnI7,258189
141,348,1,4,6,3,575,1,3804,874123#XqKGKBOKtlA7LbGJW4s2EqmYev8uR8wb,-437833.0,-402969.990,-59116.0,973929,581009,881573#2VexklRtJ1vM,593991.06,618157,328614#m1BYGkSU4,741898.5,327645#0qPiLLFGv0BKEZNfjgQhV9qttBEKk6y1R1k6HVhgxvgGqSi1dNtu8Zz8rULGCDaRCX,1202798
142,224,2,1,1,9,807,1,3095,1314979#cmFVibM3PLfw6nrjKJXh4GPef3SSioAL,285630.3,1218443.420,785120.0,221302,1178888,43031#tKpM0adQYnOy,-1282697.5,-1313246,115762#Dr95DOEG0,517669.22,125286#GdT2KrwpVDA9Bo9O698qLhnf9bM2QILrGV4rjTI1QDfyk161kncCwRREg6kFEn7rcs,-792290
143,297,1,2,7,1,384,1,896,440090#tl1UihxkSy5eEHkSrUJ5FGfAk1vceErr,-395273.38,-145351.690,-276224.0,5288,-397296,286603#nxiRH6IC4Bbj,951466.25,1097244,185729#Qh1fAIzVn,-676809.9,1427672#KiIp8PFeVgqP5HFvYBDy02ZnujhrCgg4TLzG8GaLsnUOqtIoWYKI2k30qzPI9jO4jd,-213326
144,614,1,3,11,9,864,1,3594,879201#R1k4JPZgmIkZsCLQe3IB9h8oKGQhsiHt,-1211379.0,1408500.480,1313712.0,-418034,562101,274031#tKpM0adQYnOy,1054494.6,1366512,1338895#lsM3LPXar,287301.84,653244#PzCrcxzHNgGrZV4PGxBYrlyk69sI5LBFkEXtygOjdWET9OkzltrdVorEGL43V4RP60,-1105889
145,1007,1,3,8,9,1439,1,2038,687898#3V0PZWY6ZUrI7L8D10hx9GPklGWewCeP,97190.5,1135755.450,190704.0,-492594,-322324,1337010#pspko61fbjr2,-1299822.6,367615,738965#XIrwa8pey,1058409.4,1304001#r4gA9ZrW51ybyfR9gbSu5p4AVEwdtxsOoTHNYJ2k7bGjHGSjB0UacX1bRlaN74M2Dc,239210
146,237,1,3,6,9,1581,1,3686,70536#HztsWEYvAwSFshhyQLIycQRxDw4HJLk6,-1314053.5,-1352724.590,-26640.0,-143908,984209,1206896#7fkRHuVnfMp1,-357897.78,937067,986737#GVu3IWaHS,-383402.8,785654#c93HbyPnS0998K5YMgVgG7FSIcxY6xRyasVxmgLWSYqU43Ss7RuoGOmDYZsqRlYmu0,1118676
147,907,2,5,8,10,85,1,61,321369#bRb8slQvWGpDi76wXn6iYqJPfonBXlyp,-1346559.4,-749076.090,1059088.0,-60707,-1133696,308998#VFRllKu1EQAX,-935904.25,-1354745,1064111#3oKJbgeLH,360775.12,149361#ni1ZS1CxaQtKVDgGj4KAJnBssSd51GpOzh36EWh8PZoPz774fjQXqUrH58GCWz5hlu,126246
148,222,2,4,3,2,248,1,3473,640691#n2H9VjdaECWuPLF9iRJFmh1G5iwItU3s,-478589.16,-180384.110,392736.0,-1334436,-1484071,979139#PobFLKTHanJ9,-1177396.1,340476,913101#kZtToWtgU,1238738.2,700188#YYGMQXvOfMjMLaqSxPdqE1v5BO3EzJyJ0fX4Gaws6Pme1bRIQl9O0qmCwZz3KERofj,417735
149,845,1,2,10,3,1245,1,2028,395534#iSnAuRnlaJGQAZLnQAYhXPXqjzaHYRsV,700510.8,192668.610,776128.0,1141808,-576373,191336#AAoDeg96bS6W,31442.65,-1491276,1021818#cqjoWpmd5,-772160.4,518583#N9o3lB6dfvdbdznB4KNE26xsJTlXcK6OiRqb0UPQVmO5afQEHMdQwMStuDFJLZ2C2y,-50253
150,364,1,5,9,9,997,1,461,802204#Su1Bze7RVTeFDyLVc96iObK2QcMjIQq7,-907084.25,-697697.740,-693312.0,258429,-684150,1151222#wOIgxiXrof6u,1222409.6,-1495597,853223#ixRB3m8sr,-1397094.1,570754#ypqQxomdGQ4MXifFFOWp2zG1vqYpUbJVW3XI6XOdmeK5aZPUvJms6X9Hi2aXGu4u4V,766629
151,909,1,5,6,7,42,1,993,1504719#lLj2aIIN9Uq0PRJ6WAcDJIzuNTpOK4Uy,509766.94,937217.040,-132800.0,81535,-1442044,1150560#xHsgJmooZIYI,1410968.8,-290285,373964#Jv5RQ5RdX,45335.96,1122322#am80Qf4ZCWcHPlfK56SbrFfnKLzNHDXtXYrsLLPea74oOkT6nRfxqhWkezl1On9yfK,790937
152,230,1,2,8,7,1509,1,2659,1515666#8vX2UEZs0CDCfFqNVr5hOUDe0sDfQR5p,-1235653.9,1424843.380,-88368.0,88889,-1058097,189307#n6P6EdgzNIW4,237509.3,282551,912338#0kQ3tQd9F,-763724.5,1200943#iKUSZqzGq5B6UEP4OzslFLFbfXp0ortAayXvQOy88KcByj4KSnIrlg6DRgbbdSuzJz,-1352409
153,100,1,2,2,7,790,1,1643,1323096#oamNk9KLTnDfAx1v701yPR2Rc0EPFoxq,1436971.8,218777.750,233064.0,-1418128,-1215331,1250817#u2rYdhTxrI27,653818.56,1390311,860347#o6vTgHjSl,1002208.9,1151733#3RxcWEgkpvtgGHiOtGHnJgsn4iXhmCjwUyU8eLlz7xrruc34oOZsk4ydORRRsKhcO0,465746
154,960,2,2,13,13,581,1,2290,113004#tS2U0YUqjILnejmvdA20vZZbT5m1axrp,-844817.9,1313466.440,51504.0,-615033,1442005,1259033#ww6wiNx4gdqc,-1231941.2,-662296,562328#bA3kEgyMJ,-476962.1,700600#Jy8LXswhbFhRrRwlX4gTPsMUmsgz7mRXqIqSeysTHGdIyRaT3YYSRelQQ8QmPiGZV9,-536547
155,422,2,4,1,9,773,1,1427,467145#DQWni3JfZ4ATZ4lVHefF65WLV87mn4ZN,291317.28,1076523.650,-956048.0,-466268,-1012188,1100206#DZJ0dBDqRZ3O,-646552.75,201846,1155109#B8RKSyiDm,501462.7,620359#9k865bCRd1Y7HkwzIbrXSCuvvco0VQduJwLIdaQwHaZ9nJxW8LvC117MwXMM8cstcF,562616
156,995,1,1,9,7,754,1,1682,618641#D3RBIou1WwZGYdHVV3OK3tGAJwKJXWwW,-1278478.1,1175765.730,1382544.0,-759067,-1112358,198110#1rzZMXR8enFj,297515.12,-71075,1158006#OySZcKILL,313846.0,257539#iNm0oQFzW5RWBsKVSl213jDLGDnR2sPznCGuuHfAlYlJqw8SLQbafZoyflvKHiST2m,-1055727
157,86,2,5,13,1,127,1,967,1127949#N2Gyxg5HGEE396Rv5Uopxw4mffOptBo6,-564946.6,1535555.150,607376.0,-376670,287193,1041875#eOJcUc9wk12c,678520.7,-376085,808714#3YxdGXsSd,-518184.34,24274#LbMx1OentpiwSKWPWQo4ZJsRQflRb506F43C2zdR9TkGHnjPFVPeUqMbbLfJ9HwZAP,3556
158,921,1,1,11,2,1117,1,2742,398602#NNNYSw7BQA4PW38dUPTYF2QVWZYIxfgy,-591972.7,1160603.840,-240400.0,-745427,-53463,892930#sSlWKqZpjrgG,1465538.8,-404422,600474#1BYgkxoFw,1522989.2,1138902#wWz6IthkBt3q6eoLJAux96hEvyCaawsbLME84wGm8rErIObpztW3NB9JRDw3TUWt2q,-364010
159,776,2,4,11,3,1657,1,927,1391102#OeKTjOJE8lWwZ64YuqcXf5KuUhEvdbs7,696067.2,131706.090,1423248.0,-483087,586095,1126129#PcRbqEJ1NL9j,-183809.42,-491932,398645#iXcCJ41T2,252056.81,649793#6RNnn3L5QDdMRu2vr5PJlIdFy6c0QXMYwF2xu3CeX7Q9PydraPjiqsVjilfJtGWnOt,718804
160,908,1,4,9,5,1238,1,2983,910155#clwcDblf9w6w0KAtXXONS4In6PlMKliB,1164504.2,1348046.090,-942656.0,-17061,745182,1456373#sWh7EI4GIAjP,968005.7,-80261,1010255#Cz2emFi1q,479309.44,611025#G4cPKovlx78sABzqp1JqyfKpHa3V02C5Pm6QKEkUaKJK5NYz5C7gBCHn1mjI9PVqtZ,519036
161,22,2,6,3,4,1644,1,214,500136#H7IS7UCszNPPUo5WWG5It7IQ95huJI7r,414484.66,727840.770,1516368.0,1090211,-475335,515928#Bfx9T93cJPHp,616101.6,-1584807,735071#VbwTNF5Nu,238263.44,582341#Th7PXpfPaQpR07IE6oT6cV1Xea9jTJmSIQ7CgmuOrVwT7s9W3IQ0CaMBXEnH69YTfY,-807074
162,119,1,3,4,6,1197,1,3000,908400#OlPn05OPsFSz2WL1fVpcPZyE3WKxPcTC,1513301.2,1461417.310,-401760.0,732778,1508887,528144#H88c7l9JMMr5,529234.5,-563384,904331#lwxlxQd9e,-1392726.1,269693#WymtbDoWjWiqixNOOargnOGrl38Al7089vR2zJwdniKH427k4ukzPfIuXqKrDvVMjE,-1007501
163,148,1,2,13,13,1285,1,2385,577290#dwVTsmxgaF3UVx3LKGgLsfmHlWOIykaC,1542749.9,-1118928.140,-1218704.0,1141499,1044874,339978#octdj9aPZlbJ,-1402179.8,768369,872510#vg32bQvYw,-188417.0,1071666#SLiOpPyGcjMzPYtvSPG5vLlhJbo7KHPY2q7Lm6j0kTd1AWMiJZNLWe37JxZhyVoxQM,-1267417
164,586,2,4,10,13,319,1,2426,38383#HiYBBpREJqHDcnX8xkTNExl7ZR76OHdZ,-1467770.5,918374.230,85600.0,1383619,-1334712,23214#OSQQTyQrSMzV,1243886.6,-1055123,699819#AcWB803oh,270616.7,1190782#HGHfwj71uD2s7mXeOczcKWgknPgxA9FJJqjbGhVOK14fZW3uM0ez4nSxaeVUziG9I6,1170212
165,23,1,7,2,5,1278,1,532,1343923#TQctvEaY5LTSUSWtNZgsG1uKGJg9FnRi,1550409.6,114768.300,1514112.0,30175,1578642,787982#L3hqXGPQ3HIj,-972592.56,91975,942241#dUdAqoew9,263810.25,1423693#WymtbDoWjWiqixNOOargnOGrl38Al7089vR2zJwdniKH427k4ukzPfIuXqKrDvVMjE,928747
166,171,2,2,13,5,1275,1,2516,501062#PkzXQllPOXzloYi1Jr1hQRVdqH4CUivg,-1083602.1,1434447.240,-1173504.0,-1637871,1533405,393040#eigRPqD5ey1S,1458593.2,-1526603,1110265#3NxoytQ0s,1663658.8,1452008#Fd871kOyiZiBNGge8BXr5TxN6Wub7Jovwe4JoX1PHpA9jRvzSwnEfiKFZGqsGEtr79,226076
167,510,2,4,8,1,99,1,3162,79025#Bq4qU5LX4PU9COwWZgWlLBmgmE7Hi5LS,-93585.64,-873915.710,-108816.0,-604480,35716,150778#hq6sUDaTDlLf,1038450.56,-1020702,644113#mnZgCCcWC,-192795.6,1441491#ttGPOrSENVmW9IyhoC4taVvT7UKKQ71208HcRzz6Tmyekw1jFEdC2mcRPBjITuktpI,917934
168,384,1,5,13,9,461,1,286,1684198#SIKrW3kXXU50aUlwOuLenfbt8fxwwlVb,1176697.8,-1015567.280,89776.0,1668174,-333781,1588934#bqymxUq82Jxd,949917.75,901569,1516316#8DrEzK2v4,160008.55,514603#HsM6qgIe34Ee9rBfDRU9AQPFg6qH8us3ksJscuULNJF1RMM2dfAUeBSEpS73hmcmcj,-614385
169,1000,2,1,6,10,935,1,3674,595935#rY6ZOvOK13Yf3Fpytp9Slbky4suja3y1,-1113189.5,696262.090,-506560.0,697542,29577,1122567#n1sCMBYWYVCm,-1398345.8,1678883,1473703#2Ak3F0byk,-691652.56,827237#iy4CcDX9miI6VCHewIBrqLGhZYmSsxuoE9ErOIfO1vXHAfgJa9TmAMGTXIhmcHL6in,1388397
170,635,2,2,6,5,892,1,429,981460#1vzvhYlcRQ5uDSd2vlBkTGcPU4WbzHPO,21409.58,1683494.110,1229776.0,-1479674,768530,105328#PS254NzsDdeF,1548661.6,1249408,648662#KQGmnRLzT,201997.36,613452#zS3avKo8fyi8fodhJwpuR5KKu6INJKjGEAWWWWoQVsxaMtZh2Ju1tuOG8WEBzAJGuI,-1700609
171,351,2,5,6,13,1184,1,1792,676644#4j9HCqDWtd8BRpP0ijZFiJW87rm8xwMe,-596049.3,132399.690,-155504.0,1642659,-1414482,860567#n1sCMBYWYVCm,1210467.2,-415122,1011282#efOcfSM0p,-674649.0,1260195#22vBiGM5Ca7XllK0jON0OmyQDNM8Dr2RFQbosGYLLCzZxpneOq0jS1YYOXsCVYbOWS,-1318949
172,1035,1,3,8,1,1740,1,3069,144417#D209sGL9chO3f25HLYSDdqKaX1MU0lTJ,1432987.8,-1412963.120,563664.0,-1112513,757941,1103451#8uSdQCmnbCvd,961044.25,-1062695,519936#4ZBy9e72N,-495890.03,515740#dnMnoBzKtKN7tc2rvzhcHwYSPWxddDXsuPQJhMlCmFU6twPKREBj3LiR5DLua5O1hZ,22377
173,1024,1,6,7,4,1367,1,2017,152606#NfkzWpvtDrZrGoPKaTtrY5kNYcFPzPmg,-763359.0,-723501.380,444064.0,-213269,34639,846074#dkUWiG4dwv1n,540411.1,1500510,1668700#FGr3LJhH5,949328.6,568469#Ck6kE1aoWhvwhSgDSxst0OewVYRrQ05yZe6i0LmBUQS8a6h3GS7He2hzR2vF9OlIRl,-1627133
174,118,1,6,7,10,682,1,923,837768#3m817R8pomRvBmUyxNYnuAEbt7Fr3PEj,-1708128.8,1362732.270,-766096.0,-168955,1007311,289615#vZM2IA0WsBdI,1650369.5,-1525792,871729#Qh1fAIzVn,-103525.25,31764#JGqf43zrPXkql9V8l0a8miG9fXGjzT9emmkLqZXPqJfnGf8vMAXQHDn89VzL9NTfgN,-514435
175,869,2,6,6,1,174,1,3674,1171405#bm3Qox8r3gHi0GZIvyOVygtAXkFU7cZY,1508262.0,1721317.910,-648096.0,639492,1137527,1507824#zlGxivRXoetE,1084002.9,935772,633890#qPEt2FKVB,1027771.6,132069#In5ya3K0SFUDf14dsADVcWkzmXeHMWp6cv9ViA4rVtSq1ckL7xXMQJlLXfN165NrrQ,-789563
176,1058,2,1,12,13,1587,1,3421,1370088#SbUe5ljydbn3hdGa2NZsNjNXlw9UrvpU,243675.75,996768.190,79824.0,135644,-796561,824646#WnPLJGE0djVl,-230037.8,1426399,280435#LNDncktvP,-624046.06,212325#g9m44UauPu9Tm5QOfGNPJ1c0scimv9vqWpgZZR12YM5wmoQBlLu3Tat3L3KuxwJfL7,-1211021
177,982,2,5,1,7,1715,1,1007,672449#lXrqxdJqaDnfUdNHeah6mirEAQORwcFv,1277875.4,221294.520,-972576.0,-176914,1283433,953169#YW4Z226ua2cl,-1090328.1,-1604363,1572648#otwWrRN2c,-718262.7,124544#GN44BVQf2XOwsOxKFHNCmvUCzGL6ISeyk12zPF3NfxNhwmNbIxySKhseL3QI4Sdua2,-826460
178,514,1,4,7,9,286,1,3508,1205396#isAMenROvaLu5vElhfsdeGi3caInp8nw,-851202.06,-1720930.040,-85072.0,1144240,-1152383,1519295#kLSpWBU3xhr7,-1578064.6,1465177,673537#K7oJAN31H,-683785.9,1110124#tbwWOJm3CD87K1lHIN6lAflyavZ94siB4mazrtureTdCNBoE6HQTvaMww7J0ccbrrl,1425855
179,514,1,2,9,11,490,1,3650,861300#CVrryl3228uxSouCBoVVce0rtPuPRvwO,-1232378.6,-1643485.530,1546480.0,1664629,1470411,1162965#bWpWBuVK4HQd,-618538.5,680590,1465787#LgwLGePcn,-936495.3,1635737#G9lrLAaVYlP52GX8XfTsSTpo18Ucabc5hBPveNzVyvTfCRK8CxmmVZjHWezVThv3js,-1486812
180,585,2,2,3,8,1689,1,3651,1244839#m3Zsek39UdB24GfWKvB3qG6JUUTLnq4D,-250475.77,286394.570,-234560.0,-1144038,-1642662,829490#aP9hug5xbXaP,663224.1,-1005030,96752#2zhp8IwGM,-1058619.8,256410#YthBtmU1mzxNZ9Nlvzv2SJYANn4uueQxUG7wv2ETLMGDgKCsyxVUPJyHv2ElySTVr2,845261
181,592,2,4,13,3,1769,1,1800,715840#hsGdCip5Q4dlDlO4XQgDSQym6FiMnwGN,1702290.8,-1758452.660,-326944.0,1073788,-1470430,1549762#oHgjApI2Pf9B,530663.6,1059613,503612#spYXj0thP,790402.94,380904#wNOm8PCl4U7lFrchnUwb2OePBmrBy7OV3sjXHfh1Zy7xIaoLSrjneLbbrvta9O4HQx,1605222
182,937,2,5,6,12,1771,1,1403,1123769#EkYfSvmie1Cc5Wr1c0CP3OcrIksLgIfE,-958310.0,-1092335.700,-1246752.0,-1295933,353993,1219575#uO0hq2WPnlWQ,1113422.1,-1257113,358779#FpzI7BlWT,1378331.8,445205#rE9r0tsUQU2h39qyjD8S98I7YhC1W6mSEufRXIiDyyAoc8143aC9GBWbLVlwREIAjq,-647359
183,99,1,1,10,2,1339,1,2522,1141936#mWgzjJ8nfbWNCqKyDp30uPir48TKjmAa,352472.28,87170.180,-449984.0,118122,-1297561,766641#oGD3mwvEOgs9,-1514762.8,-662148,1352940#BQ6BDNgHz,-1622827.5,1592575#OmzhvFgSa32pbmjPmQdBjrIhiA9ubrxpvCKbSl7LrjDfIHZ6cwwUbadH2dJflQ60g5,-167776
184,756,2,1,9,11,890,1,944,539315#cEZS3F86S2ypTo9Je5wSpfAeQusBgqKJ,-1620506.2,1258159.260,-463920.0,613700,818045,1140119#CLq7BjgTEaXF,-333442.0,-501851,1737452#omJS4B3Sw,-1070646.0,1012843#edcRFYg1foqe2cejkqi61aqXZmK0c8dXTjRNMOndURJ23hyEUFALjKy28xvX9Jcejl,-1112569
185,7,1,7,10,1,392,1,2319,1086858#TvAR03XHgNWvTEP0H41Jhx2BLqTbE9M6,-474733.9,-476768.300,-1201792.0,691101,-111449,219456#6qpJ5ELbHk5S,1066664.8,-1797220,1252151#44f2dZ84v,-1152844.6,617247#rPWGCwSoxauSPusE4Dqg2TXytxyDMRFkSn7vcdqW5xdtGHDbxXR5qDV1cIMQzhGFVN,408256
186,660,1,5,6,7,1740,1,3072,477752#ZBZzxFELCgVtxxCQ7lAylGGJQhmh8crb,1480205.6,1036541.680,737456.0,983800,1349618,177317#GgKST6uN5VDr,-564330.0,-1757803,1557768#1O9U24BXm,-243919.05,1274872#PHnYzx95peKoeKfQ7qPQzKOdBLsgeiOOLf3HjRxWxdCLqrDcZknJ3PoOpPMNSnCPNX,1675898
187,506,1,4,2,5,1059,1,1472,255784#brS10Lv7LIhM3afiJ2EubJ2ssAY9IEhb,-375231.97,1610074.880,1550896.0,-780866,1046308,352417#OT6zIljk6k5o,1345501.6,1739090,307752#2zhp8IwGM,460132.8,991223#opkmTqGNUGloFlKh5GCCA211eh9jxbIgbKJ5aP8qlLompT9Hw7YVhaH6BV0kq33cyb,-1732561
188,862,1,1,1,1,1108,1,720,919751#MLuZeWeWgH6L7gbR9HjD04lZRFKC7Wht,-665612.44,-387648.700,424704.0,-278496,-1586203,1550965#bWpWBuVK4HQd,293077.72,-122511,1464646#pPwIJkBNf,952579.06,1067288#AjOtyyavzQQd5jzujg0iONIzeihUKqwwOXA1by4DZXvzz9VkAGiiJR2II6Ub11Bp7f,1827782
189,311,2,7,9,5,100,1,730,441893#0eS4JguyBfj300FnXkB7VZ8V3nmzMYTZ,-1155743.5,-1649106.730,1252224.0,1674252,1346914,1421678#oCrgZlBJHJ03,602430.7,1682259,474950#8uXg2C2JL,-1629309.9,641312#JXqu2ZuGkD2aexL6Xp3N5fNSWZntayRk4TF39oK6rTdSCebvSnoueUjwD5Myz3ebXA,32581
190,1015,1,6,2,8,631,1,1254,1227080#GWU6zbkECVm4rw9krI6a6DiyWiMsRjEa,1536432.4,332371.900,554256.0,-1826371,-567804,986892#XPlX2FuvBo6d,-1561690.0,-819867,436113#mnZgCCcWC,-1430290.8,1166106#tLHnOLUlSmDj6D2emt4z8U5Hl1jZ2nw5lcUnyygomR5dB1X3dEBUFZJ4GepOzlSuj9,348961
191,684,1,5,7,4,938,1,820,1182666#8vX2UEZs0CDCfFqNVr5hOUDe0sDfQR5p,-596233.0,-546595.990,-78116.0,1321179,789084,1192529#VF5KA78YUOZx,804391.06,836316,444118#Pb5E2E7D7,1005898.5,441195#22vBiGM5Ca7XllK0jON0OmyQDNM8Dr2RFQbosGYLLCzZxpneOq0jS1YYOXsCVYbOWS,1631573
192,682,2,7,10,11,1757,1,3495,1776336#bwrxOBOzhdroPXCh4G4W57ZmUtzEUv5w,386430.3,1648509.920,1058320.0,300965,1593881,55943#cB3B8QI3IGfg,-1734697.5,-1772336,156176#4CogemyYk,697669.25,166406#7A4NxLHzr2roq4Wto7Bt8LXVslTTBSjhxcRiFmNxWtn8hiEuz7gcz9u4PHHj4HNBKG,-1067845
193,315,1,1,9,8,1159,1,1386,590604#lwHTksaMiorHJYvu2HTfgYR6b4tVrunK,-532873.4,-197987.690,-375424.0,5813,-539159,386233#QWP8htIXGuyQ,1281066.2,1483946,247176#4CogemyYk,-914409.9,1925290#Pd49pkGYHeYe8zmhSnoezoaWe5Xi5Bx1kRr2RmjpOkPF6yYgxrTbLHynydxa3vVMnR,-289875
194,294,1,2,7,5,1464,1,3604,1181731#jNyxodZHE4GS2NqPhM2qWCVr3mUP9wd7,-1631379.0,1895617.980,1768912.0,-564215,754101,368819#hrST4cTZZJvo,1421694.6,1843013,1801601#8zVUu0dH0,388901.84,878498#4B3TuwZCaGN2uImpKeUQPr8H9iPWRW6IiCUqxLkYClqhefAdesaK2Hb0zr6wQnW9Ry,-1487043
195,7,1,4,7,7,839,1,588,923977#ZnMXQQshASvcpawGpV8qwehYCziTM9TA,133190.5,1524959.450,257904.0,-662719,-435899,1797600#w7gMVT59Blfd,-1747822.6,491577,991083#TBFIhlUMj,1424809.4,1750354#ggv23HaINPBTIdgQTu8RkUljN6v3QQ8urZvDr55CC11AvRahnE3rHsXHQfFO46UFfz,320639
196,297,2,3,11,1,193,1,2786,93924#rGCv70LDGMkz0GqohOSzTosLWVt4QpCh,-1764453.5,-1817708.590,-33040.0,-193196,1319059,1619037#Xpg6HhLlgeka,-477897.78,1257373,1321936#4ZBy9e72N,-515402.8,1054545#4Mb9JOl2dl334J5DqfD5f4nNHuboLkq0fKT5YlVxaYNMy9syGu92Lk1Ztmofi9gFiV,1498366
197,1034,1,3,9,10,35,1,1881,428167#4vBsHUppuZNrAyPQKP7LWNTmYgrurxDQ,-1801759.4,-1003681.590,1420688.0,-80307,-1517421,411224#ZITVJTuXDAcZ,-1253504.2,-1815946,1423384#R3iE26tMX,484775.12,198408#FilC7lHHDK0FfyhdfYh4cfmyrOsw2KvAJ7V0IS7WIlui7VEjwaug8oUizRW2VX3DtJ,166575
198,1033,1,4,7,10,136,1,1023,855104#tRSeTOShxXlSJa33LfUd8XpvXwldfe1y,-636989.1,-240477.110,523136.0,-1783304,-1983271,1309295#kLSpWBU3xhr7,-1576596.1,458447,1218691#b8FkqEx03,1654738.2,934516#rgsGypfgfb9qcV2TT0TXtCduQRuX22AUTrLMovzxkOfyePmIqrYpVlsObGy6FRMWes,557824
199,195,1,1,4,9,1770,1,3213,526086#5tonS0fakg0Pcc8eryEyy8xP8doj1ajf,933310.8,259560.110,1039328.0,1527270,-767923,254964#NIaCt4vDUJ2f,41842.65,-1988618,1364639#u8Bsw3L0U,-1028960.4,692459#rYbXX8jsZwJk4Q0DGgiF8YH7xevqCTO0kyYqs38Efs3DkM6G2O6vPcbZSkxtef2p9O,-69157
200,381,2,2,5,10,497,1,108,1068138#xhoFIx1Ft2MrxI5yC7yMVnOFW9FlLkBe,-1211884.2,-929550.740,-922112.0,345204,-915512,1531765#NkdVmoTVwgJE,1632009.6,-1993475,1135890#qPEt2FKVB,-1860294.1,760630#6McwuocPQUpBNqssDv2CBnb0exhZ8ZIYsWFNjZQ0Pm06bxWVjJSxu6HMEXQpRPwcZS,1019610
201,734,2,7,11,6,1517,1,1972,2001522#xvGDzXgXxo1mlxdLUHdur488nItrT0FF,676166.94,1245386.540,-174400.0,106922,-1921659,1530929#OD340L9bwf8e,1881368.8,-383513,494843#ldRKkQaGW,58935.96,1493465#sZ75HDhaDVqrqBpkFygWbPcIhYLgEKsRkovSNCMihfAAFY09yuFAw5Yvl8E2i1jmbQ,1055653
202,498,1,5,6,1,1372,1,2844,2012393#NKoHzXYGeMqeHnujdCxNumRRhkTK9SQw,-1641253.9,1894972.380,-116368.0,116389,-1404447,250851#uEAmPWKpIcbz,313509.28,378602,1209207#UvUDUYNB3,-1014124.5,1594392#5hGASrcnQgkmIyOHEBlx7BKsABtIZATC0E9Cd7wUQ5CowuUz8wMCXLGcvcHNrw46dh,-1797813
203,35,1,1,11,9,534,1,843,1752805#wjpQq53lQA3pITuc0fT44uXPpeSCM0D3,1909771.8,287769.250,308664.0,-1883165,-1611106,1658426#8paCrfmldBlF,867418.56,1841556,1141213#49DuvThxX,1331008.9,1527791#D57MkAZ6EjjbG8p718l5jNW5FMd9PK9eSvsx1lRQ0vAALJUNfCLWI3SMCwPgE6yarV,616203
204,265,2,4,8,9,781,1,1580,146826#nI7qhAv3cQ9zMdnlWhtH41kwBUKUFxLI,-1121617.9,1739603.440,69904.0,-811942,1911580,1666180#r5zOBi7GoeFB,-1631141.2,-879591,742147#rUVXc4Hia,-628962.1,926585#dL0EvcHUKUvxZfBH6wDcbRsMcW5HV10jUxPmq6KeCxThj564Z2Cg2jZwYju2z0SaMi,-712786
205,927,2,6,11,10,285,1,522,616274#0oUVd6G9j0snfoqHSjyIwnsh2K8unBEU,384117.28,1424023.150,-1264848.0,-618949,-1335638,1454190#tv7lOUq6MAkF,-856152.75,265970,1526233#L1O0I6Myr,660662.7,817386#UWrBQs8kfi1kHyWejXuaryqPELzs4EB1HwrDPZ66V83P8rqAJ6boCuh9wYpWTV9PYG,743370
206,880,2,4,8,4,604,1,2159,816279#5k8XKwWHuqgOqnFX77TToduLrHxvIRPV,-1691278.1,1551460.730,1827344.0,-999417,-1467883,260097#MIh9tGdabrYv,394315.12,-91569,1529045#1QdPHgEQj,417046.0,338671#4OvUkPvDfAQHH7LqSAtdpaomGwyz593aP3kEsWeufkeUt1Qb54OSWVUn4BeUJD8whK,-1393236
207,666,2,1,4,10,227,1,447,1486782#mtYMXkTeGZwUwBBL05r3AXw2lT9NTBeQ,-741746.6,2023852.650,803376.0,-499445,379155,1373268#H9rHKxAXoDIe,892920.7,-496786,1063226#UE3lL5pI9,-684584.4,29419#j17VItXo9eX9LVu9g1E1ZRU8dMWrM0EOfVNqTcJwabST1z44Aws6ShzUD9HJW7iSXQ,4644
208,621,1,7,2,9,542,1,2167,523365#W0jGF69UsTEMlKURZI2q1SYf3EsQen9X,-782372.7,1530750.340,-315600.0,-982108,-69738,1173636#yY1cohVpKVD9,1929538.8,-532129,789370#3LtdxGtsQ,2004589.2,1496365#IwhpFjYlOqwX3xlZ4ffHsSiPj9qQpTqdCgFKu8fTokuiIL9FSTmgfXvt3pbWLCgB0t,-476358
209,84,1,1,8,7,157,1,2727,1826351#C4kTjN5Qrqxx9JNHobftyzo1V8Mrs5OS,916067.2,172629.590,1868048.0,-633093,771845,1478998#VFRllKu1EQAX,-240609.42,-644263,522168#OmhS43Ebd,332856.8,851417#wFEipmuHaL5rMF5Yxf5R42pevYbDqzG5uqTCKFNO4x86FKDKdqTqfhgDOJ6XUHdW4o,943870
210,543,1,3,13,6,913,1,1793,1191498#tyE16jQhzayb9lhfNz1CIXJGCcqPeIIS,1526904.2,1771067.090,-1239056.0,-20311,978432,1911044#CAz3cGZvOXs2,1268005.8,-107336,1325447#GPvdxlYps,629709.44,799235#v22ZkirobehDUI1PDvXXz3YnYVeuLyLM6Uj5Imkmuzb6vBrlJqtVvUtZTiO1JLXlaG,680944
211,542,2,3,6,8,1569,1,3524,652380#mIisUX9KgRO9RfqFi5kJn0MkinkdU1WY,543284.7,952286.770,1987568.0,1427973,-623285,675697#gqzfabqVLJSm,808101.6,-2079036,962238#0EukZsxW5,311063.44,763033#sm7YSnErHNw59JVHuSfsLBcHnCB38ykP4N8Dx80cotXSVriMc8MwxMzTy8RvCZ4n5v,-1054637
212,101,2,6,6,3,403,1,680,1187414#WyxLp6h7J3GGtcVfH2kA9hnDXvJDo2ZR,1980501.2,1912357.310,-525760.0,961453,1975621,690397#teTJrgIMxqrF,695634.5,-738812,1182610#WqIC97fwH,-1825526.1,351131#wM0uDJO2t0wclU7M6yjgDWpXaHYs6RUm4QIE1yfXqds6EMghdHKeovJS9daDtjKeeU,-1319358
213,198,1,6,9,8,1597,1,1955,752701#RXT0uceouV4M6DJvT4Ud03ZNTa1KBcz3,2014749.9,-1462296.640,-1593104.0,1492404,1363349,443769#IlmU5P1ZU6rj,-1830179.8,1005299,1138781#cPYxIbYEF,-244417.0,1398621#ICSTv6IjOODEH7AQVMqCwHBPrybYm6AK8TnVx3piKHQAxxSlZ5H8yNlWqtdFHD8CoI,-1653494
214,278,2,2,13,4,7,1,931,49369#bRb8slQvWGpDi76wXn6iYqJPfonBXlyp,-1915770.5,1196768.730,113600.0,1805881,-1743612,29059#avPCbvOA3Wv2,1620686.6,-1377939,913148#kdpOnrSgD,353816.7,1552907#oSLarA1tzMxzQdAC2B8zT0cC0l8z1hvQWmESOAUKA9sHmavzANPJmNBklLJCM6Krde,1525076
215,158,2,6,5,9,591,1,1862,1749594#oQ9mnsb1YfejFdEsjxEzz6LdM4CtOTZ3,2020009.6,149387.800,1970912.0,42050,2057099,1025228#YVGgL2RfXGSa,-1268592.5,122266,1225477#Nvfr3OYRJ,343010.25,1853035#mHcifGZJHI4NrL4sUBnDeyURBBZtEU9MG5WubWr17pLBdCq1OueD4mFxpsXXv5K8VG,1208941
216,21,1,3,10,1,525,1,2801,651946#MBnQKBdBlvxe1toGrZfW3UJeWpYrg2kT,-1410802.1,1868086.240,-1528704.0,-2131196,1996242,509114#YSHT1dm9syPJ,1895393.2,-1984441,1442172#5Agu9QfrC,2162858.8,1886406#7A4NxLHzr2roq4Wto7Bt8LXVslTTBSjhxcRiFmNxWtn8hiEuz7gcz9u4PHHj4HNBKG,295566
217,30,1,6,10,13,1387,1,2423,102152#rUrEvLvfLcuprWO3WFEWRuGn7icJ0ILi,-121585.64,-1135845.710,-138416.0,-782480,48366,194170#YRQNzEh7a4sx,1352050.5,-1325595,835202#RJmKbpBno,-252795.6,1871557#vEjUaIWGvvtffopdLkWH5HDOp9rhsRTI3KH0Y92vbWhJHklAovF92BtPS1XVATOKWe,1190957
218,489,2,1,5,11,1742,1,228,2183972#NrnNhw6AmLs5Qx6UmYdsWziO8UpgxEVd,1527097.8,-1315132.280,113776.0,2166949,-434224,2059645#qoYUh0binadQ,1230717.8,1166977,1965967#Ad7VfUqAt,210408.55,666092#j8WvfNeIbFyxGWfzWNPhsNPPREaEoyZTEA2XhSSCMKFypTOAg5u9LeyzWxJOOA8Z2d,-794596
219,740,2,2,9,6,885,1,729,769534#iSnAuRnlaJGQAZLnQAYhXPXqjzaHYRsV,-1443589.5,905058.590,-659360.0,901681,41246,1453433#iHe2ArUHHPf5,-1809545.8,2174173,1909017#8Gukw5kPr,-898052.56,1071706#4zegIAzI0sSMzX0Wg6Q05uR0h0gJsVbmy8lpxc2uKM7YjjbybWrwsc9gvmxhRUFlRC,1797159
220,770,1,2,6,7,1492,1,2559,1267401#c1ZseczEXpO5jhwTz4ja673W8yI49mFu,27009.58,2179729.110,1593776.0,-1915212,993455,135569#RwH4Ebu0fCCD,2005461.6,1619112,838508#dFZbmpEQE,262797.38,793713#7QfxqATKuDP4aNNSCgAj6YxGtODBi0ZvqPwrPHsCSRAZ21pbvnzwPHoR8pAKwBy3db,-2199046
221,794,2,2,3,9,809,1,1332,873649#1lrWG6yJRLG6oTaHqUclThI4Ep2RA4UZ,-768049.3,171310.190,-199504.0,2120759,-1827432,1109671#KjRVayZIlxoQ,1564867.2,-536404,1305617#qC6oAWzXU,-869049.0,1626582#u6KHt24yiIeNtd9E0K5eL00yMDAMWAKXQGXdSka9Zk9MsA6RZ5wqeZCGjRcfMiBbHj,-1701975
222,690,2,1,9,4,228,1,1069,185614#8qmJErrZiXFy8Pee163M6Utcwitk3DHV,1848187.8,-1822470.620,729264.0,-1433338,977991,1422182#cVMZygFcYuts,1241044.2,-1369099,668612#spYXj0thP,-639090.06,665398#lMc300hxIUWQDfaLjYRhjcawIziA3qMireySMXUP7rn0mB8PLSGweUZyMRcQyYYxzf,26267
223,852,2,7,4,8,592,1,1302,195310#OZje2lkMGxCV62MNGYcixbebHFJuAUbN,-982559.0,-934478.880,570464.0,-275494,42114,1088233#QWP8htIXGuyQ,697211.1,1933810,2149151#44f2dZ84v,1224528.6,731702#ECujEuEo2F6hjPwMy8ZqUqUr4ClX67FXYHIYmTat5oWxHmkiSy2YbInh8dLPeQG9Sc,-2098904
224,312,1,5,12,11,1182,1,2038,1076706#8NTUqJJX48PpPVs1GHE7MsshZhUIcidz,-2199328.8,1754409.770,-986096.0,-216805,1295561,372821#BGfH6PtmteuP,2127169.5,-1965831,1120025#Ec3zCG6i8,-133925.25,40808#szugp2Z7y9cZDKIchruBCk5dZDpvOpYYN1ZN71AwbUcomMUFK5U0vyKrk5E1xmdyhe,-659710
225,639,1,5,8,11,399,1,3664,1504830#v5uG0DPV13Fcw77efbmRKfh8UoLy5RbM,1937862.0,2212161.910,-832096.0,823292,1465070,1936040#eigRPqD5ey1S,1391202.9,1205164,812902#lrJWVaO49,1322171.6,169791#D57MkAZ6EjjbG8p718l5jNW5FMd9PK9eSvsx1lRQ0vAALJUNfCLWI3SMCwPgE6yarV,-1012595
226,1033,1,4,9,2,1725,1,168,1757753#QD4ubmI2WJYtScnoWKm6JiN718fLOuWA,312475.75,1282652.690,99824.0,176814,-1024392,1058352#5xZHTiHM4Vor,-294837.8,1832003,359992#WA4oubPrt,-802446.06,270432#a9QNHTwLwqDN3e3H4T3uPYjW8d578oDwVOvHPW6YQpvAYP0ViFn7KPtblLn2f6Ry7X,-1552652
227,152,2,1,12,1,1265,1,1432,860065#hfpOQLt2nIEDYzHug1sL4Lyq2oUc2QQB,1640275.4,281556.020,-1248576.0,-227760,1646225,1221788#Ykc5flbuD0Il,-1399928.1,-2060378,2016521#DMSeRtWyW,-922262.7,158622#e9MVZ3IF4i4x1DqsqKh50VYIwM9gT1NQHuI9Uv3IW7KmMohBOok6tolhXO7x7qhm81,-1059515
228,414,1,7,1,3,674,1,2456,1543209#8H6bTPeS6BNJHQz35Xvgdr96Cjt3em2V,-1090402.1,-2204179.540,-111472.0,1468103,-1477083,1944543#Kj4RPtNfRtNR,-2019664.6,1877100,861418#BMvaYnRUe,-878185.9,1420665#FDszeHY1TqumWmSBbWhA21b6jJUIawnkYw1iSoNT5tu1Xwu1kKWuo5u5k9UnyfydP6,1827877
229,613,1,2,10,13,921,1,3235,1099387#Mj8tOlA2dGWzeWxfAm921GNJBxwZ9BGw,-1576378.6,-2103320.030,1977680.0,2127129,1880161,1486951#ci1BiGIaYTGu,-791338.5,871986,1872920#qWKTURuvp,-1198095.4,2090841#HcCsZ6K5Jsnip1VM1d1jsKeiROILWj553nFoJxOS6rRLcEjfm3uqUJhAt4I1RzY86n,-1899518
230,158,2,5,7,1,1289,1,2527,1590193#xMyaXMER8XNN5zmXbeaeizWmz05TxzLu,-322475.75,364262.570,-300960.0,-1463288,-2097737,1057430#Fe0Q2yBCfgoi,848024.1,-1286662,121857#S1ohE1Y52,-1350619.8,326152#KL3IoqrDDInr88keu7sG7mCTWd4K9r1zgX8GAM2ZzspplzkT7GS5SeBGDhZ3soHbJS,1077433
231,842,1,1,12,12,1319,1,1705,912671#LiYCsMIYNbplPfjBreHMiNGlrA56veyf,2171890.8,-2244583.660,-417344.0,1370644,-1874380,1975654#whjZiEHMfUtL,679463.6,1351258,642642#h5kf7eBkN,1008802.94,484875#sj19pz5yIeIfFejhT6I73VDNtqWsjoITp0BdXNh52ViPTiVczQfbA2AmOK4y8wBcEE,2049289
232,417,2,7,6,1,471,1,2423,1429860#fzhzjkizo5jAsbL9kF5PZscjmBn4baBC,-1223910.0,-1394392.200,-1587552.0,-1650358,450818,1551964#NIaCt4vDUJ2f,1417422.1,-1604805,455980#g0p0K6NSh,1756731.8,565523#SVGwACfNYkJhRYQbkh4OTwMNDQvNSw9YKSqd5zgxnOvJogYbZ58xNRvIEr3oW9n300,-823594
233,524,1,2,12,4,464,1,1379,1453737#5WvFNmxx606aZs4jzotnqEHlRv4b7HGt,450872.28,113027.680,-575584.0,147922,-1649861,974215#ufSPYcrhAYbz,-1930762.8,-843683,1720769#vWdvSFqiH,-2065227.5,2025930#fWxKTq1lKM9pY42G6uAHSmKLoBqAmuwaviQxwaIVHlzrIzQgqy29WMRFei7ukcsBSa,-214035
234,178,1,1,4,2,715,1,3234,685526#IhYii0TY6Guwhwz7vYGdER2JYGWD0Hh2,-2058906.2,1599939.260,-589520.0,777788,1038420,1447626#Dd92qX6kfJtk,-425442.0,-635565,2207800#uNL5F9gC0,-1360246.0,1287971#dUbIY3AsFoDfK9TBZvJGTZ5pSj7Jt5cnMZfRfDwc7OEH58LB7TJpXkUz76Nw4mB3KS,-1413611
235,797,1,3,13,5,1251,1,2602,1379969#r8Eu1KNg3Lk1Mi2cTNRE1csF6CZCOgM9,-601133.9,-607147.300,-1524192.0,877201,-143124,277268#H9rHKxAXoDIe,1357064.8,-2281603,1588693#t3GOhKpWY,-1463244.6,782902#wWz6IthkBt3q6eoLJAux96hEvyCaawsbLME84wGm8rErIObpztW3NB9JRDw3TUWt2q,519195
236,925,1,1,13,12,465,1,95,605150#4X2HAZ89PEFTlGt5ykL401NJhe1GZa1a,1877805.6,1312752.680,937456.0,1247150,1712993,222400#tnn3nYe8tJ5H,-716330.0,-2230430,1974358#DHDwgKOwj,-307119.03,1616421#QpEfVK0u25HZ3FTCF0eJWdrol2lafoAC6jZjf5AEsmxzOrzxa79cAaIk2uGgHH5XZf,2125603
237,376,1,3,1,12,384,1,1542,323774#nmllgUazaqXWTINFF32fK56L1h4imGn4,-473631.97,2038523.380,1966896.0,-987303,1328083,445016#Ll1lUjjgnCyl,1706301.6,2201481,388243#WCOTNGUfK,582532.8,1254531#0H4Lo3VhdyVm0oPiMPHXYIUvoyeu5UpiwqlqZgL0FisqysZL2A2cwkMnebjWNPwGRC,-2194099
238,814,1,2,2,3,333,1,130,1162568#DyC4oJkasfSf8hdiFOb2st5Qw9bBG8tj,-840812.44,-488377.200,537304.0,-354221,-2007753,1961624#TWNVJ6Ar1UHP,369077.72,-156984,1853776#P6AaJILrp,1203779.0,1350387#6xZSWyUVwLY3nfER0PAR8OiQx2TgMtKqvtBc2RH0KMehKSW57pgJUEO6ohddnjLkpR,2312474
239,506,1,7,6,10,562,1,3567,556450#PzxLzOFCHc2t4yfwzx6nqRkvgZfwM1N3,-1463743.5,-2084376.730,1582624.0,2117252,1704139,1797672#VrIcyGOVL42K,760030.7,2126555,598240#xA6jA4WKH,-2062909.9,809037#vfFJsr4SqGnnbC4kE5CXp49XINDbWu4uU02HVPlOBbmVqApLDkEo9xp8xNkYbtJ9V2,42390
240,1047,2,5,1,3,1543,1,2641,1547957#ipuoGbKUAen5bcNZKWJ6qnYRV19AxydW,1942032.4,419484.400,700656.0,-2307846,-718504,1244878#zMKEpRdB6sLQ,-1972890.0,-1033512,549073#8I5T3eUu9,-1807090.8,1471470#PCgKW3TbBbMyEVZDpOahggy2hsBgSGglBN0uc3wvlOoDra3mudmpTYqrHpJlqDXhCn,439733
241,1020,2,6,8,5,1300,1,1800,1491208#hQCQCHEYLYvdjBsaBXRkv5VIahIp2W8l,-754633.0,-690221.990,-97116.0,1668429,997159,1503485#smeN6ixSSjEK,1014791.06,1054475,559622#B5FhO5Xfp,1269898.5,554745#ejph1grf60V9ufI09mnNWdzpGIF2Jlp8Nawedvyq1oq0znaJi45uj88IMabutPqEWp,2060348
242,79,2,7,6,13,932,1,3895,2237694#At67CUDCO44FQ8b8tkGowK8RTCfUemKI,487230.3,2078576.420,1331520.0,380627,2008875,68854#YQwbLyaLbVnd,-2186697.5,-2231425,196590#dqd2oWCSo,877669.25,207526#hDY7WYZkBgwuGMulviEbW4Xwxv8FOtK3UvNMXhNloW9z5zkfm8oWoYyzYob0Nnhj9X,-1343401
243,332,1,7,11,2,159,1,1876,741118#gii2Ts59t013s7sSnRLWw65Dt8ltDn5g,-670473.4,-250623.690,-474624.0,6338,-681021,485862#A2qbBX5M8eyC,1610666.2,1870648,308624#Uro6PhKyL,-1152009.9,2422909#nYszn0FnfMJD38bjXGFPRz2S4OPDbTLCF07Vx4hBCtcCPqwrkoGR1iOOkEZUhlKNE9,-366424
244,1034,2,7,3,1,289,1,3614,1484261#jnwbpPc8SUuB8EOubg3gFHk2puHHSdxU,-2051379.0,2382735.480,2224112.0,-710396,946101,463608#056sVV9e4PRj,1788894.6,2319514,2264307#NsTbaoF3Y,490501.84,1103753#nsFQ74y7FGTMLFPaThSO6CT417EMJSbw2Aic8pVKRlo4oay1GxErqmQaJBCw1DTbgE,-1868197
245,67,1,6,5,6,239,1,3103,1160056#wzaYdLBjgDr3imGgXYiZzRSpljVPcJbE,169190.5,1914163.450,325104.0,-832844,-549474,2258190#tv7lOUq6MAkF,-2195822.5,615539,1243202#RJmKbpBno,1791209.4,2196708#AF1XlzHyoEIkIqW8MqmV9qtrZbGBfm5SRoyPEAlhbO3VoYn6oBvcff6Otrbddfjdz9,402068
246,357,1,3,3,6,581,1,1886,117312#HJj7BqGYkCcd4DiXq6qLFnORXM5PRfaL,-2214853.5,-2282692.590,-39440.0,-242483,1653909,2031178#CM32zl211Hfu,-597897.8,1577679,1657135#ywAQi7mJg,-647402.8,1323435#PGVYsFdrOGU8VSUVJmxQsuawBvK26M347vTgzYswqvDH1h6NMzJ7H7xT6Iwi5PBuF4,1878055
247,102,2,2,10,9,1760,1,3701,534965#v4phzFP5dQykZ1QIcuYSaHkYrg7ljm96,-2256959.2,-1258287.090,1782288.0,-99907,-1901146,513451#8uSdQCmnbCvd,-1571104.2,-2277147,1782658#q0QxsbMUc,608775.1,247454#0GzHsDvQ93qayz15Ipe4TJlwQQlra3lt6XGXbOLXtPQYZV3WVxgN7ruLFDUSKOQsox,206904
248,784,2,4,11,5,23,1,2538,1069518#n9AzJgtD73B6tzl49Uc5jSv6Rw5a6PKL,-795389.1,-300570.110,653536.0,-2232173,-2482471,1639451#8uSdQCmnbCvd,-1975796.1,576418,1524280#4DMTQRNip,2070738.2,1168843#edcRFYg1foqe2cejkqi61aqXZmK0c8dXTjRNMOndURJ23hyEUFALjKy28xvX9Jcejl,697913
249,605,1,7,11,3,520,1,433,656638#DLp9ROeS4wL7B2x9yUmVeAM2gqxXUA4w,1166110.8,326451.610,1302528.0,1912733,-959473,318593#oKb8EuIKcUvq,52242.65,-2485960,1707460#MhBfP1Tef,-1285760.4,866334#ICcFyTItw82p4kigUBSDVepnNPV81nuhdq2CDDsVvpicu84ipzeeXzfmN8yte00S3g,-88061
250,399,2,6,1,12,1772,1,3721,1334071#WQPR1VpN1u43ANQSpgc1Uq0dwfYgNJoW,-1516684.2,-1161403.740,-1150912.0,431979,-1146875,1912307#n6P6EdgzNIW4,2041609.6,-2491352,1418557#Qdkyps88T,-2323494.0,950505#G82lgcAE75yoIByauUURb0jcr35XxS5JhmqcqrflA6AFfFPCQl1i9FSCv0Jhednyg4,1272590
251,559,1,2,3,4,1217,1,2950,2498325#NiVVAWaVGEE6fhnLlVOuTiJXXjOkKbLM,842566.94,1553556.040,-216000.0,132310,-2401273,1911299#oMLGRCzEaXyp,2351768.8,-476742,615721#oy4fwzP75,72535.96,1864608#jlQmAAiKdPWDsQrd2xlUJ52YcvxnvLRDJz36750kUi644aeQzB3m9W5FzVPk90VJGl,1320370
252,765,1,2,4,8,1234,1,3029,2509119#rMJrKltHMaiQGAuzjbzCpwRX647uxwfl,-2046853.9,2365101.380,-144368.0,143889,-1750797,312394#z7wPJIkmUuxd,389509.28,474653,1506075#hoJqF7jIr,-1264524.5,1987841#HcCsZ6K5Jsnip1VM1d1jsKeiROILWj553nFoJxOS6rRLcEjfm3uqUJhAt4I1RzY86n,-2243217
253,1030,2,7,8,11,277,1,43,2182514#CFYxnHpVGU4aBeygI69PFhfgk8zehXIC,2382571.8,356760.750,384264.0,-2348203,-2006881,2066035#ZjeWrp5xkhkT,1081018.5,2292800,1422079#4L7SXRuZc,1659808.9,1903849#3C3yRFZXRXNvbXCFXuCD8V9aP26gAlCCUUBLtAsp4kf2Dx21a2BWKWFropASx19fXV,766660
254,630,1,6,4,4,981,1,870,180648#wwFkOaE14J1N5DFMAKuiPo5fX9Tr48bl,-1398417.9,2165740.440,88304.0,-1008851,2381155,2073327#mnHzzqcxSIIP,-2030341.2,-1096886,921966#Bi2AjlMrQ,-780962.1,1152571#gjPvx08zrZutFY2Y2C7X8N9QyDSLLsujORgu1uHIvOM1BiHtQhQzkSukhczT4zVeaB,-889024
255,372,2,1,9,11,1573,1,3582,765403#JNRCmgP0WxeR2G7yRH9mCBhLKQ0b73ni,476917.28,1771522.650,-1573648.0,-771630,-1659088,1808174#mzWzLTvKebUD,-1065752.8,330094,1897358#DHDwgKOwj,819862.7,1014412#dvtttemdp7b7ZFBOPo7T7mxeJuIMFmJ4Tc2LXdb4bsAod2apPuxoRk57U8wFljeggw,924124
256,765,1,6,7,1,454,1,2637,1013916#Cf4zi5nBtO8P5rPFpnSNYFkUAbvVlGMo,-2104078.2,1927155.730,2272144.0,-1239767,-1823408,322083#te5lgyuagqHD,491115.12,-112063,1900084#mBSFR19nH,520246.0,419803#GUYaeK2Kh5wESCDVh1GhCtSf5qFiOIqQJTgim0KhmoEmm3xNZ0blpk8bqW4Vh1ddQO,-1730745
257,186,1,3,7,6,327,1,3892,1845615#3dPqNAVDfF1bDcuE8EGmTKU4dhtZdFKf,-918546.6,2512150.150,999376.0,-622220,471118,1704662#qISGEtdibzli,1107320.6,-617487,1317737#GVu3IWaHS,-850984.4,34563#6Ze7VFL5MJKNU1uUUgTy0qwIrpItRrjcyqv3ba9LoZdKfqrChLkgPsKtlTHC7HH3gJ,5731
258,321,1,6,6,4,1742,1,1592,648128#aAXO2QLOJuIQhXEUTnsjtiK13TJLtAv4,-972772.7,1900896.840,-390800.0,-1218789,-86013,1454342#Nte4R7fALLSl,2393538.8,-659836,978265#3NxoytQ0s,2486189.2,1853827#7WzfNfCAmUQKX7pw3kooCaITkrOxXe2ujSrbxQGsOr9xCtg6n14TLxuURc0IV5YCXC,-588706
259,451,2,4,5,11,432,1,562,2261600#5nDy8z4woYBidY9ly3eGB862Jmlur1qc,1136067.1,213553.090,2312848.0,-783099,957595,1831867#2gE3hT5MEtLV,-297409.4,-796594,645690#bICoOujMl,413656.8,1053040#CU3HyGFwvz1Fl4g3Y5eavYkCbT1DwNTcluKKfm30irfmmqdkngymGz1bLZeBZeVWeP,1168935
260,178,1,2,4,7,588,1,603,1472842#1EE0Tf3PYgFu3SxYGgZ0qeKMBexSOHn5,1889304.2,2194088.090,-1535456.0,-23561,1211682,2365715#OF3BgpYXFZmi,1568005.8,-134412,1640639#u8Bsw3L0U,780109.44,987445#uQMhV34hpoHVSB8yky2cISnsX85dYulUUXyUEqZAC6Xqin4BD3VAxfYHy8JtuCShZs,842852
261,2,2,1,9,12,1494,1,2869,804623#BUkzZUDZdNcNmttvncScPr9uGVvkoN7X,672084.7,1176732.770,2458768.0,1765736,-771235,835466#43ceTJutz1iB,1000101.6,-2573265,1189404#IZdBpdtiY,383863.44,943725#hBrJouBJHbWYGb061LqCdmyCjFK8SYBdLi6NP1IwcWa1PzItmAPCEXO5dXrnxwTMc6,-1302200
262,84,2,3,8,13,1384,1,2325,1466429#VET3C2Cq9uyRhWvSexZIa4hke0GpIOJW,2447701.2,2363297.310,-649760.0,1190128,2442355,852650#V7HfFqSL1ICQ,862034.5,-914239,1460889#4Bzf8LWJX,-2258326.0,432570#Z0MFPEcB9Y6Q852nNi13Zfq4eLCi2wsKm8p8VQo12TfPuCbaa3CfNltjPhogpDSYaG,-1631215
263,248,2,2,5,3,135,1,1525,928112#kIQElmJGpRqOEpHAOym2Ur9AWvhbBMi1,2486749.8,-1805665.140,-1967504.0,1843308,1681824,547560#xHsgJmooZIYI,-2258179.8,1242229,1405051#U91njpXJm,-300417.0,1725576#e3wJODCUVuqxnFos86YJiFAHtDSpFDlap6icYiPNE81wg8oYrAhz755fE01t0abJz4,-2039571
264,1031,2,7,3,9,1469,1,3401,60354#bwXprMhj9RIid7ljBmgzpY51bJPBdniw,-2363770.5,1475163.230,141600.0,2228144,-2152512,34904#MzXqq34lO4M3,1997486.6,-1700755,1126478#JgyQWAuTg,437016.7,1915033#sm7YSnErHNw59JVHuSfsLBcHnCB38ykP4N8Dx80cotXSVriMc8MwxMzTy8RvCZ4n5v,1879941
265,293,1,5,8,13,1678,1,3192,2155265#FkCkLDUmtrTkHmV9ZVxcmFRWgVu8BmRi,2489609.8,184007.300,2427712.0,53925,2535556,1262473#vyp39X7fxto5,-1564592.5,152557,1508713#wVQPHBYVg,422210.25,2282377#7MwaNICCpFjZdtzTmlzfGYj6gnDlVUmvRgGB52m4Rk9cnTtveX44MWcz2JefMg2tHT,1489135
266,931,2,4,7,10,1550,1,3086,802830#v5uG0DPV13Fcw77efbmRKfh8UoLy5RbM,-1738002.1,2301725.240,-1883904.0,-2624521,2459080,625188#RQJtwztv53qV,2332193.2,-2442279,1774079#4L7SXRuZc,2662058.8,2320803#GUYaeK2Kh5wESCDVh1GhCtSf5qFiOIqQJTgim0KhmoEmm3xNZ0blpk8bqW4Vh1ddQO,365055
267,610,2,1,12,12,899,1,1684,125279#5k8XKwWHuqgOqnFX77TToduLrHxvIRPV,-149585.64,-1397775.710,-168016.0,-960480,61016,237562#jwNygH8zxvOm,1665650.5,-1630489,1026290#jUwdzHcTx,-312795.6,2301623#xhi1d1rgDzw8wiscGmdQLqqAMatH9iJz3DFictsVtTSTWosWSUR9g5kjbfmtWR6YTX,1463980
268,594,1,3,10,1,1248,1,171,2683747#PlMcBno4amwFV0ho74NgzTmlDvshewSw,1877497.8,-1614697.280,137776.0,2665724,-534668,2530357#OmRRJPyObiAe,1511517.8,1432385,2415619#dejtVxC0e,260808.55,817581#y9C0bUHFhQh8zswfh9kZtpsylehlDkSThqc8UMm3y97tDWVZNd794lFjLkB2mLroGD,-974807
269,480,2,4,12,2,835,1,1749,943133#0rxCrJ2CqgKuOg1ySmtxiOYg8WDM3tdn,-1773989.5,1113855.090,-812160.0,1105820,52914,1784298#eiQ9uBp5dO5j,-2220745.8,2669464,2344331#lwxlxQd9e,-1104452.6,1316175#GJ8DlGb13Odbnobgd2sInQjeyEmEK7xf6tlRgDtcGeYYWyuBx9qL3wU9aD6058rQUh,2205921
