2,5,5,2,76,1182,897,1,965.8500,-754966,2007-02-28 19:26:47.000,-653499,-32793,384703.0,885796.5,241511,-516243.53,535657#LdLeqj6a3Fpyn4vkAMHs6JxiPsveNcf2hwIK57Imok1qW0Yc5WI7S9dxSDbS0HZkuXbtgdKgZApUNzIpU
2,5,5,3,543,1957,1636,1,-1273.0700,302085,2011-10-30 11:57:26.000,-1038018,1313858,90638.8,1331000.0,-706061,-829975.6,1379042#JfKsem3Hum3oFOBfOB6Vx3XRzBda7JRY0ex28YFbRhz7gO3evhyC82QmzcDqS4CowRph3H744CY3KVut6
2,5,5,4,632,2237,570,1,753.1500,1039296,2012-03-31 03:24:07.000,-394523,-817984,27450.8,409010.5,68222,-699203.44,962771#PvbbJqp4XpbpwQvC9QaOMNTb1I4kB6aL6bjPr7Pyuyzo4VfNi1UEIXVTz3zQL3ITtdQfXCSOolC5wpQ3C
2,5,5,5,325,2247,442,1,91.2700,2211881,2005-10-13 14:47:48.000,-2287147,-1366340,-1365254.6,1612435.9,-1454252,-611446.9,1373542#mvAMEhYv2SVybzTcScsIIfszrzzrg3nHR7OjkZ9i4b8yNdSXpyh1TaMx5Lbv3YkWbnJj3Wkrb5yNR8rZ9
2,5,5,6,585,939,610,1,-967.9000,-2437959,2017-06-21 16:23:49.000,1499212,-612645,-712380.4,-31247.72,-2669701,1218828.4,2393278#2IeRbtEDxGbDrnWPhJoeTf21RvOvJAS85TaIPrnxJGqURGTJSGKcQiL3LCizZhr4C1tysqVCKZqoiVX2o
2,5,5,7,1032,381,1631,1,-2118.3900,2002269,2018-05-29 15:21:30.000,-420151,2780682,684033.2,3358805.5,3091284,2548564.2,159297#WSEQzrwKTrpwGGKrxhsCem2xHQsgw4cntrqOsIj8PPvwnByCMPRT3qXh6FP9oM4K24AzLtaI66fY8dvdE
2,5,5,8,315,9,1722,1,-2492.6600,94836,2016-06-02 14:16:39.000,1356683,-1651690,-1401691.8,3478126.8,-1348729,-3894675.5,606494#WS1yTpzt2BUwVql9iF0QJFQpGVB7F4o3toS5OPESM4EYu45vPNxKWdUYIHAJkBYCM6Cu2qnZ30D3DirwQ
2,5,5,9,229,995,1698,1,2938.3900,1013249,2012-11-10 04:15:15.000,-1825165,1920852,-1724147.1,2374310.8,-237956,4385738.0,1140618#Ghh8NSvoR9TVDsmTUTQbObf8uCACNj320HYjuSIcRISMCPiEVMn4ck3nIQdRbPqE4KORxMiuRCv7LIAID
2,5,6,1,524,277,1607,1,747.0500,-450446,2006-07-25 07:00:09.000,-392979,-22713,232636.6,535076.5,142782,-311443.53,321622#VRygwuAAyjkqoacrOlsXjuxIc453SrEu4jO77wMm27VyUUYUnV9Q4KA0b9YtSIzS6ISUCW1Ln5nmNCEWf
2,5,6,2,435,807,1366,1,-1075.0700,241275,2011-07-10 20:31:39.000,-831558,1052198,73924.0,1063640.0,-563294,-662935.6,1103845#h1KyeB81qSX09IA1VabyqAd6WZTVSg3v3sU967C8sZlRvVqF5LFkcl1WA1XATyczZQWv9UnUyq9CuOcQw
2,5,6,3,870,2487,285,1,683.5500,934996,2012-01-15 20:19:52.000,-355263,-736744,24951.8,367410.5,62088,-628483.44,867420#QclNAlvxxUugr5iL2WZu2Utq2W5mk1qjlQlDiVrsZr96HO3v3JMAxWgueqedFhMzss5RUx2Q3NDJmhokn
2,5,6,4,767,2437,1207,1,92.2700,2123041,2005-08-01 16:01:39.000,-2195667,-1311830,-1310516.4,1548115.9,-1396302,-587286.9,1318708#NWlLLfbUu1SKIjDG03eqMy5RljMuHd8yMEMFfIP8F8ZgajtcfLOZvW50Jnzj60e9LKS6lWDrK4knUL7UQ
2,5,6,5,585,939,610,1,-967.9000,-2437959,2017-06-21 16:23:49.000,1499212,-612645,-712380.4,-31247.72,-2669701,1218828.4,2393278#2IeRbtEDxGbDrnWPhJoeTf21RvOvJAS85TaIPrnxJGqURGTJSGKcQiL3LCizZhr4C1tysqVCKZqoiVX2o
2,5,6,6,360,611,1421,1,-2181.9900,2059689,2018-06-09 04:25:43.000,-431911,2860317,703768.3,3454645.5,3179719,2621364.2,163688#eavBiAFtNSFLrNdmbksHjcQFtqfUY8iDz78iT4ZgNvrObxaNSmYjz8nIB1pmXt7zzjYErtH8RpNxiAnsD
2,5,6,7,933,2354,537,1,-2637.4600,99281,2016-07-20 21:55:46.000,1424793,-1734140,-1472240.4,3651566.8,-1415675,-4089555.5,636454#DMXQ0TVvWMCVdhIB0FLzUlslWJRpvyEhJRQauAkhySEXp9KAOdANJAXfBaZrPUYI1xZeIyaGWI6FKvAk1
2,5,6,8,987,2125,1113,1,3122.8900,1080869,2013-04-13 08:01:43.000,-1946923,2049312,-1838708.1,2532230.8,-253544,4678538.0,1216308#GRvnMq6RDrc1mL8pcBaKlRlXH6C0mTtylmLQUmdITooBMFNg9ZDFc32kJogb5wvS028QaAAy8m3iHKfHH
2,5,6,9,92,1085,1073,1,-612.3500,-1368704,2014-06-08 09:22:50.000,3959850,643648,-2384850.3,-2190846.0,-2901786,-2154250.8,78356#G8wW3SnQzon8CVW7uqGER2PTi9ZF6hl0OWG71WE9HYRiEM7tx7lYb19R7LGzkUQGSXGESXH1EferGNM3c
2,5,7,1,255,2657,916,1,-745.0700,139925,2011-01-05 18:48:42.000,-487458,616098,46066.0,618040.0,-325348,-384535.62,645183#2EQPFyIhyOEHvfXF8P5quVDMZC1dAm7GuAsV1Wj7NsJYfpm9N12ywfvXeLyRnzA9N39yXwHp18d91NEhX
2,5,7,2,132,162,1490,1,544.3500,726396,2011-08-18 06:11:24.000,-276743,-574264,19953.8,284210.5,49819,-487043.4,676717#uJagPrkFX4icJwIPzno7kqvTndZcgIDtbkv5vbTaKFmZFki2kPJpAy1hRb1SJkUy5BJ7R3bgSOWIpRrgc
2,5,7,3,879,182,1727,1,95.2700,1856521,2004-12-25 19:43:12.000,-1921227,-1148300,-1146301.8,1355155.9,-1222454,-514806.9,1154206#wNDBTA3foR4cwcBuw9yioDPUyQIfOCvXgBfyAjF55dGHlYXrt0vLtCHwTH8Kc8J36MsPUSM3ekdQOTH2Q
2,5,7,4,201,554,260,1,-878.5000,-2275639,2017-05-22 23:39:39.000,1399437,-571795,-664637.6,-28687.72,-2491775,1137228.4,2233878#jTofROK4TZp9GYaOcMwd98CLIPtVh5hY7fsrK4KcwL3hcuxuXlrnYWfaGtnA33mZHpjCFaWC0M42bjpck
2,5,7,5,1032,381,1631,1,-2118.3900,2002269,2018-05-29 15:21:30.000,-420151,2780682,684033.2,3358805.5,3091284,2548564.2,159297#WSEQzrwKTrpwGGKrxhsCem2xHQsgw4cntrqOsIj8PPvwnByCMPRT3qXh6FP9oM4K24AzLtaI66fY8dvdE
2,5,7,6,933,2354,537,1,-2637.4600,99281,2016-07-20 21:55:46.000,1424793,-1734140,-1472240.4,3651566.8,-1415675,-4089555.5,636454#DMXQ0TVvWMCVdhIB0FLzUlslWJRpvyEhJRQauAkhySEXp9KAOdANJAXfBaZrPUYI1xZeIyaGWI6FKvAk1
2,5,7,7,835,1560,918,1,3184.3900,1103409,2013-06-03 17:17:12.000,-1987509,2092132,-1876895.1,2584870.8,-258740,4776138.0,1241538#4RUwXEcVduX9hf05frTwJ318JVPKMCqULC8cVqkd6d0f4vJ4l7PjGVe8gVatJBxwVBYvQBhsMwo70aXrL
2,5,7,8,976,2415,878,1,-649.7500,-1419159,2014-09-13 22:37:41.000,4106470,667550,-2473228.7,-2272126.0,-3008981,-2234250.8,81245#mdG0EPVlp67urR0chToeTsPqmtdegP1ZFFMlLSsK0ldW4Z8v0YO5m1z4zKKvjJpHvFlQ7KXxyclyPTQvN
2,5,7,9,898,1452,1024,1,4435.4800,-4136475,2019-07-14 08:08:00.000,-5870528,1722155,3245977.7,-3382492.5,3347306,-2820043.0,5456444#JV05P7CmaIH2mURmf0juLZBguJGNbAbA2ZMN0IRYlxndyULCeCk9apFxoWfSsLcqFyArbKkxQL1z0QKJt
2,5,8,1,846,912,635,1,335.5500,413496,2011-01-04 08:58:41.000,-158963,-330544,12456.8,159410.52,31417,-274883.4,390664#pY5WjMRK7WWvxK78eLZqfgZACimPH77CE8S6wc9CVucEXVw9nfYrm8Ia1nO4xXcaznoXLkbRLvhdBAaMJ
2,5,8,2,661,1132,227,1,100.2700,1412321,2003-12-27 01:52:28.000,-1463827,-875750,-872610.8,1033555.94,-932708,-394006.9,880036#qyE3j7GjNDfthWAiYEOYR8fg7eUe9PiboQZDnPclr4IDXfsbDEQw1ojlEm70Nrt52YwmPuVcxWzKMf1lj
2,5,8,3,647,2609,1335,1,-699.7000,-1950999,2017-03-24 14:11:20.000,1199887,-490095,-569152.0,-23567.72,-2135923,974028.4,1915078#1zy6hxb47jSXM3f0KApkiug9AFc7iAxxbSXoriVk9rPTSysepOUlDgjT59AVdUKAA3mmiGhMuwC6mvFSW
2,5,8,4,620,2516,486,1,-1927.5900,1830009,2018-04-28 00:08:51.000,-384871,2541777,624827.9,3071285.5,2825977,2330164.2,146121#Ozdsp6tmkfnU3TyUOsFJU2St3B5Z1DhMgSm6KkULO6By3VGQ8Y1gHcbXIKpUBA9Her5oh2iWPf2nsVS5H
2,5,8,5,315,9,1722,1,-2492.6600,94836,2016-06-02 14:16:39.000,1356683,-1651690,-1401691.8,3478126.8,-1348729,-3894675.5,606494#WS1yTpzt2BUwVql9iF0QJFQpGVB7F4o3toS5OPESM4EYu45vPNxKWdUYIHAJkBYCM6Cu2qnZ30D3DirwQ
2,5,8,6,987,2125,1113,1,3122.8900,1080869,2013-04-13 08:01:43.000,-1946923,2049312,-1838708.1,2532230.8,-253544,4678538.0,1216308#GRvnMq6RDrc1mL8pcBaKlRlXH6C0mTtylmLQUmdITooBMFNg9ZDFc32kJogb5wvS028QaAAy8m3iHKfHH
2,5,8,7,976,2415,878,1,-649.7500,-1419159,2014-09-13 22:37:41.000,4106470,667550,-2473228.7,-2272126.0,-3008981,-2234250.8,81245#mdG0EPVlp67urR0chToeTsPqmtdegP1ZFFMlLSsK0ldW4Z8v0YO5m1z4zKKvjJpHvFlQ7KXxyclyPTQvN
2,5,8,8,898,1492,1467,1,4512.8800,-4201985,2019-07-21 12:11:09.000,-5963848,1749412,3297387.5,-3436092.5,3400484,-2864843.0,5542997#zJrB2PyAIpzLdIl5jT3wvaqiAd6rFkfNpW7Hb1oVde0ANLghNtm6HGXhAhQZG2LJ37crLMhZlZ8CSyyH9
2,5,8,9,989,2048,1075,1,5868.0600,-4315824,2015-10-10 12:59:29.000,3174824,4835760,4404484.7,-2991145.2,2896770,-3859085.0,2502467#tuhJF3Me4Eb6Pis134rmTWdJymvqXnGCcoYrJtoA8isuXv8TdKxX5NkTqnBMvJKk0qgQNjC5XGMq9LcDF
2,5,9,1,113,2462,257,1,107.2700,790441,2002-08-03 10:29:26.000,-823467,-494180,-489443.4,583315.94,-527063,-224886.9,496198#QORmhJ34Si4rauGtPsnK9yCLUS9s7Q8Zy3Icy74Va17m7g0ZIND7QExdh1rtdGljLMA7N7Hz5G9fKsCXV
2,5,9,2,709,1454,285,1,-431.5000,-1464039,2016-12-25 11:58:51.000,900562,-367545,-425923.6,-15887.72,-1602146,729228.4,1436877#zAxNIvC4ikOtgyOU6l8arlptiVBb9t65ebWKILc5ulnpAqcMG3xroTXzb53paMWohKqDcMUaeg0G2L4Yt
2,5,9,3,338,1366,1536,1,-1609.5900,1542909,2018-03-06 06:47:46.000,-326071,2143602,526152.4,2592085.5,2383798,1966164.4,124162#p69jj894lbOSI1AslfkfSeAvWdcQ0Nlci3Uk7e0rt6D7BWevWwxop6iz11ChnavzvbgB5ZyfNyscu5N7q
2,5,9,4,293,969,542,1,-2203.0600,85946,2016-02-26 22:58:23.000,1220463,-1486790,-1260594.6,3131246.8,-1214836,-3504915.5,546575#X3iqMMiHmei1VdLIjxuSUaKECtmKu3kHBsfjVKJSkpVa5iu6tUKEKtUn7zdIIuN9yUp79rAKbPuy3x60X
2,5,9,5,229,995,1698,1,2938.3900,1013249,2012-11-10 04:15:15.000,-1825165,1920852,-1724147.1,2374310.8,-237956,4385738.0,1140618#Ghh8NSvoR9TVDsmTUTQbObf8uCACNj320HYjuSIcRISMCPiEVMn4ck3nIQdRbPqE4KORxMiuRCv7LIAID
2,5,9,6,92,1085,1073,1,-612.3500,-1368704,2014-06-08 09:22:50.000,3959850,643648,-2384850.3,-2190846.0,-2901786,-2154250.8,78356#G8wW3SnQzon8CVW7uqGER2PTi9ZF6hl0OWG71WE9HYRiEM7tx7lYb19R7LGzkUQGSXGESXH1EferGNM3c
2,5,9,7,898,1452,1024,1,4435.4800,-4136475,2019-07-14 08:08:00.000,-5870528,1722155,3245977.7,-3382492.5,3347306,-2820043.0,5456444#JV05P7CmaIH2mURmf0juLZBguJGNbAbA2ZMN0IRYlxndyULCeCk9apFxoWfSsLcqFyArbKkxQL1z0QKJt
2,5,9,8,989,2048,1075,1,5868.0600,-4315824,2015-10-10 12:59:29.000,3174824,4835760,4404484.7,-2991145.2,2896770,-3859085.0,2502467#tuhJF3Me4Eb6Pis134rmTWdJymvqXnGCcoYrJtoA8isuXv8TdKxX5NkTqnBMvJKk0qgQNjC5XGMq9LcDF
2,5,9,9,776,187,955,1,4435.4000,5285909,2019-03-24 02:19:28.000,-7384305,1838490,6945662.1,-1858125.2,6868739,-5330872.0,1728536#NVGH8z9FqSyPjAmtiAFppUM7xQuqCb1sQEKMzw0YkuE6i8YY7PdL8AGfceKutJ6dqigJUhcWv84YDu8x2
2,6,1,1,691,734,1079,1,364.2200,-114366,2019-03-21 09:34:31.000,108513,49049,-93526.5,-71183.61,-62431,-33324.43,27418#xhrPL2sTxWMA16vLhf2Wb81c4VeP7jgAkuY2UYkRoWLFjrOMcL6YL6dcv763kAxj8ECQBCh74MHZP1J0z
2,6,1,2,533,88,676,1,-254.6000,-104576,2006-06-08 18:52:43.000,-212087,73422,185382.4,-149114.36,150393,-227450.17,85203#3wSYBMwSswFxnaLWqLB3vX7oyLkhC6i30APZVS6mcr7ZXQxVS59N2dhbqRJT4hivsNLvuubxVbyxZFABo
2,6,1,3,685,825,37,1,-393.4600,80949,2006-02-27 14:20:40.000,-155754,-159644,-120146.0,-260814.23,-287157,-7984.24,92755#SlGPTM7MkYeuhbhmcFqfrLk5Pdg4u2g3ZwwJDBOFGLuKLDf5rOnFnSp2Ocx88URY4qMDftuITYoNICEFF
2,6,1,4,829,2196,278,1,-68.2800,-150002,2017-04-13 07:23:53.000,49291,-272112,-206626.9,430939.4,9336,-156877.78,279994#Wd9ZP3dDXiB4TD9aepHP2Ms6JoAJpFLBQ31g7l4WHJKjEt9aNVXAs2MuoJtMv8JLVrP1GsUhN1WhwYBRN
2,6,1,5,524,277,1607,1,747.0500,-450446,2006-07-25 07:00:09.000,-392979,-22713,232636.6,535076.5,142782,-311443.53,321622#VRygwuAAyjkqoacrOlsXjuxIc453SrEu4jO77wMm27VyUUYUnV9Q4KA0b9YtSIzS6ISUCW1Ln5nmNCEWf
2,6,1,6,505,1227,1289,1,-758.2700,143979,2011-01-13 05:26:25.000,-501222,633542,47180.3,635864.0,-334866,-395671.62,663529#Ne4KFzr4WDAFA8mg7ItMWVVmN4cIihF8EVI9FVNjFwHfT9OfpREt4P9VTDqbijJqQqqynLQa15mo24YCU
2,6,1,7,70,1427,692,1,349.4700,434356,2011-01-19 10:23:32.000,-166815,-346792,12956.6,167730.52,32643,-289027.4,409734#4kmdoI3jAsM5hWKlx7JIlCDLMpBfZg6MTEuk5B4jdoxOu31eXBNoEdLHl7keSZ6aD6iJa6moIbplZbLDJ
2,6,1,8,819,2348,153,1,106.6700,843745,2002-09-16 04:57:07.000,-878355,-526886,-522286.3,621907.94,-561832,-239382.9,529099#k5F4F43joWqz73wGwbjVsSGDfUVSNNiab76qug10qk5Z4ivRviRvLAtt3UOMvEmXLz72lGpNwgPSrVqEL
2,6,1,9,1026,2328,800,1,-109.6600,-879687,2016-09-09 14:07:52.000,541372,-220485,-254049.5,-6671.72,-961613,435468.38,863036#qyE3j7GjNDfthWAiYEOYR8fg7eUe9PiboQZDnPclr4IDXfsbDEQw1ojlEm70Nrt52YwmPuVcxWzKMf1lj
2,6,2,1,533,88,676,1,-254.6000,-104576,2006-06-08 18:52:43.000,-212087,73422,185382.4,-149114.36,150393,-227450.17,85203#3wSYBMwSswFxnaLWqLB3vX7oyLkhC6i30APZVS6mcr7ZXQxVS59N2dhbqRJT4hivsNLvuubxVbyxZFABo
2,6,2,2,1009,2632,794,1,-415.7800,110733,2006-05-04 08:46:48.000,-206946,-212102,-161086.0,-347790.25,-382384,-11056.24,122542#mvAMEhYv2SVybzTcScsIIfszrzzrg3nHR7OjkZ9i4b8yNdSXpyh1TaMx5Lbv3YkWbnJj3Wkrb5yNR8rZ9
2,6,2,3,157,506,1063,1,-136.9200,-224882,2017-05-11 00:40:09.000,73627,-411876,-307566.6,649435.44,11308,-236365.78,415062#ANZ8RYAJgbxThCyDmpsQHnzGSG2Vu7MkRBB6UG7xFX7bd4ytZcnrwyAm1HXh8Svi0vKwj66Zvxbz00saS
2,6,2,4,1092,809,613,1,943.9700,-724514,2007-02-06 23:00:08.000,-627447,-31785,369496.4,850724.5,231638,-495763.53,514253#Rtlra5uVjyuedmKyT8mULnyChjypgkKewKadZ6w6gFeWi0uEU132D6BEOs7DAZGZioiw45llWrTs0WCyV
2,6,2,5,435,807,1366,1,-1075.0700,241275,2011-07-10 20:31:39.000,-831558,1052198,73924.0,1063640.0,-563294,-662935.6,1103845#h1KyeB81qSX09IA1VabyqAd6WZTVSg3v3sU967C8sZlRvVqF5LFkcl1WA1XATyczZQWv9UnUyq9CuOcQw
2,6,2,6,570,677,1547,1,558.2700,747256,2011-09-02 07:36:15.000,-284595,-590512,20453.6,292530.5,51046,-501187.4,695788#RQY8Psivr5VPJv1fC6q7zs8PDKazuqydAFXFUabPUg1KYYUg4MfOHu7DudZUdtFeKRh5eVpoOMM9qniSh
2,6,2,7,793,980,680,1,99.4700,1483393,2004-02-23 10:29:23.000,-1537011,-919358,-916401.3,1085011.9,-979067,-413334.9,923903#yah5CqhhsoWy4BU0XjWAWkH3uVwwgFNYsmVyVTkXUiBLcRLTX4BpdseSSuPEvG9MumsYKqgdjRnsg5DOE
2,6,2,8,453,2250,495,1,-485.1400,-1561431,2017-01-12 07:37:21.000,960427,-392055,-454569.3,-17423.72,-1708901,778188.4,1532517#agyuKbNKwGA2FOl5xrbVv72Utj1ctYcH88pRFmPRs6Z8t7VEBAhACXeKLg8j0nBruGYJg8PFrPW8bymzz
2,6,2,9,82,689,895,1,-1266.1500,1232841,2018-01-08 08:13:01.000,-262567,1713573,419582.8,2074549.5,1906245,1573044.4,100447#MeNTn78Xh0PRYdgqbZeIgDsTRgFQ8PNakUqeyKetHANrOFJ3110kiNc3l9VLmbWmegtXhe5piz9jiiHHR
2,6,3,1,685,825,37,1,-393.4600,80949,2006-02-27 14:20:40.000,-155754,-159644,-120146.0,-260814.23,-287157,-7984.24,92755#SlGPTM7MkYeuhbhmcFqfrLk5Pdg4u2g3ZwwJDBOFGLuKLDf5rOnFnSp2Ocx88URY4qMDftuITYoNICEFF
2,6,3,2,157,506,1063,1,-136.9200,-224882,2017-05-11 00:40:09.000,73627,-411876,-307566.6,649435.44,11308,-236365.78,415062#ANZ8RYAJgbxThCyDmpsQHnzGSG2Vu7MkRBB6UG7xFX7bd4ytZcnrwyAm1HXh8Svi0vKwj66Zvxbz00saS
2,6,3,3,472,1928,1465,1,1009.6100,-815870,2007-04-13 12:20:07.000,-705603,-34809,415116.3,955940.5,261256,-557203.5,578464#ihQNP0aOaojMRoOt2dKmtqUCLswqQcXxgXikrUAs07Q4sUcJEUuBky8xZiaPCwMO4HRYhOl3Y8DmHOn7d
2,6,3,4,1007,597,517,1,-1233.4700,289923,2011-10-08 04:04:16.000,-996726,1261526,87295.9,1277528.0,-677507,-796567.6,1324002#Kh2a3DxDQynvkZNP12TH7B0Pinoaf6pznOJPxeTLUH4p6PfNcEPx3PY5YadxhrZeXpc23oV6j27sq1s6g
2,6,3,5,870,2487,285,1,683.5500,934996,2012-01-15 20:19:52.000,-355263,-736744,24951.8,367410.5,62088,-628483.44,867420#QclNAlvxxUugr5iL2WZu2Utq2W5mk1qjlQlDiVrsZr96HO3v3JMAxWgueqedFhMzss5RUx2Q3NDJmhokn
2,6,3,6,371,68,1623,1,94.6700,1909825,2005-02-07 14:10:53.000,-1976115,-1181006,-1179144.7,1393747.9,-1257224,-529302.9,1187107#prWnW8SYgNc424liBduMkJL0wFN327Gbh6SQalvStV6K1a7JkCAjN6WIhYy4wQeYyUELjeOGmNO4xmjDY
2,6,3,7,391,580,1545,1,-753.3400,-2048391,2017-04-11 09:49:50.000,1259752,-514605,-597797.7,-25103.72,-2242679,1022988.4,2010718#nLDMbN2MwCUXwHtZK6jVcK09osMY8DU3nyzgKJJ0K5VMEjeCWOQWODxD72MGZ9Wl6RU1cVkxU7X5OhbI9
2,6,3,8,828,650,1158,1,-1724.0700,1646265,2018-03-25 06:19:22.000,-347239,2286945,561675.6,2764597.5,2542982,2097204.2,132067#MaHmeUSQA53hhvPaKyTfFRcmEgCU9OsDAtilcO42n9ZU58fcka7ZRdOcXJ6vPdYLhqJ2knnSCq4TTxsz5
2,6,3,9,1123,138,545,1,-1942.4200,77945,2015-12-01 23:35:58.000,1097865,-1338380,-1133607.1,2819054.8,-1094333,-3154131.5,492648#vHdjEt1sHrkW3BCcCtB3UTxOXWpIyz7WJxdTjNOOK0BnS8tY1kmJsC0fKJ5CAU7y4Za03SQjE0mVdwaZ2
2,6,4,1,829,2196,278,1,-68.2800,-150002,2017-04-13 07:23:53.000,49291,-272112,-206626.9,430939.4,9336,-156877.78,279994#Wd9ZP3dDXiB4TD9aepHP2Ms6JoAJpFLBQ31g7l4WHJKjEt9aNVXAs2MuoJtMv8JLVrP1GsUhN1WhwYBRN
2,6,4,2,1092,809,613,1,943.9700,-724514,2007-02-06 23:00:08.000,-627447,-31785,369496.4,850724.5,231638,-495763.53,514253#Rtlra5uVjyuedmKyT8mULnyChjypgkKewKadZ6w6gFeWi0uEU132D6BEOs7DAZGZioiw45llWrTs0WCyV
2,6,4,3,1007,597,517,1,-1233.4700,289923,2011-10-08 04:04:16.000,-996726,1261526,87295.9,1277528.0,-677507,-796567.6,1324002#Kh2a3DxDQynvkZNP12TH7B0Pinoaf6pznOJPxeTLUH4p6PfNcEPx3PY5YadxhrZeXpc23oV6j27sq1s6g
2,6,4,4,970,1207,456,1,725.3100,997576,2012-03-01 00:34:25.000,-378819,-785488,26451.2,392370.5,65768,-670915.44,924631#FmeiwjBRov9Ide7RTiN8uNxmAGketMe0SaoddJT6FkILBTR8TttfrtSdDPnfdLvodRYjH1zC5M0r4poLX
2,6,4,5,767,2437,1207,1,92.2700,2123041,2005-08-01 16:01:39.000,-2195667,-1311830,-1310516.4,1548115.9,-1396302,-587286.9,1318708#NWlLLfbUu1SKIjDG03eqMy5RljMuHd8yMEMFfIP8F8ZgajtcfLOZvW50Jnzj60e9LKS6lWDrK4knUL7UQ
2,6,4,6,840,143,400,1,-914.2600,-2340567,2017-06-03 20:45:19.000,1439347,-588135,-683734.7,-29711.72,-2562945,1169868.4,2297638#EQJ7H28HHWgzCKVdSHm2jIgNaUbEumpcwRK66rS8JP9lD3k4IjEJLzB47LzoRDbYO1FhQZdbYV2Uva8wz
2,6,4,7,516,624,150,1,-2029.3500,1921881,2018-05-14 21:03:36.000,-403687,2669193,656404.0,3224629.5,2967474,2446644.2,153148#5FeJ4us3OJIF0dB59IMRJWxaUB6AJky3FuZ7ro48uGWkW0dl5zOUQQWLo3w0yAwtZdLeDL58NzTA1gkYx
2,6,4,8,549,1523,540,1,-2376.8200,91280,2016-04-24 22:33:20.000,1302195,-1585730,-1345252.9,3339374.8,-1295172,-3738771.5,582527#RMrmV5y6BmmczIETkEwXKE1GeElzxx6yuBsh3DJhPA7cApo1RjVx3lSwC3nB5E3fjvJy9UJbKKtdnLX2H
2,6,4,9,17,882,984,1,2827.6900,972677,2012-08-09 16:23:23.000,-1752109,1843776,-1655410.5,2279558.8,-228602,4210058.0,1095204#i7stka3XR86qcwURd78EO5vHqXpM9XQTRqNwejBJEtiUw1dw65P3XDq3Vl5oQIw3KG39Z6nAfRk0QaBtg
2,6,5,1,524,277,1607,1,747.0500,-450446,2006-07-25 07:00:09.000,-392979,-22713,232636.6,535076.5,142782,-311443.53,321622#VRygwuAAyjkqoacrOlsXjuxIc453SrEu4jO77wMm27VyUUYUnV9Q4KA0b9YtSIzS6ISUCW1Ln5nmNCEWf
2,6,5,2,435,807,1366,1,-1075.0700,241275,2011-07-10 20:31:39.000,-831558,1052198,73924.0,1063640.0,-563294,-662935.6,1103845#h1KyeB81qSX09IA1VabyqAd6WZTVSg3v3sU967C8sZlRvVqF5LFkcl1WA1XATyczZQWv9UnUyq9CuOcQw
2,6,5,3,870,2487,285,1,683.5500,934996,2012-01-15 20:19:52.000,-355263,-736744,24951.8,367410.5,62088,-628483.44,867420#QclNAlvxxUugr5iL2WZu2Utq2W5mk1qjlQlDiVrsZr96HO3v3JMAxWgueqedFhMzss5RUx2Q3NDJmhokn
2,6,5,4,767,2437,1207,1,92.2700,2123041,2005-08-01 16:01:39.000,-2195667,-1311830,-1310516.4,1548115.9,-1396302,-587286.9,1318708#NWlLLfbUu1SKIjDG03eqMy5RljMuHd8yMEMFfIP8F8ZgajtcfLOZvW50Jnzj60e9LKS6lWDrK4knUL7UQ
2,6,5,5,585,939,610,1,-967.9000,-2437959,2017-06-21 16:23:49.000,1499212,-612645,-712380.4,-31247.72,-2669701,1218828.4,2393278#2IeRbtEDxGbDrnWPhJoeTf21RvOvJAS85TaIPrnxJGqURGTJSGKcQiL3LCizZhr4C1tysqVCKZqoiVX2o
2,6,5,6,360,611,1421,1,-2181.9900,2059689,2018-06-09 04:25:43.000,-431911,2860317,703768.3,3454645.5,3179719,2621364.2,163688#eavBiAFtNSFLrNdmbksHjcQFtqfUY8iDz78iT4ZgNvrObxaNSmYjz8nIB1pmXt7zzjYErtH8RpNxiAnsD
2,6,5,7,933,2354,537,1,-2637.4600,99281,2016-07-20 21:55:46.000,1424793,-1734140,-1472240.4,3651566.8,-1415675,-4089555.5,636454#DMXQ0TVvWMCVdhIB0FLzUlslWJRpvyEhJRQauAkhySEXp9KAOdANJAXfBaZrPUYI1xZeIyaGWI6FKvAk1
2,6,5,8,987,2125,1113,1,3122.8900,1080869,2013-04-13 08:01:43.000,-1946923,2049312,-1838708.1,2532230.8,-253544,4678538.0,1216308#GRvnMq6RDrc1mL8pcBaKlRlXH6C0mTtylmLQUmdITooBMFNg9ZDFc32kJogb5wvS028QaAAy8m3iHKfHH
2,6,5,9,92,1085,1073,1,-612.3500,-1368704,2014-06-08 09:22:50.000,3959850,643648,-2384850.3,-2190846.0,-2901786,-2154250.8,78356#G8wW3SnQzon8CVW7uqGER2PTi9ZF6hl0OWG71WE9HYRiEM7tx7lYb19R7LGzkUQGSXGESXH1EferGNM3c
2,6,6,1,505,1227,1289,1,-758.2700,143979,2011-01-13 05:26:25.000,-501222,633542,47180.3,635864.0,-334866,-395671.62,663529#Ne4KFzr4WDAFA8mg7ItMWVVmN4cIihF8EVI9FVNjFwHfT9OfpREt4P9VTDqbijJqQqqynLQa15mo24YCU
2,6,6,2,570,677,1547,1,558.2700,747256,2011-09-02 07:36:15.000,-284595,-590512,20453.6,292530.5,51046,-501187.4,695788#RQY8Psivr5VPJv1fC6q7zs8PDKazuqydAFXFUabPUg1KYYUg4MfOHu7DudZUdtFeKRh5eVpoOMM9qniSh
2,6,6,3,371,68,1623,1,94.6700,1909825,2005-02-07 14:10:53.000,-1976115,-1181006,-1179144.7,1393747.9,-1257224,-529302.9,1187107#prWnW8SYgNc424liBduMkJL0wFN327Gbh6SQalvStV6K1a7JkCAjN6WIhYy4wQeYyUELjeOGmNO4xmjDY
2,6,6,4,840,143,400,1,-914.2600,-2340567,2017-06-03 20:45:19.000,1439347,-588135,-683734.7,-29711.72,-2562945,1169868.4,2297638#EQJ7H28HHWgzCKVdSHm2jIgNaUbEumpcwRK66rS8JP9lD3k4IjEJLzB47LzoRDbYO1FhQZdbYV2Uva8wz
2,6,6,5,360,611,1421,1,-2181.9900,2059689,2018-06-09 04:25:43.000,-431911,2860317,703768.3,3454645.5,3179719,2621364.2,163688#eavBiAFtNSFLrNdmbksHjcQFtqfUY8iDz78iT4ZgNvrObxaNSmYjz8nIB1pmXt7zzjYErtH8RpNxiAnsD
2,6,6,6,1061,2631,536,1,-2724.3400,101948,2016-08-18 21:43:15.000,1465659,-1783610,-1514569.5,3755630.8,-1455843,-4206483.5,654429#ZUtqIKibp6hrMSV72fAfA1Od2pt8yZ6LmKQHHPHzy2yTbVPL4WUyCnTOVdznfK1o3A6VkkrAmqYzbBH0A
2,6,6,7,865,1334,290,1,3270.4900,1134965,2013-08-14 15:50:53.000,-2044330,2152080,-1930356.9,2658566.8,-266015,4912778.0,1276860#TrGz8Tna8jRHWCVf0yDWZstJFnX17rnkm6E315MzD8txw7Xk1pHPDzPUhU0C6eBWh9VHwOBOViQbuen7y
2,6,6,8,1198,1784,12,1,-679.6700,-1459523,2014-11-30 23:37:34.000,4223766,686672,-2543931.4,-2337150.0,-3094737,-2298250.8,83556#wAW31KypbbCsVIHqRuAvRmXQ9Ext3qjqqi9xFhjj9nqIa438VMlj74dtVIwPUn9n0vbeUX9EW4r6JH7Ln
2,6,6,9,898,394,1112,1,4574.8000,-4254393,2019-07-27 05:49:40.000,-6038504,1771218,3338515.3,-3478972.5,3443027,-2900683.0,5612239#p9jgnuwo26oNTdZH4o3YZih4YG9hkTa64K8mgshA1Kb94SjJVp7IOGpIhSh7sSaPFloAVxPZlZyr4PjJD
2,6,7,1,70,1427,692,1,349.4700,434356,2011-01-19 10:23:32.000,-166815,-346792,12956.6,167730.52,32643,-289027.4,409734#4kmdoI3jAsM5hWKlx7JIlCDLMpBfZg6MTEuk5B4jdoxOu31eXBNoEdLHl7keSZ6aD6iJa6moIbplZbLDJ
2,6,7,2,793,980,680,1,99.4700,1483393,2004-02-23 10:29:23.000,-1537011,-919358,-916401.3,1085011.9,-979067,-413334.9,923903#yah5CqhhsoWy4BU0XjWAWkH3uVwwgFNYsmVyVTkXUiBLcRLTX4BpdseSSuPEvG9MumsYKqgdjRnsg5DOE
2,6,7,3,391,580,1545,1,-753.3400,-2048391,2017-04-11 09:49:50.000,1259752,-514605,-597797.7,-25103.72,-2242679,1022988.4,2010718#nLDMbN2MwCUXwHtZK6jVcK09osMY8DU3nyzgKJJ0K5VMEjeCWOQWODxD72MGZ9Wl6RU1cVkxU7X5OhbI9
2,6,7,4,516,624,150,1,-2029.3500,1921881,2018-05-14 21:03:36.000,-403687,2669193,656404.0,3224629.5,2967474,2446644.2,153148#5FeJ4us3OJIF0dB59IMRJWxaUB6AJky3FuZ7ro48uGWkW0dl5zOUQQWLo3w0yAwtZdLeDL58NzTA1gkYx
2,6,7,5,933,2354,537,1,-2637.4600,99281,2016-07-20 21:55:46.000,1424793,-1734140,-1472240.4,3651566.8,-1415675,-4089555.5,636454#DMXQ0TVvWMCVdhIB0FLzUlslWJRpvyEhJRQauAkhySEXp9KAOdANJAXfBaZrPUYI1xZeIyaGWI6FKvAk1
2,6,7,6,865,1334,290,1,3270.4900,1134965,2013-08-14 15:50:53.000,-2044330,2152080,-1930356.9,2658566.8,-266015,4912778.0,1276860#TrGz8Tna8jRHWCVf0yDWZstJFnX17rnkm6E315MzD8txw7Xk1pHPDzPUhU0C6eBWh9VHwOBOViQbuen7y
2,6,7,7,758,2017,250,1,-702.1100,-1489796,2015-01-28 12:22:29.000,4311738,701013,-2596958.5,-2385918.0,-3159054,-2346250.8,85289#zdPHaxrmMTV3wtNbY6nuzcJtYe5dWuMcabPZcOIo598FDd6gTXj5Dj73Bbqr4929gRCBTEb3FfcI6YCSx
2,6,7,8,898,2750,47,1,4760.5600,-4411617,2019-08-13 10:45:13.000,-6262472,1836636,3461898.9,-3607612.5,3570654,-3008203.0,5819965#UNAr6ebL6GJgcRJy6esVDXYw1HRtnxW9LFvgSvyRiZO7lcJ0upxLZxD77C1VPLUZKiAYFx22wbMOfiP6p
2,6,7,9,1060,698,414,1,6180.1800,-4531428,2016-05-28 16:19:30.000,3333629,5077896,4624417.0,-3140329.2,3041600,-4052045.0,2627459#0PCxUIx3WUeJ8UtFeeKgvljMwlgel0I1LuBj5FnFLJT2VpaOwYu2wL9rN7h94mBnWyAyVLsICa1bge55y
2,6,8,1,819,2348,153,1,106.6700,843745,2002-09-16 04:57:07.000,-878355,-526886,-522286.3,621907.94,-561832,-239382.9,529099#k5F4F43joWqz73wGwbjVsSGDfUVSNNiab76qug10qk5Z4ivRviRvLAtt3UOMvEmXLz72lGpNwgPSrVqEL
2,6,8,2,453,2250,495,1,-485.1400,-1561431,2017-01-12 07:37:21.000,960427,-392055,-454569.3,-17423.72,-1708901,778188.4,1532517#agyuKbNKwGA2FOl5xrbVv72Utj1ctYcH88pRFmPRs6Z8t7VEBAhACXeKLg8j0nBruGYJg8PFrPW8bymzz
2,6,8,3,828,650,1158,1,-1724.0700,1646265,2018-03-25 06:19:22.000,-347239,2286945,561675.6,2764597.5,2542982,2097204.2,132067#MaHmeUSQA53hhvPaKyTfFRcmEgCU9OsDAtilcO42n9ZU58fcka7ZRdOcXJ6vPdYLhqJ2knnSCq4TTxsz5
2,6,8,4,549,1523,540,1,-2376.8200,91280,2016-04-24 22:33:20.000,1302195,-1585730,-1345252.9,3339374.8,-1295172,-3738771.5,582527#RMrmV5y6BmmczIETkEwXKE1GeElzxx6yuBsh3DJhPA7cApo1RjVx3lSwC3nB5E3fjvJy9UJbKKtdnLX2H
2,6,8,5,987,2125,1113,1,3122.8900,1080869,2013-04-13 08:01:43.000,-1946923,2049312,-1838708.1,2532230.8,-253544,4678538.0,1216308#GRvnMq6RDrc1mL8pcBaKlRlXH6C0mTtylmLQUmdITooBMFNg9ZDFc32kJogb5wvS028QaAAy8m3iHKfHH
2,6,8,6,1198,1784,12,1,-679.6700,-1459523,2014-11-30 23:37:34.000,4223766,686672,-2543931.4,-2337150.0,-3094737,-2298250.8,83556#wAW31KypbbCsVIHqRuAvRmXQ9Ext3qjqqi9xFhjj9nqIa438VMlj74dtVIwPUn9n0vbeUX9EW4r6JH7Ln
2,6,8,7,898,2750,47,1,4760.5600,-4411617,2019-08-13 10:45:13.000,-6262472,1836636,3461898.9,-3607612.5,3570654,-3008203.0,5819965#UNAr6ebL6GJgcRJy6esVDXYw1HRtnxW9LFvgSvyRiZO7lcJ0upxLZxD77C1VPLUZKiAYFx22wbMOfiP6p
2,6,8,8,1083,248,1377,1,6284.2200,-4603296,2016-08-13 17:26:11.000,3386564,5158608,4697727.7,-3190057.2,3089877,-4116365.0,2669123#ro0fNFF0tWfYEr0E5WkMlu5yyjZMJEqkupENCKSeqIybJQxEsYQft0TK852KtZGDA9E6lm2YoYHo87f3S
2,6,8,9,1058,1061,1633,1,4724.3000,5638718,2019-07-21 05:39:32.000,-7876299,1961664,7408967.0,-1981677.2,7326301,-5686840.0,1843341#l0l2SVmpAbLj6rhahn8YyxU2EEzuLrrAx1nkiNoXAy7lNmw8ZwZ5gA6535v47EzrGKl7n0xlXTdLs0p8C
2,6,9,1,1026,2328,800,1,-109.6600,-879687,2016-09-09 14:07:52.000,541372,-220485,-254049.5,-6671.72,-961613,435468.38,863036#qyE3j7GjNDfthWAiYEOYR8fg7eUe9PiboQZDnPclr4IDXfsbDEQw1ojlEm70Nrt52YwmPuVcxWzKMf1lj
2,6,9,2,82,689,895,1,-1266.1500,1232841,2018-01-08 08:13:01.000,-262567,1713573,419582.8,2074549.5,1906245,1573044.4,100447#MeNTn78Xh0PRYdgqbZeIgDsTRgFQ8PNakUqeyKetHANrOFJ3110kiNc3l9VLmbWmegtXhe5piz9jiiHHR
2,6,9,3,1123,138,545,1,-1942.4200,77945,2015-12-01 23:35:58.000,1097865,-1338380,-1133607.1,2819054.8,-1094333,-3154131.5,492648#vHdjEt1sHrkW3BCcCtB3UTxOXWpIyz7WJxdTjNOOK0BnS8tY1kmJsC0fKJ5CAU7y4Za03SQjE0mVdwaZ2
2,6,9,4,17,882,984,1,2827.6900,972677,2012-08-09 16:23:23.000,-1752109,1843776,-1655410.5,2279558.8,-228602,4210058.0,1095204#i7stka3XR86qcwURd78EO5vHqXpM9XQTRqNwejBJEtiUw1dw65P3XDq3Vl5oQIw3KG39Z6nAfRk0QaBtg
2,6,9,5,92,1085,1073,1,-612.3500,-1368704,2014-06-08 09:22:50.000,3959850,643648,-2384850.3,-2190846.0,-2901786,-2154250.8,78356#G8wW3SnQzon8CVW7uqGER2PTi9ZF6hl0OWG71WE9HYRiEM7tx7lYb19R7LGzkUQGSXGESXH1EferGNM3c
2,6,9,6,898,394,1112,1,4574.8000,-4254393,2019-07-27 05:49:40.000,-6038504,1771218,3338515.3,-3478972.5,3443027,-2900683.0,5612239#p9jgnuwo26oNTdZH4o3YZih4YG9hkTa64K8mgshA1Kb94SjJVp7IOGpIhSh7sSaPFloAVxPZlZyr4PjJD
2,6,9,7,1060,698,414,1,6180.1800,-4531428,2016-05-28 16:19:30.000,3333629,5077896,4624417.0,-3140329.2,3041600,-4052045.0,2627459#0PCxUIx3WUeJ8UtFeeKgvljMwlgel0I1LuBj5FnFLJT2VpaOwYu2wL9rN7h94mBnWyAyVLsICa1bge55y
2,6,9,8,1058,1061,1633,1,4724.3000,5638718,2019-07-21 05:39:32.000,-7876299,1961664,7408967.0,-1981677.2,7326301,-5686840.0,1843341#l0l2SVmpAbLj6rhahn8YyxU2EEzuLrrAx1nkiNoXAy7lNmw8ZwZ5gA6535v47EzrGKl7n0xlXTdLs0p8C
2,6,9,9,710,1316,1194,1,1532.5300,6004895,2020-03-15 12:19:40.000,-7314635,-1216693,7048215.5,-4022365.5,3436445,-1926283.6,35233#Xs6sIVAveeFWsAye0EsbECzrPglVbHJ43hNK3YQcJk0aOftshEgqkUR4Qt1IT9fYofiqdNBUHw6EFSuV4
