169,129,1,954,1,2,4,7,-134912,1516240,-407700.08,24996#7W3mw1bdE3wZ1P,-1640090,194739,1621243,-255550,1688565#sUyoP5IYPeBF2XAJNv
170,592,1,1003,1,6,9,4,298716,-164137,334047.77,1484012#9VUk4RNGrQbYz2,948999,1504304,-1267200,439579,1033623#6elv3FkYuS7flnVbuJ
171,1646,1,414,1,3,3,4,-294226,163649,-39911.4,477477#AKVaqUUjytL1B4,-219444,1100458,-1112326,-1176585,331486#pmwAqIfSwBYP31yhtA
172,71,1,71,2,6,1,1,465852,1159108,36421.8,577728#tSYx16ggGMBC5A,-1284667,178977,8190,802028,1285907#I5WY2D1kg5hSa6AA8N
173,257,1,1062,2,1,2,2,883179,1688113,797680.5,1203984#f84dFJOUlIG2Ab,-202831,-805720,378443,1440942,597643#hgnNBpnzVREmFtgUnG
174,1023,1,747,1,2,3,8,-498292,340746,1532285.34,1335148#IltdiIrQsxos19,-237396,214239,-1072244,-545368,677340#Mze4F4x7cQK5r66MVQ
175,1185,1,798,2,2,6,7,278419,37198,767216.38,1427892#0SySGyXE3v2A1s,-1058771,-741102,344109,1209050,1238029#JX4KTwNAem5tN8olsY
176,898,1,764,2,1,6,5,-356633,-293998,402257.62,980131#nuJ2XiUMe88CMI,-495291,-1520058,1075555,-584054,1105460#7Z40My0ktY0wcDTBJo
177,946,1,1024,1,2,2,1,-228245,-601013,-797334.98,290090#LiC3moPQoIH1lb,-180990,710911,-763523,-1305036,1424176#DWCVfpkgLmL2v5GYvv
178,525,1,918,1,6,4,5,1204625,539665,-1720614.11,1124114#WFWcRf79Kn2q5W,1380793,597409,178290,797223,658980#PQaa6uvku1SQUdhRPH
179,435,1,110,1,6,7,6,-1465123,1535771,81805.86,1118052#CLtYv6iCrHDKot,-199019,-1389873,-691955,-586012,1711215#HcLbNDuyN8K0yVZ0RK
180,1175,1,1072,1,6,7,6,24613,-1170805,779173.04,973825#skJKzD4j1i8f9f,614072,-244953,-1494473,751692,567737#oFpORCV4H1k6V3KGyQ
181,1747,1,311,1,4,5,3,-1305075,737773,1335579.65,789227#RX8Thpbq72W3Hz,-64059,-145296,723022,-436749,1606515#8tz05P63Jb9atAC3uu
182,54,1,360,2,6,6,7,1758448,-674475,1762061.65,1810229#RgdccpDnHP5pEC,-432636,1013819,-160570,1436693,1708823#449uBUPwn9ofrvKjpM
183,120,1,601,2,1,5,5,1741577,391795,486512.3,59816#9mvInlCeQVNdT8,770385,-1210722,-173241,18882,154204#oeU3yTrwys1v8LuuDC
184,1562,1,375,1,2,9,5,-505497,-441505,752771.26,1228049#QM5IhKjHEp6Ms7,1740433,1006305,1641433,-587952,732791#RktmK4AgOgVR06gLWm
185,653,1,77,1,1,3,8,-1331074,-775605,-1353592.99,1095915#73HbO10z4bgalk,1828290,-1807854,-954403,-1426799,1680165#jo318bQyBhetTSiSOj
186,1203,1,365,2,4,4,3,-1287897,441105,1736831.92,1401122#koFqh2HfUYoeWn,-180135,-1852222,1471875,-1245146,137606#pj820qrCWa7WdfeIgA
187,217,1,798,2,2,9,8,603864,381383,1106231.06,1192935#bZuVRx1xlZWh6G,-754838,-1077158,507303,1646692,669220#Nn4vOKDL05jWOy3lZR
188,1232,1,130,2,1,1,1,-367723,1146034,-783806.81,723375#ikwNrNBySNUo5q,1451893,1519518,879904,-1419412,728871#Ehp3PF06g7arBfRA1N
189,526,1,302,2,5,3,3,-149225,4262,173575.84,1775939#oFtyTh0ghtwcEk,1785751,-1398923,1861910,-926120,354115#6IkUNL9wc0cyq2Mcff
190,962,1,23,1,4,6,9,1265298,-1275865,-637162.03,1068013#Hp2i3gw2NFAUsn,1836380,-1471075,-1229588,-1836950,1794234#dR6alJLcKvucQB4L6t
191,1549,1,716,2,3,5,1,1752814,997184,901470.82,910391#EiiGeapl2Lr0wG,-301979,408430,-1010148,-1695904,1598297#EQuFkuGCrcAMSLmK0s
192,1510,1,1196,1,6,5,8,-700459,-1224205,-743215.13,860445#mwkoXZPTzlBNn5,-442443,1370352,814613,-648882,1545718#2JV1yUf8hRgGwvoAij
193,22,1,1055,1,3,3,6,966136,-1897037,-584987.86,562102#7VxJm5BjOMdVJJ,649757,-1552852,1374057,1347840,1413963#fz367Py6HrlQL0HL2I
194,1477,1,226,1,2,9,2,720088,-1779914,843198.1,402835#8yol0Hx4a0PHHJ,1010897,194784,1395276,-1715662,360975#H4N0jEyYWPohwO79eX
195,94,1,75,1,4,8,6,1575796,-528639,-310826.51,1251283#OfyNQF0miUQJzu,1160958,1884212,-589403,1152954,574896#rWuN2bf2FgtdiE7LmQ
196,954,1,937,1,4,6,5,-1067968,113554,954200.77,1875940#oEJ2sjqnXZgL7C,924353,-1287737,-618139,1287736,1860199#5DlKXVg72uLYWHdCz9
197,1623,1,998,2,3,3,6,1694267,-936593,669073.06,267189#GpuyuQ2i5FXfwl,-783294,-641368,-1756644,-1654662,321529#2CZtQIdqxkWhT89ttq
198,362,1,1029,1,3,8,7,-1037221,1485971,-1312020.72,1820179#rAI19OOUEeFOYn,568489,-1514627,143226,1167233,1539689#BIXo1I589eFzIoXu8c
199,1646,1,441,2,6,6,5,-423306,1001413,636702.12,482199#NsHP9dRJTGr7Kd,-1046860,35581,29176,1876858,675353#k2ZQg6P5W7CcUVOlcN
200,896,1,15,2,6,4,3,519656,1326550,-25959.24,763475#gR3avvxphO5M4Q,-1188017,649397,-927327,1441722,1370316#zIBWvJ65TNBKg2qTV3
201,1511,1,780,1,6,9,1,270606,544653,846795.45,738459#Yh5ZzSWtaVzyRy,1172304,-1811353,1956716,406922,727821#o9CGEnJ7LpCPSKXTQJ
202,1735,1,1120,2,6,2,1,1229483,895760,-496043.93,678479#mZBfw3Pyy6Xce7,-1446186,206087,-82124,-1298035,625392#prmfoA7MNV3dWiLooO
203,263,1,145,1,1,1,1,-1915222,1840018,-1716579.39,1314217#yGYLcAA7Td5KTP,832267,1708500,-1110396,666449,1040264#aGoCw3l8HIw3lyCiXm
204,756,1,983,2,3,4,7,998101,2024316,284403.29,347989#hlZyqUuyhOwGU3,896840,-113712,-118949,-1889291,1193271#H8HbcBVdvRIczh48XF
205,469,1,61,1,6,5,3,1987080,-1183547,1324113.58,432936#xgV5JSAVfT1W9Q,-1084469,539733,-245677,-458946,1143827#VRFBoX2wgspNaRKIC3
206,1365,1,998,1,2,1,7,1250828,1856502,-400936.66,1860349#XchgT6Ts1lqKyM,122199,-657635,-69427,-1381243,883891#AnLWN7COWqTm8h8msv
207,1222,1,354,2,3,6,6,403163,-747081,677094.71,283261#q7qh1d3jQoNTZg,1062292,567893,321046,-1657087,558705#gZklagmmcKkMLFrIoi
208,1006,1,835,1,2,7,2,-1526586,1653336,-1463942.16,1920558#LJnB5VAQxT29G5,1772814,-1772937,-1941562,-648103,34643#hgnNBpnzVREmFtgUnG
209,944,1,423,2,2,5,4,1254964,752342,-1503612.04,660089#NP4fga1kUH71Vt,577215,-1084203,1278731,-398371,1615661#1BV14vOIuke0F9UcDy
210,301,1,357,2,4,4,6,-574621,864617,-47517.23,63771#Hv8tP3xkdWmWBw,-1034356,811793,1874110,223036,1749991#6fVX1wPOLtykSp653r
211,147,1,1021,1,1,9,1,484563,-1340383,1401629.62,830104#pE7rnUE5fklBaL,-2091599,-1706658,-1115748,638170,1344101#okB2vOoj8153BHWNdB
212,893,1,484,1,4,6,1,402403,288445,-1265491.53,1172134#xDsCmMRswYAuF7,-24290,1659803,1902123,-1618864,1484045#lFbMtaoeLpmlOaedSJ
213,1267,1,319,2,5,9,4,1929369,110692,-892930.26,166838#Q2uUwQnpqB8pgd,1545621,350246,947056,1098763,91677#r50KGRVxpNGSdnhbPZ
214,1031,1,1080,1,1,6,5,-302540,-2070467,-6598.71,2055059#K1x6OZXWkZRBsC,2090858,1614080,1490225,1937584,930124#nqtYVnLQiFWGLh6OJX
215,960,1,714,2,2,1,1,328125,-548188,1725285.61,2104827#wJRDGXFs3gFQk1,-1891585,504985,-1771589,1184708,554783#iFZv7tk7poUm7HAWAo
216,1437,1,585,2,2,9,8,-1604783,1017110,-652516.78,257503#huB6c0nmzwNIgq,-667677,1248669,-907618,-1015956,476820#Ba0fMIVD0p9QFYl2qN
217,1372,1,773,1,1,3,8,310350,-1478537,2015410.87,1707338#ZDi2SEuUxIryG7,-566720,458612,-1311536,6836,1463125#wpc4GXA5HZCIBN476f
218,226,1,135,2,6,9,1,-535807,2021756,-1017048.45,1499628#VpkroPzZC9Nd4C,-1218770,30215,413788,-1360652,2085739#nDlnVgm9GVJp0GZFWg
219,1729,1,668,1,4,8,6,-176862,1967588,-530900.08,29730#N5ddtiZNuSX3YP,-2127315,255139,2098793,-330950,2186126#lc0vbOdxuh5bOVI0ul
220,967,1,834,1,4,4,4,388066,-210802,432447.77,1920384#QcyVNrtqq9Ya34,1225474,1946504,-1638250,570279,1337000#e3pQ63d57OmC1xPOSr
221,321,1,705,1,1,4,5,-378226,209771,-50311.4,615654#3N6pEJB62b9rQP,-285144,1423358,-1438126,-1520485,428169#jnhhF888L9EM5dQ8E2
222,1621,1,1037,2,4,6,2,603752,1496757,46021.8,743091#OJDN4OuTpeX76j,-1655567,228927,8290,1034628,1659632#3ejY7HJkBDHFYfunzY
223,1082,1,631,2,1,4,3,1137579,2173376,1027280.5,1550264#nTO8KSiRuCUSpO,-263781,-1036120,489543,1856542,769717#StjzPoQFDzL2vgGX5v
224,1548,1,320,1,4,9,3,-641592,436003,1974685.34,1716125#AgLH9pmfgHgYgt,-304996,275839,-1381244,-701668,871363#INvf0Jzvv3KPnUFltD
