281,722,1,357,1,4,7,1,-2023675,1141741,2073179.65,1220710#JX7pkeUyhOX7hx,-94459,-220996,1118022,-682749,2489886#1s3K4X03rhXHAWNqbP
282,1029,1,1038,2,2,8,8,2724248,-1047534,2728461.65,2800465#CkVBN8yMwQsLnn,-675036,1568419,-253370,2221693,2642902#ctCWQ4K7Dt17ul4PzQ
283,1745,1,875,2,3,3,2,2687827,604862,753712.3,90506#3fXe0gUzW287ez,1190585,-1872122,-264041,26082,234350#VaXP6EmdtDVwWe17Oc
284,487,1,405,1,6,3,1,-775872,-677309,1159171.26,1890919#xlJPAnzi85qJ9L,2688383,1553705,2531933,-903352,1129174#WAoeeInI3LAZXffQKc
285,28,1,788,1,1,1,6,-2052074,-1190398,-2089592.99,1687599#hYtVsPPl8poueq,2814890,-2784054,-1465403,-2197599,2583048#GXyTPhXTKuymhGWDJJ
286,378,1,403,2,4,3,5,-1977197,681014,2666431.92,2154164#0JUuDVcYoG4MTo,-272535,-2851822,2260275,-1914146,208823#449uBUPwn9ofrvKjpM
287,67,1,352,2,4,4,2,926564,582624,1703031.06,1829248#GOCHnYh7MXwoAl,-1157838,-1647958,774703,2525829,1024208#BcCth77UeJ9OIoHjOA
288,307,1,282,2,1,6,3,-565523,1754853,-1201406.81,1105219#v7r2JbgCbt2MUj,2227093,2328718,1348904,-2175412,1112431#Qt7akQlPtC0knQRrMg
289,951,1,989,2,4,5,7,-225225,3934,261575.84,2710623#ytzfqsxzqnSzWk,2734076,-2137323,2849110,-1420320,537127#vlSvLmeN7yYjEdfNRG
290,1662,1,799,1,6,6,6,1929198,-1947272,-973162.03,1626369#7wNqaeRl4xNORN,2799780,-2242675,-1877988,-2805350,2734333#TVMyjYGjRHg8o5mQ8P
291,449,1,475,2,3,4,2,2671414,1521348,1371870.82,1386787#fhD2Ut6szDRKEk,-464379,626830,-1534148,-2588704,2429899#cDp02kzeSIPAKKPB9R
292,785,1,1116,1,2,2,9,-1064659,-1861506,-1133615.13,1304663#ec2gJEIsz7sOt4,-672243,2080702,1235413,-988532,2350202#ESU8SpXliVJ6zGHUkV
293,1622,1,1079,1,1,4,7,1469836,-2876187,-887387.86,853325#dub0rIIbLMkOEj,989257,-2362452,2083657,2047815,2145463#IerBvQirzCCWbOQa4r
294,152,1,143,2,4,1,9,1090488,-2701836,1281598.1,610179#rAI19OOUEeFOYn,1532097,291759,2109876,-2596762,543460#7Z40My0ktY0wcDTBJo
295,1419,1,665,2,2,7,7,2378996,-795290,-472426.51,1889302#yIYENSnsd6ZSzb,1755158,2846812,-895603,1747254,864923#ZCwUys48KX0zH0Btjx
296,229,1,451,1,6,4,7,-1614768,173904,1439000.77,2830291#fjXKh0v8bEYH4E,1397553,-1946337,-930339,1944136,2807356#3QyedPLHedkWYr4Ekn
297,773,1,756,2,3,3,4,2551067,-1407003,1009873.06,400468#dx5dLwwghSrxjX,-1180494,-966468,-2644544,-2498462,483340#Mze4F4x7cQK5r66MVQ
298,12,1,1068,1,1,8,8,-1565021,2238013,-1969620.72,2737942#f3RBWHywb3o8rx,856889,-2276027,217376,1757193,2314381#WLPskNiYgVBNkNDBv6
299,1171,1,939,2,4,2,9,-638906,1502494,956702.12,720167#WDRU9KYwDmAB4I,-1575610,53181,48576,2823058,1013150#sUDSMdmsUYkXZxpp3H
300,921,1,967,2,6,2,2,783056,1992519,-43559.24,1144538#cmoiB5xRxYncla,-1777567,976222,-1389327,2161522,2054732#nWg0yXz4Ais3tqJh50
301,736,1,29,1,5,6,5,409918,814967,1270795.45,1103658#s9XQKlUuO9iIbY,1758104,-2716153,2932116,612922,1085645#RLhCyONSY10qTmlgtF
302,985,1,1147,2,4,5,7,1840083,1339350,-739243.93,1010058#o6HNYszS9TNmTg,-2162586,303287,-127724,-1935835,932340#Mze4F4x7cQK5r66MVQ
303,1488,1,57,1,3,3,1,-2857022,2749765,-2559779.39,1960582#GPxexkJnMkjRSY,1243717,2551700,-1657396,997149,1551479#9VUAjdVEbB5eEJFRou
304,131,1,381,2,1,5,3,1489901,3014333,425203.29,515695#RJ1dneS3PqqezQ,1341340,-172062,-178549,-2819691,1776046#8ZJl1xzRaueBkVkoAC
305,1644,1,615,1,6,1,9,2954780,-1758858,1973713.58,640727#gM2iSiIuTM3LHe,-1614669,806433,-363877,-686221,1697037#0fdodB7lS8jG3kcYYy
306,640,1,1065,1,4,5,2,1855428,2756622,-597736.66,2761386#GzT25TIFr3uHpz,182799,-979035,-106827,-2051218,1308749#No1Kwg9gRSepPMXpAS
307,1322,1,1151,2,3,6,3,596713,-1108393,1006694.71,415686#Ph9CR9QUtDTJSp,1580192,842568,472486,-2457387,824302#fjbBemXN6lIwxC1HQw
308,606,1,824,1,4,1,8,-2264086,2446488,-2164742.16,2842784#Wo9A2toDdXPsBE,2627864,-2628137,-2873562,-962503,47968#T7K7QyXP2tE77zyjjn
309,369,1,1190,2,2,9,7,1859364,1112616,-2223612.04,971909#en2yhE8u3D9Bwf,852015,-1601003,1892731,-590971,2386223#NVmxpKGu84J5kUTmrT
310,1476,1,490,2,4,9,9,-850921,1274557,-69917.23,92966#pu4qYI10TpBcYd,-1529556,1200593,2765910,332311,2580853#Vhc5KwIBYwDJZf9H9e
311,622,1,771,1,1,9,2,712963,-1979002,2062429.62,1221078#ZFDa8vaNVDFlDa,-3084699,-2515658,-1646748,940170,1978640#YUnEZ0pOiVuLCV7OhP
312,993,1,677,1,6,3,5,588803,428685,-1865491.53,1724384#QcyVNrtqq9Ya34,-40290,2447403,2800523,-2381864,2179550#KAoy8f1K7EQ8KMIQ7C
313,1617,1,792,2,1,2,4,2834969,165656,-1308930.26,240836#3uorp0qgdrOzG6,2272521,516496,1391856,1612263,132792#Fi9qQ7MzbkW35EsUWl
314,906,1,1175,1,5,3,8,-445740,-3036256,-9798.71,3014017#rtnrhLSnsxof0g,3065658,2369080,2190625,2842384,1362634#LsyDcZ2KPFQVEIIOUO
315,1710,1,349,2,6,4,1,478575,-804637,2526885.61,3080900#2q3HVdyKm1uk3B,-2771185,742385,-2592789,1739708,809378#YHxvUftmNuoHMqyQeA
316,1087,1,341,2,4,2,4,-2345183,1485701,-950116.78,375220#wlyZBr2qAZRDek,-977889,1828069,-1330418,-1486356,695807#CidrS51Orwrih0JA5i
317,547,1,911,1,6,6,1,455750,-2162605,2941810.87,2492928#ndME7bDzPiX4vs,-828520,670112,-1920536,12436,2135946#kGjH6t5mtCDkYdAIXm
318,1201,1,163,2,4,4,4,-780407,2952800,-1487448.45,2183529#Nk0v19Ll8KnRs0,-1778170,42215,607188,-1987452,3042438#QKZ8xl4iLDKDudYwgP
319,1379,1,96,1,2,6,4,-260762,2870285,-777300.08,39199#NsHP9dRJTGr7Kd,-3101765,375939,3053893,-481750,3181248#TsTNeRdnz7QfpWGN8o
320,1717,1,496,1,1,3,4,566766,-304131,629247.77,2793128#bCQX0yVUCILov2,1778424,2830904,-2380350,831679,1943754#Pshsmq7OOaBjxcPqBK
321,1221,1,90,1,3,6,7,-546226,302014,-71111.4,892008#Oy2P1ArQs7HKyM,-416544,2069158,-2089726,-2208285,621536#lE3VsGfo21KrDiwVjB
322,1171,1,575,2,6,7,4,879552,2172055,65221.8,1073816#9mvInlCeQVNdT8,-2397367,328827,8490,1499828,2407081#vC2PXXQaMMjjYPUJ4c
323,957,1,966,2,1,8,5,1646379,3143902,1486480.5,2242823#zon9mrPmKJm68J,-385681,-1496920,711743,2687742,1113866#L3cyvapNhKrABZWy2j
324,823,1,663,1,2,3,2,-928192,626518,2859485.34,2478079#tQL3T5dkKYuIC5,-440196,399039,-1999244,-1014268,1259410#qUlPDdkc4rfp33OJZZ
325,1260,1,234,2,2,2,1,522619,65135,1429616.38,2645410#JV9o890LzCMp6t,-1972871,-1367802,643509,2243450,2292504#R63cVQWpUKCTYIWJ1M
326,1048,1,302,2,1,6,2,-658433,-547304,743057.62,1812206#cYyYTXsFmtpLpa,-911091,-2812458,1998355,-1089854,2041932#RkacQpQMkYaeXtFnhn
327,1696,1,712,1,2,5,4,-429245,-1103356,-1471734.98,534306#xfmo9EUOoXqhlR,-330990,1306411,-1406423,-2409936,2628352#kOsj2iJDLvUB1lOek5
328,1400,1,642,1,6,4,2,2213225,999211,-3177414.11,2065355#XfhluIjgk90e8m,2549818,1099609,333840,1474323,1213585#BtOqh2FUKp689XWs8Z
329,1260,1,896,1,6,4,3,-2700523,2821657,158605.86,2051371#Qx6TPnRQ8o5aXT,-367469,-2558373,-1268855,-1083712,3141980#PQaa6uvku1SQUdhRPH
330,1575,1,679,1,6,4,9,43963,-2139349,1436773.04,1784460#o3oFwiq5UP2QMN,1133972,-451278,-2734073,1374192,1034966#CGLenyLk7rlnPx3FsE
331,1097,1,380,1,4,8,9,-2382975,1343725,2441979.65,1436452#ZaQF2vLK6HLXec,-109659,-258846,1315522,-805749,2931572#3cgYC6CzEpgo7xB9yq
332,629,1,180,2,6,9,4,3207148,-1234064,3211661.65,3295583#o3be9vW6TysLmc,-796236,1845719,-299770,2614193,3109942#KclxfZop2Bvksm8VXD
333,1670,1,1012,2,1,2,5,3160952,711395,887312.3,105851#F5x58xfgrZ1wn8,1400685,-2202822,-309441,29682,274423#24nrUhSdcrolndjG0T
334,837,1,420,1,2,9,8,-911059,-795211,1362371.26,2222354#wexKUQsGKWE0aH,3162358,1827405,2977183,-1061052,1327366#ggw1Em0SdFCi6lSC39
335,603,1,545,1,1,9,5,-2412574,-1397794,-2457592.99,1983441#HpjK5TJ3fdyZ4K,3308190,-3272154,-1720903,-2582999,3034489#Fw0cEtn4Ggpy868kVa
336,853,1,422,2,4,7,6,-2321847,800969,3131231.92,2530685#ZIV2jt8AAcGMVp,-318735,-3351622,2654475,-2248646,244431#Qt7akQlPtC0knQRrMg
