1,1,1,1,530,1491,507,1,382.1100,-7109,2013-04-12 06:56:50.000,-8362,11651,2280.2,92.49,5711,12257.92,6142#4AvNpZmS5Ztm4QJAPd8MhttcR37Dni92MoXkkcBjbACl8kqnNc8cUyumXFpnvgYtH3RgQdgQE9QIe2Fl6
1,1,1,2,747,205,607,1,318.6900,3263,2018-04-08 08:07:37.000,2775,20209,12573.1,23879.97,21798,1875.94,19403#fCfSKYCT247NXn8nmzbp7xcqUJzoJqygLOt2Q6axoV0Oyx3QxWFklvih8EQyUJeQQP1UyGqAKEbwh90WP
1,1,1,3,123,2305,1166,1,-95.2080,29575,2007-07-12 22:41:21.000,-5189,3395,-5581.6,-19393.39,-26961,25361.67,34396#sRDtgztyKObqHtnGlsUMTe0NLWYvUXlDXyvz8qWXki6jbhYMHz6xXYvnJj1Hxr8wnUiZCq4MZxy2804Kq
1,1,1,4,813,2766,599,1,-433.8300,3792,2003-07-26 06:59:20.000,-33595,-25344,16688.9,4990.53,-19067,9003.27,23509#5BmlaGqzLoZjJjJdUcwdIlP4EhbrgUX1pySUzcZpMG7NtFeZqAAfqllJlK4MrDsc3FlBJb9K2bcxM5K4g
1,1,1,5,402,1087,153,1,-285.6200,-46825,2002-10-20 21:20:03.000,25233,-25135,-52878.1,34712.24,-30272,-38535.89,20081#Qm2553drar984keahViWa5JVNAATNSLlXXs9QSNmNfsHaPCHvejWyjMevhp6yFTeRivYQdShJqu8BaHNW
1,1,1,6,263,1130,1130,1,97.6700,-31212,2000-05-13 06:20:09.000,-17374,7564,28183.7,54637.87,17487,-3488.47,54272#upHeL14TfDxlJ0NPm9egWp3V8RtbUT0U3YrGZcVLGeSDmG1Kv0liTFyWPBpamAeW0upzzTKCYEurKtDTy
1,1,1,7,116,109,924,1,364.7200,-70566,2019-03-19 12:33:39.000,60258,29771,-52893.8,-41663.61,-40507,-19804.43,20147#d9SOxYIXgYWiq44AxjZ4uwOAN56tznY7uzU9EMdSFVUU7Iq64VXWV23GVfRJv6uPGf4KOyfur0T6RAmqh
1,1,1,8,507,185,287,1,-256.3600,-33488,2006-03-15 21:55:34.000,-70383,20950,55703.3,-44410.36,53083,-69498.17,34790#OdrTguonvUfqSoYa3sTXqPEseyVzlIbSTQEBFieAQpgw9L2aeJJPQwhwBfaFhxlnb0XYpp8vu5sblMVRZ
1,1,1,9,563,1703,1440,1,-343.2400,13935,2005-10-02 14:51:51.000,-40572,-41614,-28031.2,-65118.24,-72897,-1072.24,25735#pmkJ9ch9gGFLIobqM3Ku6ImJRwt724d4mr2bRi17O6rcdQsPyX1csi0tEJSdigYjcEuBG6BEM7BNvdWk7
1,1,2,1,747,205,607,1,318.6900,3263,2018-04-08 08:07:37.000,2775,20209,12573.1,23879.97,21798,1875.94,19403#fCfSKYCT247NXn8nmzbp7xcqUJzoJqygLOt2Q6axoV0Oyx3QxWFklvih8EQyUJeQQP1UyGqAKEbwh90WP
1,1,2,2,298,2588,422,1,-95.1640,39360,2007-07-17 17:21:12.000,-4775,5160,-4446.2,-23489.39,-34648,34673.67,43196#SrhLM5i7hd2vPWp5PBe5Gkpdlcowq4Tb0D3lOX78AJ0FPIsXZUsk5EALbLVZpq23K6GySCZutWF4JCoIr
1,1,2,3,329,1703,659,1,-432.3500,8302,2003-08-07 20:20:19.000,-50705,-34076,21282.6,3422.53,-24272,10251.27,33097#rSv1kgMFbC7bt1o6cjFCwk7Fddi0HXH0Wqz8yexs46gmEM1SXFulW3gVAI9ltdv2oNb3PsuY9koLbkiQ1
1,1,2,4,1036,2171,814,1,-295.1900,-71963,2002-11-09 14:33:20.000,36474,-41872,-78734.3,60440.24,-52317,-65559.89,30062#ANZ8RYAJgbxThCyDmpsQHnzGSG2Vu7MkRBB6UG7xFX7bd4ytZcnrwyAm1HXh8Svi0vKwj66Zvxbz00saS
1,1,2,5,1119,2656,1368,1,75.8700,-58065,2000-06-12 06:27:36.000,-23378,9616,43928.2,88429.87,28786,-928.47,84320#jDxN1McqzlwiD9x9BE1F3ypDhAQP5h5DX5sKHjPHbVMeV83eHXAb9V1srIDDz1Ivtrl69Plqdhfy12xMS
1,1,2,6,691,734,1079,1,364.2200,-114366,2019-03-21 09:34:31.000,108513,49049,-93526.5,-71183.61,-62431,-33324.43,27418#xhrPL2sTxWMA16vLhf2Wb81c4VeP7jgAkuY2UYkRoWLFjrOMcL6YL6dcv763kAxj8ECQBCh74MHZP1J0z
1,1,2,7,365,1208,211,1,-255.7000,-60146,2006-04-16 17:47:00.000,-123522,40627,104333.0,-83674.36,89574,-128730.17,53695#k4ivShO3GN5SeZ0XnvTc8PHeUnc2FSaSXKGF51URDPh5CbuclTyqrkwT2Vye4VJCQ2tzkAQTl2ZcBeOdm
1,1,2,8,145,1580,1142,1,-356.2600,31309,2005-11-09 23:37:06.000,-70434,-72214,-51912.8,-115854.24,-128446,-2864.24,43111#Ahs359gT3styYimohCYZsn0LgyBWSILD4TXNUQwp9OossGamypyKZjBRT02OIf0AUHko7PLFkCtlw6iQo
1,1,2,9,455,71,628,1,17.5200,-56402,2017-03-09 15:48:34.000,18871,-97407,-80452.3,157819.4,6870,-57517.78,111160#oBTD7imHWbJ5IY6PF3CKdgSfeIsgrb1wDjw0yESEDIokUKP9gcThegvyT4dEz9uS5Cfu1x3hucQX0ZHkA
1,1,3,1,123,2305,1166,1,-95.2080,29575,2007-07-12 22:41:21.000,-5189,3395,-5581.6,-19393.39,-26961,25361.67,34396#sRDtgztyKObqHtnGlsUMTe0NLWYvUXlDXyvz8qWXki6jbhYMHz6xXYvnJj1Hxr8wnUiZCq4MZxy2804Kq
1,1,3,2,329,1703,659,1,-432.3500,8302,2003-08-07 20:20:19.000,-50705,-34076,21282.6,3422.53,-24272,10251.27,33097#rSv1kgMFbC7bt1o6cjFCwk7Fddi0HXH0Wqz8yexs46gmEM1SXFulW3gVAI9ltdv2oNb3PsuY9koLbkiQ1
1,1,3,3,438,649,1626,1,-298.3800,-80343,2002-11-16 04:17:45.000,40221,-47451,-87353.1,69016.24,-59666,-74567.89,33390#ZpEh86MJt8eh8TmBH4i6g0WkR9DTK6j7CkrKcR0Wf9vtcHvm1JkhF1uMUVurgYoBB0mj2sZfogLNzddwP
1,1,3,4,333,594,600,1,64.9700,-71492,2000-06-27 06:31:20.000,-26380,10642,51800.5,105325.87,34436,351.53,99344#Bv9okulN7X8hrtdlIh6ULSUG4kXSWrNXEsHqaBf3RUIFPEDLBoQrbFpE3N0N84lumFwat4V2YHUpvphBF
1,1,3,5,1036,1109,817,1,363.9200,-140646,2019-03-22 12:35:02.000,137466,60615,-117906.2,-88895.61,-75585,-41436.43,31780#wE0kn7B7FiwLrM7ATA1J48zcKQCUIftc5IvuCwIbmJmLWlkYPUuz8uRr0diuxXHF9RAWKusoSbNQV3Qg5
1,1,3,6,675,1890,752,1,-255.2600,-77918,2006-05-07 23:01:17.000,-158948,53745,136752.7,-109850.36,113902,-168218.17,66298#AkSV6IN9dHgLPultzxP9VlGjtMldltqMDRXd4lnqbLwlUrRDLYwNDHq8lecdCrvnO6gnmePzZwEwFGQ0K
1,1,3,7,887,685,422,1,-365.5600,43719,2005-12-07 09:17:59.000,-91764,-94072,-68971.1,-152094.23,-168124,-4144.24,55522#OKGEERxApL3CEY1ABGzbaIe01wLmXcv13XKpdcxyTWjI9SVhOH4pLF5FzcROmLN1BnDYIk3XwfnVDKAvh
1,1,3,8,287,1061,1268,1,0.3600,-75122,2017-03-16 14:07:38.000,24955,-132348,-105687.2,212443.4,7363,-77389.78,144927#wOb1nnj1xRqchGdGc6GHXhiJnh1rlVX9xMUhX3RicjpFJxsfwkU6tOqcbRuoVLECxj5mUym0rSEYlXe1h
1,1,3,9,1015,731,152,1,566.5400,-199217,2006-01-26 00:20:10.000,-178050,-14397,107181.8,245732.53,61331,-142483.52,145044#spfATqG4jBSFsJfdgNtXiKOYRO623JztMICDhV90ilvEJWU6rEYAuB76LJFjdhQgNeHEXFNwQNuQzjj6o
1,1,4,1,813,2766,599,1,-433.8300,3792,2003-07-26 06:59:20.000,-33595,-25344,16688.9,4990.53,-19067,9003.27,23509#5BmlaGqzLoZjJjJdUcwdIlP4EhbrgUX1pySUzcZpMG7NtFeZqAAfqllJlK4MrDsc3FlBJb9K2bcxM5K4g
1,1,4,2,1036,2171,814,1,-295.1900,-71963,2002-11-09 14:33:20.000,36474,-41872,-78734.3,60440.24,-52317,-65559.89,30062#ANZ8RYAJgbxThCyDmpsQHnzGSG2Vu7MkRBB6UG7xFX7bd4ytZcnrwyAm1HXh8Svi0vKwj66Zvxbz00saS
1,1,4,3,333,594,600,1,64.9700,-71492,2000-06-27 06:31:20.000,-26380,10642,51800.5,105325.87,34436,351.53,99344#Bv9okulN7X8hrtdlIh6ULSUG4kXSWrNXEsHqaBf3RUIFPEDLBoQrbFpE3N0N84lumFwat4V2YHUpvphBF
1,1,4,4,1151,1234,138,1,363.8200,-149406,2019-03-22 21:35:12.000,147117,64471,-126032.7,-94799.61,-79969,-44140.43,33234#W9AtAsLOsthSNYs9mwzIYm3B2dWixgRZwDHpVJQp2jLBWaSepnCVn9palLGlqwc9lxv4yc7qoSrMzVo8a
1,1,4,5,223,2231,135,1,-255.0400,-86804,2006-05-18 13:38:26.000,-176661,60304,152962.6,-122938.36,126065,-187962.17,72599#l6OMJ0S5rvHTloxsxmTGNYwGg2urIascTYvbBTMkU3jGBEMDRRxCD3yiZUbleVqj0si05l3oGOXehS3Xd
1,1,4,6,361,1843,1055,1,-371.1400,51165,2005-12-23 19:54:31.000,-104562,-107186,-79206.1,-173838.23,-191930,-4912.24,62969#0XHEuELl2lnX1O88wpGhagIJQ3vErq1wi2z6jii8bzzWkkI2zMcf2t8ESs8K1bgJrQr50ljCAIbQq5oxz
1,1,4,7,175,1721,1103,1,-11.0800,-87602,2017-03-21 05:00:21.000,29011,-155642,-122510.5,248859.4,7692,-90637.78,167438#CGUD4Xc7QVJ8ae8DT3IXCeRaZa6qXsnJbQ0u4TMeGun0QVkYt1RTodO9rjeK7Kuzwkfua8rDiEil5ufjK
1,1,4,8,352,491,1394,1,593.8900,-237282,2006-02-22 07:53:30.000,-210615,-15657,126190.1,289572.53,73673,-168083.52,171798#94fsaj2T2COY6rQML1Gd2gCqrnjPDys0ftvdoWeBXs4fTwPfkMDcHiichqpctFKLYIp4OF39qITsh3SXz
1,1,4,9,861,1542,1675,1,-520.6700,71007,2010-09-01 06:07:29.000,-253470,319550,27122.6,315031.97,-163545,-195223.64,333293#dJQLgSRroNKpLyLIAAgDY4RTjdALQB2av3adjbnB0epLC1K1pm8bnXAziCR8VGnZ3uSFkku1jnlAU8w5p
1,1,5,1,402,1087,153,1,-285.6200,-46825,2002-10-20 21:20:03.000,25233,-25135,-52878.1,34712.24,-30272,-38535.89,20081#Qm2553drar984keahViWa5JVNAATNSLlXXs9QSNmNfsHaPCHvejWyjMevhp6yFTeRivYQdShJqu8BaHNW
1,1,5,2,1119,2656,1368,1,75.8700,-58065,2000-06-12 06:27:36.000,-23378,9616,43928.2,88429.87,28786,-928.47,84320#jDxN1McqzlwiD9x9BE1F3ypDhAQP5h5DX5sKHjPHbVMeV83eHXAb9V1srIDDz1Ivtrl69Plqdhfy12xMS
1,1,5,3,1036,1109,817,1,363.9200,-140646,2019-03-22 12:35:02.000,137466,60615,-117906.2,-88895.61,-75585,-41436.43,31780#wE0kn7B7FiwLrM7ATA1J48zcKQCUIftc5IvuCwIbmJmLWlkYPUuz8uRr0diuxXHF9RAWKusoSbNQV3Qg5
1,1,5,4,223,2231,135,1,-255.0400,-86804,2006-05-18 13:38:26.000,-176661,60304,152962.6,-122938.36,126065,-187962.17,72599#l6OMJ0S5rvHTloxsxmTGNYwGg2urIascTYvbBTMkU3jGBEMDRRxCD3yiZUbleVqj0si05l3oGOXehS3Xd
1,1,5,5,995,2229,1266,1,-373.0000,53647,2005-12-29 07:26:42.000,-108828,-111558,-82617.8,-181086.23,-199866,-5168.24,65451#jxbCt2UAwofyJ4fmnB6tNKZLXW569ZFraEkAZxdvDuVzNL1nJHEooYiAhVYDPYNpyCDHx7QNeUUcdHExt
1,1,5,6,119,2051,133,1,-16.8000,-93842,2017-03-23 12:26:42.000,31039,-167289,-130922.1,267067.4,7856,-97261.78,178694#AmbfEJIYiWCizhWraikvSbsVPnRJ4IU5CVW0UVNc0Z5SzjdDbk46EUdlVc8LbzAbN8vdUCR3Ut5uDpxMf
1,1,5,7,197,1477,720,1,610.3000,-260121,2006-03-10 17:13:30.000,-230154,-16413,137595.1,315876.53,81077,-183443.52,187851#TLuX12WMtMwJ8hqgO7ffnhEjzdXInF7LndS9hv0g4VSur27SV97XBrgMgFpI5mqjtSV5kf526lqoP0MaO
1,1,5,8,147,1507,646,1,-547.0700,79115,2010-09-16 03:22:55.000,-280998,354438,29351.2,350679.97,-182581,-217495.64,369986#MXg4GedPRmV3ubSV6sRZtxBEFP40JFXA7a6qPi6g9M2zsx9wBCaCB2zUjHBypk38yV0OYKEjn04zSxAm2
1,1,5,9,352,2762,580,1,213.7500,230971,2010-08-25 14:36:16.000,-90258,-188374,8083.5,86610.51,20682,-151123.4,223799#wfgoW1GmhSbtXudUAhNCO17LBMLHYKyzvZByWchpqs4BuxHpZybDmkcWEuvZz1p9dii47Sq3Sczw27vBJ
1,1,6,1,263,1130,1130,1,97.6700,-31212,2000-05-13 06:20:09.000,-17374,7564,28183.7,54637.87,17487,-3488.47,54272#upHeL14TfDxlJ0NPm9egWp3V8RtbUT0U3YrGZcVLGeSDmG1Kv0liTFyWPBpamAeW0upzzTKCYEurKtDTy
1,1,6,2,691,734,1079,1,364.2200,-114366,2019-03-21 09:34:31.000,108513,49049,-93526.5,-71183.61,-62431,-33324.43,27418#xhrPL2sTxWMA16vLhf2Wb81c4VeP7jgAkuY2UYkRoWLFjrOMcL6YL6dcv763kAxj8ECQBCh74MHZP1J0z
1,1,6,3,675,1890,752,1,-255.2600,-77918,2006-05-07 23:01:17.000,-158948,53745,136752.7,-109850.36,113902,-168218.17,66298#AkSV6IN9dHgLPultzxP9VlGjtMldltqMDRXd4lnqbLwlUrRDLYwNDHq8lecdCrvnO6gnmePzZwEwFGQ0K
1,1,6,4,361,1843,1055,1,-371.1400,51165,2005-12-23 19:54:31.000,-104562,-107186,-79206.1,-173838.23,-191930,-4912.24,62969#0XHEuELl2lnX1O88wpGhagIJQ3vErq1wi2z6jii8bzzWkkI2zMcf2t8ESs8K1bgJrQr50ljCAIbQq5oxz
1,1,6,5,119,2051,133,1,-16.8000,-93842,2017-03-23 12:26:42.000,31039,-167289,-130922.1,267067.4,7856,-97261.78,178694#AmbfEJIYiWCizhWraikvSbsVPnRJ4IU5CVW0UVNc0Z5SzjdDbk46EUdlVc8LbzAbN8vdUCR3Ut5uDpxMf
1,1,6,6,550,864,1678,1,615.7700,-267734,2006-03-16 04:20:09.000,-236667,-16665,141396.8,324644.53,83545,-188563.52,193202#LOClUvXOt7SWPoUO7tAUx5GVju1N315QJ9kwrss8S4mAgyGTp8RbDxzxDi1nWqsSAojtHa8MI9oeieSBm
1,1,6,7,397,77,1019,1,-560.2700,83169,2010-09-23 14:00:38.000,-294762,371882,30465.5,368503.97,-192099,-228631.64,388332#LtelCDpxkfGUEl5IwLrBpZSkYmuwujczhRwNHpvjJ7cw1qup9kwrNlnAwBXxlMXumyds4xk7pbVuH2TNf
1,1,6,8,984,2442,179,1,224.1900,246616,2010-09-05 21:39:54.000,-96147,-200560,8458.4,92850.51,21602,-161731.4,238102#cB3hpHQQ4Tfjh8IDcmYfa3qrbBXvi1ufuPQpYZqqKSAIWoe2aQsKd7sH2gVoXYwPCzorrdmkcsfU5Cukl
1,1,6,9,733,321,881,1,110.8700,470617,2001-11-13 19:43:18.000,-494139,-297944,-292385.8,351763.9,-318445,-137910.9,298796#XE5xhK064KWlTU0cuTEXkTge2a4GuVPpeGYaLOOQkgeZbtjFqorPkq0q5MNjOsKFHz2yo8xeIQckzCl7y
1,1,7,1,116,109,924,1,364.7200,-70566,2019-03-19 12:33:39.000,60258,29771,-52893.8,-41663.61,-40507,-19804.43,20147#d9SOxYIXgYWiq44AxjZ4uwOAN56tznY7uzU9EMdSFVUU7Iq64VXWV23GVfRJv6uPGf4KOyfur0T6RAmqh
1,1,7,2,365,1208,211,1,-255.7000,-60146,2006-04-16 17:47:00.000,-123522,40627,104333.0,-83674.36,89574,-128730.17,53695#k4ivShO3GN5SeZ0XnvTc8PHeUnc2FSaSXKGF51URDPh5CbuclTyqrkwT2Vye4VJCQ2tzkAQTl2ZcBeOdm
1,1,7,3,887,685,422,1,-365.5600,43719,2005-12-07 09:17:59.000,-91764,-94072,-68971.1,-152094.23,-168124,-4144.24,55522#OKGEERxApL3CEY1ABGzbaIe01wLmXcv13XKpdcxyTWjI9SVhOH4pLF5FzcROmLN1BnDYIk3XwfnVDKAvh
1,1,7,4,175,1721,1103,1,-11.0800,-87602,2017-03-21 05:00:21.000,29011,-155642,-122510.5,248859.4,7692,-90637.78,167438#CGUD4Xc7QVJ8ae8DT3IXCeRaZa6qXsnJbQ0u4TMeGun0QVkYt1RTodO9rjeK7Kuzwkfua8rDiEil5ufjK
1,1,7,5,197,1477,720,1,610.3000,-260121,2006-03-10 17:13:30.000,-230154,-16413,137595.1,315876.53,81077,-183443.52,187851#TLuX12WMtMwJ8hqgO7ffnhEjzdXInF7LndS9hv0g4VSur27SV97XBrgMgFpI5mqjtSV5kf526lqoP0MaO
1,1,7,6,397,77,1019,1,-560.2700,83169,2010-09-23 14:00:38.000,-294762,371882,30465.5,368503.97,-192099,-228631.64,388332#LtelCDpxkfGUEl5IwLrBpZSkYmuwujczhRwNHpvjJ7cw1qup9kwrNlnAwBXxlMXumyds4xk7pbVuH2TNf
1,1,7,7,790,452,637,1,227.6700,251831,2010-09-09 16:01:07.000,-98110,-204622,8583.3,94930.51,21909,-165267.4,242869#NiBRpquxLe30QzA9l8co1NDEHmqS8fZCoWnQzvStc4hKPbaUAO8xwB8EBlwzwHddu4q3LpmaIFmCVmLnr
1,1,7,8,159,283,1438,1,110.6700,488385,2001-11-28 09:52:31.000,-512435,-308846,-303333.5,364627.9,-330035,-142742.9,309763#SXruPkPvoiPtFboFPfOQzOTBoTk64GsMVUPyIR9iTVWeUrhYDBzckIKX3nJnXJTfTwl4OcyuCcCL9ddMv
1,1,7,9,1072,2168,900,1,91.4900,-514467,2016-07-04 18:28:30.000,316879,-128573,-146628.2,-911.72,-561280,251868.38,504386#HswIbriSEcebCKhEYm6jVVhYk67LfvfXU7snPOvtjoovZclruZDbSXLz8TRwO55DR5nmKAiXaNjcH9Rrc
1,1,8,1,507,185,287,1,-256.3600,-33488,2006-03-15 21:55:34.000,-70383,20950,55703.3,-44410.36,53083,-69498.17,34790#OdrTguonvUfqSoYa3sTXqPEseyVzlIbSTQEBFieAQpgw9L2aeJJPQwhwBfaFhxlnb0XYpp8vu5sblMVRZ
1,1,8,2,145,1580,1142,1,-356.2600,31309,2005-11-09 23:37:06.000,-70434,-72214,-51912.8,-115854.24,-128446,-2864.24,43111#Ahs359gT3styYimohCYZsn0LgyBWSILD4TXNUQwp9OossGamypyKZjBRT02OIf0AUHko7PLFkCtlw6iQo
1,1,8,3,287,1061,1268,1,0.3600,-75122,2017-03-16 14:07:38.000,24955,-132348,-105687.2,212443.4,7363,-77389.78,144927#wOb1nnj1xRqchGdGc6GHXhiJnh1rlVX9xMUhX3RicjpFJxsfwkU6tOqcbRuoVLECxj5mUym0rSEYlXe1h
1,1,8,4,352,491,1394,1,593.8900,-237282,2006-02-22 07:53:30.000,-210615,-15657,126190.1,289572.53,73673,-168083.52,171798#94fsaj2T2COY6rQML1Gd2gCqrnjPDys0ftvdoWeBXs4fTwPfkMDcHiichqpctFKLYIp4OF39qITsh3SXz
1,1,8,5,147,1507,646,1,-547.0700,79115,2010-09-16 03:22:55.000,-280998,354438,29351.2,350679.97,-182581,-217495.64,369986#MXg4GedPRmV3ubSV6sRZtxBEFP40JFXA7a6qPi6g9M2zsx9wBCaCB2zUjHBypk38yV0OYKEjn04zSxAm2
1,1,8,6,984,2442,179,1,224.1900,246616,2010-09-05 21:39:54.000,-96147,-200560,8458.4,92850.51,21602,-161731.4,238102#cB3hpHQQ4Tfjh8IDcmYfa3qrbBXvi1ufuPQpYZqqKSAIWoe2aQsKd7sH2gVoXYwPCzorrdmkcsfU5Cukl
1,1,8,7,159,283,1438,1,110.6700,488385,2001-11-28 09:52:31.000,-512435,-308846,-303333.5,364627.9,-330035,-142742.9,309763#SXruPkPvoiPtFboFPfOQzOTBoTk64GsMVUPyIR9iTVWeUrhYDBzckIKX3nJnXJTfTwl4OcyuCcCL9ddMv
1,1,8,8,1152,351,30,1,87.0200,-522583,2016-07-06 06:06:42.000,321867,-130615,-149015.4,-1039.72,-570176,255948.38,512356#G8wW3SnQzon8CVW7uqGER2PTi9ZF6hl0OWG71WE9HYRiEM7tx7lYb19R7LGzkUQGSXGESXH1EferGNM3c
1,1,8,9,1018,767,369,1,-350.3100,405993,2017-08-09 12:00:19.000,-93223,566829,135397.4,694453.5,632771,524724.3,37205#ywmw9DcMLzvfVVFyQiCLNjOMQD7sSJDf0GzaaQ9sFlfETb0SmKzxvaHiwQNZMBUvB25NiR4OkEEmT6yUY
1,1,9,1,563,1703,1440,1,-343.2400,13935,2005-10-02 14:51:51.000,-40572,-41614,-28031.2,-65118.24,-72897,-1072.24,25735#pmkJ9ch9gGFLIobqM3Ku6ImJRwt724d4mr2bRi17O6rcdQsPyX1csi0tEJSdigYjcEuBG6BEM7BNvdWk7
1,1,9,2,455,71,628,1,17.5200,-56402,2017-03-09 15:48:34.000,18871,-97407,-80452.3,157819.4,6870,-57517.78,111160#oBTD7imHWbJ5IY6PF3CKdgSfeIsgrb1wDjw0yESEDIokUKP9gcThegvyT4dEz9uS5Cfu1x3hucQX0ZHkA
1,1,9,3,1015,731,152,1,566.5400,-199217,2006-01-26 00:20:10.000,-178050,-14397,107181.8,245732.53,61331,-142483.52,145044#spfATqG4jBSFsJfdgNtXiKOYRO623JztMICDhV90ilvEJWU6rEYAuB76LJFjdhQgNeHEXFNwQNuQzjj6o
1,1,9,4,861,1542,1675,1,-520.6700,71007,2010-09-01 06:07:29.000,-253470,319550,27122.6,315031.97,-163545,-195223.64,333293#dJQLgSRroNKpLyLIAAgDY4RTjdALQB2av3adjbnB0epLC1K1pm8bnXAziCR8VGnZ3uSFkku1jnlAU8w5p
1,1,9,5,352,2762,580,1,213.7500,230971,2010-08-25 14:36:16.000,-90258,-188374,8083.5,86610.51,20682,-151123.4,223799#wfgoW1GmhSbtXudUAhNCO17LBMLHYKyzvZByWchpqs4BuxHpZybDmkcWEuvZz1p9dii47Sq3Sczw27vBJ
1,1,9,6,733,321,881,1,110.8700,470617,2001-11-13 19:43:18.000,-494139,-297944,-292385.8,351763.9,-318445,-137910.9,298796#XE5xhK064KWlTU0cuTEXkTge2a4GuVPpeGYaLOOQkgeZbtjFqorPkq0q5MNjOsKFHz2yo8xeIQckzCl7y
1,1,9,7,1072,2168,900,1,91.4900,-514467,2016-07-04 18:28:30.000,316879,-128573,-146628.2,-911.72,-561280,251868.38,504386#HswIbriSEcebCKhEYm6jVVhYk67LfvfXU7snPOvtjoovZclruZDbSXLz8TRwO55DR5nmKAiXaNjcH9Rrc
1,1,9,8,1018,767,369,1,-350.3100,405993,2017-08-09 12:00:19.000,-93223,566829,135397.4,694453.5,632771,524724.3,37205#ywmw9DcMLzvfVVFyQiCLNjOMQD7sSJDf0GzaaQ9sFlfETb0SmKzxvaHiwQNZMBUvB25NiR4OkEEmT6yUY
1,1,9,9,959,2298,121,1,-183.1000,23939,2014-04-23 21:49:34.000,270329,-336613,-276441.6,711758.7,-280937,-786339.56,128642#sc7b8svEwNbVRSjjppXzsieFFgJEIcbAZ0mh2R6d8RwFJzyqpiRtSVvDpXnbiHM4TNTLjTHsjBPqddFzm
1,2,1,1,747,205,607,1,318.6900,3263,2018-04-08 08:07:37.000,2775,20209,12573.1,23879.97,21798,1875.94,19403#fCfSKYCT247NXn8nmzbp7xcqUJzoJqygLOt2Q6axoV0Oyx3QxWFklvih8EQyUJeQQP1UyGqAKEbwh90WP
1,2,1,2,298,2588,422,1,-95.1640,39360,2007-07-17 17:21:12.000,-4775,5160,-4446.2,-23489.39,-34648,34673.67,43196#SrhLM5i7hd2vPWp5PBe5Gkpdlcowq4Tb0D3lOX78AJ0FPIsXZUsk5EALbLVZpq23K6GySCZutWF4JCoIr
1,2,1,3,329,1703,659,1,-432.3500,8302,2003-08-07 20:20:19.000,-50705,-34076,21282.6,3422.53,-24272,10251.27,33097#rSv1kgMFbC7bt1o6cjFCwk7Fddi0HXH0Wqz8yexs46gmEM1SXFulW3gVAI9ltdv2oNb3PsuY9koLbkiQ1
1,2,1,4,1036,2171,814,1,-295.1900,-71963,2002-11-09 14:33:20.000,36474,-41872,-78734.3,60440.24,-52317,-65559.89,30062#ANZ8RYAJgbxThCyDmpsQHnzGSG2Vu7MkRBB6UG7xFX7bd4ytZcnrwyAm1HXh8Svi0vKwj66Zvxbz00saS
1,2,1,5,1119,2656,1368,1,75.8700,-58065,2000-06-12 06:27:36.000,-23378,9616,43928.2,88429.87,28786,-928.47,84320#jDxN1McqzlwiD9x9BE1F3ypDhAQP5h5DX5sKHjPHbVMeV83eHXAb9V1srIDDz1Ivtrl69Plqdhfy12xMS
1,2,1,6,691,734,1079,1,364.2200,-114366,2019-03-21 09:34:31.000,108513,49049,-93526.5,-71183.61,-62431,-33324.43,27418#xhrPL2sTxWMA16vLhf2Wb81c4VeP7jgAkuY2UYkRoWLFjrOMcL6YL6dcv763kAxj8ECQBCh74MHZP1J0z
1,2,1,7,365,1208,211,1,-255.7000,-60146,2006-04-16 17:47:00.000,-123522,40627,104333.0,-83674.36,89574,-128730.17,53695#k4ivShO3GN5SeZ0XnvTc8PHeUnc2FSaSXKGF51URDPh5CbuclTyqrkwT2Vye4VJCQ2tzkAQTl2ZcBeOdm
1,2,1,8,145,1580,1142,1,-356.2600,31309,2005-11-09 23:37:06.000,-70434,-72214,-51912.8,-115854.24,-128446,-2864.24,43111#Ahs359gT3styYimohCYZsn0LgyBWSILD4TXNUQwp9OossGamypyKZjBRT02OIf0AUHko7PLFkCtlw6iQo
1,2,1,9,455,71,628,1,17.5200,-56402,2017-03-09 15:48:34.000,18871,-97407,-80452.3,157819.4,6870,-57517.78,111160#oBTD7imHWbJ5IY6PF3CKdgSfeIsgrb1wDjw0yESEDIokUKP9gcThegvyT4dEz9uS5Cfu1x3hucQX0ZHkA
1,2,2,1,298,2588,422,1,-95.1640,39360,2007-07-17 17:21:12.000,-4775,5160,-4446.2,-23489.39,-34648,34673.67,43196#SrhLM5i7hd2vPWp5PBe5Gkpdlcowq4Tb0D3lOX78AJ0FPIsXZUsk5EALbLVZpq23K6GySCZutWF4JCoIr
1,2,2,2,1058,640,719,1,-430.8700,12811,2003-08-20 09:41:19.000,-67815,-42808,25876.3,1854.53,-29477,11499.27,42685#jP4pkDNzx9DHNLXeeKxeoMjFzOaBAHIR0Sw7MuEnub3eYZBTpiEHfB4ulTRd0XNl5dGTwmIpXjdTVeEqa
1,2,2,3,1072,1733,512,1,-307.9500,-105481,2002-12-05 21:31:02.000,51462,-64188,-113209.4,94744.24,-81711,-101591.89,43371#eFle3LpjYMoWDqiobGxfOCZJRWfVhUKSHh6rVskgMNLDrAti53HltRe0sk406Y89wfkGJJh7byHcU75Rm
1,2,2,4,1189,2120,838,1,43.1700,-98345,2000-07-27 06:38:47.000,-32384,12694,67545.0,139117.88,45734,2911.53,129392#t8Zbxi3HgNbBwZxXS2AMzvInMK8XZZPpeCqGQzD3M1opcn7WHIqxkYWWdQUldyhnNEKXaOpIzYfyQDo0D
1,2,2,5,397,1734,972,1,363.4200,-184446,2019-03-24 09:35:53.000,185721,79893,-158538.9,-118415.61,-97508,-54956.43,39051#KkmeaoPehJ7u7C16JE2BIJgFajhHWyWDUuMdobnb4B9JkdCH17O8aCr0EkKEonDkiDpnbcLHIZQ3ScGUu
1,2,2,6,533,88,676,1,-254.6000,-104576,2006-06-08 18:52:43.000,-212087,73422,185382.4,-149114.36,150393,-227450.17,85203#3wSYBMwSswFxnaLWqLB3vX7oyLkhC6i30APZVS6mcr7ZXQxVS59N2dhbqRJT4hivsNLvuubxVbyxZFABo
1,2,2,7,469,562,124,1,-378.5800,61093,2006-01-14 18:03:14.000,-121626,-124672,-92852.8,-202830.23,-223673,-5936.24,72897#e6EugF7faxd77pbNKNyJ6tLbmAK9OnXGkVpgtOkD7JtWn96AqOqOyxarhQBzvLHY4hO84fF1ACLse5QrM
1,2,2,8,63,2381,938,1,-22.5200,-100082,2017-03-25 19:53:03.000,33067,-178936,-139333.8,285275.4,8021,-103885.78,189950#5nSAqS4I683FkorHTq4OoH3IgyldrJadRAgPJwJssapqoUsdlPed79eVb0RHyNt0kFvamXak3U1d6qgqx
1,2,2,9,550,864,1678,1,615.7700,-267734,2006-03-16 04:20:09.000,-236667,-16665,141396.8,324644.53,83545,-188563.52,193202#LOClUvXOt7SWPoUO7tAUx5GVju1N315QJ9kwrss8S4mAgyGTp8RbDxzxDi1nWqsSAojtHa8MI9oeieSBm
1,2,3,1,329,1703,659,1,-432.3500,8302,2003-08-07 20:20:19.000,-50705,-34076,21282.6,3422.53,-24272,10251.27,33097#rSv1kgMFbC7bt1o6cjFCwk7Fddi0HXH0Wqz8yexs46gmEM1SXFulW3gVAI9ltdv2oNb3PsuY9koLbkiQ1
1,2,3,2,1072,1733,512,1,-307.9500,-105481,2002-12-05 21:31:02.000,51462,-64188,-113209.4,94744.24,-81711,-101591.89,43371#eFle3LpjYMoWDqiobGxfOCZJRWfVhUKSHh6rVskgMNLDrAti53HltRe0sk406Y89wfkGJJh7byHcU75Rm
1,2,3,3,403,58,69,1,32.2700,-111771,2000-08-11 06:42:30.000,-35386,13720,75417.3,156013.88,51384,4191.53,144416#foqlEpAIi3Y3R28P0bPfAgvEJKAHS6Dg92T8mvfi2azv4gBEdHZ9iTHrSPxvMRiU98FgbdP3ZAZu3eN7U
1,2,3,4,857,2234,31,1,363.0200,-219486,2019-03-25 21:36:34.000,224325,95315,-191045.1,-142031.61,-115046,-65772.43,44867#ZynUhCjSu6n1zFYKQg4WlDeQoGsO3LlOeJbJdwNBPL5qlJwBQjd0qRyZW1fIuziev2PJRWOyV41N9xxFg
1,2,3,5,391,1111,600,1,-253.9400,-131234,2006-07-10 14:44:10.000,-265226,93099,234012.0,-188378.36,186884,-286682.16,104107#prWnW8SYgNc424liBduMkJL0wFN327Gbh6SQalvStV6K1a7JkCAjN6WIhYy4wQeYyUELjeOGmNO4xmjDY
1,2,3,6,685,825,37,1,-393.4600,80949,2006-02-27 14:20:40.000,-155754,-159644,-120146.0,-260814.23,-287157,-7984.24,92755#SlGPTM7MkYeuhbhmcFqfrLk5Pdg4u2g3ZwwJDBOFGLuKLDf5rOnFnSp2Ocx88URY4qMDftuITYoNICEFF
1,2,3,7,997,1206,1413,1,-51.1200,-131282,2017-04-06 09:04:50.000,43207,-237171,-181392.0,376315.4,8843,-137005.78,246228#rDPDrggS0fiVNVnbijuPigqtQqKseEIyqTvOlYZefKv2Qh8FV93w8QWpG0e2m1yttMZjcbRoLisnsPCqk
1,2,3,8,1144,1983,755,1,681.4100,-359090,2006-05-20 17:40:09.000,-314823,-19689,187016.7,429860.53,113164,-250003.52,257412#ZqUQ9ZUR0PkgxXaTq4jbaMHKTUsHEGqSTYfONg1a6ySs1zgBMFsLeUOVpzTxxAhfVSd15xHbdi5i7DJt3
1,2,3,9,683,2797,1482,1,-639.4700,107493,2010-11-07 05:46:57.000,-377346,476546,37151.5,475447.97,-249206,-295447.62,498411#omSkemNddp8OTE3f9D1NQiPUhx75wYB7fkcqVLqACi8awfKwckqjKYjpvE4G02M4s9fn59mmNTCydXmy1
1,2,4,1,1036,2171,814,1,-295.1900,-71963,2002-11-09 14:33:20.000,36474,-41872,-78734.3,60440.24,-52317,-65559.89,30062#ANZ8RYAJgbxThCyDmpsQHnzGSG2Vu7MkRBB6UG7xFX7bd4ytZcnrwyAm1HXh8Svi0vKwj66Zvxbz00saS
1,2,4,2,1189,2120,838,1,43.1700,-98345,2000-07-27 06:38:47.000,-32384,12694,67545.0,139117.88,45734,2911.53,129392#t8Zbxi3HgNbBwZxXS2AMzvInMK8XZZPpeCqGQzD3M1opcn7WHIqxkYWWdQUldyhnNEKXaOpIzYfyQDo0D
1,2,4,3,857,2234,31,1,363.0200,-219486,2019-03-25 21:36:34.000,224325,95315,-191045.1,-142031.61,-115046,-65772.43,44867#ZynUhCjSu6n1zFYKQg4WlDeQoGsO3LlOeJbJdwNBPL5qlJwBQjd0qRyZW1fIuziev2PJRWOyV41N9xxFg
1,2,4,4,1153,1452,1758,1,-253.7200,-140120,2006-07-21 05:21:18.000,-282939,99658,250221.9,-201466.36,199047,-306426.16,110409#T1SDw0q76ki7XvVYCEqIwCFoggao14jeiKcu5y4WoMiBFyz3aGFWoHXqo60qNAqIli9SniGg0hk0GC7Zx
1,2,4,5,793,2369,881,1,-400.9000,90877,2006-03-21 12:29:23.000,-172818,-177130,-133792.7,-289806.25,-318899,-9008.24,102684#61sko52nUkORYWHZT2f2gyewDwR8OpSiWAQ0WWrqQRHwPe4GSxitvatGbGluOyNUYxm8ektomM12JhlUQ
1,2,4,6,829,2196,278,1,-68.2800,-150002,2017-04-13 07:23:53.000,49291,-272112,-206626.9,430939.4,9336,-156877.78,279994#Wd9ZP3dDXiB4TD9aepHP2Ms6JoAJpFLBQ31g7l4WHJKjEt9aNVXAs2MuoJtMv8JLVrP1GsUhN1WhwYBRN
1,2,4,7,326,2729,1323,1,725.1700,-419994,2006-07-03 10:33:29.000,-366927,-21705,217430.0,500004.53,132910,-290963.53,300219#FDGdxW0OC3OJKKuqBdh0rGT4zpmw1IkaPGR6jEAIto1JowJv5TlSlkNR0BPJen0TAjYCGKvrJbbS7OWKy
1,2,4,8,719,1297,1572,1,-705.4700,127763,2010-12-14 10:55:32.000,-446166,563766,42723.1,564568.0,-296795,-351127.62,590143#y2LA3Jr2yQ6m9lA89aT8Dyeld8XvJVn0DoeLMqJqI1ROFnfFu2ShA3eIaaXO8tniHiuSv2vqncSj1ShW6
1,2,4,9,1184,2707,521,1,307.7100,371776,2010-12-05 06:08:59.000,-143259,-298048,11457.2,142770.52,28963,-246595.4,352523#6Z8j7j4Ak0Ky2H5lpgurgLfRfORfyIQZmkaJyx718zOPzlWxgpNoubTgIak4JayXlwG0mDmzM0nbcpa3P
1,2,5,1,1119,2656,1368,1,75.8700,-58065,2000-06-12 06:27:36.000,-23378,9616,43928.2,88429.87,28786,-928.47,84320#jDxN1McqzlwiD9x9BE1F3ypDhAQP5h5DX5sKHjPHbVMeV83eHXAb9V1srIDDz1Ivtrl69Plqdhfy12xMS
1,2,5,2,397,1734,972,1,363.4200,-184446,2019-03-24 09:35:53.000,185721,79893,-158538.9,-118415.61,-97508,-54956.43,39051#KkmeaoPehJ7u7C16JE2BIJgFajhHWyWDUuMdobnb4B9JkdCH17O8aCr0EkKEonDkiDpnbcLHIZQ3ScGUu
1,2,5,3,391,1111,600,1,-253.9400,-131234,2006-07-10 14:44:10.000,-265226,93099,234012.0,-188378.36,186884,-286682.16,104107#prWnW8SYgNc424liBduMkJL0wFN327Gbh6SQalvStV6K1a7JkCAjN6WIhYy4wQeYyUELjeOGmNO4xmjDY
1,2,5,4,793,2369,881,1,-400.9000,90877,2006-03-21 12:29:23.000,-172818,-177130,-133792.7,-289806.25,-318899,-9008.24,102684#61sko52nUkORYWHZT2f2gyewDwR8OpSiWAQ0WWrqQRHwPe4GSxitvatGbGluOyNUYxm8ektomM12JhlUQ
