1069,7657738,8909922.0,305932#IT6fjkb28xz,3601413.5,3423781.590,4578354,-326135.37,6826011,3713084#uqTrgvNroo4GB15ipM
1070,3216460,-3415829.8,342306#5beA82GvxCX,2132850.5,-4521844.840,-3688001,1528343.74,1246841,3920397#ldwH0Tl9RjQgxAOzst
1071,3411722,-8866778.0,10629605#VTr9CHoWo9Q,-9718790.0,-9510235.190,-7572753,1286607.08,2775877,8707507#U0ukydPvKaIOK9YV4t
1072,-8984406,969782.06,3388004#2mICYewWB1r,2513164.0,-10460392.570,-10614600,-2805638.28,-5279645,1588944#DUf10CBgk1K8gVzIno
1073,1248101,-1342272.6,413112#vcOTNgbcgza,2989755.0,-247578.920,10273982,-2269008.58,3345511,977012#ugBkiDyQ40ZvbU96eG
1074,8262200,2874606.5,8047112#vcOTNgbcgza,7888334.0,-4463200.710,-4501157,1.026388981E7,2876365,9326739#VRJ7Xdc0pEdo496Q9d
1075,-97360,1506252.4,8571245#zG3rrwmzEVv,1586289.0,-3139871.520,2888486,-7137450.37,-1525888,2517013#dQSXRzbnm7UK7gXtWA
1076,770289,1618667.4,9620106#985Vkn2tMnP,1997944.0,-2283263.370,2090038,1.001764459E7,7372964,7427104#jSUx0XsCIwZSXhbrGd
1077,-2817641,-2941171.2,8672820#O4fkCmcqxKv,2226582.5,-4555741.710,-5897205,-377265.99,567275,8118451#0RpPs73iqcTi4odVV3
1078,-6189940,-5699984.5,1056887#m1O32BIJFkI,5457407.0,-6182709.400,-8951622,-2689044.67,4414208,2292022#srggbQsJ4WDGeiUdFb
1079,-1885599,5730244.5,6136753#5F6k4SL5xOZ,-6503358.4,10243289.770,5492181,1.064417174E7,-3900186,3480907#Rsl8gik89dHe77vzxo
1080,1997813,-1897865.4,9263985#RYI6PN4NCM3,-5166474.0,-2025918.850,-2516796,6605819.13,10324480,9118174#jHyslbrhSzYJ1GYCCo
1081,-7020172,8166624.0,1947393#wmrlmbSPxbs,-4808677.0,-6297124.170,6104931,9481116.56,2925879,9868127#Hg9uWiEZJpojBbsW6E
1082,-8134191,3426195.2,258003#TgH0sM3AZZB,628403.0,-5897265.600,8909044,-5461117.1,1547711,7008525#RjQFsd7QJQ88fQXJyx
1083,8907667,1114304.2,8993909#y6IdlUBZtid,247068.0,8424644.250,-4590430,2971171.13,9167670,4689447#5LRBNdXo7DhAJ1wfTB
1084,417186,-9186460.0,7260508#bRzbbWYvVei,8233369.5,10370995.810,-6108812,-4879433.87,5728434,322742#ZnQ4mameIDNlJTkAZR
1085,-9231748,1690048.9,2744987#AjHqaYrnBYK,-9980942.0,3257013.860,-6825074,260433.35,-5210816,2751623#yVIvOUUABMbGw7eBYs
1086,-9048849,8382417.5,7161007#vSs0yikdAsq,9656747.1,-6718360.110,137198,1784590.62,-8607996,3863758#3mt3mhztNNO5oBkExi
1087,-2795826,8231868.0,6035100#qkQRD4PQBIb,-4200900.5,-6229894.750,-9939226,-9518868.12,4364622,2141389#XnbA1DbxAZE0w4FHor
1088,10350078,-2274361.5,5391690#5YoTCuFoqQt,-2943072.0,-10140027.570,-6990338,-6811920.24,8607245,2590822#JlQlXOZykUaBhcubeT
1089,1722218,-339452.7,7526000#CkG6a0M4Xuy,-10651839.0,-5614879.430,322967,-5225756.58,3927257,137645#znKcyNNRY6LpHRGfXb
1090,-9169649,6559235.0,1654712#drLwSSt8jWO,1181213.0,-2940394.080,3468095,-3780577.53,3194925,4521869#fY0OFGHguG2xdW5FXS
1091,7881825,9332667.0,5931385#8ZSbHXuB5be,-9763507.9,-6065031.410,-7728965,2261962.67,7469781,5112743#wdTkNL6Hju4IHjzATf
1092,10820974,1.0458069E7,6524165#DYEjqelKrxz,3106488.5,-4549995.730,-7087519,-1607864.85,6518683,9711477#75jQuK9Ht9aZCBWucf
1093,5966561,-1655650.8,7721377#lEoEDtuPEoM,-10758290.2,-6818297.340,-9128836,8070132.1,7625105,6477813#OGF35kIi8KZE6mQnp6
1094,7734926,-7658958.5,7052045#sMYGtYGY5kJ,5671089.5,-713948.320,5182566,-9522185.77,957362,7019441#2p9VogMfXOTG5EK2PV
1095,-2121787,-4036506.0,3897544#V5gQKzzFL9p,-139074.2,9047494.940,-6165382,-561153.0,1463033,6549341#vhoDoFAfwq9vXD2N7f
1096,-10051456,-1.0155938E7,677935#JMVdF5ugshm,10841741.5,-4100802.810,10756412,8675029.29,1029187,4064959#IFPuvasBFoSsROP41l
1097,9358550,7401112.5,6550941#YkIj93Kw2I7,-7243700.5,-5763974.470,3727909,-1412459.21,-5855519,3571593#mKljMaNQgeIsWvcTaT
1098,235677,-1155626.1,2247194#3q9nCkoKp2f,5210415.7,10958920.850,-2929282,173172.52,5891460,8139261#asHwXy1CdJ6EHLm5q5
1099,-851654,6037561.5,2598120#VBmwAuc733P,-829846.0,7071880.260,-8434260,1.054889812E7,-3607214,3811389#XnbA1DbxAZE0w4FHor
1100,1309486,-9350974.0,1756620#bcHq39XrCG3,4321021.0,-827750.640,3997577,-3103061.12,-5473955,6119382#xWXjachBXkvpna9LRY
1101,7882542,8608721.0,7379384#VIUODxmEUci,9472938.2,4850528.120,9996273,8845774.5,245466,9805507#U0ukydPvKaIOK9YV4t
1102,7046533,3020401.8,2167403#F7uUYnPwfmq,-87216.7,1557358.030,1027182,-2413084.18,-530101,7026026#2uSjjPrvdBIcihz1gj
1103,9789599,-4522775.0,3497188#fyF07eDzzm3,10800144.5,-8018584.550,-5916860,8793637.26,2716440,9370150#EJJ9XX6ssBr7aycdyr
1104,-9228081,-1316389.4,1198641#jd62DLuw6H9,2490084.0,4279679.390,2280219,-1030525.98,-5030762,4310520#6aaWoM9v7IVgmv7vOU
1105,7369005,5798858.5,9238366#sTygoUwKLF9,-3302901.3,4044285.680,-6303067,-204373.85,-10594214,2395109#WfytIol2JSOwYwrJVz
1106,5658405,9474452.0,6490631#3WgPcf0KHv3,-8486.0,2664374.370,-7957581,-1.058614171E7,10400496,306791#79lsNmp2O3qKaYMZfL
1107,4592726,7896088.0,4331656#30yJ7VckWd9,-308050.5,5634648.520,-4964048,1248259.54,-4664068,852572#Ifrqe0kuLrlnFTNfF7
1108,-9949144,7528070.5,9752660#QceMK65u8iQ,4386226.0,-4413769.470,-6189173,7727369.48,-9357090,1483361#Mf0lF6rtARdRz8vD8r
1109,-8641741,8689717.0,9624336#1iZ2EfWd9XF,8448811.0,10611114.990,-1830813,-1.090311301E7,-9950054,9239567#Pgprxt07sBAO4hrXYx
1110,1651877,8281962.0,3306375#aZ2bYVcJGWZ,-7246912.5,-1006554.900,6094607,4422629.94,8593789,994693#74rEOVR2QbqgbNX5H5
1111,-9436100,-1.1029468E7,5982852#uzhykiz2dz4,-2477433.3,-942970.680,4059479,2594964.85,7571651,6148793#mIGNgoGBB1xq648xRm
1112,11096764,-2086507.4,5316909#y6IdlUBZtid,-733416.0,5849976.470,-864314,6394802.75,-2081323,3947873#2q9bTu3VlioLPkgLfG
1113,-10554781,-7174997.5,2094135#vf1bT2ZcBFp,-10745686.5,7731375.210,-6419062,-1373154.6,-3989260,2306857#b3wxxs5vnkaZWIB6nH
1114,903830,-2029006.5,1846517#v2QmY9FrCAP,440300.9,8642465.200,-6985671,-8558867.84,-2064030,6961699#FVHve3etuQJGoDQSKu
1115,-6737153,2369172.0,1423344#mDJQZ3iJ5hR,-3030871.0,-5156448.640,728388,-4698002.61,3732669,3646503#zLwsEX2AQ2WaYTyo0P
1116,7093454,-7911266.0,3664014#ecMd1JA40yi,-2345612.9,-3797719.380,4852295,8904580.2,-9070624,2608898#SiP5GA1rOxDaQDoIGj
1117,292650,-1.0323687E7,9173443#VN7hJZj0jDr,-11013709.5,-9923423.420,-3077544,3892671.93,1500359,8526296#dj3APAwTpElC2LrLK8
1118,-6538543,-3078619.2,6171863#fIER7qAMW8C,-10764154.0,6882357.400,1768324,-8554650.2,-1057917,8941646#e6GIn8YYaX68SlGAeV
1119,8016226,9326722.0,320222#EENFl6Wqeza,3769988.5,3584079.090,4792411,-341335.37,7145363,3886706#dbHfQ8VRx6DwJ5wlNS
1120,3366485,-3575029.8,358037#JCD5iXbW7Pj,2232888.0,-4733243.840,-3860058,1599543.74,1305534,4103199#X3KEQbEWqLAgSVa8wb
1121,3571265,-9281178.0,11125730#jmuYC2taPAu,-10172090.0,-9954247.190,-7926570,1346607.08,2905919,9113687#9WMFPRH9zLilnlUNyL
1122,-9403006,1015382.06,3545776#3Aoe0tdlSYY,2630376.5,-10948003.570,-11109744,-2936038.28,-5525678,1662948#7VSzJ3ExgcVPrnFiM6
1123,1306431,-1404672.6,432154#ggQI2DRsmyA,3128705.0,-258747.420,10753188,-2374608.58,3501327,1022491#jm9YzNgpwxAaWkbCWL
1124,8647300,3008206.5,8421317#AUQX6NcAQdm,8255484.0,-4671163.210,-4710278,1.074148981E7,3010176,9760650#D1Cb0vDN4qdEvYnM4y
1125,-102197,1575852.4,8969492#4tjm81Eah3m,1660439.0,-3286177.520,3022920,-7469450.37,-1597167,2634031#v6QED9nbw7d5jwze9F
1126,805653,1693867.4,10066749#hq2U9r2yYpL,2090844.0,-2388959.370,2186729,1.048324459E7,7715111,7772009#z8l5fxTaWEo8YfHl5V
1127,-2948897,-3077971.2,9075214#3gfF8Yyg0Dp,2329607.5,-4766808.710,-6171141,-394865.99,593641,8494969#6EhuCZV69PuwCZTZlz
1128,-6476852,-5963984.5,1105891#4ctIV8PirH8,5710132.0,-6469185.400,-9366619,-2813844.67,4618671,2397929#iPxalKTHiItZOLsNyz
1129,-1972830,5995844.5,6421025#WZp6PbmLn8J,-6804454.9,10717585.270,5746725,1.113777174E7,-4080870,3641960#a25Qd4pySR2upP7Y0Q
1130,2090419,-1985865.4,9692673#59vHzeVAazB,-5406011.5,-2119694.350,-2633408,6911419.13,10802487,9540167#4NF1pCI9TCnu1Zor5w
1131,-7345209,8544224.0,2037427#fYrWqjK0JeV,-5030927.0,-6588753.670,6387061,9919516.56,3061523,10324452#OJGxiIy6LlLt5kFfar
1132,-8510204,3584595.2,269684#un4MT452dFy,657578.0,-6170233.100,9321094,-5713117.1,1619101,7332187#zllciKR5J66kiUKIv8
1133,9318867,1165504.2,9408966#dbNBtj4n0px,258468.0,8813411.250,-4801936,3108771.13,9591350,4905824#m84HgLydISEtycxnAZ
1134,436349,-9610460.0,7595060#FObjvaHhEuZ,8613074.0,10849361.310,-6390638,-5104233.87,5992443,337627#aGFkbyVfFxeymEZlRz
1135,-9656998,1767648.9,2871433#0SN0VknMWHO,-10440442.0,3407001.360,-7139820,272433.35,-5451259,2878257#npHk7EuX48YwlLas7D
1136,-9465124,8768018.0,7490642#opS2tbF9JBM,10101300.1,-7027536.110,143629,1866990.62,-9004092,4041367#iq8bZnUomHqbyQbS7G
1137,-2924076,8610268.0,6312448#RrV83ldKvHz,-4393875.5,-6516797.750,-10396849,-9956468.12,4564970,2239546#FtOpfmrdE2DQ9UZgOT
1138,10825769,-2379161.5,5639314#TD9K171tuEX,-3078659.5,-10606358.070,-7311758,-7124720.24,9002662,2709805#favNbIojB4afHHV9dG
1139,1801093,-354652.7,7871217#uISaoUALgaX,-11140789.0,-5872980.430,337536,-5465756.58,4107523,143929#iPxalKTHiItZOLsNyz
1140,-9589849,6860035.0,1730194#3q9nCkoKp2f,1235138.0,-3075163.580,3626880,-3954177.53,3341272,4728988#881bdLysJ6PdC6dVBq
1141,8243175,9760667.0,6203009#qPQgGocU6dp,-10211285.9,-6343223.410,-8083589,2365962.67,7812498,5346951#Tmjyr3c0ALqLMar3Mx
1142,11316749,1.0936469E7,6822436#7gJPpIlgDr1,3248979.0,-4758353.730,-7412383,-1681464.85,6816831,10155819#kcY3cZhJnP4stYHcql
1143,6239598,-1731650.8,8074352#udQUkZQwsJr,-11250152.7,-7130438.840,-9546672,8439732.1,7973611,6774001#2uwtzjKgVJ75ka54cm
1144,8088519,-8009358.5,7373931#FX85X8eoI0r,5929902.0,-746192.820,5419710,-9957385.77,1000866,7340212#tSaf18aqVuhfAcNj46
1145,-2218787,-4220506.0,4075083#BRf2PNT7hSI,-145261.7,9460571.940,-6447046,-586753.0,1530052,6848269#jrPG7oyzihkNpCZu4u
1146,-10510162,-1.0619138E7,708749#hq2U9r2yYpL,11336710.0,-4288002.810,11247268,9071029.29,1076017,4250141#5GXYaZ90701UZL1nY4
1147,9785356,7738712.5,6849515#C5rouCfLnzR,-7574125.5,-6026950.970,3897675,-1477259.21,-6122649,3734163#YqXLeaQC7scRul4Nq0
1148,246777,-1208426.1,2349333#JVtvtqlshhd,5447621.7,11458015.350,-3062310,181172.52,6160063,8509775#zLbe8kEtwu6NoMrZOW
1149,-890829,6311961.5,2716088#t8J8nFq0iFC,-867546.0,7394008.260,-8817980,1.102889812E7,-3771246,3984408#qeHxO9Amon0FlEtKEj
1150,1369111,-9775774.0,1836241#s98RYTvViOc,4517808.5,-865532.140,4178985,-3243861.12,-5722660,6397536#gjVOcnBPOgn4XctNGe
1151,8240392,8999921.0,7714077#WBuDQvUQZpo,9903500.7,5071134.620,10450334,9247374.5,256431,10250583#Geuk262eScFxe7nm9l
1152,7365839,3157201.8,2265419#MbV4obWyP5K,-91210.2,1627887.530,1073745,-2522684.18,-553961,7344437#drXUTGYgpjcrf8gb0k
1153,10233499,-4727575.0,3655298#GJh9DYyieAF,11290119.5,-8382091.050,-6184639,9192037.26,2839630,9794553#qf8Mz9gJ1mn3g5DlEm
1154,-9645794,-1376389.4,1252608#8yQpNvfHCui,2602496.5,4473623.890,2383150,-1076925.98,-5258819,4505502#unINAj1jwK20GyGeRg
1155,7702842,6061258.5,9655989#zwczYPzkmUa,-3452744.8,4227410.680,-6588526,-213973.85,-11073672,2503291#GobWdusdMZKyUn9gvV
1156,5913805,9902452.0,6783759#zZkdT3rghN6,-8636.0,2784842.870,-8317155,-1.106454171E7,10871037,320210#BQ2GMAEXlTrqrSiRVn
1157,4800251,8252888.0,4526977#WHDTLS0JYmj,-321819.0,5889236.520,-5187953,1305059.54,-4874320,890823#6jQ7ybGln7d2rrpMvb
1158,-10397731,7868070.5,10192395#vBD8InnzjBG,4584426.0,-4613316.970,-6468842,8076169.48,-9779595,1550219#jbnDSk2TUdcaKYcuDu
1159,-9031103,9081717.0,10057864#gHKmZ8Ccqli,8829561.0,11089389.990,-1913177,-1.139511301E7,-10398246,9655759#l5v9HEI40AYvVdR62I
1160,1726283,8654762.0,3455157#z5V49b4n56L,-7572950.0,-1052095.400,6369396,4621829.94,8981054,1039203#gnto5uf545rJzpVhWG
1161,-9860700,-1.1525468E7,6251673#59vHzeVAazB,-2589239.3,-985271.680,4241915,2711764.85,7912496,6425285#Qu003gZ6grh2WBCWML
1162,11595876,-2180107.2,5555614#YzOn7d1dJVt,-766266.0,6112737.970,-902758,6682002.75,-2174539,4124985#wOBZ1OUkt67tNautsX
1163,-11028831,-7497397.5,2187893#60MG2yRwlbH,-11228142.5,8078803.210,-6707586,-1434754.6,-4168827,2410083#RiBCFY51KJLmx57S7n
1164,944636,-2120206.5,1929382#imHbSjBEMt9,460286.4,9030150.700,-7299554,-8942867.84,-2156929,7274062#O0OafxFEj8uTlzgpbP
1165,-7039453,2475572.0,1486796#YRONIPOAJhl,-3167121.0,-5387923.640,761262,-4908402.61,3900046,3809595#NtEkMoCHDIwUZdULdk
1166,7411329,-8265666.0,3828141#DWk2VndLfr2,-2450431.4,-3967481.880,5069920,9303780.2,-9477003,2725603#WAInrn35TMuDl7N5Se
1167,305666,-1.0786087E7,9583869#Zb8AjKmkvRB,-11506284.5,-10367391.420,-3215591,4067071.93,1567385,8907669#UsSVqTQL48OHb4tFWS
1168,-6831403,-3216219.2,6447520#slAlXKtPcgg,-11245904.0,7190348.900,1847021,-8937050.2,-1105502,9341300#ADw8qtfPt45KWNEkJH
1169,8374713,9743522.0,334512#7mwSYi1s5PU,3938563.5,3744376.590,5006469,-356535.37,7464714,4060327#RWeWI5zgE526s9crsK
1170,3516510,-3734229.8,373768#mm7OQsCnwPs,2332925.5,-4944642.840,-4032114,1670743.74,1364226,4286001#2uwtzjKgVJ75ka54cm
1171,3730809,-9695578.0,11621854#1x4yUIEXANJ,-10625390.0,-10398259.190,-8280387,1406607.08,3035961,9519867#N4474WOUKdPgpuLWbS
1172,-9821606,1060982.1,3703549#ZEshMKgM4Rv,2747589.0,-11435614.570,-11604887,-3066438.28,-5771711,1736953#Q036uuM6iFBw8csicO
1173,1364760,-1467072.6,451196#vrD0DQGCKGt,3267655.0,-269915.920,11232394,-2480208.58,3657142,1067969#6EhuCZV69PuwCZTZlz
1174,9032400,3141806.5,8795523#jZtfRLgTnlX,8622634.0,-4879125.710,-4919399,1.121908981E7,3143987,10194561#Tm4Tdiskifsq5MsDTW
1175,-107035,1645452.4,9367739#wRuINyQyRXV,1734589.0,-3432483.520,3157353,-7801450.37,-1668445,2751049#nZz77Elvc95fpd0rBH
1176,841018,1769067.4,10513393#wmrlmbSPxbs,2183744.0,-2494655.370,2283420,1.094884459E7,8057259,8116914#gAPNAtcznXmAS4dPO6
1177,-3080153,-3214771.2,9477608#8yQpNvfHCui,2432632.5,-4977875.710,-6445078,-412465.99,620007,8871488#sePIxj1QP4ALpILspX
1178,-6763765,-6227984.5,1154894#Zo6bdLr2woD,5962857.0,-6755661.400,-9781616,-2938644.67,4823133,2503836#1rtRHYRj9J8lLmoKzI
1179,-2060061,6261444.5,6705297#4GGggZVLQO8,-7105551.4,11191880.770,6001268,1.163137174E7,-4261554,3803012#ugBkiDyQ40ZvbU96eG
1180,2183025,-2073865.4,10121362#L0zJcxNtzS1,-5645549.0,-2213469.850,-2750020,7217019.13,11280495,9962160#3syFQW8qelyG5axpHf
1181,-7670247,8921824.0,2127461#qCFlNNhQIfz,-5253177.0,-6880383.170,6669191,1.035791656E7,3197166,10780776#REK0TyQega1hiUGKpW
1182,-8886216,3742995.2,281364#Q2tECHjDADF,686753.0,-6443200.600,9733144,-5965117.1,1690491,7655850#NnuDjAbUcVljF95KTv
1183,9730067,1216704.2,9824023#GPP40TwlFn7,269868.0,9202178.250,-5013442,3246371.13,10015030,5122201#BCSLVONNrEqT4rLXPX
1184,455511,-1.003446E7,7929612#x67AwVMbKg9,8992778.5,11327726.810,-6672464,-5329033.87,6256452,352512#oLZxR9B8NURBs8B7bx
1185,-10082248,1845248.9,2997879#TGkNkV4eZEO,-10899942.0,3556988.860,-7454566,284433.35,-5691702,3004891#Dxo15kvFV3uOBA9VkC
1186,-9881399,9153618.0,7820278#z1lqxXq4DM9,10545853.1,-7336712.110,150060,1949390.62,-9400187,4218977#cAolONUnkq7uWyfL8I
1187,-3052326,8988668.0,6589796#YRONIPOAJhl,-4586850.5,-6803700.750,-10854472,-1.039406812E7,4765318,2337703#HtcJEun4ZWUsis3Lf2
1188,11301459,-2483961.5,5886938#Yl5W0TuGEfP,-3214247.0,-11072688.570,-7633177,-7437520.24,9398078,2828788#niKrY3nrie6ZqNiOmN
1189,1879968,-369852.7,8216434#eK6VuEH3VVL,-11629739.0,-6131081.430,352105,-5705756.58,4287788,150213#efru2xdqnIpk5x7HRg
1190,-10010049,7160835.0,1805676#11vPHS7FLPo,1289063.0,-3209933.080,3785665,-4127777.53,3487619,4936108#8g4QW7aPEj48N8jeNg
1191,8604525,1.0188667E7,6474634#GCTNEGBDhFK,-10659063.9,-6621415.410,-8438214,2469962.67,8155216,5581160#3syFQW8qelyG5axpHf
1192,11812524,1.1414869E7,7120707#Cf8lysmwwXv,3391469.5,-4966711.730,-7737248,-1755064.85,7114980,10600160#3syFQW8qelyG5axpHf
1193,6512636,-1807650.8,8427328#Dzguzzl3UiM,-11742015.2,-7442580.340,-9964507,8809332.1,8322118,7070190#jMnrMht67TKnRpLnm2
1194,8442113,-8359758.5,7695817#9GOnJGPZcTi,6188714.5,-778437.320,5656855,-1.039258577E7,1044370,7660984#fY51g1XLrfRGsGLa41
1195,-2315787,-4404506.0,4252622#nUoIIO4hI0h,-151449.2,9873648.940,-6728711,-612353.0,1597071,7147198#PGTDa8wLjqtz0ySA2N
1196,-10968868,-1.1082338E7,739564#bNYOHI3KZEn,11831678.5,-4475202.810,11738125,9467029.29,1122846,4435323#jQX96vB7hSBVvDI5yt
1197,10212162,8076312.5,7148089#Qfqpz1RDZ3P,-7904550.5,-6289927.470,4067441,-1542059.21,-6389779,3896733#FVAYJYKcY7Hkcp0Brj
1198,257877,-1261226.1,2451473#JeVANbs18Uq,5684827.7,11957109.850,-3195339,189172.52,6428665,8880290#dZin0bb1NWAha5ZJRE
1199,-930004,6586361.5,2834055#yn1wRpyj0a8,-905246.0,7716136.260,-9201699,1.150889812E7,-3935279,4157428#cWgGCzL5aopEgCGbLz
1200,1428736,-1.0200574E7,1915861#apNTkN0srJv,4714596.0,-903313.640,4360393,-3384661.12,-5971366,6675689#XVAM4tevHKJ2QvKztH
1201,8598242,9391121.0,8048769#vMD1Uh83hZE,10334063.2,5291741.120,10904395,9648974.5,267395,10695659#dQwPdsQ2Zf9WbnNHQD
1202,7685145,3294001.8,2363436#7gJPpIlgDr1,-95203.7,1698417.030,1120308,-2632284.18,-577820,7662848#YTeJcMl648I5xlGoDK
1203,10677399,-4932375.0,3813407#3BE5nBwichd,11780094.5,-8745597.550,-6452418,9590437.26,2962821,10218957#630KPsc2rIGm0OffQu
1204,-10063506,-1436389.4,1306574#uwTPUa7fnnP,2714909.0,4667568.390,2486080,-1123325.98,-5486877,4700485#nmTY2fULuc2REcegaZ
1205,8036680,6323658.5,10073612#x67AwVMbKg9,-3602588.3,4410535.680,-6873984,-223573.85,-11553130,2611473#FQjYQqsCITzIQ2FmdD
1206,6169205,1.0330452E7,7076887#m1O32BIJFkI,-8786.0,2905311.370,-8676728,-1.154294171E7,11341577,333629#EXJLNi0z8IudCwWkRV
1207,5007776,8609688.0,4722297#4GGggZVLQO8,-335587.5,6143824.520,-5411858,1361859.54,-5084571,929074#HJbhImqShTIIoMYz0b
1208,-10846319,8208070.5,10632130#VgsI8QfCtrC,4782626.0,-4812864.470,-6748512,8424969.48,-10202099,1617078#JeOGcOx99mQaOJtmmm
1209,-9420466,9473717.0,10491392#B3kI27eMNH9,9210311.0,11567664.990,-1995542,-1.188711301E7,-10846437,10071952#eKvnMKqriWXOgWsB51
1210,1800689,9027562.0,3603939#p2UhrDeIG6b,-7898987.5,-1097635.900,6644184,4821029.94,9368318,1083713#4EB20VxzXY7Est94L0
1211,-10285300,-1.2021468E7,6520493#XiN0MQNzbCM,-2701045.3,-1027572.680,4424351,2828564.85,8253342,6701778#O6vGpnvJuFkLue2029
1212,12094989,-2273707.2,5794318#SY1sAUM9Y2S,-799116.0,6375499.470,-941203,6969202.75,-2267756,4302098#eBgpOjNp3xPuZVvNcB
1213,-11502881,-7819797.5,2281651#k1zwlwe8xwN,-11710598.5,8426231.210,-6996110,-1496354.6,-4348395,2513310#nTbwdMn6JjVLf6rPzR
1214,985442,-2211406.5,2012248#r2Y04iMiKVD,480271.9,9417836.200,-7613438,-9326867.84,-2249827,7586424#uFvjuYfgoqLdbWVQrx
1215,-7341753,2581972.0,1550247#SxP0mbucHR8,-3303371.0,-5619398.640,794135,-5118802.61,4067424,3972688#09aUxxuigKNPdGAe27
1216,7729204,-8620066.0,3992268#cILXBbl3nG2,-2555249.9,-4137244.380,5287544,9702980.2,-9883382,2842308#SJAEvhomifzcj2UGaE
1217,318681,-1.1248487E7,9994294#FuDy8Ag5chq,-11998859.5,-10811359.420,-3353637,4241471.93,1634411,9289041#bdNkEdRBJahuyH2faR
1218,-7124264,-3353819.2,6723177#4mpVKKcoezl,-11727654.0,7498340.400,1925718,-9319450.2,-1153088,9740954#n9VdlaUqfm6LnRCjID
1219,8733201,1.0160322E7,348802#YEd5UIoBOzp,4107138.5,3904674.090,5220526,-371735.37,7784066,4233949#GkwB3FWPlAYFGR7PUm
1220,3666535,-3893429.8,389499#ksVLINxzWg7,2432963.0,-5156041.840,-4204171,1741943.74,1422919,4468803#hM1daZFoGHS2r6YUsE
1221,3890352,-1.0109978E7,12117979#mzFnrWvW3u9,-11078690.0,-10842271.190,-8634204,1466607.08,3166003,9926047#ZKxjbEhHf4UfBBxoPS
1222,-10240206,1106582.1,3861321#HGLWYKGKwx7,2864801.5,-11923225.570,-12100031,-3196838.28,-6017744,1810957#630KPsc2rIGm0OffQu
1223,1423090,-1529472.6,470238#QRaI1ABsA4c,3406605.0,-281084.420,11711600,-2585808.58,3812958,1113448#rWqBW0eQQLdfpUKL7t
1224,9417500,3275406.5,9169728#Vvd3a5olXMb,8989784.0,-5087088.210,-5128520,1.169668981E7,3277798,10628472#VXoGbIpdwrNk660HRd
1225,-111872,1715052.4,9765986#iYJlYhO3qZB,1808739.0,-3578789.520,3291787,-8133450.37,-1739724,2868067#k8QZcl2Jfd4sKZm7cj
1226,876382,1844267.4,10960036#lYdQUBi6NuF,2276644.0,-2600351.370,2380111,1.141444459E7,8399406,8461819#kcY3cZhJnP4stYHcql
1227,-3211409,-3351571.2,9880002#nijNvil3ARO,2535657.5,-5188942.710,-6719014,-430065.99,646373,9248006#usCnfFmtQREU1C8QAG
1228,-7050677,-6491984.5,1203898#BvHiV2FJS8I,6215582.0,-7042137.400,-10196613,-3063444.67,5027596,2609743#wdTkNL6Hju4IHjzATf
1229,-2147292,6527044.5,6989569#Lf56pm7ukYj,-7406647.9,11666176.270,6255812,1.212497174E7,-4442238,3964065#c7FYYNAHPYT6cxNsPz
1230,2275631,-2161865.5,10550050#VVqr2bpgS3w,-5885086.5,-2307245.350,-2866632,7522619.13,11758502,10384153#YN1gWfxSvOrHgIcv2P
1231,-7995284,9299424.0,2217495#PXT8ptZluUT,-5475427.0,-7172012.670,6951321,1.079631656E7,3332810,11237101#8Y7knwxlaMPTePaFqO
1232,-9262229,3901395.2,293045#sMYGtYGY5kJ,715928.0,-6716168.100,10145194,-6217117.1,1761881,7979512#oLZxR9B8NURBs8B7bx
1233,10141267,1267904.2,10239080#YrYmM2DJAu5,281268.0,9590945.250,-5224948,3383971.13,10438710,5338578#VbyGwPUPHIddKjNVod
1234,474674,-1.045846E7,8264164#vFo6MIrluxR,9372483.0,11806092.310,-6954290,-5553833.87,6520461,367397#ldwH0Tl9RjQgxAOzst
1235,-10507498,1922848.9,3124325#ADhFV2iZmH6,-11359442.0,3706976.360,-7769312,296433.35,-5932145,3131525#RjQFsd7QJQ88fQXJyx
1236,-10297674,9539218.0,8149913#gfcLXVS0GsD,10990406.1,-7645888.110,156491,2031790.62,-9796283,4396586#CYhmb3050ZMb9WwBMW
1237,-3180576,9367068.0,6867144#t3t5nhlKN2g,-4779825.5,-7090603.750,-11312095,-1.083166812E7,4965666,2435860#5QKYx6J11wu29nS19f
1238,11777150,-2588761.5,6134562#jMdK4qkX002,-3349834.5,-11539019.070,-7954597,-7750320.24,9793495,2947771#FcPwnLVLLMskdX9J6w
1239,1958843,-385052.7,8561651#k1zwlwe8xwN,-12118689.0,-6389182.430,366674,-5945756.58,4468054,156497#SeNKsHw8ebWm4ZUPNg
1240,-10430249,7461635.0,1881158#fG90izGjfke,1342988.0,-3344702.580,3944450,-4301377.53,3633966,5143227#WadzDjquX2DX5h8Pup
1241,8965875,1.0616667E7,6746258#rM55CJEnval,-11106841.9,-6899607.410,-8792838,2573962.67,8497933,5815368#ZAid6Evj7B6Tsi72ik
1242,12308299,1.1893269E7,7418978#iJ3WNEzNPWx,3533960.0,-5175069.730,-8062112,-1828664.85,7413128,11044502#unINAj1jwK20GyGeRg
1243,6785673,-1883650.8,8780303#ePdrz6fHvtv,-12233877.7,-7754721.840,-10382343,9178932.1,8670624,7366378#vhiUPq800zTmf0NiE6
1244,8795706,-8710159.0,8017703#tN1xPVB3Adz,6447527.0,-810681.820,5893999,-1.082778577E7,1087874,7981755#T2srXStlFW5njicMOy
1245,-2412787,-4588506.0,4430161#3Qu0Kpmurcu,-157636.7,10286725.940,-7010375,-637953.0,1664090,7446126#PO4XsuhMQaDo7XkD7t
1246,-11427574,-1.1545538E7,770378#iEK58WJeUUC,12326647.0,-4662402.810,12228981,9863029.29,1169676,4620505#AdgfoRS16JfSGWlwtP
1247,10638968,8413913.0,7446663#KEOyYKr4NTu,-8234975.5,-6552903.970,4237207,-1606859.21,-6656909,4059303#OHJQpBtbEOMqtEuLSJ
1248,268977,-1314026.1,2553612#x67AwVMbKg9,5922033.7,12456204.350,-3328367,197172.52,6697268,9250804#QVpC7Wc7FyMKuhiYoQ
1249,-969179,6860761.5,2952023#GPP40TwlFn7,-942946.0,8038264.260,-9585419,1.198889812E7,-4099311,4330447#5LRBNdXo7DhAJ1wfTB
1250,1488361,-1.0625374E7,1995482#fh6lbywPPMz,4911383.5,-941095.140,4541801,-3525461.12,-6220071,6953843#4xNJkE26BkQiuSmXTf
1251,8956092,9782321.0,8383462#KiDVzyQKSAm,10764625.7,5512347.620,11358456,1.00505745E7,278360,11140735#coN87Ut7DiXngVyxDN
1252,8004451,3430801.8,2461452#CCoDx9CffvK,-99197.2,1768946.530,1166871,-2741884.18,-601680,7981259#n4JR6EkCOjA5IZCNZs
1253,11121299,-5137175.0,3971517#v2QmY9FrCAP,12270069.5,-9109104.050,-6720197,9988837.26,3086011,10643360#ativrj3j9SMw8KoZS9
1254,-10481219,-1496389.4,1360541#o09fR0uElPD,2827321.5,4861512.890,2589011,-1169725.98,-5714934,4895467#XRGdpDUUUFLQWoX8r2
1255,8370517,6586058.5,10491235#gCeNCqNGjeb,-3752431.8,4593660.680,-7159443,-233173.85,-12032588,2719655#eS8vuDlfHunVYZTPgU
1256,6424605,1.0758452E7,7370015#Gqhheor1Brk,-8936.0,3025779.870,-9036302,-1.202134171E7,11812118,347048#3fwjyqLS6sAjLxkXMx
1257,5215301,8966488.0,4917618#xEyA8O6qfRc,-349356.0,6398412.520,-5635763,1418659.54,-5294823,967325#jvia4rDDxQ5Imf9DvK
1258,-11294906,8548070.0,11071865#hpULBxhWJCe,4980826.0,-5012411.970,-7028181,8773769.48,-10624604,1683936#Z3hyIaOu4xVfMtHR4u
1259,-9809828,9865717.0,10924920#L3l9dv8HD2x,9591061.0,12045939.990,-2077906,-1.237911301E7,-11294629,10488144#FnbSQanbFrwGfCGCOj
1260,1875095,9400362.0,3752721#MNIXpjPdzo4,-8225025.0,-1143176.400,6918973,5020229.94,9755583,1128223#24bDZ53rxfIiimeE4F
1261,-10709900,-1.2517468E7,6789314#TD9K171tuEX,-2812851.3,-1069873.680,4606787,2945364.85,8594187,6978270#usTCFPBOeW53iWR9DI
1262,12594101,-2367307.2,6033023#GPP40TwlFn7,-831966.0,6638260.970,-979647,7256402.75,-2360972,4479210#BQ2GMAEXlTrqrSiRVn
1263,-11976931,-8142197.5,2375409#UXxtjSeI5jX,-12193054.5,8773659.210,-7284634,-1557954.6,-4527962,2616536#gjVOcnBPOgn4XctNGe
1264,1026248,-2302606.5,2095113#WcJFAM22sr0,500257.4,9805521.700,-7927321,-9710867.84,-2342726,7898787#KlzcfIz9SNd7MEKWzZ
1265,-7644053,2688372.0,1613699#zwkfdH81MBo,-3439621.0,-5850873.640,827009,-5329202.61,4234801,4135780#YqqjQYNcSzddL9LZVn
1266,8047079,-8974466.0,4156395#vBD8InnzjBG,-2660068.4,-4307006.880,5505169,1.01021802E7,-10289761,2959013#dQSXRzbnm7UK7gXtWA
1267,331697,-1.1710887E7,10404720#LXtE3CVL91i,-12491434.5,-11255327.420,-3491684,4415871.93,1701437,9670414#woksFck5jSigOZILxH
1268,-7417124,-3491419.2,6998834#nxE7QOuxwkv,-12209404.0,7806331.900,2004415,-9701850.2,-1200673,10140608#Ha4KrZ2tgaNFUZ2OxP
1269,9091688,1.0577122E7,363092#dBdaXgODeDh,4275713.5,4064971.590,5434584,-386935.37,8103417,4407570#5MIHKdgCVUs5GlqCFV
1270,3816560,-4052629.8,405230#wpUbDGB2AT0,2533000.5,-5367440.840,-4376227,1813143.74,1481611,4651605#H9Y68ywNh4UqQ2xmCL
1271,4049896,-1.0524378E7,12614103#boyOiASRwHG,-11531990.0,-11286283.190,-8988021,1526607.08,3296045,10332227#WadzDjquX2DX5h8Pup
1272,-10658806,1152182.1,4019094#2g1DdSlMTpp,2982014.0,-12410836.570,-12595174,-3327238.28,-6263777,1884962#wTx8Ts6hC0jlBDZibU
1273,1481419,-1591872.6,489280#uL4XbzOFiVd,3545555.0,-292252.920,12190806,-2691408.58,3968773,1158926#p1a8Vzpr7IRfeeYnd6
1274,9802600,3409006.5,9543934#GMDQEymGEg5,9356934.0,-5295050.710,-5337641,1.217428981E7,3411609,11062383#Tl0kNds7T0a1kn96Ol
1275,-116710,1784652.4,10164233#c8VIAOIJaE5,1882889.0,-3725095.520,3426220,-8465450.37,-1811002,2985085#xHAOXcGcpqYI1Xy5mL
1276,911747,1919467.4,11406680#pkaa7hUnaZO,2369544.0,-2706047.370,2476802,1.188004459E7,8741554,8806724#6OE5xYGrkXqaj2XPTk
1277,-3342665,-3488371.2,10282396#NFcIVG15YfS,2638682.5,-5400009.710,-6992951,-447665.99,672739,9624525#RjQFsd7QJQ88fQXJyx
1278,-7337590,-6755984.5,1252901#Q50SB3MsJYL,6468307.0,-7328613.400,-10611610,-3188244.67,5232058,2715650#D1Cb0vDN4qdEvYnM4y
1279,-2234523,6792644.5,7273841#XreqO72svst,-7707744.4,12140471.770,6510355,1.261857174E7,-4622922,4125117#03EpDqVtY0JDuhXFbp
1280,2368237,-2249865.5,10978739#wRuINyQyRXV,-6124624.0,-2401020.850,-2983244,7828219.13,12236510,10806146#k1sB9DbPYc116vdDvS
1281,-8320322,9677024.0,2307529#hVBngQotQfs,-5697677.0,-7463642.170,7233451,1.123471656E7,3468453,11693425#5PxAZeaj0faedenEgP
1282,-9638241,4059795.2,304725#FKCfYDGBniR,745103.0,-6989135.600,10557244,-6469117.1,1833271,8303175#ZcgYSaPRUP4uo3dzQk
1283,10552467,1319104.2,10654137#yt6m2FxLPq3,292668.0,9979712.250,-5436454,3521571.13,10862390,5554955#zqBgoLTflpmr6JHCnq
1284,493836,-1.088246E7,8598716#SfNFl2ftfL0,9752187.5,12284457.810,-7236116,-5778633.87,6784470,382282#baM7oCkwG3cAZoLR2C
1285,-10932748,2000448.9,3250771#wdHDVBm8uDh,-11818942.0,3856963.860,-8084058,308433.35,-6172588,3258159#j6MsnbP7GmkUJJXNOA
1286,-10713949,9924818.0,8479549#ZEshMKgM4Rv,11434959.1,-7955064.110,162922,2114190.62,-10192378,4574196#43G1Q40usWKYU0Ywwf
1287,-3308826,9745468.0,7144492#4tjm81Eah3m,-4972800.5,-7377506.750,-11769718,-1.126926812E7,5166014,2534017#At6KM41S1fKWzZBUp1
1288,12252840,-2693561.5,6382186#78FtA4cRn8d,-3485422.0,-12005349.570,-8276016,-8063120.24,10188911,3066754#n1aPiqSwfuDfTgVl9N
1289,2037718,-400252.7,8906868#g64aaj5vIen,-12607639.0,-6647283.430,381243,-6185756.58,4648319,162781#hSCh9vKW6m6MqxWJg4
1290,-10850449,7762435.0,1956640#PJiYNKp8RAL,1396913.0,-3479472.080,4103235,-4474977.53,3780313,5350347#2OTA7lVXkngaQ73GIt
1291,9327225,1.1044667E7,7017883#NXfhgnJTYAP,-11554619.9,-7177799.410,-9147463,2677962.67,8840651,6049577#ot56clfCr7ASKCWlhT
1292,12804074,1.2371669E7,7717249#dpNVwfy5SZb,3676450.5,-5383427.730,-8386977,-1902264.85,7711277,11488843#4xNJkE26BkQiuSmXTf
1293,7058711,-1959650.8,9133279#2zC7WT7Kk3D,-12725740.2,-8066863.340,-10800178,9548532.1,9019131,7662567#Pgprxt07sBAO4hrXYx
1294,9149300,-9060559.0,8339589#rkO5v8ExDo2,6706339.5,-842926.320,6131144,-1.126298577E7,1131378,8302527#5uGuP6hHRprSlIvxcr
1295,-2509787,-4772506.0,4607700#XcTP996Otb9,-163824.2,10699802.940,-7292040,-663553.0,1731109,7745055#87EgJflsDP9ewGCixp
1296,-11886280,-1.2008738E7,801193#wvOOw8wFoEP,12821615.5,-4849602.810,12719838,1.025902929E7,1216505,4805687#9WMFPRH9zLilnlUNyL
1297,11065774,8751513.0,7745237#KbI4nr3y7NW,-8565400.5,-6815880.470,4406973,-1671659.21,-6924039,4221873#2q9bTu3VlioLPkgLfG
1298,280077,-1366826.1,2655752#CTIXlcJycqg,6159239.7,12955298.850,-3461396,205172.52,6965870,9621319#Kz7Qt2AqdAhaFbe2vP
1299,-1008354,7135161.5,3069990#0bnJPSyDL0K,-980646.0,8360392.260,-9969138,1.246889812E7,-4263344,4503467#XRGdpDUUUFLQWoX8r2
1300,1547986,-1.1050174E7,2075102#D1QQVNe5clg,5108171.0,-978876.640,4723209,-3666261.12,-6468777,7231996#McV5w5VJYGQyaZNQks
1301,9313942,1.0173521E7,8718154#ggQI2DRsmyA,11195188.2,5732954.120,11812517,1.04521745E7,289324,11585811#20lXCwP2Gt00CnOq2p
1302,8323757,3567601.8,2559469#WNrP6pb6wMb,-103190.7,1839476.030,1213434,-2851484.18,-625539,8299670#eIBqxBuYassGHwCVF4
1303,11565199,-5341975.0,4129626#xaYHQbKU51N,12760044.5,-9472610.550,-6987976,1.038723726E7,3209202,11067764#LLRiMBBcjlvZ2cssHX
1304,-10898931,-1556389.4,1414507#BPcqHpG3aHL,2939734.0,5055457.390,2691941,-1216125.98,-5942992,5090450#cFmzn9m2NEWAg79UxV
1305,8704355,6848458.5,10908858#5wFGrRXJwRk,-3902275.3,4776785.680,-7444901,-242773.85,-12512046,2827837#WBRo4BReDpmpVKGGDn
1306,6680005,1.1186452E7,7663143#Bat3fe9h4t0,-9086.0,3146248.370,-9395875,-1.249974171E7,12282658,360467#XRGdpDUUUFLQWoX8r2
1307,5422826,9323288.0,5112938#Yl5W0TuGEfP,-363124.5,6653000.520,-5859668,1475459.54,-5505074,1005576#I5qs8dqZIBiBRW0gAY
1308,-11743494,8888070.0,11511600#Bnra3iGlkdV,5179026.0,-5211959.470,-7307851,9122569.48,-11047108,1750795#rlHgPWg5Bma2bI48G8
1309,-10199191,1.0257717E7,11358448#RrV83ldKvHz,9971811.0,12524214.990,-2160271,-1.287111301E7,-11742820,10904337#6C8yzFoxKB7KnaKWrB
1310,1949501,9773162.0,3901503#Ncp0zk7J9p0,-8551062.5,-1188716.900,7193761,5219429.94,10142847,1172733#FVAYJYKcY7Hkcp0Brj
1311,-11134500,-1.3013468E7,7058134#XF5ObhQTT0T,-2924657.3,-1112174.680,4789223,3062164.85,8935033,7254763#eLl8nJWHhi0TtRfmVa
1312,13093214,-2460907.2,6271727#6GurLRSIfC8,-864816.0,6901022.470,-1018092,7543602.75,-2454189,4656323#jQX96vB7hSBVvDI5yt
1313,-12450981,-8464597.0,2469167#61hyPnEi1Af,-12675510.5,9121087.210,-7573158,-1619554.6,-4707530,2719763#eLl8nJWHhi0TtRfmVa
1314,1067054,-2393806.5,2177979#mzFnrWvW3u9,520242.9,10193207.200,-8241205,-1.009486784E7,-2435624,8211149#3cM5oH1AT0QACAh1iG
1315,-7946353,2794772.0,1677150#akf9FfT2p4r,-3575871.0,-6082348.640,859882,-5539602.61,4402179,4298873#2q9bTu3VlioLPkgLfG
1316,8364954,-9328866.0,4320522#gAJix2odcbn,-2764886.9,-4476769.380,5722793,1.05013802E7,-10696140,3075718#dWYDvHwlM38iZPresF
1317,344712,-1.2173287E7,10815145#D46GBcaccwx,-12984009.5,-11699295.420,-3629730,4590271.93,1768463,10051786#LB2mPRIPJhPPU1Occa
1318,-7709985,-3629019.2,7274491#PUUWzXOuWyr,-12691154.0,8114323.400,2083112,-1.00842502E7,-1248259,10540262#4BCdFIq0Dzyjg5EFXG
1319,9450176,1.0993922E7,377382#imHbSjBEMt9,4444288.5,4225269.090,5648641,-402135.37,8422769,4581192#G86PLQQCUDJkUEHFy5
1320,3966585,-4211829.5,420961#98z0wvx5g2B,2633038.0,-5578839.840,-4548284,1884343.74,1540304,4834407#glPQJAzBb2U38xWXMR
1321,4209439,-1.0938778E7,13110228#zjlZ8LtpcHj,-11985290.0,-11730295.190,-9341838,1586607.08,3426087,10738407#glPQJAzBb2U38xWXMR
1322,-11077406,1197782.1,4176866#kEgYakb7VB0,3099226.5,-12898447.570,-13090318,-3457638.28,-6509810,1958966#OYHd5r23D39jRxSumy
1323,1539749,-1654272.6,508322#rHXCbavIx70,3684505.0,-303421.420,12670012,-2797008.58,4124589,1204405#aohENA9qoUasHZLJWY
1324,10187700,3542606.5,9918139#pOuNmvl4yRW,9724084.0,-5503013.210,-5546762,1.265188981E7,3545420,11496294#Xs42QLaH68lfoQEMzi
1325,-121547,1854252.4,10562480#DVELVJm9yT5,1957039.0,-3871401.520,3560654,-8797450.37,-1882281,3102103#Ve73JaksZVKZbkFJ5c
1326,947111,1994667.4,11853323#937RNKA6I3L,2462444.0,-2811743.370,2573493,1.234564459E7,9083701,9151629#EXJLNi0z8IudCwWkRV
1327,-3473921,-3625171.2,10684790#dz2UlJyduMU,2741707.5,-5611076.710,-7266887,-465265.99,699105,10001043#PI6yh76irjegBFnmq9
1328,-7624502,-7019984.5,1301905#MF4m4U7nBpY,6721032.0,-7615089.400,-11026607,-3313044.67,5436521,2821557#gHNjWbFLGyVxfw4Oyz
1329,-2321754,7058244.5,7558113#WcJFAM22sr0,-8008840.9,12614767.270,6764899,1.311217174E7,-4803606,4286170#FuSvSGLDTPrPc5PWiy
1330,2460843,-2337865.5,11407427#fYrWqjK0JeV,-6364161.5,-2494796.350,-3099856,8133819.13,12714517,11228139#a2jr0CDizOoeJImYn2
1331,-8645359,1.0054624E7,2397563#l1UKG77az22,-5919927.0,-7755271.670,7515581,1.167311656E7,3604097,12149750#0jY1cqnAHZYeBGMtOI
1332,-10014254,4218195.0,316406#dYYNgRFlOAg,774278.0,-7262103.100,10969294,-6721117.1,1904661,8626837#WBRo4BReDpmpVKGGDn
1333,10963667,1370304.2,11069194#3q9nCkoKp2f,304068.0,10368479.250,-5647960,3659171.13,11286070,5771332#kogPEpFWQqNWqqiZRF
1334,512999,-1.130646E7,8933268#cILXBbl3nG2,10131892.0,12762823.310,-7517942,-6003433.87,7048479,397167#4NF1pCI9TCnu1Zor5w
1335,-11357998,2078048.9,3377217#uISaoUALgaX,-12278442.0,4006951.360,-8398804,320433.35,-6413031,3384793#mIGNgoGBB1xq648xRm
1336,-11130224,1.0310418E7,8809184#a5XBImEWDRh,11879512.1,-8264240.110,169353,2196590.62,-10588474,4751805#favNbIojB4afHHV9dG
1337,-3437076,1.0123868E7,7421840#WVsPszMH19s,-5165775.5,-7664409.750,-12227341,-1.170686812E7,5366362,2632174#jHyslbrhSzYJ1GYCCo
1338,12728531,-2798361.5,6629810#HICEhZyAGnm,-3621009.5,-12471680.070,-8597436,-8375920.24,10584328,3185737#3lzx7miCVS4BDcG4Ar
1339,2116593,-415452.7,9252085#pS3wzY3OAvd,-13096589.0,-6905384.430,395812,-6425756.58,4828585,169065#c7FYYNAHPYT6cxNsPz
1340,-11270649,8063235.0,2032122#V1vqnvyUce6,1450838.0,-3614241.580,4262020,-4648577.53,3926660,5557466#NAr8LJMvk04RDXCtL6
1341,9688575,1.1472667E7,7289507#BPcqHpG3aHL,-12002397.9,-7455991.410,-9502087,2781962.67,9183368,6283785#EGMKDLXKRIPbJjyh3j
1342,13299849,1.2850069E7,8015520#slAlXKtPcgg,3818941.0,-5591785.730,-8711841,-1975864.85,8009425,11933185#K6kkv2tUKX7vKcRY0h
1343,7331748,-2035650.8,9486254#QX2lPq3crFu,-13217602.7,-8379004.840,-11218014,9918132.1,9367637,7958755#T2srXStlFW5njicMOy
1344,9502893,-9410959.0,8661475#YvlYRRRjFIt,6965152.0,-875170.820,6368288,-1.169818577E7,1174882,8623298#0ReRagzcH2KWqzoGSa
1345,-2606787,-4956506.0,4785239#lC5Gl4NVSEm,-170011.7,11112879.940,-7573704,-689153.0,1798128,8043983#YfP9aOYGWR2Wgoow0G
1346,-12344986,-1.2471938E7,832007#vSs0yikdAsq,13316584.0,-5036802.810,13210694,1.065502929E7,1263335,4990869#fY0OFGHguG2xdW5FXS
1347,11492580,9089113.0,8043811#d9Hr0TNRp7F,-8895825.5,-7078856.970,4576739,-1736459.21,-7191169,4384443#juiK6StrkbCTNNvWxn
1348,291177,-1419626.1,2757891#4ctIV8PirH8,6396445.7,13454393.350,-3594424,213172.52,7234473,9991833#fG5O22lasvpcuu2A0T
1349,-1047529,7409561.5,3187958#Xkpq8JzMUPJ,-1018346.0,8682520.260,-10352858,1.294889812E7,-4427376,4676486#xe8qhOiX6cptK8ndad
1350,1607611,-1.1474974E7,2154723#OyN0KcSxEdw,5304958.5,-1016658.140,4904617,-3807061.12,-6717482,7510150#EJJ9XX6ssBr7aycdyr
1351,9671792,1.0564721E7,9052847#AMMV23eBuby,11625750.7,5953560.620,12266578,1.08537745E7,300289,12030887#uFuhFoyRpGe6PqK5eO
1352,8643063,3704401.8,2657485#Ai9XHvhIVTz,-107184.2,1910005.530,1259997,-2961084.18,-649399,8618081#KpVgOqPF4ysDDb73RZ
1353,12009099,-5546775.0,4287736#kIjij3NDLeF,13250019.5,-9836117.050,-7255755,1.078563726E7,3332392,11492167#4NF1pCI9TCnu1Zor5w
1354,-11316644,-1616389.4,1468474#dPvdzXKaZfU,3052146.5,5249401.890,2794872,-1262525.98,-6171049,5285432#Ikw7UJx94VYBuuisNi
1355,9038192,7110858.5,11326481#TNTwo222kD8,-4052118.8,4959910.680,-7730360,-252373.85,-12991504,2936019#HkOsDRkrTXZtkIZjkG
1356,6935405,1.1614452E7,7956271#BKKXDJHSyND,-9236.0,3266716.870,-9755449,-1.297814171E7,12753199,373886#JsKECBPmee9dzbkQxd
1357,5630351,9680088.0,5308259#npB5h9zldWt,-376893.0,6907588.520,-6083573,1532259.54,-5715326,1043827#yG8dmJCWTCcmWF2mbh
1358,-12192081,9228070.0,11951335#gL1iEVXFMpV,5377226.0,-5411506.970,-7587520,9471369.48,-11469613,1817653#E6UpxbVDQpPRISxfUr
1359,-10588553,1.0649717E7,11791976#csuQpAr77R9,10352561.0,13002489.990,-2242635,-1.336311301E7,-12191012,11320529#BvmM0tVwTptbLyktiB
1360,2023907,1.0145962E7,4050285#sCTxiwSTZye,-8877100.0,-1234257.400,7468550,5418629.94,10530112,1217243#483HRE5ALbNMWVKrd9
1361,-11559100,-1.3509468E7,7326955#8bg1aL6bfrz,-3036463.3,-1154475.680,4971659,3178964.85,9275878,7531255#vd8xp715EzagCw4fCi
1362,13592326,-2554507.2,6510432#dEo3txVz73s,-897666.0,7163783.970,-1056536,7830802.75,-2547405,4833435#0nQx2BqJTV23uZyKUc
1363,-12925031,-8786997.0,2562925#pWqie5qNAOR,-13157966.5,9468515.210,-7861682,-1681154.6,-4887097,2822989#OYPxHJRfV62TX51ZtL
1364,1107860,-2485006.5,2260844#mwSsOT5dUBG,540228.4,10580892.700,-8555088,-1.047886784E7,-2528523,8523512#oLZxR9B8NURBs8B7bx
1365,-8248653,2901172.0,1740602#0IuAK3Cuen0,-3712121.0,-6313823.640,892756,-5750002.61,4569556,4461965#N0DyOagk14QRIMnLdG
1366,8682829,-9683266.0,4484649#rzC18A1mdg8,-2869705.4,-4646531.880,5940418,1.09005802E7,-11102519,3192423#J12RFtqpQsZBpH7b4b
1367,357728,-1.2635687E7,11225571#eJ3iIcFBcTx,-13476584.5,-12143263.420,-3767777,4764671.93,1835489,10433159#j6MsnbP7GmkUJJXNOA
1368,-8002845,-3766619.2,7550148#nfIyH8YwKR6,-13172904.0,8422314.900,2161809,-1.04666502E7,-1295844,10939916#cgEC1lJAg09Xdroh7t
1369,9808663,1.1410722E7,391672#gASdAfZgtzC,4612863.5,4385566.590,5862699,-417335.37,8742120,4754813#OGF35kIi8KZE6mQnp6
1370,4116610,-4371029.5,436692#vlXosmQWsON,2733075.5,-5790238.840,-4720340,1955543.74,1598996,5017209#LwbzYVE0ftbjWDjuLj
1371,4368983,-1.1353178E7,13606352#udQUkZQwsJr,-12438590.0,-12174307.190,-9695655,1646607.08,3556129,11144587#HdYbKHyViGMA8M5VHC
1372,-11496006,1243382.1,4334639#3qOkc2XOmPw,3216439.0,-13386058.570,-13585461,-3588038.28,-6755843,2032971#k7TSyxxsYJYa50b8cQ
1373,1598078,-1716672.6,527364#Q2tECHjDADF,3823455.0,-314589.920,13149218,-2902608.58,4280404,1249883#9IkhATBCWGKJiIotbT
1374,10572800,3676206.5,10292345#4yqgHLfIVMf,10091234.0,-5710975.710,-5755883,1.312948981E7,3679231,11930205#jDxcvFBV5Fy63DRfrr
1375,-126385,1923852.4,10960727#6GurLRSIfC8,2031189.0,-4017707.520,3695087,-9129450.37,-1953559,3219121#dAo0g7C1oGx1x7AAED
1376,982476,2069867.4,12299967#PfCFnrKuocF,2555344.0,-2917439.370,2670184,1.281124459E7,9425849,9496534#CRDalllioKTjgEGJU0
1377,-3605177,-3761971.2,11087184#a5XBImEWDRh,2844732.5,-5822143.710,-7540824,-482865.99,725471,10377562#pTlkQpBt7QpUGxZ6Nw
1378,-7911415,-7283984.5,1350908#5l3tSgLeO1S,6973757.0,-7901565.400,-11441604,-3437844.67,5640983,2927464#QBFEdmxv3p3TEgECeQ
1379,-2408985,7323844.5,7842385#8ZSbHXuB5be,-8309937.4,13089062.770,7019442,1.360577174E7,-4984290,4447222#iUutHR0qp5o3ZBRui5
1380,2553449,-2425865.5,11836116#wXKt5O5XMRP,-6603699.0,-2588571.850,-3216468,8439419.13,13192525,11650132#MvJ2V3sRvDcBoSphIh
1381,-8970397,1.0432224E7,2487597#AXH4X1jMpg3,-6142177.0,-8046901.170,7797711,1.211151656E7,3739740,12606074#HJbhImqShTIIoMYz0b
1382,-10390266,4376595.0,328086#ErJlGQj5r1u,803453.0,-7535070.600,11381344,-6973117.1,1976051,8950500#xb16XjrZJFl64EewzQ
1383,11374867,1421504.2,11484251#w2LIz4aehAk,315468.0,10757246.250,-5859466,3796771.13,11709750,5987709#Nxm5cgxpanBuiVKyRc
1384,532161,-1.173046E7,9267820#O4fkCmcqxKv,10511596.5,13241188.810,-7799768,-6228233.87,7312488,412052#PddKIA49Bqa0wTWeX5
1385,-11783248,2155649.0,3503663#KEOyYKr4NTu,-12737942.0,4156938.860,-8713550,332433.35,-6653474,3511427#J0MMWZANLnLL2XUZx6
1386,-11546499,1.0696018E7,9138820#O4fkCmcqxKv,12324065.1,-8573416.110,175784,2278990.62,-10984569,4929415#iCxPngl6kRqmvEujdQ
1387,-3565326,1.0502268E7,7699188#fyF07eDzzm3,-5358750.5,-7951312.750,-12684964,-1.214446812E7,5566710,2730331#U91ckrZBHxZYM1ph3J
1388,13204221,-2903161.5,6877434#eK6VuEH3VVL,-3756597.0,-12938010.570,-8918855,-8688720.24,10979744,3304720#FsAQdL7B6NMngedJwG
1389,2195468,-430652.7,9597302#ruros1HEuck,-13585539.0,-7163485.430,410381,-6665756.58,5008850,175349#idZxTmeCmwzh3eLT8z
1390,-11690849,8364035.0,2107604#i5LaVmZJDrr,1504763.0,-3749011.080,4420805,-4822177.53,4073007,5764586#CYhmb3050ZMb9WwBMW
1391,10049925,1.1900667E7,7561132#NwHRIP6kDyM,-12450175.9,-7734183.410,-9856712,2885962.67,9526086,6517994#xWK4ioRlc6FMXl96k7
1392,13795624,1.3328469E7,8313791#TOOu2JJ5hQo,3961431.5,-5800143.730,-9036706,-2049464.85,8307574,12377526#AC2xoKFGI33KRY79vQ
1393,7604786,-2111650.8,9839230#wpUbDGB2AT0,-13709465.2,-8691146.340,-11635849,1.02877321E7,9716144,8254944#DUf10CBgk1K8gVzIno
1394,9856487,-9761359.0,8983361#Q0Rdfswmn29,7223964.5,-907415.320,6605433,-1.213338577E7,1218386,8944070#msWYeY0wOya1i0NGEI
1395,-2703787,-5140506.0,4962778#F0O3WyXcuXU,-176199.2,11525956.940,-7855369,-714753.0,1865147,8342912#c1pIh8kUeyfjFz51QX
1396,-12803692,-1.2935138E7,862822#Sgt8dX80M9Z,13811552.5,-5224002.810,13701551,1.105102929E7,1310164,5176051#X9OZbszjRKCz3HuwPE
1397,11919386,9426713.0,8342385#8ZSbHXuB5be,-9226250.5,-7341833.470,4746505,-1801259.21,-7458299,4547013#dQSXRzbnm7UK7gXtWA
1398,302277,-1472426.1,2860031#DU7XhxoYG59,6633651.7,13953487.850,-3727453,221172.52,7503075,10362348#VRzDKw9TjMRe44Sx3I
1399,-1086704,7683961.5,3305925#pWqie5qNAOR,-1056046.0,9004648.260,-10736577,1.342889812E7,-4591409,4849506#MoMplQ7zTKjcOpNmW6
1400,1667236,-1.1899774E7,2234343#KSEkv6S9kNJ,5501746.0,-1054439.640,5086025,-3947861.12,-6966188,7788303#OHJQpBtbEOMqtEuLSJ
1401,10029642,1.0955921E7,9387539#TCUVFadi9F2,12056313.2,6174167.120,12720639,1.12553745E7,311253,12475963#d2eKp4JBkuXyhJz1lz
1402,8962369,3841201.8,2755502#4aERBxETx3q,-111177.7,1980535.030,1306560,-3070684.18,-673258,8936492#kNDydO3HkObih0hSu6
1403,12452999,-5751575.0,4445845#CRpi4f6Ts18,13739994.5,-10199623.550,-7523534,1.118403726E7,3455583,11916571#A6Gs7H1wMFc4nZY5uk
1404,-11734356,-1676389.4,1522440#c19l5VfUWgD,3164559.0,5443346.390,2897802,-1308925.98,-6399107,5480415#iCxPngl6kRqmvEujdQ
1405,9372030,7373258.5,11744104#C9zo2vieEYK,-4201962.3,5143035.680,-8015818,-261973.85,-13470962,3044201#BCSLVONNrEqT4rLXPX
1406,7190805,1.2042452E7,8249399#RwWGOcO2V9a,-9386.0,3387185.370,-10115022,-1.345654171E7,13223739,387305#MQufYrcbLnlFiZTBbk
1407,5837876,1.0036888E7,5503579#9pnVQWKtufe,-390661.5,7162176.520,-6307478,1589059.54,-5925577,1082078#JeOGcOx99mQaOJtmmm
1408,-12640669,9568070.0,12391070#5sAfXZMEAXD,5575426.0,-5611054.470,-7867190,9820169.48,-11892117,1884512#oLZxR9B8NURBs8B7bx
1409,-10977916,1.1041717E7,12225504#rXWAn0oo0VS,10733311.0,13480764.990,-2325000,-1.385511301E7,-12639203,11736722#uZ8rWCWOfoRyVqXAA6
1410,2098313,1.0518762E7,4199067#2lQ8Y3G89kz,-9203137.5,-1279797.900,7743338,5617829.94,10917376,1261753#nTKpgG5fLaRYtdfqyG
1411,-11983700,-1.4005468E7,7595775#P0XgRp82CzT,-3148269.3,-1196776.680,5154095,3295764.85,9616724,7807748#DdAtWlrow0xyeYemX4
1412,14091439,-2648107.2,6749136#jOOZBYW2ynJ,-930516.0,7426545.470,-1094981,8118002.75,-2640622,5010548#jEPVB2q5hnGq8g46mV
1413,-13399081,-9109397.0,2656683#5DR9xfShMv4,-13640422.5,9815943.210,-8150206,-1742754.6,-5066665,2926216#TGVyr2lgczUAwVsod6
1414,1148666,-2576206.5,2343710#HvJPiCWhs7i,560213.9,10968578.200,-8868972,-1.086286784E7,-2621421,8835874#mp6FyJqpglCcCjvOAr
1415,-8550953,3007572.0,1804053#rA6zBytg4al,-3848371.0,-6545298.640,925629,-5960402.61,4736934,4625058#cXuUht0u7g2UkBWVtp
1416,9000704,-1.0037666E7,4648776#3Aoe0tdlSYY,-2974523.9,-4816294.380,6158042,1.12997802E7,-11508898,3309128#JVvqXj5j6t6gyyevVj
1417,370743,-1.3098087E7,11635996#1pl76JMwWez,-13969159.5,-12587231.420,-3905823,4939071.93,1902515,10814531#BAPPvQ9VvWpe6ISAQQ
1418,-8295706,-3904219.2,7825805#BySSKnEfect,-13654654.0,8730306.400,2240506,-1.08490502E7,-1343430,11339570#5MIHKdgCVUs5GlqCFV
1419,10167151,1.1827522E7,405962#lVbrQ68kzsn,4781438.5,4545864.090,6076756,-432535.37,9061472,4928435#0nQx2BqJTV23uZyKUc
1420,4266635,-4530229.5,452423#XV75N8bd4qd,2833113.0,-6001637.840,-4892397,2026743.74,1657689,5200011#nHoU4yMrZytlPVieJN
1421,4528526,-1.1767578E7,14102477#G9ksgue6W1x,-12891890.0,-12618319.190,-10049472,1706607.08,3686171,11550767#kbfQ4IHX5qTe1MKbTw
1422,-11914606,1288982.1,4492411#6d5jCL6tHTM,3333651.5,-13873669.570,-14080605,-3718438.28,-7001876,2106975#2Ouvbdk9mrnZws2Hef
1423,1656408,-1779072.6,546406#dYYNgRFlOAg,3962405.0,-325758.420,13628424,-3008208.58,4436220,1295362#uBjuvubHKD9YlNMZcA
1424,10957900,3809806.5,10666550#W4tjn0iCkIE,10458384.0,-5918938.210,-5965004,1.360708981E7,3813042,12364116#QrWyJ2pCU8ahkHbRLj
