338,275,28,380,265,0.0147,-2987926,0.1737,-0.09,1038652#G6obeab0Lqey7nSpoMd9AWMfid,769275,-2584306.2,1188173#vhs9MlV4Jt,-3151792.000,3168733.0,924838#iP1vcSM94pfI,-3239197,89914.0,2512439
339,3129,98,28,350,-0.1217,-1534091,0.1950,0.73,882959#Ft7l8pHDXrd3UP94IdpeIjLJi5,474249,1047506.7,1812989#d0Z6UyjHYI,2078320.000,-1892844.49,1224789#P07x6CMrqtaO,2247214,2865490.2,-1711030
340,1385,358,1135,1172,-0.0964,1678968,-0.0120,-0.44,3119015#PzgItuAcrhMIFkv7JvbbFn0qLp,2656849,1941372.2,948477#Zx14qTGSJ8,1601856.000,-2438971.86,492925#xTB5Tyli6Hpv,-1531368,547502.0,1447072
341,1865,352,736,41,0.0957,2142586,0.1007,0.65,96448#hqSWNBHdTvFRhgJVqhybD3x5cS,-1510417,-1011826.1,1915931#TYlTMdiWEM,-809184.000,-1099336.13,607110#d9X3Jniva1jk,-59091,-1985905.0,350710
342,1759,454,170,350,0.1690,-1320370,-0.0806,-0.01,1028135#jAsfe0kd6AgD7CneVcjjcbaBIb,-1146725,302524.0,2282078#LhoX2oaIep,-1525168.000,2995276.44,1605148#TESAXcfbidl1,-2874163,795323.0,1916656
343,2330,185,612,194,-0.0759,-1735185,-0.0169,-0.34,2072225#kmUT7xJRMdOcyUx8idbyEdCxdu,-385162,1666169.5,2817180#pJqZYZKiFe,75680.000,1029046.82,2573735#MW35mGudEKPh,760965,2892670.7,3334481
344,1940,186,512,412,0.0766,-2153321,0.0866,-0.64,2906662#moTHqzmMO8EQYdZ39oRSGmkNwp,-2848937,2203946.0,2329400#8OyjtgEq3B,2011776.000,2851529.74,1371037#IrqGD4blh9XY,-1963500,2349900.0,-2664324
345,3152,98,390,1000,0.2019,301347,-0.1335,-0.25,657163#fZRcT02bWt2JCN7r2IfVrDs8GF,-734478,3018800.5,2835887#AOOqOdpBef,2003760.000,2275369.07,2260366#MrAexWTip7Ks,2698046,-2339744.5,-868476
346,2889,291,1061,973,-0.1338,-1121688,0.0172,0.41,2847990#fX75iDeZUM9IJgj96Bm8dCwJfA,2551138,2664887.7,1180047#bArSNcp6wZ,-256832.000,-3147644.33,1686489#nMPakzzM7939,1529786,-1454919.0,-2732056
347,115,115,304,543,0.0975,-2341761,0.0995,0.69,1513677#F8oLN1CnDpIzXXg0fTVvsWGQDJ,-921034,-1755485.3,3196601#hvvzTTrN67,2689072.000,3359942.12,3212917#P3HcAuVkF1zr,1146170,1910126.0,2140750
348,3009,265,960,106,-0.0494,-2510777,-0.1144,0.04,1506858#tN2DlmBc2qN3u08dZYqTrTSdui,-1692641,1956710.2,587816#tPgEbu5z36,-1227968.000,-1577351.3,2209960#KKxmAr9apygT,-1278028,3065364.0,457780
349,3236,375,627,510,-0.0487,-1417058,0.0681,-0.89,2649728#ts9ZFGCFD6UOIASSCrdqJmo49L,-2651828,-202263.5,783013#miMt8g7a8J,-319440.000,-2905434.96,2481497#rMlo7obqVZ9O,602336,2214119.0,-2535386
350,3311,114,906,196,-0.1750,1714415,-0.1850,-0.02,1777440#do5HYgY9RfPpcNnt3J5BSvRcAM,2665795,2796876.3,50798#eB0bsMOoR6,-2493120.000,-1661902.35,2652661#0WseqkzFA992,-1216064,435098.0,-566574
351,2142,101,290,31,0.1268,-3367054,-0.1953,0.19,2219137#vIRONSq9xI4j79U4WxkTy8XIgw,1651580,-2696490.4,2647570#8GgmMq7ok1,-2572976.000,-2258711.92,310276#IQN8kH01q1qv,1636057,2958802.6,1847051
352,816,328,929,524,0.1731,-3496964,-0.0396,-0.10,2150191#9hqyBTHR1bOCu4tbi9cgTxWPfC,-2731438,-892349.5,248965#gDJm0zHw1n,-2278368.000,2204246.93,1440643#liwMc9xJDjf8,1415545,3285338.2,-3309639
353,1821,111,1011,194,-0.1159,-3107250,-0.0199,-0.04,398140#EZQf8BUIWMABRdZ3zr0zIqwrZt,732357,-864513.9,657525#SVEZvoVG7G,-3120464.000,-164308.23,2801687#J2qPePWDyWXO,1601777,-536236.4,-935093
354,3718,454,934,600,0.0897,2330309,0.0597,0.74,2035411#PMf8AjALZzilmPILTIPPRlIHWG,-2657950,228021.4,1211031#ePzYXZ9YE3,3469776.000,-1139873.42,1374487#RxMuisDvq9nS,-2943108,1512429.5,469931
355,3408,83,1213,807,-0.1565,153959,0.1196,0.51,834001#c8V23vHmNkSgMot0ODK2hGAxCy,225947,-3101785.5,3358457#J5LqvXhC3U,1037680.000,-2561279.46,1435262#ncs9jbc3KfHn,-3279427,-2065264.2,-2138884
356,852,120,422,252,0.0603,1680541,-0.0788,-0.81,3125907#hW7xlxx92nA5atCf3XqPyi8OaI,1333279,-378822.8,3145805#pm8CGjbXN9,-3308896.000,-1067758.35,1595991#87QfdJxIU4Re,3469305,1829816.8,854400
357,3321,427,694,4,-0.0131,2001431,-0.0301,-0.80,593833#RnLbTJ8rFjzov0mCxX6bZdnPa6,3098614,2799257.1,3232174#zK8dQCL0WM,2841808.000,1933387.67,3067118#cr1wZbJqy8i9,3402524,-3194282.7,-2885185
358,2384,65,822,357,0.1759,-1550365,-0.0384,0.65,2409713#GAsvbbYkPM59mc8ZFsDGIDX5UQ,3286859,1503407.6,1294157#MzGr6xo0hB,-832384.000,2478453.23,2607579#0tMpQdQz1NvJ,540938,-3254335.0,1020868
359,3402,191,124,385,-0.1677,3592451,0.1232,-0.44,2002887#IOldhhjHIYSNvBPIGUt1LnAc9P,-1799459,-3365351.7,3393587#IkX7sMv8G6,-218352.000,-598197.81,105259#rL3TJ6eQ0k8H,1575875,1710094.5,-806763
360,1148,192,1060,72,-0.0730,-1328775,0.0916,-0.10,1054810#V6DXQarii2Kxwuo2JwjY1fVfs9,-995125,-3493946.0,1774706#64lRDIY7cS,3282128.000,1046190.1,3001628#q2SpAFOt7lmy,-2317911,407632.0,-489022
361,3322,280,1056,984,0.1409,1940069,-0.1483,-0.54,998129#QAFebQsX1USdhFiUMusqQy7vEy,729319,1472596.4,2518160#icdbq9Nqsa,-579428.000,-1277463.98,822598#bFcOkqYnBUhu,76375,-445750.0,946359
362,2520,291,1060,374,-0.1786,-3407902,0.1022,0.39,791518#o1er35leAh7WJ97tuN10Pm3EqC,-2639871,1037602.3,3603156#SiDNVcM0ZU,-404896.000,-2346265.33,3459181#XKMDT151Fa39,-1654603,3138521.0,-2926458
363,3433,240,162,73,-0.1489,1455968,-0.0679,-0.33,569434#N9sdH7ODKLWVCTqbzCzUwk4nNb,1674998,-2777311.2,1100350#p1q716x0zV,-2247056.000,-1738693.99,1826393#4QGukeUZJEyH,3391341,2025841.0,1630603
364,2337,153,692,508,-0.1077,461656,0.0628,0.50,1780199#E1LbK0cWExURKrdEiBHflKi3lQ,238546,723462.6,2649270#vRIGT8mk8U,-2688624.000,-1523833.2,1042954#g2URRJznp2wd,-613770,-1673785.6,-1382495
365,407,107,428,389,-0.1795,-939903,0.0331,0.21,3255789#JEpUflrzKii8gqMkQvWaoiU6qt,2203784,2206925.6,3484374#40DCxGbflF,-2321008.000,2858846.75,3051637#CVM4L3z6rftz,-1035661,-473263.4,-1179195
366,3140,81,78,1006,0.0734,1090789,0.0334,0.20,267967#fNgRvE3jSV3EQ3XRDi7KdoRwps,-3156774,3437123.6,7049#pckIMjYY17,3152272.000,1811308.03,3509194#ASE3sxnLufRj,-96465,161868.0,-1548850
367,3531,323,217,292,-0.0881,-1874972,-0.1201,0.62,2010645#Yp07V7uLe4K1RZwCmBGpF9VzRf,675682,-3583621.4,2608246#iaoRaItEvw,-2400684.000,-3325998.65,2413725#lnd0LbunBFX0,-1927693,1934010.5,-2883110
368,2262,399,645,416,0.1530,1433100,0.1390,-0.31,1769205#HH1RIbR5RgTmgL9yJ0P4UMRidU,531596,-1324877.8,260159#nLVfZb3JPC,-3002880.000,1102144.25,1321320#k1EOC2nAJld7,-775777,-2965336.0,-2036019
369,588,275,510,1033,0.0543,-2507615,0.0743,-0.28,2117670#HU1sIpPCSZWXaxUPZTuqCeHno2,2908673,-2317805.1,3160875#szA5hOt2cu,1526384.000,2621414.52,3294337#Md7tmfEtp05j,1376319,2168627.5,-261889
370,3011,157,1063,490,-0.1150,-2237934,-0.1710,0.69,3479348#qPPzh18NIMEMqWCGIrmeDfsDmr,2378421,3168996.2,3581701#o2QV1IgyZS,873056.000,74750.25,1443425#wISlx4RYh6oS,-1742490,-2285172.0,581865
371,268,267,326,1123,-0.0263,-831098,-0.1513,-0.57,2393309#SjlKWnMhRoC5LktFznkoVQjmDg,-1406077,680151.6,2724718#NDbi4EGfyD,-1628544.000,942330.38,1183843#jhqorf5sTTog,-1905749,-1615699.5,-1887128
372,502,327,183,466,-0.1216,2254350,0.1403,-0.35,2740711#xcaSNT5Cgc2Hy4gFon67g3Wb8d,448745,161799.0,785251#35hsXigU6Z,-911072.000,-671578.57,3086450#b2qBriHw4f8a,1765291,1404901.0,-1268210
373,2512,277,114,652,0.1266,-1192688,-0.1319,-0.14,2935551#CXU2eLnINh59lOyu35VED89sdo,2400029,-325344.6,3099236#WYsozL0wJB,1145072.000,-2922314.62,1757806#LZ5yNDrnV8l6,-2667285,3134075.7,-2608751
374,2176,190,1176,951,-0.1022,-376829,-0.0182,-1.04,1472382#HtqNt0bRP0AQs63rUPGq6WWtpP,1678091,1816716.9,1603294#sT0gtp4EYf,735984.000,241868.35,3314195#U7f4LbHS0yXQ,-2220471,1293856.0,3068872
375,3083,276,332,88,0.1982,-686959,0.0762,0.33,2447281#TVkDqCjuS9gr3Uetr8BA3XmRBB,-3050984,-1343333.2,1290743#H8fJqIfQaJ,3124864.000,2844223.8,2272863#XycFEn7UbtFu,2526342,-3533041.0,1334428
376,1720,50,354,1193,0.0765,-3744659,0.1515,-0.47,895175#VJtdvqfLRBGauO8zNRJNFcxQ9R,-784295,-1207627.4,1424695#cngTxXt47U,-814624.000,-1920088.7,3161428#LEQABXHD3qZD,1268651,1658264.0,3670229
377,3575,164,1094,252,-0.1731,2080134,-0.1331,-0.10,236063#QekNC7eKlfgTFJBzOM3UM8vjph,3213764,466453.4,3312043#u4VIY7p5dy,2758944.000,-2604853.49,1750995#oTetdRxsJMnW,-754985,2698846.7,1778331
378,1779,2,453,613,0.0471,-974061,-0.0974,-0.85,3634890#FPRZR7bGofFn9dli1vSGQC96Rf,-2014693,-3732771.7,2620678#kyRT9gd3vc,-2204736.000,482737.41,248139#n2mBGYl2eCRT,-2836911,1206018.8,-1371204
379,2030,170,126,918,0.1554,-2453468,0.0474,0.27,2009080#auMraB6UB45qbrjaEQIkMVetfQ,1271579,-2077287.8,3102652#xg0jFzUUYg,2609640.000,-1326870.13,2105047#GDPjhD4kHDzY,2650867,-3408163.2,3384752
380,1174,80,1189,984,-0.1107,-2530524,0.2028,0.63,305659#ojMYllJ56ALddbGfdl8gx57owl,-2631269,3746423.3,1432030#RnLsXquN2T,-1176880.000,2611280.73,547242#gZZNKWxHzgXQ,2307505,-958859.0,1163330
381,308,215,1036,607,0.1511,2435186,-0.1843,0.00,1372515#YR8ZjYB9xsfk34MHsWbaPSsIDU,1554885,230288.0,2368127#XmClbb4X73,3374748.000,-171003.1,3674868#ZUkiukyES0uB,498093,241190.0,-675858
382,3500,91,836,514,0.0584,-2748036,0.2104,0.58,1535494#bMhFDjsLO6pebKNwywVwlrNb81,1994155,-1042769.1,3164918#5og2ig5qkG,-2146000.000,1003247.67,2076622#uehtMOPnbrUh,2680220,3386046.0,899409
383,492,203,167,968,0.1807,-3256250,0.1687,0.22,3205090#ZGNgw7gYm8D7VIGcCUo5P3dJI2,-975720,1935056.9,1931066#V7J4ovJ4Tb,-692640.000,571299.92,910823#mogZZ1UATPW8,814616,-2425369.9,2405572
384,302,16,47,1,-0.0652,1572566,0.0390,-0.17,2849707#NI4acUmjBfiHqbgTigxaLC2dJg,1681242,2730894.6,2423634#8OEASshj5i,-219776.000,522538.72,2192388#GhgUU0DYSHIP,-2392844,1232624.0,-2621160
385,1708,167,277,643,0.1673,-3632361,-0.1075,0.19,37881#Y4SdOql2dDsp9deyRq0HkgUQN4,1305520,2799591.3,2969129#edUZbQTzaG,2351840.000,-820486.36,2468809#3akxgFIKunVe,2621105,-1670497.2,-1675085
386,1323,210,408,848,0.1916,-3584632,-0.0718,0.07,561011#XdWMwf5n9BT7gx2Okl7tHJrbFi,-2173204,170871.2,169839#XAODlyGoyj,1830032.000,-3338425.03,3085169#cZevZRV75h4z,-3422212,1254517.5,-2525408
387,3625,441,710,454,-0.0971,-764698,0.1099,-0.58,2314954#NgWl9wDFURQ8RENMFCZb3CDjbZ,3052922,-2140379.9,1866896#v8oYowx8al,417472.000,-2409893.74,2927757#IBuqPztfbRwo,-2215629,-1861716.5,3757158
388,2740,432,848,870,0.0302,-3428579,0.1892,-0.07,1191275#OUHtxebIO5DpECD4vfAtLX2soP,883879,-2965547.2,1362885#Yilf3y6oCe,-3616592.000,3636733.0,1061537#nUhLRHIRlAjW,-3717791,104564.0,2883839
389,1699,133,1092,226,-0.1367,-1761615,0.2105,0.79,1012880#UtNiqBepAOQvft3DZnnaqZZaZj,543574,1203195.2,2079882#wDgdG6DNhU,2384720.000,-2172844.49,1404666#EcvQJUFc990w,2577814,3289327.7,-1963786
390,1213,186,534,886,-0.1114,1924863,-0.0270,-0.49,3576293#uleaOb6T1ATKmUErbM1tlDt1Q0,3048013,2226496.7,1087286#KK6hVHoU4r,1837856.000,-2798971.86,564174#0Gk2hCiYOv7p,-1756587,628327.0,1660597
391,3175,50,598,1105,0.1112,2456832,0.1162,0.79,109696#5snWosI9VtmrumGmPd9FYiNghl,-1731435,-1159519.6,2195593#3zIAemIxVh,-929184.000,-1260136.13,694985#dCXpn8jf60mN,-68591,-2278555.0,402622
392,2004,424,976,24,0.1845,-1514700,-0.0956,0.00,1177007#lxJcDoGErADJ9qS9iy6l7Efn2X,-1313788,346544.5,2614753#v2RYLXo2g4,-1749168.000,3433676.44,1838454#wntE3rHWX1vh,-3293288,910148.0,2195475
393,3543,233,1206,291,-0.0909,-1988905,-0.0319,-0.37,2373449#EGjWUJB5s0JRZbC3i8r70IvcjP,-442522,1908209.0,3227515#akZbUzJH2u,87680.000,1178646.82,2947660#Wo1jwifQaVDf,872440,3315033.2,3820881
394,1250,388,807,626,0.0921,-2467126,0.1021,-0.69,3328245#s8SAlGFOGVSWPSBLuxGji9jw2q,-3263596,2525040.5,2666798#eB0bsMOoR6,2303776.000,3265929.74,1569779#yvbDuzRdRb5d,-2249012,2692725.0,-3051180
395,2867,293,1214,1022,0.2174,344995,-0.1485,-0.23,751424#lEqUOXQZVjCRqqVyOk6QP9gb4q,-841839,3456783.0,3246535#wZSCYPjrB6,2294960.000,2604169.07,2586625#qcyjyVntAfr8,3090046,-2679169.5,-993276
396,2709,334,525,1051,-0.1488,-1282799,0.0327,0.46,3259436#1Yats7j26zkqAm6f4aPfxIjFfX,2920674,3049804.7,1349308#QPMiaJ7bUi,-295232.000,-3602844.33,1929530#XUpKId3DfO3Z,1751061,-1665394.0,-3126981
397,680,95,475,378,0.1130,-2680121,0.1150,0.81,1730538#MbvsoqROMOLGRhAhrmgxMCFJxA,-1054130,-2008407.3,3655963#Vv2kJjPBwh,3076272.000,3844742.12,3675168#uKkEBYpm7NR0,1310583,2185826.0,2449991
398,254,338,669,124,-0.0644,-2871620,-0.1294,0.00,1723218#y0Nnue5dpLjpyei6Jcp4hUFsZ9,-1936105,2237129.7,672094#OfZwyAqhBd,-1403368.000,-1803751.3,2526307#tNj3fskv7i4C,-1462903,3506114.0,523243
399,3826,415,403,355,-0.0637,-1621299,0.0836,-0.99,3028929#EoP3aJMtpADm3n3BeYkc1S0eCI,-3033112,-230697.5,894629#7c7KbA6FQH,-365040.000,-3322234.96,2835796#sGGamDfsfMwq,688611,2531869.0,-2898948
400,1293,211,688,56,-0.1900,1958425,-0.2000,-0.07,2030618#gr1JNt1RjRsvjHvnbqfDTXOMsU,3045343,3195218.8,57412#zm5gy1o4NN,-2848320.000,-1897902.35,3031008#t04jHcY6u1Fs,-1390307,497648.0,-646824
401,242,225,106,566,0.1423,-3846829,-0.2103,0.26,2534902#BteFw1k4NmsVWmlGE79O0GlHAy,1887709,-3079842.4,3024694#9Eh9XHkjOG,-2940176.000,-2580311.92,353923#utVgslxJbvBI,1869757,3379436.6,2110291
402,3703,113,1157,463,0.1886,-3993653,-0.0546,-0.15,2455379#CtA2rgKR3zWblgN3QM8Y7FeW5l,-3120531,-1019673.0,283006#alKSC0ltRs,-2603168.000,2517846.93,1644096#PIen8epfNo7A,1616645,3751319.2,-3779739
403,2188,268,1144,729,-0.1309,-3547596,-0.0349,-0.03,454127#wImjE0wKeGTEll6wpXEJH0ww2U,834826,-986535.4,749611#YJyvWJRX9O,-3561264.000,-188308.23,3197968#QpVOhUjTwkxr,1828502,-610844.4,-1066393
404,1120,387,558,874,0.1052,2660140,0.0752,0.86,2321713#GAsvbbYkPM59mc8ZFsDGIDX5UQ,-3032588,260464.9,1382065#3RSrM9B1HS,3960976.000,-1301473.42,1568108#xdfvLTyT7MK0,-3357621,1726967.0,537231
405,2812,253,764,117,-0.1715,174898,0.1351,0.63,951010#nqI1mPe6ImEtIHcj9f6wxEgqEO,258014,-3537384.0,3830493#6EsbCVGcSs,1184880.000,-2922879.46,1637007#GLHh6vAuGUyg,-3742177,-2356601.7,-2438759
406,797,310,902,183,0.0758,1916274,-0.0938,-0.91,3564674#z3XDOO2WLpGIWeohPds7suwZBG,1521904,-431731.8,3586605#7x7tFdg1sZ,-3773696.000,-1216558.35,1819535#Ucsoe03CsncS,3956667,2086815.8,973300
407,704,326,406,1080,-0.0281,2282034,-0.0451,-0.90,676425#EjEQXKgO1jfS4QG5C48dsmpofP,3532793,3190301.6,3684310#GcaNtvuWRB,3238608.000,2203787.67,3496034#2QM6ihKQ8mMq,3879224,-3641670.2,-3290160
408,436,297,293,845,0.1914,-1768130,-0.0534,0.77,2746051#KzhB3dloASjAaqox7nK7VA0Cg6,3745347,1712041.6,1474135#mW5GOVLSe4,-949184.000,2824053.23,2970846#ytxI6E0l610K,615294,-3708460.0,1164074
409,3309,271,269,1188,-0.1827,4091895,0.1387,-0.46,2281657#IojqtXP2bNMcuIz5yCHkcKadir,-2049252,-3834519.2,3864899#AuymHckfca,-249552.000,-682197.81,119142#JapAqd9nZZ9D,1794638,1948369.5,-920482
410,2713,308,625,570,-0.0880,-1514632,0.1071,-0.07,1201025#4FGu6sgQIjfmWQDahkHa89CLSd,-1133200,-3979633.0,2020208#BAJKwgYbbo,3737328.000,1190990.1,3418073#Pt8mli1vkvBj,-2640636,464682.0,-558260
411,862,345,1002,1172,0.1564,2207710,-0.1633,-0.64,1135496#Br0bLXNRW1jU0XvdBHchhsZk6v,829406,1675916.4,2866390#j311151mOZ,-659628.000,-1455063.98,936196#YuUw8gopcPP4,88056,-506450.0,1078509
412,602,256,1168,470,-0.1936,-3878854,0.1177,0.50,900577#8ExxtRhVEX5Lu7GwVMqgflkfT7,-3004072,1181210.3,4100158#KBVNoPeS15,-461296.000,-2671065.33,3936244#Ny8EriC2rzOn,-1883603,3572646.0,-3329633
413,2866,325,367,945,-0.1639,1657587,-0.0829,-0.34,647083#1QAd5CzpYkjpr7hINbALgXG4rl,1904935,-3160612.7,1251435#u1H3TVlnR8,-2557456.000,-1977893.99,2077165#y0q202GZ9zJG,3858328,2304272.0,1856166
414,3152,428,149,135,-0.1227,525206,0.0783,0.61,2024631#pYUb2BUfaICofHXl498Cm3S89A,271205,822711.6,3012258#d5lXz01yIR,-3058224.000,-1734233.2,1185259#rL3TJ6eQ0k8H,-697388,-1902916.6,-1571976
415,27,7,186,212,-0.1945,-1068411,0.0486,0.25,3700527#IkSRFB7eKbNFsDuxKwzTRXFLaL,2504820,2510344.6,3961157#MzGr6xo0hB,-2640208.000,3249246.75,3468909#xZGZbsFqdB1d,-1178505,-539109.9,-1340870
416,3775,426,1081,1009,0.0889,1238986,0.0489,0.25,304175#VJtdvqfLRBGauO8zNRJNFcxQ9R,-3588926,3907069.1,7628#aiEWGIWEWW,3583472.000,2057708.03,3987795#I4kDz7bX58rt,-110174,185168.0,-1759542
417,1834,71,516,459,-0.1031,-2129235,-0.1351,0.66,2284206#SUU2utmUhqvLNh9Wskxnejz4Di,768906,-4072393.4,2962867#t70rwDaGgN,-2728884.000,-3778798.65,2741521#XGJ9uQBe3j24,-2190131,2197085.5,-3276423
418,1666,424,360,457,0.1685,1629063,0.1545,-0.32,2008972#rZa0tleUylMXUBLQ5zF9GQEjNm,602790,-1505968.8,294653#yuCNnFUpL3,-3410880.000,1252544.25,1500724#YA8C3BXF61qJ,-880283,-3368461.0,-2313682
419,1880,198,57,756,0.0698,-2847701,0.0898,-0.33,2403673#fRg2FKpgUKBAAhMrBpwjkTWKQe,3303316,-2632913.1,3588735#8gZDWfP0Wo,1734384.000,2975814.52,3739457#IjJfoWxqz6K7,1564157,2463602.5,-296114
420,1409,347,809,312,-0.1300,-2539069,-0.1860,0.74,3949025#4FGu6sgQIjfmWQDahkHa89CLSd,2699472,3597904.2,4065470#CVjD7zT0fH,990656.000,85150.25,1637398#vyQyzDJmfZVV,-1977846,-2593272.0,659190
421,1799,112,826,1119,-0.0413,-943739,-0.1663,-0.62,2714560#dSMIEpQVASuvf9CZcY5LSfRbZO,-1595941,772778.6,3091847#mLDM9yVx2s,-1848544.000,1069530.38,1343260#PrseLk69CGnP,-2162149,-1832424.5,-2141828
422,1300,120,543,508,-0.1366,2557766,0.1558,-0.45,3108161#dEMLx02AgkxYY6PcH6c04CrHA3,509029,182255.0,890462#bknayRUcQl,-1033872.000,-761978.57,3500781#bWnVfVxPIBoT,2001810,1595013.5,-1438391
423,3206,287,504,569,0.1421,-1351440,-0.1469,-0.17,3328493#jvra65p6jz64dalZUMKY5ZiFtV,2722892,-370118.6,3513390#j311151mOZ,1297872.000,-3312714.62,1992936#JpGFuGRs5IUj,-3023947,3554313.2,-2959738
424,2184,383,725,581,-0.1172,-426238,-0.0332,-1.14,1668468#HTwLSffKc4tKIt7Kz88suRNje2,1901305,2060011.9,1817068#wIyJkGmiFe,835184.000,275468.35,3756591#StcT0p9w43Pa,-2518182,1466256.0,3479972
425,3678,27,884,864,0.2137,-778216,0.0917,0.34,2772736#XgTAw63bER5aVnJBmBuMHaJCaa,-3457212,-1521785.7,1461546#4QXShCIzfI,3541664.000,3222623.8,2575586#BYcEHwt0yS8N,2862017,-4004175.0,1512040
426,95,363,22,1057,0.0920,-4241568,0.1670,-0.52,1013819#xpCKRayaqF3kL379BrzjC4VBBv,-889735,-1369233.9,1612934#IqsnW2fttS,-924224.000,-2176088.7,3581180#jiTm05gw4YQA,1436026,1877714.0,4157279
427,3465,274,49,825,-0.1881,2356733,-0.1481,-0.14,266731#KDinz8c2jkwwA3g4KrdOFFXS6G,3641187,528468.4,3750643#RiI4Pdhqsx,3125344.000,-2950453.49,1982734#NMoQGNimGyts,-855991,3057127.7,2013356
428,892,389,548,803,0.0626,-1104216,-0.1124,-0.95,4114391#bEycoCYTZX9bQAo7x5O51CVPf6,-2282250,-4225777.7,2966996#V6K5Jeg6yP,-2495936.000,546737.41,280682#SeOGRGqWlWax,-3211511,1366357.8,-1551604
429,2182,72,166,468,0.1709,-2776521,0.0629,0.29,2273957#VZbEXsS6mga10agiOF2P3YZkvh,1438135,-2351291.8,3510655#pD8a0FzOwP,2954840.000,-1502070.13,2382397#O4AqxZKuLR35,3000342,-3858050.7,3830046
430,2224,100,592,872,-0.1257,-2864223,0.2183,0.70,344879#1MRR6lTH5rylknjHYhhgjasi7N,-2976246,4239325.8,1619416#MoWWh3j52X,-1331280.000,2955280.73,618480#Blk7uK0POgDT,2612180,-1084121.5,1315467
431,1813,30,566,1048,0.1666,2754834,-0.1993,0.01,1552377#z2XUOu0XG0lnF453KFKqMUHn3t,1758517,259413.5,2678387#toecKeEBEW,3818548.000,-194203.1,4156872#YD8hz87gG2eA,563768,273890.0,-764983
432,2365,338,1016,971,0.0739,-3108643,0.2259,0.65,1735779#Wi3CPDhpjbSlaQajBMfZiuws3G,2256086,-1178469.6,3578931#TYlTMdiWEM,-2426000.000,1134447.67,2348091#rHDwWDXQoXt2,3029970,3829296.0,1018059
433,1239,48,493,732,0.1962,-3682527,0.1842,0.27,3623492#uux9iOtqYtFpdwSGipHGCUbwEG,-1102769,2187614.4,2182464#fr2AEgdp7u,-782240.000,646499.92,1028651#oxrMgafOB0eH,919678,-2741128.9,2719203
434,2437,336,1004,936,-0.0802,1777450,0.0545,-0.22,3220029#xdScYS8dK7hPsiuTvmEL7z9WRR,1899964,3086973.6,2738491#deJIuFHVvd,-249376.000,589738.72,2476577#iFTqQnSXJ8JG,-2704675,1393824.0,-2961447
435,3366,411,907,635,0.1828,-4104966,-0.1225,0.23,41672#YDE9CIg3vK5QLEXXYK6v4juU6e,1476320,3162270.3,3354015#YHo2QO4UMm,2657440.000,-926886.36,2788602#MtVwFbmciYal,2961455,-1886259.7,-1892472
436,2103,106,14,545,0.2071,-4047931,-0.0868,0.02,632739#nAy16sZuhQ9KvkAANn0i6W3d76,-2455952,192433.7,191264#BKDk9MYPhQ,2066832.000,-3769625.03,3484087#Z3W0r3Qu29Do,-3864337,1418255.0,-2851583
437,3630,316,861,305,-0.1121,-864471,0.1254,-0.63,2612874#5TYkDYIUCVA4Z6Zrhv7BLV7RNu,3447724,-2416783.4,2107239#lywFJKdiO8,472672.000,-2721093.74,3305779#yvbDuzRdRb5d,-2502629,-2100991.5,4241871
438,1240,381,102,277,0.0457,-3869231,0.2047,-0.05,1343898#rd51fnFfi1Bd9toRDyXSmO7gGy,998482,-3346788.2,1537597#VVkeU1ohmM,-4081392.000,4104733.0,1198236#rIKkfQTsaqkJ,-4196384,119214.0,3255239
439,269,168,943,102,-0.1517,-1989140,0.2260,0.86,1142802#ceqpNmnhb1IC0p7aNKooEUJyVB,612899,1358883.7,2346775#GHEp5UmCND,2691120.000,-2452844.49,1584544#pcpQXHuLoiip,2908414,3713165.2,-2216542
440,1040,13,1147,601,-0.1264,2170759,-0.0420,-0.54,4033571#zgPy3biHWYsh3L804QEOlEdJZb,3439176,2511621.2,1226095#7kpb4UN5DK,2073856.000,-3158971.86,635423#BtTmmOQWMbAl,-1981805,709152.0,1874122
441,520,202,461,972,0.1267,2771077,0.1317,0.93,122944#z1zOpupz53pJ9477Esth7EvjMy,-1952453,-1307213.1,2475256#mWzkDao7jR,-1049184.000,-1420936.13,782860#9jeK2lywJuin,-78091,-2571205.0,454535
442,2249,394,568,894,0.2000,-1709031,-0.1106,0.00,1325879#1MRR6lTH5rylknjHYhhgjasi7N,-1480852,390565.0,2947427#hlVRRahvzT,-1973168.000,3872076.44,2071759#dVYAAHpI9mbH,-3712413,1024973.0,2474293
443,790,282,585,388,-0.1059,-2242624,-0.0469,-0.41,2674673#fRg2FKpgUKBAAhMrBpwjkTWKQe,-499881,2150248.5,3637850#inm6p5XhCD,99680.000,1328246.82,3321584#tfcuCPhksxUM,983915,3737395.7,4307281
444,560,136,1101,840,0.1076,-2780932,0.1176,-0.74,3749828#NCFyEwWhvHX865hCDdmPte1IwC,-3678255,2846135.0,3004197#3Btba8ry22,2595776.000,3680329.74,1768520#nJaqpxgbhXWQ,-2534525,3035550.0,-3438036
445,2582,33,824,1044,0.2329,388642,-0.1635,-0.20,845684#IyJIqE7i3wB7kZNJocUJaNOTPe,-949199,3894765.5,3657183#jrVgWAJrcD,2586160.000,2932969.07,2912885#4KVqHn7tgVxW,3482046,-3018594.5,-1118076
446,2529,376,1203,1129,-0.1638,-1443910,0.0482,0.51,3670883#VafRSqpjTmEKLiQ30ZA2yMduB8,3290211,3434721.7,1518569#9rroMxBY8i,-333632.000,-4058044.33,2172570#twmY7ZwYYQk6,1972336,-1875869.0,-3521906
447,1245,75,646,213,0.1285,-3018481,0.1305,0.92,1947399#OQDZI1PUOlotj3j7bhxj0xQHGd,-1187225,-2261329.3,4115325#ATO4FAV5mp,3463472.000,4329542.12,4137420#FNq18oGLkUKZ,1474995,2461526.0,2759231
448,1464,411,378,143,-0.0794,-3232464,-0.1444,-0.05,1939579#KyNnQ5UqRd8lTQ0GYCOiNlTu5Y,-2179569,2517549.2,756372#wxvXHIWXs4,-1578768.000,-2030151.3,2842655#8223mU3DdLqc,-1647778,3946864.0,588705
449,451,455,178,201,-0.0787,-1825541,0.0991,-1.09,3408129#QAFebQsX1USdhFiUMusqQy7vEy,-3414395,-259131.5,1006245#dI1hNZmaT8,-410640.000,-3739034.96,3190095#tmEDZ4VLUN5H,774886,2849619.0,-3262511
450,3239,309,470,1112,-0.2050,2202434,-0.2150,-0.12,2283797#qPaVhcFpCAHVO0epZGMUrivpd0,3424891,3593561.3,64026#9uXeup0cgI,-3203520.000,-2133902.35,3409356#zJhfQD8WBw8G,-1564551,560198.0,-727074
451,2307,348,1136,1101,0.1578,-4326604,-0.2253,0.33,2850668#lybvYUA7U0wngcQHkTn8vRKdab,2123837,-3463194.4,3401818#pftOrCQaza,-3307376.000,-2901911.92,397570#twmY7ZwYYQk6,2103457,3800070.6,2373532
452,2626,353,170,402,0.2041,-4490342,-0.0696,-0.20,2760566#RKxyHCYP31Lkg2gJ45KpP4kSc6,-3509624,-1146996.5,317047#bArSNcp6wZ,-2927968.000,2831446.93,1847550#5NjG9nfea1Zg,1817745,4217300.2,-4249839
453,2556,426,62,66,-0.1459,-3987942,-0.0499,-0.02,510115#cT0Qt8NGgT5rv4xyy5u6Zr5nge,937294,-1108556.9,841698#IBcGbsbG1f,-4002064.000,-212308.23,3594248#Hw2ClJcCuW6u,2055227,-685452.4,-1197693
454,2488,320,182,1148,0.1207,2989971,0.0907,0.98,2608015#PzgItuAcrhMIFkv7JvbbFn0qLp,-3407225,292908.4,1553098#HG7aeSaH7v,4452176.000,-1463073.42,1761729#UkMrtILuT4YI,-3772133,1941504.5,604531
455,2216,423,315,624,-0.1865,195836,0.1506,0.74,1068018#0LUzgn2SJdHgoZO7tmkjlhMift,290080,-3972982.5,4302528#fu9wEwX3TQ,1332080.000,-3284479.46,1838752#Klm43rI79o4Q,-4204927,-2647939.2,-2738634
456,742,45,169,113,0.0913,2152007,-0.1088,-1.01,4003441#QbQHfRNlOYpJpGI4JuDA9X63ss,1710530,-484640.8,4027405#iB924zJqil,-4238496.000,-1365358.35,2043079#XIWVUHQ6KBRf,4444030,2343814.8,1092200
457,2051,224,118,959,-0.0431,2562637,-0.0601,-1.00,759016#jcH3hSfmp0ft8nzBliSM7p1Ka8,3966971,3581346.1,4136445#OZYItejqJr,3635408.000,2474187.67,3924951#GxQFXTmBelp5,4355924,-4089057.7,-3695135
458,2453,75,978,136,0.2069,-1985894,-0.0684,0.89,3082390#taH5WfdqCFl3OKJ41f7tzyT1ci,4203836,1920675.6,1654114#fUvunJXhrM,-1065984.000,3169653.23,3334114#uod9YBudCG04,689650,-4162585.0,1307280
459,3217,351,414,794,-0.1977,4591339,0.1542,-0.48,2560426#Q2jHxQaCYUzn25xXTaZ6YWH5As,-2299044,-4303686.7,4336212#n7VGClM4gM,-280752.000,-766197.81,133026#0qeOTUdY1m2d,2013400,2186644.5,-1034200
460,313,425,190,1068,-0.1030,-1700488,0.1226,-0.05,1347240#1RxCyZdsK6uIIuXXqbnksAga1Q,-1271275,-4465320.0,2265710#AyFrEEEnQm,4192528.000,1335790.1,3834519#MmiIOpcZzfbx,-2963361,521732.0,-627497
461,2368,410,948,162,0.1719,2475351,-0.1783,-0.74,1272863#7f8rJvXYfS24SN4aiOaC7nNf6k,929494,1879236.4,3214620#hHwitZgIu8,-739828.000,-1632663.98,1049793#7wSRnnmp0FYu,99737,-567150.0,1210659
462,2650,221,62,566,-0.2086,-4349805,0.1332,0.61,1009635#YMP6rE4VviUC8btKnxCcyiSVDb,-3368273,1324818.3,4597160#icdbq9Nqsa,-517696.000,-2995865.33,4413307#tNj3fskv7i4C,-2112603,4006771.0,-3732808
463,2299,410,572,620,-0.1789,1859206,-0.0979,-0.34,724731#KDinz8c2jkwwA3g4KrdOFFXS6G,2134872,-3543914.2,1402519#fxz8uiibHx,-2867856.000,-2217093.99,2327936#JpGFuGRs5IUj,4325316,2582703.0,2081728
464,2,248,820,959,-0.1377,588756,0.0938,0.72,2269064#EqsJuQ3dyUgc9IcZunG7feOukD,303864,921960.6,3375246#iaoRaItEvw,-3427824.000,-1944633.2,1327565#KoREjPAHcYoc,-781007,-2132047.6,-1761457
465,3612,362,1158,35,-0.2095,-1196920,0.0641,0.29,4145265#fk367od1zhPGFv5LyQGpCgsL5A,2805856,2813763.6,4437939#Zc8usRNobQ,-2959408.000,3639646.75,3886182#5HiN2xCbWwCg,-1321348,-604956.4,-1502545
466,445,316,870,1012,0.1044,1387184,0.0644,0.31,340383#m3DaZlYPctdLKMjqDFSnBhhkQg,-4021078,4377014.6,8206#BFRTNKSTEY,4014672.000,2304108.03,4466396#GcPPW08YXWk8,-123883,208468.0,-1970234
467,138,273,816,626,-0.1181,-2383498,-0.1501,0.69,2557767#u0CpnYGIcRf8SL6VLK2Y6bVc5U,862129,-4561165.4,3317489#3riQWScUAZ,-3057084.000,-4231598.65,3069316#i7yd88IcNS6c,-2452568,2460160.5,-3669735
468,1069,449,75,498,0.1840,1825026,0.1700,-0.34,2248739#nAy16sZuhQ9KvkAANn0i6W3d76,673984,-1687059.8,329147#AsXBzhGOQw,-3818880.000,1402944.25,1680129#vRjBC8i4QmbZ,-984789,-3771586.0,-2591344
469,3172,120,818,478,0.0853,-3187788,0.1053,-0.38,2689676#XUrbEvj3ipFolxorSkHLnO3rcc,3697959,-2948021.1,4016596#7WwnIA8cij,1942384.000,3330214.52,4184578#rnsDBs1Fkuo1,1751994,2758577.5,-330339
470,3771,82,555,134,-0.1450,-2840204,-0.2010,0.79,4418701#xs2vjd4Kb7AdGr3raxMJLzsdhD,3020524,4026812.2,4549240#fdVweYHbAB,1108256.000,95550.25,1831371#yU0E7kQBeFUg,-2213202,-2901372.0,736515
471,3329,412,112,1114,-0.0563,-1056379,-0.1813,-0.67,3035811#qKql2qBSYlHfd1UEVKCgze9x04,-1785805,865405.6,3458975#IuN44WKc74,-2068544.000,1196730.38,1502677#JGCAta425hOE,-2418549,-2049149.5,-2396528
472,2097,369,903,550,-0.1516,2861182,0.1713,-0.55,3475611#hlOJfQl8L8ACgw2yWeWx0ilYl5,569313,202711.0,995674#GRf9JaIao7,-1156672.000,-852378.57,3915113#26KBdyLbtVH5,2238328,1785126.0,-1608572
473,3899,297,895,486,0.1576,-1510192,-0.1619,-0.19,3721435#7QioBid1sSIGDhez7kdw2jbvkO,3045756,-414892.6,3927545#ruurQzuWZD,1450672.000,-3703114.62,2228066#KXOtFUp1lsqx,-3380610,3974550.7,-3310726
474,2191,120,274,211,-0.1322,-475647,-0.0482,-1.24,1864554#rWNXH3J1BM8tihFAfkFBDULJC8,2124518,2303306.9,2030843#mKIMcz35YB,934384.000,309068.35,4198986#6KlDF0ZjV3rq,-2815892,1638656.0,3891072
475,308,233,222,443,0.2292,-869473,0.1072,0.34,3098190#E4K4ocL2JUMo3wKT8qe7hZ3rNe,-3863441,-1700238.2,1632349#UIuQOBTJo6,3958464.000,3601023.8,2878309#BQVXTMEP9z4f,3197692,-4475309.0,1689653
476,2435,222,905,922,0.1075,-4738477,0.1825,-0.57,1132463#wIkvkUS9VAOPZSTVQtMXHd4ckt,-995175,-1530840.4,1801173#vhs9MlV4Jt,-1033824.000,-2432088.7,4000932#G90IEdFNTU9o,1603401,2097164.0,4644329
477,3355,384,217,200,-0.2031,2633333,-0.1631,-0.18,297399#OQDZI1PUOlotj3j7bhxj0xQHGd,4068609,590483.4,4189242#Sw5UQH66Ng,3491744.000,-3296053.49,2214474#xuRTTlJtqm1b,-956997,3415408.7,2248381
478,4,322,642,993,0.0781,-1234370,-0.1274,-1.05,4593892#ZZCJfMLBaw1eFJ7PkUrDpUDrUy,-2549806,-4718783.7,3313313#q02kZRli4Q,-2787136.000,610737.41,313225#ffgFmYAXYxmK,-3586111,1526696.8,-1732004
479,2335,430,205,18,0.1864,-3099574,0.0784,0.32,2538835#sx2gbhhj3W0jnOfJVEhJiRvNG8,1604691,-2625295.8,3918659#odct2WeJu3,3300040.000,-1677270.13,2659746#CugtgYisrxzL,3349817,-4307938.2,4275339
480,3274,120,1208,760,-0.1407,-3197921,0.2338,0.77,384098#2WO8VhueSw0EGXBNvYxFIQbBKA,-3321223,4732228.3,1806802#EkTEq9vtnK,-1485680.000,3299280.73,689717#MZg3lqnu0nZS,2916855,-1209384.0,1467605
481,3318,300,96,292,0.1821,3074482,-0.2143,0.02,1732238#t8SSpebeZy61EzvwhJLay20f5D,1962149,288539.0,2988647#9KEU0Vvrcm,4262348.000,-217403.1,4638876#rVGk0vDVnYay,629443,306590.0,-854108
482,1230,131,1196,232,0.0894,-3469249,0.2414,0.73,1936063#QekNC7eKlfgTFJBzOM3UM8vjph,2518017,-1314170.1,3992945#JxHSKjip6p,-2706000.000,1265647.67,2619561#5MHKoWRPY3ED,3379720,4272546.0,1136709
483,1987,348,818,496,0.2117,-4108804,0.1997,0.33,4041894#ihGNlgu8YaTtwoplChiLtS819z,-1229819,2440171.9,2433863#enRnoIdqdJ,-871840.000,721699.92,1146478#2sbqpEONPQOh,1024741,-3056887.9,3032834
484,607,201,747,675,-0.0952,1982334,0.0700,-0.27,3590351#P90FK6fuXtz3th3PkOUbmiQqfF,2118686,3443052.6,3053348#MODCsmJpVZ,-278976.000,656938.72,2760765#zAGgxF4EHNRM,-3016506,1555024.0,-3301735
485,1060,199,322,627,0.1983,-4577571,-0.1375,0.26,45462#756gf93NJ2hmIPN7h5JqbpOkSt,1647120,3524949.3,3738901#vfYIdYAMJD,2963040.000,-1033286.36,3108394#Zl8Tz4UWkPmH,3301805,-2102022.2,-2109860
486,2883,2,835,243,0.2226,-4511231,-0.1018,-0.01,704466#En62hXQ6g5cIBVMlNKYt4OtiGl,-2738701,213996.2,212689#r7bXYEtCsq,2303632.000,-4200825.03,3883005#Eo3Vy9aQ8FNS,-4306462,1581992.5,-3177758
487,3635,191,1012,156,-0.1271,-964244,0.1409,-0.68,2910794#U0Y3hidxYIZgTi5xg7CgVITOh7,3842526,-2693186.9,2347582#afy5piXo6a,527872.000,-3032293.74,3683801#Hz26vQBCcLVl,-2789629,-2340266.5,4726583
488,3705,330,570,882,0.0612,-4309884,0.2202,-0.04,1496521#J7hX0wfvT3l7BgkMYZJ8s49131,1113086,-3728029.2,1712309#uUpqtZvkkS,-4546192.000,4572733.0,1334935#NFNGg25LvxTB,-4674978,133864.0,3626639
489,2804,203,793,1175,-0.1667,-2216664,0.2415,0.92,1272723#lR3OUATbXe50JjVZaBSK4AvoxO,682224,1514572.2,2613668#JDjVWywaYb,2997520.000,-2732844.49,1764421#ijflvmU1tlHU,3239014,4137002.7,-2469298
490,868,296,546,315,-0.1414,2416654,-0.0570,-0.59,4490849#r6qWBuCxKpogkOK9mZzctJDUVV,3830340,2796745.7,1364904#2zU0IPfNqe,2309856.000,-3518971.86,706672#Vg5eZgdKCFMt,-2207024,789977.0,2087647
491,1830,355,323,839,0.1422,3085323,0.1472,1.07,136192#j4RXt24YEJKu48EA40DdfjU7J6,-2173471,-1454906.6,2754918#5og2ig5qkG,-1169184.000,-1581736.13,870735#MW35mGudEKPh,-87591,-2863855.0,506447
492,2494,364,160,568,0.2155,-1903361,-0.1256,0.01,1474751#eRF96MS0OFkfSq0LCOF3499g9t,-1647915,434585.5,3280102#qPt2py7awv,-2197168.000,4310476.44,2305065#XztI7pkGTKyO,-4131538,1139798.0,2753112
493,2003,330,1179,485,-0.1209,-2496344,-0.0619,-0.44,2975897#nM2HYG6JlIbJlOcu3NyqSrPG7l,-557241,2392288.0,4048185#b1PJ867JSo,111680.000,1477846.82,3695509#lsrKYtroj8vw,1095390,4159758.2,4793681
494,3835,338,182,1054,0.1231,-3094737,0.1331,-0.79,4171411#PMf8AjALZzilmPILTIPPRlIHWG,-4092914,3167229.5,3341595#sf9gdtMjul,2887776.000,4094729.74,1967262#ncs9jbc3KfHn,-2820037,3378375.0,-3824892
495,2297,228,434,1066,0.2484,432290,-0.1785,-0.18,939945#jtV8yVafrcmPnYXdYmUSK7YQXA,-1056560,4332748.0,4067831#KU0m9r1L6z,2877360.000,3261769.07,3239144#Ckle1z4tIagm,3874046,-3358019.5,-1242876
496,2349,419,667,10,-0.1788,-1605021,0.0637,0.56,4082329#Mc1Aj6ZhQyMMDeSvUBLUDCHA6X,3659747,3819638.7,1687830#hS5RLGCQcw,-372032.000,-4513244.33,2415611#MrY8QFmFChse,2193611,-2086344.0,-3916831
497,1810,55,817,48,0.1440,-3356841,0.1460,1.04,2164260#Z3Ihhvq3eLYHNZugPL5Kuu0TAu,-1320321,-2514251.3,4574687#hodO8RBcow,3850672.000,4814342.12,4599671#KiGE8zJ9PPa5,1639408,2737226.0,3068472
498,2674,29,87,161,-0.0944,-3593307,-0.1594,-0.10,2155939#mCiBulvYf6EDaCSD8KTQJ2Iho0,-2423033,2797968.7,840650#EhfJsfGtlg,-1754168.000,-2256551.3,3159002#jyOdXpOraueB,-1832653,4387614.0,654168
499,1041,40,1168,46,-0.0937,-2029782,0.1146,-1.19,3787330#mWhUqSYBCX2R1bVAMzoObuINBD,-3795679,-287565.5,1117861#WzB60MK6HH,-456240.000,-4155834.96,3544394#Zl8Tz4UWkPmH,861161,3167369.0,-3626073
500,1221,406,252,972,-0.2200,2446444,-0.2300,-0.17,2536975#oFGA2AXxbnCWkxz6eNnhWd9U3m,3804439,3991903.8,70640#AsLyYRqEAe,-3558720.000,-2369902.35,3787703#3OzQPzXmHOhp,-1738794,622748.0,-807324
501,407,17,952,439,0.1733,-4806379,-0.2403,0.40,3166433#4vzqDiA2IAre3bvPxyHyeKiM3W,2359966,-3846546.4,3778942#S6RKRHWeZm,-3674576.000,-3223511.92,441217#srM3ERCTH8ts,2337157,4220704.6,2636772
502,1548,138,398,341,0.2196,-4987031,-0.0846,-0.25,3065754#O2aeRiO0tYwgzPaWdFWECONjxm,-3898717,-1274320.0,351088#O6hqehfiz0,-3252768.000,3145046.93,2051003#BQ1kBtUS6ZsG,2018845,4683281.2,-4719939
503,2923,128,195,601,-0.1609,-4428288,-0.0649,-0.01,566102#E06PVyMWnc24L0VIorT7P3IqLJ,1039763,-1230578.4,933784#ifk5SGRfys,-4442864.000,-236308.23,3990529#OPEqABcuDeRy,2281952,-760060.4,-1328993
504,3855,253,1020,225,0.1362,3319802,0.1062,1.10,2894317#k1LBI1ubkTBNtixpNhGk6qYn1G,-3781863,325351.9,1724132#1zSE3lrz6L,4943376.000,-1624673.42,1955350#EZbhS9phsGtD,-4186646,2156042.0,671831
505,1620,138,1080,1131,-0.2015,216775,0.1661,0.86,1185027#DgG5SQ71mswkr20t817SwmaWxr,322147,-4408581.0,4774564#eHbZc1Of8Q,1479280.000,-3646079.46,2040497#rMlo7obqVZ9O,-4667677,-2939276.7,-3038509
506,687,235,649,44,0.1068,2387740,-0.1238,-1.11,4442208#bZtVqzqikZSqXB15IagY4asLyO,1899155,-537549.8,4468205#CDNv4S1f69,-4703296.000,-1514158.35,2266623#4FRGDBT927tm,4931392,2600813.8,1211100
507,3399,123,1044,838,-0.0581,2843240,-0.0751,-1.10,841608#2qRCGKln3cuYxLTjobWJFqfj5J,4401150,3972390.6,4588581#XCk4fxZ1yB,4032208.000,2744587.67,4353867#qyfxbsstzXSP,4832624,-4536445.2,-4100110
508,505,307,449,624,0.2224,-2203659,-0.0834,1.01,3418728#ts9ZFGCFD6UOIASSCrdqJmo49L,4662324,2129309.6,1834092#Gey4lMwfLv,-1182784.000,3515253.23,3697381#ZQzWbMEIw5EG,764006,-4616710.0,1450486
509,3124,431,559,400,-0.2127,5090783,0.1697,-0.50,2839196#vOvyBIRPszunBysec6NyiwtZ1o,-2548837,-4772854.2,4807524#88LhwgJQPD,-311952.000,-850197.81,146909#xZGZbsFqdB1d,2232163,2424919.5,-1147919
510,1878,86,969,369,-0.1180,-1886345,0.1381,-0.02,1493455#MIrizdUQeYpA87jbup9jLIqyMW,-1409350,-4951007.0,2511212#n7VGClM4gM,4647728.000,1480590.1,4250964#5pMP1w2xN1Rv,-3286086,578782.0,-696735
511,3873,20,894,350,0.1874,2742992,-0.1933,-0.84,1410230#gY59p7NNquGnyQgO4mh04MqKx6,1029581,2082556.4,3562850#inm6p5XhCD,-820028.000,-1810263.98,1163391#58aXymmCLoqw,111418,-627850.0,1342809
512,732,186,170,662,-0.2236,-4820757,0.1487,0.72,1118694#QIsc0sv9avX1ZZU9YowbjFiGSI,-3732474,1468426.3,5094162#Gem9wuV3nC,-574096.000,-3320665.33,4890370#SXWhUTUGzibg,-2341603,4440896.0,-4135983
513,1732,40,777,295,-0.1939,2060825,-0.1129,-0.35,802380#Y4ofMgit7sEoIC5xvqJpbXDtC7,2364809,-3927215.7,1553604#I04YCPUT53,-3178256.000,-2456293.99,2578708#Ve4yrvKVAjr5,4792303,2861134.0,2307291
514,817,68,277,586,-0.1527,652306,0.1093,0.83,2513496#Br0bLXNRW1jU0XvdBHchhsZk6v,336523,1021209.6,3738234#4LeilxbCXu,-3797424.000,-2155033.2,1469870#bn2Gdgu1M0K0,-864625,-2361178.6,-1950938
515,3232,262,916,1055,-0.2245,-1325428,0.0796,0.34,4590003#TStl9gPS4CZFkfn3mJ154osEPT,3106892,3117182.6,4914722#N0n9ZJfb7R,-3278608.000,4030046.75,4303454#wntE3rHWX1vh,-1464192,-670802.9,-1664220
516,1080,206,659,1015,0.1199,1535381,0.0799,0.36,376591#fuf6T9eQwIfMonPNtWi9SWT6ko,-4453230,4846960.1,8785#83tTdO69sV,4445872.000,2550508.03,4944997#B3e0eUalP2gg,-137592,231768.0,-2180926
517,2406,21,1115,793,-0.1331,-2637761,-0.1651,0.73,2831328#8NlEv8Ggk6zQJQX5jfhXa1rR7W,955353,-5049937.4,3672110#dcieQABGFM,-3385284.000,-4684398.65,3397112#G29AXy8zqZNL,-2715006,2723235.5,-4063048
518,473,19,1004,539,0.1995,2020989,0.1855,-0.35,2488506#2QKRQ7PVlHirv9OY0RLrFggKP6,745178,-1868150.8,363641#daQUY9uvjC,-4226880.000,1553344.25,1859533#VJScLD7Cei2g,-1089295,-4174711.0,-2869007
519,499,43,365,201,0.1008,-3527874,0.1208,-0.43,2975679#bYsKjbwoegoUYBBdcUPfuYEE0O,4092602,-3263129.1,4444456#Opi6NeTHNW,2150384.000,3684614.52,4629698#G8xb9Wqj15lP,1939832,3053552.5,-364564
520,2169,272,301,1153,-0.1600,-3141339,-0.2160,0.83,4888378#qqJINNPMMPO9U7Gi86Bgf45Wvq,3341575,4455720.2,5033009#FsjnZ74Ruo,1225856.000,105950.25,2025344#FErbi1DNMsyZ,-2448558,-3209472.0,813840
521,895,257,612,1110,-0.0713,-1169020,-0.1963,-0.72,3357062#AQllnQWprNOXwREbx9L28wtHiN,-1975669,958032.6,3826104#ZnN7hOR9Qm,-2288544.000,1323930.38,1662094#vnSOyrPxHPiU,-2674949,-2265874.5,-2651228
522,2895,162,49,592,-0.1666,3164598,0.1868,-0.65,3843061#bmZzyxdgwrzXeCgylJtpR8c9wc,629597,223167.0,1100885#Yilf3y6oCe,-1279472.000,-942778.57,4329444#gG84DzEnzg8l,2474847,1975238.5,-1778753
523,628,307,71,403,0.1731,-1668944,-0.1769,-0.22,4114377#z2XUOu0XG0lnF453KFKqMUHn3t,3368619,-459666.6,4341699#0aQYui3Gi7,1603472.000,-4093514.62,2463196#YuUw8gopcPP4,-3737272,4394788.2,-3661713
524,2199,313,1037,1038,-0.1472,-525056,-0.0632,-1.34,2060640#JyHbIigsuCfKq8Kkd6Mf6wPiFK,2347732,2546601.9,2244617#jYuGLDOibM,1033584.000,342668.35,4641382#SGfo561oVxaE,-3113603,1811056.0,4302172
525,903,439,774,22,0.2447,-960730,0.1227,0.35,3423645#Yp07V7uLe4K1RZwCmBGpF9VzRf,-4269669,-1878690.7,1803152#7YJcLmEBaC,4375264.000,3979423.8,3181032#pGca5Op2tYSt,3533367,-4946443.0,1867265
526,810,80,573,786,0.1230,-5235386,0.1980,-0.62,1251107#k6o3l9KoQb46aYTFLjRg3PfWRx,-1100615,-1692446.9,1989412#zm5gy1o4NN,-1143424.000,-2688088.7,4420684#3PT59uPhiert,1770776,2316614.0,5131379
527,3245,39,386,773,-0.2181,2909932,-0.1781,-0.22,328067#MsQbRzQVdoOgpmE9psNX9BKBcx,4496032,652498.4,4627842#cXeG0Vu6kP,3858144.000,-3641653.49,2446213#l96adk8d4Phi,-1058003,3773689.7,2483406
528,3082,254,737,1183,0.0936,-1364525,-0.1424,-1.15,5073393#HuhhCD3q1I5WyrDucNIXiXsjdw,-2817363,-5211789.7,3659631#St9urX2hnu,-3078336.000,674737.41,345768#SH13sb8BfL3f,-3960711,1687035.8,-1912404
529,2487,332,245,765,0.2019,-3422627,0.0939,0.34,2803712#fMwvM0PSNMnf6GJ6lZQnMmHkZ0,1771247,-2899299.8,4326662#PuNVIT6o5O,3645240.000,-1852470.13,2937096#PIen8epfNo7A,3699292,-4757825.7,4720633
530,359,140,611,648,-0.1557,-3531620,0.2493,0.84,423318#tdnfn4uagt41NgJWjST1Zyqog5,-3666200,5225130.8,1994188#k9GbIJogDm,-1640080.000,3643280.73,760955#iC4KtOvRrfgM,3221530,-1334646.5,1619742
531,858,115,840,733,0.1976,3394130,-0.2293,0.03,1912100#EIKr8gL8YSN2tN3g9zZhbdiUjE,2165781,317664.5,3298907#1N63ALzsbL,4706148.000,-240603.1,5120880#1rF8b0BDlaNz,695118,339290.0,-943233
532,95,378,162,689,0.1049,-3829856,0.2569,0.80,2136348#qPPzh18NIMEMqWCGIrmeDfsDmr,2779948,-1449870.6,4406958#ErQMvgxecY,-2986000.000,1396847.67,2891030#BSkDxHsf1PN0,3729470,4715796.0,1255359
533,2734,193,1144,260,0.2272,-4535081,0.2152,0.38,4460296#jq0iWiejlGnToGuXaTOGxliNnh,-1356868,2692729.4,2685261#3uAOLfddcz,-961440.000,796899.92,1264306#PWjyWMVCeikD,1129803,-3372646.9,3346465
534,2742,66,490,413,-0.1102,2187218,0.0855,-0.32,3960673#fRg2FKpgUKBAAhMrBpwjkTWKQe,2337408,3799131.6,3368205#CDNv4S1f69,-308576.000,724138.72,3044954#g2URRJznp2wd,-3328337,1716224.0,-3642022
535,2718,443,952,619,0.2138,-5050176,-0.1525,0.29,49253#mz3ybBx2bG9MPHpV4wYin9NyEZ,1817920,3887628.3,4123787#ENb3IOU4uT,3268640.000,-1139686.36,3428187#geviWQ5qcc7W,3642155,-2317784.7,-2327247
536,3663,353,441,1137,0.2381,-4974530,-0.1168,-0.06,776194#50C7NNSt8HoWqmez4W4qa5i4LD,-3021449,235558.7,234114#fUvunJXhrM,2540432.000,-4632025.03,4281923#utVgslxJbvBI,-4748587,1745730.0,-3503933
537,3640,66,1163,7,-0.1421,-1064017,0.1564,-0.73,3208714#w2nmGt90K3obFUGefbK7wB0wWr,4237328,-2969590.4,2587925#nYMy5oDG8J,583072.000,-3343493.74,4061823#mogZZ1UATPW8,-3076629,-2579541.5,5211296
538,2205,279,1038,289,0.0767,-4750536,0.2357,-0.02,1649144#G3GDRgLcpGqmfh6nI2zYSUcPkI,1227689,-4109270.2,1887021#aWEXceoaal,-5010992.000,5040733.0,1471634#LFdFVYU8DKCQ,-5153571,148514.0,3998039
539,1374,238,644,1051,-0.1817,-2444189,0.2570,0.99,1402645#Yp07V7uLe4K1RZwCmBGpF9VzRf,751549,1670260.7,2880561#0c8lWvAnDZ,3303920.000,-3012844.49,1944299#jJFlmkeCCuhP,3569614,4560840.2,-2722054
540,695,123,1159,30,-0.1564,2662550,-0.0720,-0.64,4948127#wImjE0wKeGTEll6wpXEJH0ww2U,4221503,3081870.2,1503713#3DfFhNsRvo,2545856.000,-3878971.86,777921#eDwD8io1z5Rn,-2432242,870802.0,2301172
541,3140,52,186,706,0.1577,3399568,0.1627,1.21,149440#do5HYgY9RfPpcNnt3J5BSvRcAM,-2394489,-1602600.1,3034581#XCk4fxZ1yB,-1289184.000,-1742536.13,958610#jGBOkkhwxjEP,-97091,-3156505.0,558360
542,2739,334,966,241,0.2310,-2097692,-0.1406,0.02,1623623#JHpR81tpqnFL4Q143AMeZrQBdB,-1814979,478606.0,3612776#lF1wQlMEpk,-2421168.000,4748876.44,2538370#SXWhUTUGzibg,-4550663,1254623.0,3031930
543,3215,379,558,582,-0.1359,-2750063,-0.0769,-0.48,3277121#GhIJl4IIDS44mSiwPG0vC3Unfz,-614600,2634327.5,4458520#wmftqMm6XJ,123680.000,1627446.82,4069433#hmA6v30CsKJJ,1206865,4582120.7,5280081
544,3145,86,476,71,0.1386,-3408543,0.1486,-0.84,4592994#G4trQ8xpPkj2MkOypX4GzFuvyN,-4507573,3488324.0,3678994#T3cNAesn68,3179776.000,4509129.74,2166003#BQ1kBtUS6ZsG,-3105550,3721200.0,-4211748
545,2012,423,44,1088,0.2639,475937,-0.1935,-0.16,1034205#HH1RIbR5RgTmgL9yJ0P4UMRidU,-1163920,4770730.5,4478479#zwqMPJJJnY,3168560.000,3590569.07,3565404#qvTgR1Y1Tzr3,4266046,-3697444.5,-1367676
546,2169,6,131,88,-0.1938,-1766132,0.0792,0.61,4493776#a1BTUdA0XqytiyuG06W0Y0XnMR,4029284,4204555.7,1857091#RjglPHoRLZ,-410432.000,-4968444.33,2658651#oxrMgafOB0eH,2414886,-2296819.0,-4311756
547,2375,35,988,1080,0.1595,-3695201,0.1615,1.15,2381121#GhIJl4IIDS44mSiwPG0vC3Unfz,-1453416,-2767173.3,5034049#pckIMjYY17,4237872.000,5299142.12,5061923#utVgslxJbvBI,1803820,3012926.0,3377712
548,3884,102,1010,180,-0.1094,-3954151,-0.1744,-0.15,2372300#o7efzfM1PNufTm2PiDEf0T9ZJ0,-2666497,3078388.2,924928#uFUArFqv2o,-1929568.000,-2482951.3,3475350#EZbhS9phsGtD,-2017528,4828364.0,719630
549,1631,80,943,1089,-0.1087,-2234024,0.1301,-1.29,4166530#Jcax770zmGsdYG5bLseh9Sy0Vk,-4176962,-315999.5,1229477#Zx14qTGSJ8,-501840.000,-4572634.96,3898693#3UGdtdK77ld7,947436,3485119.0,-3989636
550,3167,49,34,831,-0.2350,2690453,-0.2450,-0.22,2790154#RjhO8Kt0liSaQm6w1vPq5Od2oW,4183987,4390246.3,77254#g8gbQMhSUL,-3913920.000,-2605902.35,4166051#GfQZnprZw1b5,-1913038,685298.0,-887574
551,2472,140,768,974,0.1888,-5286154,-0.2553,0.47,3482199#E1LbK0cWExURKrdEiBHflKi3lQ,2596094,-4229898.4,4156066#V7J4ovJ4Tb,-4041776.000,-3545111.92,484864#iXqhLPf5Uawp,2570857,4641338.6,2900013
552,471,378,625,280,0.2351,-5483720,-0.0996,-0.30,3370941#7mmZuZ3t1HlQC07WfBZy1wSLlq,-4287810,-1401643.5,385129#edUZbQTzaG,-3577568.000,3458646.93,2254457#IjJfoWxqz6K7,2219945,5149262.2,-5190039
553,3291,286,327,1135,-0.1759,-4868634,-0.0799,-0.01,622090#ZGNgw7gYm8D7VIGcCUo5P3dJI2,1142231,-1352599.9,1025871#dn8S0ygoHk,-4883664.000,-260308.23,4386809#3akxgFIKunVe,2508677,-834668.4,-1460293
554,1258,186,644,499,0.1517,3649633,0.1217,1.22,3180619#wfClRGwBgm5HlOPbP5roe9nhl1,-4156500,357795.4,1895165#7PKHetjJ7c,5434576.000,-1786273.42,2148971#lM8kGcMea7f0,-4601158,2370579.5,739131
555,1024,308,631,441,-0.2165,237713,0.1816,0.97,1302035#MtLe7qPnd7GbRa1sAlnDB3ufQz,354213,-4844179.5,5246599#UVCBoqkGta,1626480.000,-4007679.46,2242242#gZZNKWxHzgXQ,-5130427,-3230614.2,-3338384
556,632,425,1130,1171,0.1223,2623473,-0.1388,-1.21,4880975#oFGA2AXxbnCWkxz6eNnhWd9U3m,2087781,-590458.8,4909005#83E0LHlTVs,-5168096.000,-1662958.35,2490167#yvtfXm9dMuBa,5418755,2857812.8,1330000
557,781,21,756,717,-0.0731,3123843,-0.0901,-1.20,924199#E1LbK0cWExURKrdEiBHflKi3lQ,4835328,4363435.1,5040716#uqVK351X9o,4429008.000,3014987.67,4782784#r6TAXmzQyUPT,5309324,-4983832.7,-4505085
558,2522,85,1134,1112,0.2379,-2421423,-0.0984,1.13,3755067#MsQbRzQVdoOgpmE9psNX9BKBcx,5120813,2337943.6,2014071#ZShAYEk9J8,-1299584.000,3860853.23,4060649#JBA9mg8YqG4k,838362,-5070835.0,1593692
559,3032,56,704,6,-0.2277,5590227,0.1852,-0.52,3117965#XwHu6TMLGqp43onlHrMkgWMkXD,-2798629,-5242021.7,5278837#BC6UM4FhQ1,-343152.000,-934197.81,160793#7wSRnnmp0FYu,2450925,2663194.5,-1261637
560,3443,203,534,867,-0.1330,-2072201,0.1536,0.00,1639670#HU1sIpPCSZWXaxUPZTuqCeHno2,-1547425,-5436694.0,2756714#rxk1KFJl7V,5102928.000,1625390.1,4667410#9OoHzRYjHRoV,-3608811,635832.0,-765972
561,1414,85,840,537,0.2029,3010633,-0.2083,-0.94,1547597#pcGNjk7BBm9b2LnGcsZOEw6Jlz,1129669,2285876.4,3911080#hv412O2knV,-900228.000,-1987863.98,1276988#YZHY3mkBbw4t,123099,-688550.0,1474959
562,2780,151,278,758,-0.2386,-5291708,0.1642,0.83,1227752#wrEF1KaE4irocr9lkZ6diPXW6m,-4096675,1612034.3,5591164#3abrD1RRnp,-630496.000,-3645465.33,5367433#hmA6v30CsKJJ,-2570603,4875021.0,-4539158
563,1165,125,982,1167,-0.2089,2262444,-0.1279,-0.35,880028#8GX8WTHWVBgKefEzSXS0wOlhlx,2594746,-4310517.2,1704688#wLOvZ3wmWi,-3488656.000,-2695493.99,2829479#yvWHdZ0II0TV,5259291,3139565.0,2532853
564,1632,343,948,213,-0.1677,715856,0.1248,0.94,2757929#EoP3aJMtpADm3n3BeYkc1S0eCI,369182,1120458.6,4101222#G6D2KEjtZt,-4167024.000,-2365433.2,1612176#6CYIGbNM8TBq,-948244,-2590309.6,-2140419
565,2852,162,674,878,-0.2395,-1453937,0.0951,0.38,5034741#A5PImf0Vw0ryqMaa2tDG31yG5E,3407928,3420601.6,5391504#DXkYlRgmIq,-3597808.000,4420446.75,4720727#WhZd9ax4ZPZK,-1607035,-736649.4,-1825895
566,1715,96,448,1018,0.1354,1683579,0.0954,0.42,412799#KjM3eXUhihbqpm6qqSN6l5jIVq,-4885382,5316905.6,9363#MgjeYwhLsV,4877072.000,2796908.03,5423598#bFcOkqYnBUhu,-151301,255068.0,-2391618
567,710,223,201,960,-0.1481,-2892024,-0.1801,0.76,3104889#wV2qiSZjOnyJZti8GM0IchG0dw,1048576,-5538709.4,4026732#luM79j9Hys,-3713484.000,-5137198.65,3724907#Wo0kEsXl68Rp,-2977443,2986310.5,-4456360
568,3841,44,719,580,0.2150,2216952,0.2010,-0.37,2728273#p9rv6Fo3rj5wJikLtbHv1eY61a,816372,-2049241.8,398135#mW5GOVLSe4,-4634880.000,1703744.25,2038938#rIn1kcUGZIvy,-1193801,-4577836.0,-3146669
569,1791,420,1126,1120,0.1163,-3867961,0.1363,-0.48,3261682#us2ZigzsKOaAhMDUcfqmfCZRZS,4487245,-3578237.1,4872317#kpSG0qrX2C,2358384.000,4039014.52,5074819#ITltSYIeWjwj,2127669,3348527.5,-398789
570,566,7,47,975,-0.1750,-3442474,-0.2310,0.88,5358054#zZThg14WtKYOCKPqM9eFcqnNiB,3662627,4884628.2,5516779#ZcDIQ6P20o,1343456.000,116350.25,2219317#7TfEBX4iZVWx,-2683914,-3517572.0,891165
571,2425,102,1112,1105,-0.0863,-1281660,-0.2113,-0.77,3678313#3NtgTUoCjNnBnz2a6p5FhafV3m,-2165533,1050659.6,4193232#Qg3ts4mKwu,-2508544.000,1451130.38,1821511#V3Ai3N115MnV,-2931349,-2482599.5,-2905928
572,3692,411,409,634,-0.1816,3468014,0.2023,-0.75,4210511#uN6YOsMC7CA1YEKJI1zcVBpLBf,689881,243623.0,1206097#eOD8RLxq13,-1402272.000,-1033178.57,4743776#MevpW9SXsBfW,2711365,2165351.0,-1948934
573,1321,317,462,320,0.1886,-1827696,-0.1919,-0.24,4507319#qwWrFVY4mw0BQshf3mu8lAMcVg,3691483,-504440.6,4755854#f4OONz3JBh,1756272.000,-4483914.62,2698326#kCh9D0AvWKoY,-4093935,4815025.7,-4012701
574,2206,50,586,668,-0.1622,-574465,-0.0782,-1.44,2256726#HDQyYNquvuTSYg09wFO6PZic7R,2570945,2789896.9,2458392#TUFGkrAx9X,1132784.000,376268.35,5083777#gc9nCB34JZSi,-3411313,1983456.0,4713272
575,1498,190,112,798,0.2602,-1051987,0.1382,0.35,3749099#kos6xszkgLbjeWGB5Mzgxrt1m3,-4675898,-2057143.2,1973955#18tWfZJ7nv,4792064.000,4357823.8,3483755#slyyl1MzACZl,3869042,-5417577.0,2044878
576,3150,394,242,651,0.1385,-5732295,0.2135,-0.67,1369751#eRF96MS0OFkfSq0LCOF3499g9t,-1206055,-1854053.4,2177651#7TvTq2LRWg,-1253024.000,-2944088.7,4840436#LJRubG1OFsBZ,1938151,2536064.0,5618429
577,3135,149,554,148,-0.2331,3186532,-0.1931,-0.26,358735#K2V3A6trMmNhP3xOQG3p4p9uL8,4923454,714513.4,5066441#2hc7U7ykhf,4224544.000,-3987253.49,2677953#AOT5rnfcTrlS,-1159009,4131970.7,2718431
578,2194,187,831,176,0.1091,-1494679,-0.1574,-1.25,5552894#ihGNlgu8YaTtwoplChiLtS819z,-3084919,-5704795.7,4005948#RaxFkbixUT,-3369536.000,738737.41,378311#nYZSoL1ATAGu,-4335311,1847374.8,-2092804
579,2640,235,284,315,0.2174,-3745680,0.1094,0.37,3068590#kDpxN5oWVI326ntXgWAuVHSg7a,1937803,-3173303.8,4734666#4YFLzWRufw,3990440.000,-2027670.13,3214445#ARoi0KooG5Fa,4048767,-5207713.2,5165926
580,1409,160,13,536,-0.1707,-3865318,0.2648,0.91,462537#9ySAhfkGRkouVdsLO3vUxjYavt,-4011177,5718033.3,2181574#5YfUDp588i,-1794480.000,3987280.73,832192#FXBtVz0RzTXI,3526205,-1459909.0,1771880
581,2363,385,370,1174,0.2131,3713778,-0.2443,0.03,2091961#xubYnO5JW4oSgUmbZcTidItx4H,2369413,346790.0,3609167#3z2FyTddMX,5149948.000,-263803.1,5602884#bKPsXpz0e5Da,760793,371990.0,-1032358
582,2925,171,342,1147,0.1204,-4190462,0.2724,0.88,2336632#q0N4MxYuwWyYoVyjdm7CXSAWYk,3041879,-1585571.1,4820972#5GcvApjKe3,-3266000.000,1528047.67,3162500#58x7U00Jn1yW,4079220,5159046.0,1374009
583,3482,38,255,24,0.2427,-4961358,0.2307,0.44,4878698#y6sOYapofJvirnT9lXWEokxTaq,-1483918,2945286.9,2936660#gts15uNC4D,-1051040.000,872099.92,1382133#yhy9PLOGp9xQ,1234866,-3688405.9,3660096
584,912,386,233,152,-0.1252,2392102,0.1010,-0.37,4330995#Ch4km0togwZ7UWsq0PQPZ35uhR,2556130,4155210.6,3683062#Xr9fbkvHfZ,-338176.000,791338.72,3329142#JapAqd9nZZ9D,-3640168,1877424.0,-3982310
585,412,231,367,611,0.2293,-5522781,-0.1675,0.33,53043#MDHdMPSXbLYJPxalf6FDTgtO5M,1988720,4250307.3,4508673#e3Jq4t97dh,3574240.000,-1246086.36,3747979#oyeg5tKVAGda,3982505,-2533547.2,-2544635
586,478,249,48,835,0.2536,-5437830,-0.1318,-0.10,847921#ko86rzZzffP9ASDn92IpxoZwtD,-3304198,257121.2,255539#kUlAL5J4H5,2777232.000,-5063225.03,4680841#X0qzUTgeb8cQ,-5190712,1909467.5,-3830108
587,3645,396,100,1055,-0.1571,-1163790,0.1719,-0.78,3506634#9vxL954AzwKJmObW31SxSWLr4E,4632130,-3245993.9,2828268#eYo06O4xug,638272.000,-3654693.74,4439845#BptvUlCFK8Yr,-3363629,-2818816.5,5696008
588,705,228,292,894,0.0922,-5191189,0.2512,-0.01,1801767#u0CpnYGIcRf8SL6VLK2Y6bVc5U,1342293,-4490511.2,2061733#5bqdEnUYy7,-5475792.000,5508733.0,1608333#GgwTmmwe7nxl,-5632165,163164.0,4369439
589,3909,273,494,927,-0.1967,-2671713,0.2725,1.05,1532566#RKxyHCYP31Lkg2gJ45KpP4kSc6,820874,1825949.2,3147454#xMjn3zoEJD,3610320.000,-3292844.49,2124176#6CYIGbNM8TBq,3900214,4984677.7,-2974810
590,523,406,558,941,-0.1714,2908445,-0.0870,-0.69,5405405#1EGSQKbpjCljpR8e9aiaIpkkrZ,4612667,3366994.7,1642522#kmZFDvX6aW,2781856.000,-4238971.86,849170#Tq4eZI1aFvTp,-2657461,951627.0,2514697
591,485,205,48,573,0.1732,3713814,0.1782,1.35,162688#pjWvMELK34uae0fleXBjDihRXT,-2615507,-1750293.6,3314243#wG4u1UAMO0,-1409184.000,-1903336.13,1046485#Pb2U9jCtosTW,-106591,-3449155.0,610272
592,2984,304,558,1112,0.2465,-2292022,-0.1556,0.03,1772495#BYy794Us8yT5qNGTPArYttXQbs,-1982042,522626.5,3945451#NHLLUrZJIN,-2645168.000,5187276.44,2771676#OvDQmhhisysu,-4969788,1369448.0,3310749
593,463,427,1152,679,-0.1509,-3003783,-0.0919,-0.51,3578345#7AwDfVEVDlnuSgGyeCE8P1kZPX,-671960,2876367.0,4868855#91FhpMzeMo,135680.000,1777046.82,4443358#ZnBVRONn57Yy,1318340,5004483.2,5766481
594,2455,288,771,285,0.1541,-3722348,0.1641,-0.89,5014577#8ExxtRhVEX5Lu7GwVMqgflkfT7,-4922232,3809418.5,4016392#TUFGkrAx9X,3471776.000,4923529.74,2364745#TOSrAOTzNjkS,-3391062,4064025.0,-4598604
595,1727,163,868,1110,0.2794,519585,-0.2085,-0.14,1128466#En62hXQ6g5cIBVMlNKYt4OtiGl,-1271281,5208713.0,4889127#XmClbb4X73,3459760.000,3919369.07,3891663#oVgMt0At1u4a,4658046,-4036869.5,-1492476
596,1989,49,809,166,-0.2088,-1927243,0.0947,0.66,4905222#1wKgcZzigcesbXatfvU3f7PmDl,4398820,4589472.7,2026352#mlBpBl5ghD,-448832.000,-5423644.33,2901692#xS2RF5HIDOiI,2636161,-2507294.0,-4706681
597,2940,15,1159,915,0.1750,-4033561,0.1770,1.27,2597982#HbCjgeBAl2XuQ9fvDkPbUEff9E,-1586512,-3020095.3,5493411#dmGxjcGImS,4625072.000,5783942.12,5524174#0Gk2hCiYOv7p,1968233,3288626.0,3686953
598,1129,175,719,198,-0.1244,-4314994,-0.1894,-0.20,2588660#qoufs1N4bOdUyMZ6i6JcpO0pWI,-2909961,3358807.7,1009206#BFRTNKSTEY,-2104968.000,-2709351.3,3791697#sSqaYAOqfj80,-2202403,5269114.0,785093
599,2221,120,719,934,-0.1237,-2438265,0.1456,-1.39,4545731#KDinz8c2jkwwA3g4KrdOFFXS6G,-4558246,-344433.5,1341093#mT5dB2BXfE,-547440.000,-4989434.96,4252992#AvfGrXUax54y,1033711,3802869.0,-4353198
600,1149,146,1030,691,-0.2500,2934463,-0.2600,-0.27,3043332#WamOtswYVCxfUNnclZldgQ4Ei1,4563535,4788588.8,83868#WNHuuXS14J,-4269120.000,-2841902.35,4544398#vyQyzDJmfZVV,-2087281,747848.0,-967824
601,572,264,584,312,0.2043,-5765929,-0.2703,0.54,3797964#swSw5d8OzvzJi0gQYHe4JnbWE2,2832223,-4613250.4,4533190#LdCIkCntGX,-4408976.000,-3866711.92,528511#V3Ai3N115MnV,2804557,5061972.6,3163253
602,3358,163,853,219,0.2506,-5980409,-0.1146,-0.35,3676129#QAFebQsX1USdhFiUMusqQy7vEy,-4676903,-1528967.0,419170#AEXmZcPLjX,-3902368.000,3772246.93,2457910#yrYlIa2MZmVx,2421045,5615243.2,-5660139
603,3658,443,460,473,-0.1909,-5308980,-0.0949,0.00,678077#6fc3QgHefhg8zsVuka4U7KsRB4,1244700,-1474621.4,1117957#0Vg3O3IEXi,-5324464.000,-284308.23,4783090#74bIjNgQapn9,2735402,-909276.4,-1591593
604,2625,119,268,773,0.1672,3979464,0.1372,1.34,3466921#ko86rzZzffP9ASDn92IpxoZwtD,-4531138,390238.9,2066199#rcD9DkyMNp,5925776.000,-1947873.42,2342592#gGHrPjhSE6ri,-5015671,2585117.0,806431
605,428,23,182,948,-0.2315,258652,0.1971,1.09,1419044#cE9zDCfYdJ1px2Jkn7uNCtYnF6,386280,-5279778.0,5718635#Lp8xCmKhSv,1773680.000,-4369279.46,2443987#NYmv4DCK7Lj3,-5593177,-3521951.7,-3638259
606,577,160,396,1102,0.1378,2859206,-0.1538,-1.31,5319742#XGlcSIfDIo5Bq1ImpAk71CFoLd,2276406,-643367.8,5349805#pm8CGjbXN9,-5632896.000,-1811758.35,2713711#3xmMz225ovG6,5906117,3114811.8,1448900
607,2129,375,468,596,-0.0881,3404446,-0.1051,-1.30,1006791#UW0Lv1b3yDAxN4TIKyC7US3oj0,5269507,4754479.6,5492852#9Z2dyjotaP,4825808.000,3285387.67,5211700#tNeTGdGMXTH3,5786024,-5431220.2,-4910060
608,574,317,605,403,0.2534,-2639188,-0.1134,1.25,4091405#1EGSQKbpjCljpR8e9aiaIpkkrZ,5579301,2546577.6,2194049#pckIMjYY17,-1416384.000,4206453.23,4423916#wPU7cEJQKEYl,912718,-5524960.0,1736898
609,2939,136,849,809,-0.2427,6089671,0.2007,-0.54,3396735#K2V3A6trMmNhP3xOQG3p4p9uL8,-3048422,-5711189.2,5750149#TO1ZJS0MW8,-374352.000,-1018197.81,174676#OvDQmhhisysu,2669688,2901469.5,-1375356
610,1043,319,99,168,-0.1480,-2258058,0.1691,0.02,1785885#ScDoihXRjqZXZbhvwtUPvgHClR,-1685500,-5922381.0,3002216#DApOtzeeql,5558128.000,1770190.1,5083855#2LWOunHVCF3S,-3931536,692882.0,-835210
611,2919,150,786,725,0.2184,3278274,-0.2233,-1.04,1684964#swSw5d8OzvzJi0gQYHe4JnbWE2,1229756,2489196.4,4259310#GcaNtvuWRB,-980428.000,-2165463.98,1390586#BYcEHwt0yS8N,134780,-749250.0,1607109
612,862,116,386,854,-0.2536,-5762660,0.1797,0.94,1336811#qKql2qBSYlHfd1UEVKCgze9x04,-4460876,1755642.3,6088166#xVSYujECaZ,-686896.000,-3970265.33,5844496#oiml9OGakZBL,-2799603,5309146.0,-4942333
613,598,210,1187,842,-0.2239,2464063,-0.1429,-0.36,957677#F8oLN1CnDpIzXXg0fTVvsWGQDJ,2824683,-4693818.7,1855773#vFGBrQySpZ,-3799056.000,-2934693.99,3080251#gybd62CHlAGC,5726278,3417996.0,2758416
614,2447,163,405,1037,-0.1827,779406,0.1403,1.05,3002361#xMpPeUalEMf9Hmoq7G5sftxRVE,401841,1219707.6,4464210#CRDqwCWyUi,-4536624.000,-2575833.2,1754481#I53lvg52yj5f,-1031862,-2819440.6,-2329900
615,2472,62,432,701,-0.2545,-1582445,0.1106,0.42,5479479#EnRDNEEuuaVaO9L9L4DzeG5zCZ,3708964,3724020.6,5868287#PlOf2uRtbv,-3917008.000,4810846.75,5137999#KwonXcS6idPk,-1749879,-802495.9,-1987570
616,2350,441,237,1021,0.1509,1831776,0.1109,0.47,449007#lxJcDoGErADJ9qS9iy6l7Efn2X,-5317534,5786851.1,9942#S6RKRHWeZm,5308272.000,3043308.03,5902199#KdgOT5LfL6js,-165010,278368.0,-2602310
617,2978,426,500,1127,-0.1631,-3146287,-0.1951,0.80,3378450#jVpfzK8Dt4NmsC5QNJDeRvqoAX,1141800,-6027481.4,4381353#jsSCKXbR2Y,-4041684.000,-5589998.65,4052703#3OzQPzXmHOhp,-3239881,3249385.5,-4849673
618,3245,69,434,621,0.2305,2412915,0.2165,-0.38,2968040#dgrLmM02tP7hrAUVjY5EUQJQ0U,887566,-2230332.8,432629#7c7KbA6FQH,-5042880.000,1854144.25,2218342#9PRF1aTLMomm,-1298307,-4980961.0,-3424332
619,3083,343,673,843,0.1318,-4208047,0.1518,-0.53,3547685#JpDprEKh1sJdpeNytbnGvrc8RC,4881888,-3893345.1,5300177#0HRCQg0kNh,2566384.000,4393414.52,5519939#eRxx3z0rKzm4,2315507,3643502.5,-433014
620,2929,197,1007,797,-0.1900,-3743609,-0.2460,0.93,5827731#KDinz8c2jkwwA3g4KrdOFFXS6G,3983678,5313536.2,6000548#cPG648UWpB,1461056.000,126750.25,2413290#yrxcxQKoNGma,-2919270,-3825672.0,968490
621,3956,402,398,1101,-0.1013,-1394301,-0.2263,-0.82,3999564#0dgqbWuzTVk1gUWT9vQzqRJBKq,-2355397,1143286.6,4560361#PlMVc7CWRz,-2728544.000,1578330.38,1980928#5mCLBJsqYcUf,-3187749,-2699324.5,-3160628
622,525,204,769,676,-0.1966,3771430,0.2178,-0.85,4577961#xubYnO5JW4oSgUmbZcTidItx4H,750165,264079.0,1311308#QPMiaJ7bUi,-1525072.000,-1123578.57,5158107#6sbqlOAoFeux,2947884,2355463.5,-2119115
623,2015,327,852,237,0.2041,-1986448,-0.2069,-0.27,4900261#TQXQv4Ui6exXGzhRoWjn9DbqIo,4014346,-549214.6,5170008#5xiDy2cj6K,1909072.000,-4874314.62,2933456#4QwuDarNRJxl,-4450597,5235263.2,-4363688
624,2214,243,135,298,-0.1772,-623874,-0.0932,-1.54,2452812#uCquBlLfC1SyWj5RJh97xjssN6,2794159,3033191.9,2672166#xVSYujECaZ,1231984.000,409868.35,5526173#7mVldljmtWuo,-3709024,2155856.0,5124372
625,2093,396,664,377,0.2757,-1143244,0.1537,0.36,4074554#rWNXH3J1BM8tihFAfkFBDULJC8,-5082126,-2235595.7,2144758#fDFfZhOziU,5208864.000,4736223.8,3786478#2sbqpEONPQOh,4204717,-5888711.0,2222490
626,1525,252,1124,515,0.1540,-6229204,0.2290,-0.72,1488395#Law2DSBj6YLu9RkC5fS4WXHIwf,-1311495,-2015659.9,2365890#HqxRksEFFX,-1362624.000,-3200088.7,5260188#ZyoN4JBjd9oy,2105526,2755514.0,6105479
627,3025,259,723,721,-0.2481,3463131,-0.2081,-0.30,389403#q3lzlWECJObz5NLx04arZpHgdl,5350877,776528.4,5505041#aPXiugorfS,4590944.000,-4332853.49,2909692#xS2RF5HIDOiI,-1260015,4490251.7,2953456
628,1307,119,926,366,0.1246,-1624834,-0.1724,-1.35,6032395#Law2DSBj6YLu9RkC5fS4WXHIwf,-3352476,-6197801.7,4352266#PrfllXfxlN,-3660736.000,802737.41,410854#56JxdXj0EzF8,-4709911,2007713.8,-2273204
629,2792,137,324,1062,0.2329,-4068733,0.1249,0.39,3333467#vlgi2GdcqQP9N4q9V9NxHHFDYg,2104359,-3447307.8,5142669#7XoKnHfk6g,4335640.000,-2202870.13,3491795#I4kDz7bX58rt,4398242,-5657600.7,5611220
630,2459,180,630,424,-0.1857,-4199017,0.2803,0.98,501757#IXN6HPKjRGVh4y5DdTMaxBjRTJ,-4356154,6210935.8,2368960#WUqtrDiLBy,-1948880.000,4331280.73,903430#kRuD2BOPL9AB,3830880,-1585171.5,1924017
631,3868,200,1114,418,0.2286,4033426,-0.2593,0.04,2271823#hTp7Zgw3pv6vqwsZFPgCevpNts,2573045,375915.5,3919427#hlVRRahvzT,5593748.000,-287003.1,6084888#4CcLrLj14gFD,826468,404690.0,-1121483
632,1790,418,522,407,0.1359,-4551069,0.2879,0.95,2536917#f29hYbz3SxYtzdwBH7WwsflcLO,3303810,-1721271.6,5234985#ONsuSzeKsL,-3546000.000,1659247.67,3433969#8BdWnWcT6Jo6,4428970,5602296.0,1492659
633,264,338,581,985,0.2582,-5387635,0.2462,0.49,5297100#EIKr8gL8YSN2tN3g9zZhbdiUjE,-1610967,3197844.4,3188058#sw72BkEBAj,-1140640.000,947299.92,1499961#0KGOuyJNHGZW,1339928,-4004164.9,3973727
634,3047,251,1190,1087,-0.1402,2596986,0.1165,-0.42,4701317#k1LBI1ubkTBNtixpNhGk6qYn1G,2774852,4511289.6,3997919#7rTLNtDedb,-367776.000,858538.72,3613331#EHfmJKiOcMSq,-3951999,2038624.0,-4322597
635,2070,20,997,603,0.2448,-5995386,-0.1825,0.36,56834#gwVZzyY13Yesp0lTkE6ve5sLrb,2159520,4612986.3,4893559#osmS75uabK,3879840.000,-1352486.36,4067772#ZlgsUqoc9KqV,4322855,-2749309.7,-2762022
636,1258,145,868,532,0.2691,-5901129,-0.1468,-0.15,919649#7ANb7AYfTO9J236SeDmkEXowrY,-3586946,278683.7,276964#izB1HyExfz,3014032.000,-5494425.03,5079759#dVYAAHpI9mbH,-5632837,2073205.0,-4156283
637,3650,271,251,906,-0.1721,-1263563,0.1874,-0.83,3804554#rWNXH3J1BM8tihFAfkFBDULJC8,5026932,-3522397.4,3068611#YJyvWJRX9O,693472.000,-3965893.74,4817867#qyfxbsstzXSP,-3650629,-3058091.5,6180721
638,3170,177,760,301,0.1077,-5631841,0.2667,0.00,1954390#taH5WfdqCFl3OKJ41f7tzyT1ci,1456896,-4871752.2,2236445#OZYItejqJr,-5940592.000,5976733.0,1745032#pGca5Op2tYSt,-6110758,177814.0,4740839
639,2479,308,345,803,-0.2117,-2899238,0.2880,1.12,1662488#BTVxc19yQKxnLwB7OIhLfMZHMq,890199,1981637.7,3414347#3K6XMJOKBb,3916720.000,-3572844.49,2304054#2zMj9gMuz1Ck,4230814,5408515.2,-3227566
640,350,233,1171,656,-0.1864,3154341,-0.1020,-0.74,5862683#egBaxgXu8oNRQ6un5vqS8E54MP,5003830,3652119.2,1781331#Pr66iA82ra,3017856.000,-4598971.86,920419#UKzwdRcsDnt1,-2882679,1032452.0,2728222
641,1795,357,1125,440,0.1887,4028059,0.1937,1.49,175936#u6GEIdefMVxZYnhCuMrRSLDDjf,-2836525,-1897987.1,3593906#PqUbBP0KVH,-1529184.000,-2064136.13,1134360#0d57JjzoWyCr,-116091,-3741805.0,662185
642,3229,274,150,785,0.2620,-2486353,-0.1706,0.04,1921367#jo18qFzuEAxHnuECrP4yRmKJIV,-2149106,566647.0,4278125#uWMoWQJaAL,-2869168.000,5625676.44,3004981#GGXuYQK6u53H,-5388913,1484273.0,3589567
643,1675,21,531,776,-0.1659,-3257502,-0.1069,-0.55,3879569#7biAB6EKa77QoNGMQV4gh5puct,-729319,3118406.5,5279190#LdCIkCntGX,147680.000,1926646.82,4817282#jldXbwhxZkHX,1429815,5426845.7,6252881
644,1765,36,1065,499,0.1696,-4036154,0.1796,-0.94,5436160#RNophZgC2TQWgQbYEdJaKH2wrx,-5336891,4130513.0,4353791#fG1d0JuwtO,3763776.000,5337929.74,2563486#4dCu3xEwCMiq,-3676575,4406850.0,-4985460
645,1442,358,478,1132,0.2949,563232,-0.2235,-0.12,1222726#HDQyYNquvuTSYg09wFO6PZic7R,-1378641,5646695.5,5299775#GHEp5UmCND,3750960.000,4248169.07,4217923#utVgslxJbvBI,5050046,-4376294.5,-1617276
646,1809,91,273,244,-0.2238,-2088354,0.1102,0.71,5316669#ZFiwqLF7zspJ1RbEQiFD70jxAO,4768357,4974389.7,2195613#gnnDRaDlxn,-487232.000,-5878844.33,3144732#Zq6rf8qxkwxl,2857436,-2717769.0,-5101606
647,3505,450,116,750,0.1905,-4371921,0.1925,1.38,2814843#kzA3AZyzOoAs9uA6RrjtJzBFl6,-1719607,-3273017.3,5952773#vFGBrQySpZ,5012272.000,6268742.12,5986426#kW3mCrZChc7u,2132645,3564326.0,3996193
648,2339,248,428,217,-0.1394,-4675838,-0.2044,-0.25,2805021#aZguCobs0ljdeWtnTEStVmXCE8,-3153425,3639227.2,1093484#CcDX6eNKoq,-2280368.000,-2935751.3,4108045#YzghGdK7kV5j,-2387278,5709864.0,850555
649,2811,160,494,780,-0.1387,-2642507,0.1611,-1.49,4924931#2QSGEIDFapL3Sn5tFuQ8rtZfrT,-4939529,-372867.5,1452709#wTZzFzVdL0,-593040.000,-5406234.96,4607291#s19LVheE4eg2,1119986,4120619.0,-4716761
650,3095,244,812,550,-0.2650,3178472,-0.2750,-0.32,3296511#uN6YOsMC7CA1YEKJI1zcVBpLBf,4943083,5186931.3,90482#OM5ZNvtNLn,-4624320.000,-3077902.35,4922746#CugtgYisrxzL,-2261525,810398.0,-1048074
651,2637,387,400,847,0.2198,-6245704,-0.2853,0.61,4113730#8A4Rp7MRvRBY4RJZRKcMcsDPo6,3068351,-4996602.4,4910314#1v6BkRgQQx,-4776176.000,-4188311.92,572158#FFGhXpN69fbm,3038257,5482606.6,3426494
652,2281,403,1080,158,0.2661,-6477098,-0.1296,-0.40,3981316#C8M87NlBxK7EX19pXNV1UTr1BY,-5065996,-1656290.5,453211#0Ra2kDiLTK,-4227168.000,4085846.93,2661364#VOrQCafpNzsx,2622145,6081224.2,-6130239
653,61,146,592,1007,-0.2059,-5749326,-0.1099,0.00,734065#uiYhW8tlfmnmRmHEKG4mu4nZB3,1347168,-1596642.9,1210044#9GjyDKVeTN,-5765264.000,-308308.23,5179370#SXWhUTUGzibg,2962127,-983884.4,-1722893
654,28,52,1106,1047,0.1827,4309295,0.1527,1.46,3753223#rwBUCnbBzV5ad0xCh57BP0pzTT,-4905775,422682.4,2237232#Qg3ts4mKwu,6416976.000,-2109473.42,2536213#l96adk8d4Phi,-5430183,2799654.5,873731
655,3797,193,947,258,-0.2465,279590,0.2126,1.20,1536052#BAobdJhLJFv85tJ049quL0wi5z,418346,-5715376.5,6190670#ddVbbhqkPr,1920880.000,-4730879.46,2645732#Zq6rf8qxkwxl,-6055927,-3813289.2,-3938134
656,522,350,877,1032,0.1533,3094939,-0.1688,-1.41,5758509#naxdd11YEJDL26090vmLD5tQeG,2465032,-696276.8,5790605#7x7tFdg1sZ,-6097696.000,-1960558.35,2937255#dDj1tRYfdPBx,6393480,3371810.8,1567800
657,3476,273,180,475,-0.1031,3685049,-0.1201,-1.40,1089382#HtqNt0bRP0AQs63rUPGq6WWtpP,5703685,5145524.1,5944987#WuIa7Fvref,5222608.000,3555787.67,5640617#hEQsMxa43JuY,6262724,-5878607.7,-5315035
658,2591,95,76,891,0.2689,-2856952,-0.1284,1.37,4427744#aR0HBh0ySj3Q0tAsJoVg7Q3SLv,6037790,2755211.6,2374028#Grt1xyFOqY,-1533184.000,4552053.23,4787184#9akR8xjMHlAN,987074,-5979085.0,1880104
659,2847,216,994,415,-0.2577,6589115,0.2162,-0.56,3675504#Qyxec6U2eziFgh8doE09QCJyBO,-3298214,-6180356.7,6221462#bknayRUcQl,-405552.000,-1102197.81,188560#KO3cCSnJgTEk,2888450,3139744.5,-1489074
660,2608,436,878,666,-0.1630,-2443914,0.1846,0.05,1932100#EIKr8gL8YSN2tN3g9zZhbdiUjE,-1823575,-6408068.0,3247718#NDbi4EGfyD,6013328.000,1914990.1,5500301#D9iV0EfJmGq6,-4254261,749932.0,-904447
661,460,215,732,912,0.2339,3545915,-0.2383,-1.14,1822331#k3zIDgo4VrSOM2znbEMAPNrcV4,1329844,2692516.4,4607540#ShcmAb2a4Z,-1060628.000,-2343063.98,1504183#rgXHgcLQg9le,146461,-809950.0,1739259
662,2910,81,494,950,-0.2686,-6233611,0.1952,1.05,1445869#inU40Gg7Si53uVJRJOUPNBE6IL,-4825077,1899250.3,6585168#rypT6nNvCq,-743296.000,-4295065.33,6321559#9BAD0NJjiTmy,-3028603,5743271.0,-5345508
663,31,295,178,517,-0.2389,2665682,-0.1579,-0.36,1035325#AvZbH0E7YbutLMIpEiP9a2FJ1l,3054620,-5077120.2,2006857#nkTgkcyGKs,-4109456.000,-3173893.99,3331022#HWP1q4k86Dhe,6193266,3696427.0,2983978
664,3262,438,1076,664,-0.1977,842956,0.1558,1.16,3246794#U0Y3hidxYIZgTi5xg7CgVITOh7,434500,1318956.6,4827198#UpcitE3Yx3,-4906224.000,-2786233.2,1896787#4FxwSqc8BO9w,-1115481,-3048571.6,-2519381
665,2092,417,190,524,-0.2695,-1710954,0.1261,0.47,5924217#KvOgYCSfn6WCDCvFwToQk7S5nR,4010000,4027439.6,6345069#RdAwocwm7w,-4236208.000,5201246.75,5555272#Onb6RK6Q1iJq,-1892722,-868342.4,-2149245
666,2985,331,26,1024,0.1664,1979974,0.1264,0.53,485215#ceBlFaJACjPs0m3YOKQp4YWAQo,-5749686,6256796.6,10520#wmftqMm6XJ,5739472.000,3289708.03,6380800#gtDy2vB37ee3,-178719,301668.0,-2813002
667,1282,173,800,97,-0.1781,-3400550,-0.2101,0.83,3652011#XdWMwf5n9BT7gx2Okl7tHJrbFi,1235023,-6516253.4,4735975#IuN44WKc74,-4369884.000,-6042798.65,4380498#W2aq0C8ox5TG,-3502318,3512460.5,-5242985
668,2648,94,149,662,0.2460,2608878,0.2320,-0.40,3207807#xXt4HqsMXQwoMatJEnakbtoNL2,958760,-2411423.8,467123#aczqLhFZzD,-5450880.000,2004544.25,2397747#nueO4RiB0PZS,-1402813,-5384086.0,-3701994
669,410,265,220,565,0.1473,-4548134,0.1673,-0.58,3833688#pjWvMELK34uae0fleXBjDihRXT,5276531,-4208453.1,5728038#Dk1hG7WLh1,2774384.000,4747814.52,5965060#8CPNbOX5tQa0,2503344,3938477.5,-467239
670,1326,387,753,619,-0.2050,-4044744,-0.2610,0.98,6297407#enGxJoSV9gnR98vfnWHBAuih8g,4304730,5742444.2,6484318#Dg4biyea3e,1578656.000,137150.25,2607263#lbXDBpXWhe6P,-3154626,-4133772.0,1045815
671,1521,247,898,1096,-0.1163,-1506941,-0.2413,-0.87,4320815#ciYzB7ixj1r0UF5KBP4EBlhCf5,-2545261,1235913.6,4927489#3riQWScUAZ,-2948544.000,1705530.38,2140345#pp7bqEebDo72,-3444149,-2916049.5,-3415328
672,1322,453,1129,718,-0.2116,4074846,0.2333,-0.95,4945411#PMf8AjALZzilmPILTIPPRlIHWG,810449,284535.0,1416520#wmftqMm6XJ,-1647872.000,-1213978.57,5572439#jmIGgjm6boVj,3184402,2545576.0,-2289296
673,2708,337,29,154,0.2196,-2145200,-0.2219,-0.29,5293203#iQLxxPCpRlsXbzjTqRxEz9xGqL,4337210,-593988.6,5584163#7CNImmo41p,2061872.000,-5264714.62,3168586#BYcEHwt0yS8N,-4807260,5655500.7,-4714676
674,2221,435,898,1125,-0.1922,-673283,-0.1082,-1.64,2648898#rd51fnFfi1Bd9toRDyXSmO7gGy,3017372,3276486.9,2885941#vmOWtMhszj,1331184.000,443468.35,5968568#dBRVFt69xudb,-4006734,2328256.0,5535472
