793,486,1207,1,97,-2107488.78,-5901603,-1558571,-5103873.0
794,357,642,1,948,3854011.39,3137935,-7315197,5250370.0
795,883,1481,1,601,-5292112.67,1337516,-2434127,-2732770.2
796,414,515,1,731,-5168198.07,-717730,-3613042,5140978.0
797,931,89,1,565,-2011231.25,7219181,-5721711,7217222.5
798,175,304,1,807,-6695662.76,-128614,-251814,-4223058.0
799,294,985,1,92,7865782.87,112925,-3974387,6200753.5
800,577,1712,1,1015,-557499.57,4345844,-7204421,1100692.9
801,201,930,1,75,42775.82,-810071,-1689815,-1038730.5
802,188,898,1,807,4769140.42,-6503120,-4097771,6251128.0
803,1172,225,1,293,3460968.47,3486768,480677,3075011.2
804,6,1396,1,1159,-910291.06,-2284498,849214,-3727059.8
805,177,1678,1,1083,687944.0,1153265,3249097,-4978148.0
806,819,522,1,256,-1088470.73,6215576,990969,-5716962.0
807,736,1647,1,415,3989643.95,-2241695,1283453,-1464746.9
808,1050,1491,1,317,-5005219.52,-1334508,6288564,-3044293.5
809,937,937,1,1063,-5696381.41,2494822,4825271,4527252.5
810,693,1503,1,226,-1089455.64,-2478983,-7741724,-4731446.5
811,440,585,1,105,6419022.78,3796444,3495507,-358538.84
812,555,1145,1,88,6969285.77,3037029,3261413,-4734757.5
813,865,1489,1,187,1528526.79,7853116,4111077,6361487.0
814,113,671,1,247,4108549.95,-6050284,1335066,-4249674.0
815,384,1163,1,536,7047482.01,-6106660,5350726,3228085.2
816,365,381,1,337,-2924285.52,1769299,4704240,-160746.47
817,96,547,1,430,-7645414.56,-3322305,8153593,-3766258.2
818,1122,1768,1,570,1917036.35,7873312,2441384,-8172031.5
819,1100,1106,1,850,-6466615.04,4831952,1650128,-3697687.0
820,227,1448,1,164,-2199247.25,-2919131,7770129,5935521.0
821,737,153,1,826,-7723668.08,-717095,6210474,5587768.0
822,916,24,1,615,280736.83,6171870,-6172131,6347063.0
823,724,880,1,581,-3762703.72,-8049324,1007403,-3141819.2
824,1115,269,1,107,-5349302.03,4460435,7687353,6692100.5
825,501,1120,1,1142,-1549359.2,657653,4524318,-8046349.0
826,223,790,1,492,3206358.52,6657782,2524480,-5225424.0
827,848,887,1,359,-1451700.06,-3902187,2037101,5170362.0
828,679,472,1,491,-742275.63,6194621,3496193,-1690411.5
829,627,466,1,1030,6079197.23,-5178075,4613669,-7088481.5
830,732,93,1,48,-2627090.53,3207016,-4504470,7149938.5
831,321,888,1,1130,-1134179.9,-2161483,-3719424,7024323.5
832,864,607,1,571,384600.69,-508536,7717247,1031165.1
833,116,172,1,914,7284753.96,831280,-771730,-2826884.0
834,683,750,1,599,607229.56,-1133925,3932510,-3220744.2
835,598,1689,1,341,3001484.6,4984897,1792673,4080712.8
836,524,1602,1,294,-6931376.62,-1597863,-6200318,2009643.0
837,183,785,1,111,-7642341.5,6531668,7021338,-3170090.5
838,980,15,1,548,-8024047.89,-8353193,-8247382,654803.0
839,1097,1139,1,313,3038253.09,-6723761,-690236,-6354791.0
840,1072,547,1,387,4672822.68,-7886885,6169645,4566875.5
841,375,1344,1,570,8150743.14,1681860,-3635710,-234076.67
842,15,1475,1,900,-5151101.22,-7607265,2443127,-3992026.2
843,646,32,1,1087,-2240288.78,-6273916,-1656539,-5426273.0
844,1155,48,1,670,4096411.39,3335910,-7775436,5581570.0
845,52,906,1,178,-5624912.67,1421641,-2586594,-2904770.2
846,978,1590,1,283,-5492998.07,-762955,-3840453,5463378.0
847,9,989,1,525,-2136831.25,7672644,-6080714,7670022.5
848,767,1394,1,185,-7115662.76,-137014,-267398,-4487058.0
849,592,885,1,703,8357782.87,119475,-4222785,6588753.5
850,861,362,1,1026,-592699.57,4617232,-7655169,1169492.9
851,1140,980,1,430,45975.82,-861134,-1795436,-1103530.5
852,1057,1523,1,558,5066740.42,-6909020,-4353620,6640728.0
853,694,918,1,1068,3676968.47,3703568,510258,3267011.2
854,653,1696,1,483,-966291.06,-2426698,901586,-3958259.8
855,713,1528,1,171,730344.0,1224965,3451386,-5286948.0
856,336,488,1,953,-1155670.73,6600856,1051995,-6072162.0
857,264,797,1,366,4236843.95,-2380695,1363124,-1555146.9
858,186,1366,1,140,-5314819.52,-1417208,6678278,-3233093.5
859,641,1087,1,928,-6048381.41,2649122,5123701,4806452.5
860,54,578,1,640,-1156655.64,-2632308,-8220038,-5023446.5
861,910,553,1,280,6814222.78,4029944,3710816,-380938.84
862,1177,20,1,297,7398085.77,3224029,3461655,-5026757.5
863,153,1164,1,891,1622926.79,8335716,4363721,6752687.0
864,1197,996,1,491,4360549.95,-6421534,1417453,-4511274.0
865,655,1063,1,163,7479482.01,-6481622,5678678,3425685.2
866,1172,106,1,939,-3103485.52,1878249,4991937,-171146.47
867,1208,1097,1,987,-8113414.56,-3525605,8652946,-3996658.2
868,1014,1218,1,50,2034636.35,8354712,2591179,-8671231.0
869,482,531,1,83,-6861015.04,5126652,1750308,-3923287.0
870,360,648,1,322,-2333647.25,-3096709,8243345,6297121.0
871,905,53,1,258,-8194068.08,-760645,6588672,5927768.0
872,294,399,1,522,297536.83,6547895,-6547387,6732663.0
873,43,1305,1,784,-3990703.72,-8537924,1068953,-3332219.2
874,1002,427,1,465,-5674102.03,4730573,8154261,7098500.5
875,989,1220,1,1143,-1643759.2,697103,4798351,-8533549.0
876,345,965,1,874,3400758.52,7060332,2677780,-5542224.0
877,94,1437,1,973,-1538900.06,-4137862,2160478,5482362.0
878,743,772,1,955,-787075.63,6568821,3707574,-1792811.5
879,527,854,1,535,6445597.23,-5490925,4891422,-7516481.5
880,197,893,1,379,-2785490.53,3399791,-4775303,7581138.5
881,224,563,1,268,-1202179.9,-2291808,-3942720,7447523.5
882,374,1407,1,1124,407800.69,-538811,8180625,1092765.1
883,622,1753,1,1074,7722353.96,880636,-817583,-2996484.0
884,703,1400,1,596,644029.56,-1201775,4168047,-3414344.2
885,103,389,1,1119,3180684.6,5283084,1900253,4325513.0
886,332,1627,1,1009,-7345776.62,-1692913,-6571164,2129643.0
887,11,535,1,1048,-8099141.5,6921993,7440434,-3358890.5
888,204,1365,1,299,-8502447.89,-8851368,-8739077,694003.0
889,163,1164,1,427,3219853.09,-7123911,-731146,-6733991.0
890,642,1447,1,928,4951222.68,-8356507,6537202,4838875.5
891,265,1744,1,917,8634743.14,1781460,-3852103,-247676.67
892,4,325,1,323,-5456701.22,-8059002,2588580,-4228826.0
893,807,632,1,910,-2373088.78,-6646228,-1754507,-5748673.0
894,739,1229,1,393,4338811.39,3533885,-8235676,5912770.0
895,436,331,1,922,-5957712.67,1505766,-2739061,-3076770.2
896,328,890,1,1002,-5817798.07,-808180,-4067865,5785778.0
897,302,114,1,485,-2262431.25,8126106,-6439717,8122822.5
898,145,710,1,730,-7535662.76,-145414,-282983,-4751058.0
899,890,785,1,147,8849782.87,126025,-4471184,6976753.5
900,1145,787,1,1037,-627899.57,4888619,-8105918,1238292.9
901,865,1030,1,785,49175.82,-912197,-1901057,-1168330.5
902,712,373,1,309,5364340.42,-7314920,-4609468,7030328.0
903,216,1612,1,676,3892968.47,3920368,539839,3459011.2
904,86,221,1,974,-1022291.06,-2568898,953959,-4189459.8
905,35,1378,1,427,772744.0,1296665,3653674,-5595748.0
906,1067,453,1,483,-1222870.73,6986135,1113021,-6427362.0
907,1006,1722,1,317,4484043.95,-2519695,1442795,-1645546.9
908,536,1241,1,1130,-5624419.52,-1499908,7067992,-3421893.5
909,345,1237,1,793,-6400381.41,2803422,5422130,5085652.5
910,629,1428,1,1054,-1223855.64,-2785633,-8698351,-5315446.5
911,166,522,1,455,7209422.78,4263444,3926125,-403338.84
912,586,670,1,506,7826885.77,3411029,3661898,-5318757.5
913,655,839,1,428,1717326.79,8818316,4616365,7143887.0
914,1067,1321,1,735,4612549.95,-6792784,1499839,-4772874.0
915,926,963,1,957,7911482.01,-6856585,6006630,3623285.2
916,765,1606,1,374,-3282685.52,1987199,5279635,-181546.47
917,1106,1647,1,377,-8581414.56,-3728905,9152299,-4227058.5
918,906,668,1,697,2152236.35,8836112,2740973,-9170431.0
919,1078,1731,1,484,-7255415.04,5421352,1850488,-4148887.0
920,493,1623,1,480,-2468047.25,-3274287,8716560,6658721.0
921,1073,1728,1,857,-8664468.08,-804195,6966870,6267768.0
922,886,774,1,429,314336.83,6923920,-6922643,7118263.0
923,576,1730,1,987,-4218703.72,-9026524,1130502,-3522619.2
924,889,584,1,823,-5998902.03,5000710,8621169,7504900.5
