671,3,7,49,-5083048,2599809#YUWtPN7NAdW,-3779620.2,-5996578,-6374091,-3908747.06,-3691198,2517095#c4hzkfHzh1tFIXy,2090290#ZrEmmfsrRNsdcJqjvQsmAXt6WiSlIqa3i3DtBSyugYP5Y9KKczrjnVXKrp8Nu9ELOi9xC9PFFmR7J,1338938#DcliJOLwgO5WOV,-1092591,-3892496,-589255.500,459729,false,-3626342,false,2787256,3199918#Ux0opRhRCs0ZWv,4280229,-1533057.2
672,2,12,56,4947824,3762711#TkN9a0mTxra,5164751.5,-4907698,6629015,1860703.16,4154413,5213076#EKRWJaUwbcaluJQ,4528557#gfkj1C8ZhttIBEZQzO3ZJXl8QeFUGWHCOFVDlk4BHFZE5y6qb00xUIsGxkb07LunqScXxPu5JTSbN,3127308#cMEtUYYMD2X9l8,-3486473,-1493953,-5058757.450,937865,false,3844571,true,-5360178,2600660#GKZuQJ7GwAa6Uo,2306043,-2868805.4
673,1,1,46,-4834485,5268164#EM6FgtnV5pF,-6474362.0,-4825511,5113474,5341894.23,-1441372,4214650#djcWwXGMLW2yTv7,259126#MyKNDFoc63v6KtPTWpWdATeoS0DY2Uy5XAesidjEvO4qA3SaazjpARblilxwNyIpGNz3AQcFQ8UOh,4884344#64wJC4x3HXg9qw,-547474,3394056,-5101227.910,469130,false,341282,true,-6446264,6471872#N5gqmEhI5uN1d2,-2126714,-2084057.1
674,2,8,39,-3823457,3853048#8YRIOOtYz8W,-1463422.6,-2351907,-2052853,1360407.74,150534,1124578#tVl1OIiTFxbyzZV,4673063#gjcKth1o24xeaOIbEEGUzC0E5wUepd3awVEIbGEZ50MUji5umxq8DReJ2AXqTVQmpGNZsXilaGxz8,1830412#3n5eqxGxhiX9Aq,-2606205,-2191230,6562974.600,-3605000,true,-4494958,true,-6201945,2645528#pTVR1pjq1db3fx,837958,4948211.4
675,3,1,57,-4975935,2247313#FA063SuhT2L,1158467.2,-1922147,854823,-3610015.20,6136763,5643161#0jZHWt449rMQIon,5316899#UYMV8GapycxSejf2vuVRJhOWGimyEYkU3gAuy1P1JeqtiDGSE5UqfLELg7KyxcTEFU9RIUHqJANfo,3334008#IFoCn7c6eHLEXc,5399417,-687281,4995175.660,4223114,true,-6135540,false,5859999,6433033#bduNvepNgoKVLS,1564894,-1528327.8
676,2,5,48,-541502,2149059#VXnWlD9UFum,-6709289.5,3883924,1996491,-5546592.20,-4680716,1359275#ggsRwGJoooiEMCM,1353035#p0tD7qQ8tvfJAAxB5xo69i21zme84DYOsS8DKxZTbygUMA1pnupdxCU8HDE0Fkf3qUvS1UXc4HcOZ,6212987#NNpvxFAOOL6bmK,-59915,-4993877,-3798396.740,-1765521,false,-2738254,true,-2138269,1352170#jqYH1ytaxOsJ2J,-3017833,647535.5
677,1,14,51,6645911,4647907#KBDKdmKnZac,-5423243.5,-788772,-5237196,-4088678.08,5993826,3692739#UYT1OWKMW9zdXXX,5944377#OYV2JiPD7vLM9Klzt0bzWgVZMYDFmvyTqTjA4l4e23owHBjDqwQBqpDNE9nHNwweQwGxThe1RpRu7,5381532#OTndZ1tQZkdvrm,6085291,6194224,-5830439.010,5933136,false,5895430,true,6216094,6169111#LDrzHJ6h1c14W6,-783417,3142027.9
678,3,11,36,3630780,2625907#KBDKdmKnZac,6277830.5,-788930,-5054822,3406187.39,-6710886,1798382#TMgrFVps4NJtA5x,6271554#4jEiiy4Vw8E7uJqVtfLddTFvxex7WIxzU06bFLvFoRiCUO7UQmqLpyle3TUkZzIEUFcl5kC3qHdwq,2348350#WtKybZif5KrxAr,-2907814,-1045112,-5673455.720,-2462811,false,5667054,false,6117135,376057#CR0QoPFOxODzgZ,-4896947,5537869.6
679,2,2,10,6583440,2387556#29iW2EpAmUw,1915954.2,3151283,3497778,-4605952.20,-5437332,1021794#I6cLvkbbxJt2YYt,3731420#G3bY6MLfgMJiuJivoV2b4AwAOFLRg2MYDDh1GrHgqNEt2R8arKmrGkAj6XNz9rBHhXA4BLhsqcsG5,5350115#aYrP46gBPjqzHc,2979130,-1083467,-6704737.030,5082991,false,-3998872,false,-5106371,5707371#ZKBObZov7TUyaA,5202610,2304793.8
680,2,1,54,151498,6549207#m8XspJLf8xn,-2540195.5,3995216,4113180,3748769.59,129253,3083334#GreaskAPMIlmyAm,5381523#EDJTO93i4WkV16Kc1tXXcN1XdZER9AZrTpVQ4XZmGdLe6xRZncjeLCjsq1UOA4IWjzTATrLUtHNoz,1781983#lD4gyGw4nyrMdo,-1328947,-5764919,5549427.140,-3900225,true,-1818883,true,4278378,5940936#z5wrtgrCMzNZr0,4015184,907945.8
681,1,8,24,6024044,4571777#uiwQanysXfY,-6152574.5,3408589,-1340789,89244.11,4443905,1555250#l05s5kYr24lSW9k,4440262#sQiAHZWtiZdMIx8ldUjjwODXUpkcqfXSh4QPwuUJ0ypXBWz94PEgI2hbAv8nEZcWWcjBsBEB9mBp4,6511407#IRRAyx1deGpoXG,-3915915,-1771098,3436631.190,2963133,true,2342937,false,6238251,59999#7Euif3rIgtXajh,-4015726,-2614028.1
682,3,4,59,-1477378,5422081#QqzHmjBvX9K,-4664390.0,2505484,4251157,-4587247.75,353859,370153#X1FSRmVnGCyd0B4,6355937#X2qrnWJP3pEkj2etGchddyGWefPbmItcZNldIwiK296QVaCYJecVcS0HSEhWjd86d6fFWCMyxSeo0,734366#XrDDhFuivo2zBZ,5343191,2083618,1864306.060,-4069787,true,-3979208,true,2533459,292712#FkK9JWfDhOmfoa,-6400741,-5429528.7
683,2,4,36,6290195,3569997#rRsU9vdh3oW,3288050.2,-6381907,2826123,3014637.87,4952374,4446775#BJi9HHCkvrFeW0z,3338073#r2t4aHYcRoo5hceYdsyMnioDbb7H5xL0DZoabhc0zu5dcyUrGJMWm1wMwRhkYBMzwJ9MUDakO3SYr,2781678#vsqlpL2uVwq5GG,-992903,2419010,117830.730,1611470,true,-2407466,true,-4826744,361309#WEjX6jlj08cLoO,-6248310,-2165526.5
684,3,1,36,-276151,241571#ekZzxaErNOm,-4785941.0,-1162894,-527209,6121838.07,6316749,1487621#PM4cRtuHauoaRxb,1026677#tkFq9JsHRkE2MMTRO0qhd5R3AuiKr9t9737teF4nfie12C4umblV2oPFy84KV5GgUxLI6cg8Rdmp2,5335041#izySyx33V6vckU,-6134176,-4381284,432519.870,2720205,false,-6570216,false,-4658122,5517581#oLvWFGra7zsM9S,-6293044,-4626411.1
685,2,11,43,-4426301,1488858#xBU1kMZOPft,-4192597.2,-907969,1079042,-3615398.89,6141850,1306111#Sq0OIEBfGEgsBMt,4290734#Ny1BBXyzGVokPU8kL2IDHo5nZGUBXEl2azRivpDGhToYjHptG2kurmSAdr3syx8h1NFkvdKEcRvw7,635106#BGTYQufgPbqYDb,487634,1409868,-4995055.880,3053383,false,-5986071,true,1301285,761498#WkDzysfNjccw8g,-1287945,1720087.9
686,3,11,38,-4582192,4981882#jvgNioqiqXY,-3081559.2,-2169948,-920008,-3445892.51,-5024549,5115697#nPAr23DYriu818j,6595414#HdhVh8dWRnliKtlIAGmvRf8MJdUKqUfscdhAOojIawk5q6MrMoziyfRKcuml6IIblvDXHQuRxQ7wC,2996093#icNrYAThvtH6zP,6627268,-856540,5494903.750,-5519134,false,924749,false,2149709,819817#LBzRPzCvLw5Aq0,6157342,890333.2
687,2,13,24,1159917,5560043#Tx0iHdKiOFk,-123965.56,-6546117,2506579,1306691.23,3777720,3060208#qysLCZObwe8VLs5,4972443#oJeJ1FNZQatR4ois5C9DRCobqLiYhaBr2HBs3v2UbPTd3vwLWsadlP7DHSBAJZ1Equh7bijEvAhS2,6153441#ryJhvqdqnM3dAI,-4607057,-6469796,2805226.360,5230344,true,4507354,true,2420166,5695562#oFZlCVjQxQza4B,-1862339,1614552.7
688,2,1,44,5127288,5444335#Y0opx8fBPeo,1169105.6,6741733,-2893304,4168610.21,1436686,5957947#zo5sygpL2UQmGLr,2343513#GCveFojj9ccw9jdMmu1dWndBhdT1UY0WgtUkbFzJtB365Ss8tXKZ54MLwBwezS5npMZuQOAZBwB0d,1767428#oqFeia1XQuI9Du,601442,6087841,791605.620,-4869896,true,6487977,false,3247665,1842012#O9xInqtmHNlpU9,5814600,-3838985.0
689,1,12,20,-30108,3076865#LA3z81NG1Un,-1517683.2,-1115452,1320036,-3166284.93,-6003103,3037695#qMBrUDTylOExtYI,2624998#1D4M3LKmKlnaEZNYlMtHYA9BJciQOT6NkkSwblKyFfYLUKKFjMC3XzZgGrkG8MGIz7IDtH4gRcfPo,1633155#nYyC1MgGy2nMQW,2099535,2137349,-2156724.870,-407856,false,3287398,false,-2455281,4397004#T8MgHwYpzvurzd,-6020820,-1968879.8
690,3,11,5,6132626,6781582#mrfEp0GCaSZ,2868713.8,6614781,-357125,-993197.84,173296,661253#F0JUIhfjUi74Ajv,970772#yQcBsq8KVOWeY7fNbjayHx4zoGgSbOfyJXYbDJ5OQNmrxuI6JeBD4B4RPwIOLLiiQKk9rZuRijkre,3609150#gbuUlrYW12wAxb,-5042639,6581266,-441206.960,-1750503,false,160571,true,2105834,6516563#bDzsCXJbJ1Mc3T,-6688440,-4267782.2
691,3,9,31,4969224,6825264#J7Svw0e6fCs,-5424005.5,-5844830,-6629238,-4153266.55,-1052720,4200349#MKMz88yrBw1wiOy,3527741#iIrtTbyjV5AOWVeGZut9LUi4Skd4Nr0yYysNf9UhUFF8lwpbRrfRKEtli7KdZK3vAJlPZhnFBU8Zt,3715726#D2dyw7mujCyJ0d,3182553,3881220,-6375484.410,739900,true,-6632126,false,-2143179,168877#9HwME7hJgixmUz,2019784,4803281.6
692,3,1,14,-5153205,1058854#kR2c2LXB5bB,-1727346.6,2193146,4119789,169636.18,-4139932,333334#GreaskAPMIlmyAm,5819627#pZIjqtQQDImeRwmO8VsbMUSaZXqgmlJsKrv7wUmN0Det6ckhlKR8geFDHEk8cgKtSbpbHoDx6humf,1843321#XlYx69DBgyChVI,-4365621,4367247,2385404.370,2705556,false,-4554447,false,-1211022,675961#u5WlmW3mT0xtkH,-4162475,-5695605.1
693,2,13,58,6703351,1975792#giLXrebmpPU,3148709.2,-4998974,-863524,2619942.84,6374061,1684938#xgFVM3pFXf9dIyr,6094851#RYofS7UNQ2NG9koYt5fc336xCTurRFlvfOqoooX778B6XeIYI7dJmuSDEVmiVMHwukwjQBTvNhW6p,1566091#ZQPaMd4zoRlV7E,2666416,271956,-268457.800,3482738,false,598290,true,3613058,1434144#MzgIDfL394ogdT,-2145367,-398273.9
694,1,8,29,480507,5850989#Sx0PrhK8HvU,-5069049.5,2411984,6393654,4516506.81,1337022,4778207#L2MXjZfTIzXlqcS,254123#2wa7Xn1UKRYrfkz0jERyEdEAqsrqM6jeSpEqfEeIu0lQwAaxkZmLBw3HM3iIOB4Zh2IrmRAzJShQ8,3637662#roLVRHVdWHLcQr,-1819691,6607817,-922278.160,2360415,false,-2535617,false,2888552,3635591#ituLHqsw7yjAqj,-4609013,5099257.4
695,1,5,22,4620899,3289933#IqMFCAxiSTU,533511.0,-6822631,-4292742,2137822.30,4552157,2775637#r42mvNrazftfSmd,3916587#w1iUbePxPJCeephC38775CqGFyqpSLmq9B4lACy2qoktCnoIcJ45GpOMBYLIwThPkjlnGIRYMtYLa,592983#lD4gyGw4nyrMdo,1635538,3650252,1191156.710,-5167302,false,-4341410,false,-6019412,138630#Y6h9zCgcBSk3m7,5739378,3631952.3
696,3,13,43,465433,1610827#8wG3HMVbmE8,6480950.0,5874049,2728677,-6735261.08,4601531,5823666#l6jQfbBEeoGcqUj,3850172#NKOxc7kG5qyRKD04VJedqTOa3LN4CDbxu4D7MNFVJpQ67qiOsY7rRiq5vSMbmn7Nm4Ucmua79PMca,1925782#Dl4G8FuCLKSHec,-2825393,-146992,5160716.890,1965545,true,2207057,true,-2840543,6616850#Tb9oBs0og66GfH,1735255,5664490.4
697,3,5,21,-6347734,481750#pM0u1OcfN0e,-35914.68,393710,595495,926401.30,-779332,4377093#0WNRUvxUkfc6v1r,6788187#fUXJVo25T0uyD4AOwts6qX6TZVog1L1LGv1FZsqeCYx8Gkb27fBHZ4sVqXvsyKmdzZEW7xCD2Tw8w,6698291#5WmsKZH7HUbl4s,3649170,-3489197,-4743629.630,2034466,true,-2935667,true,-4258482,6771682#IH7wjcMuzXBOVU,4816741,-3561313.7
698,1,8,14,-2933576,5848066#kY7BiDIzYtN,4491148.0,738939,5543190,414977.72,-705015,5433647#u0XHf0SebMSjhyw,1734547#NRa8jcMchlT3ihV1DEtDLIMIWvDcB9JuHPFghJdmaOBvrKxHdrifaP7O6QfJMvw41TFG8ZrVtkSRL,955866#DPE1WM94A7yKif,-6743687,-3013084,-6272321.610,-237737,false,2886422,false,-3412573,2666762#fxkQgTiEtegAfU,2157217,1635500.8
699,3,9,24,-516425,4196092#CwitN9uSOMv,5189224.5,2747600,3793495,-2107628.76,6171368,6355699#CPO37AnM2Rn3nDV,2205256#I2ygVEGrVKyvmNaqI6grFI4dsaNMBaleZnLpWia5bCZaLMLuSalni0muQbd6LYZdhaYfrTmnDCCFd,2371158#SYxc8kE34oclAr,2834942,2500189,-1444145.760,-3537985,true,4721964,true,-4170243,6466724#wb3Ot5abWXf1Rb,-2706792,4932242.0
700,1,6,51,4155813,2064933#IqMFCAxiSTU,-299050.03,-527308,1162991,-5439763.19,4907131,3557864#xNy241xU0TSC2S5,2261150#kmjhvgXYzo6N4MnWnE1uc9EPVLTDU1OsZ9DriGKXQR3XOWrQMsZuKJlA5HAO5zD5AUa4oGP7Zp91F,4738529#zjYYZxMOzg7Esy,-1956831,-3598832,-3207524.270,-226956,false,622544,false,-4042823,4875079#dwlxt3Zm3A0Ztn,-4233401,1202475.6
701,3,13,32,2429692,5875837#HX1FbVVsOeN,6029286.0,5304018,-1203564,4394553.77,-5809194,5598910#268A2B76aotpOzH,4838462#yNvTMhaUAaRuVdoKKTlDXac6fdcWOxxkWGWMmcAMfHO3AEYGpyTO1h737od8EjwxGvZGNqalgcEpK,6013774#mHMtjL4DG7ZKJ6,4954603,3684590,-747256.540,-5603909,true,195586,false,-6240000,6329149#p2ATKct9JzrmaI,4202715,3529010.4
702,2,10,15,-81610,2169690#WSZAAW7Ato3,-6135648.5,-4784314,-5145190,-5745660.59,-3681696,2961873#vANPjBeeVw84qSo,3178363#IbQbzFy2rBd0aPL9kFDZJBXEWonT6VgkC8J7SDyjlw4JclwB6vgC3rRrbIZMyKCena4l9H8VvwZQ7,1354269#jbUmFnuK8SmDmO,-2862736,5440590,5435433.430,6844226,true,-5461300,false,4663215,4210075#TMANrMKpxGSfDO,4202181,5340730.4
703,1,12,45,-927715,3823574#7GYC9CV1M6q,-5245608.5,840440,-73326,-3591703.97,214906,6246894#vaC8NPdVAT3X4dO,4387297#bxSVn7vRlYaaxMYZ8O0JXfSqJo63jHUerLkDUCmxEcMmRulL4me1ECaYegMKzROvr5ZoZZ4DtaxwZ,5339714#HSZHGLwdIP7OvQ,704647,1814093,1295235.650,907002,true,4260817,false,612610,838216#J2B2QthnzDABSV,-5338400,-1929368.2
704,2,1,13,3853671,1904907#KBDKdmKnZac,4974467.0,3998378,-1971182,-1573510.82,5164867,5976524#2lHg6G18x8JyGiA,813954#18BsxQZ9ZIHMbTYHNWFaLUAYphWy51IgQhgSCZB6JagDc3PROe6veTqe9v2hM3QeATLh7kJ22d7nU,5786986#HmlGO25bDDCV23,-4189495,-4590627,1308518.350,-6162864,true,1094128,false,-3154697,593010#yXoFIKR1UccNTS,2056604,1784500.2
705,2,2,23,3575381,2076661#y5cvb8qU4s1,3218726.5,-6019387,3175217,-1056024.09,2644498,2854563#amDMxszBu5eLoTs,6909583#EhQ55dOt9Dk6knNbGXy4tN7KrI0CoqPQ57lSA4mNTAgfSrXdbp42PPNiIBkXj8oWCQ9hKSrJvRgMC,3369759#gaClP79ivbHf7Q,2840341,-3390773,959304.060,-4834715,false,627212,true,-22760,915820#SRZmmHll1GKNIN,-4249679,-5364998.9
706,3,14,18,-4216002,127292#WYUhmifwCLY,651631.0,-4342576,-6961120,-4228368.73,5371559,6908639#1ufXSPryOCID4qa,4112296#GOlBQOv6NiYdait06VVQsApkj471vKeBCCBxoV0ieNZOfOcgt6ctDCONnxd8slHbw1a9PhfjGy3bS,1408183#cn96uXiqVaqTKf,-3914622,346249,51175.980,-6382826,false,-1366493,false,4924418,3907186#40PNddZ2ilo8HB,-1041276,2341819.8
707,1,6,38,-5834268,5311391#RkTGGZULa9i,-4984671.0,-1562836,5814952,-2708322.49,897401,3118149#5D5jNEnDJh1CHKv,5042636#J1W5JIj7dFnqr8hrB9DBoHKu7KKtVGTLL5IvSdDRkQB85w13sP00tE8rKc1ozBZT4fhTDgV7omDlm,4808432#duezEZJln80xLR,-1248986,-1337986,3329996.900,1350106,false,646738,false,-4481232,4263440#Vp83wchOlE5bI0,5753340,-2661358.5
708,1,2,60,-3891990,2039693#96b823aocQj,2031535.4,-5141013,-284726,-488651.64,-3344195,3521007#hXr0GBotCP3s2Ib,1693948#t4QGIQII46A3XGCjCDWbXW7BbJXMB4AHzKK4TcReaI6gxrtRrpzkSrZJpsf8LKimHwAXUUuYI2Nxr,6700791#i1Pw7RHd88qSwE,-2805122,4261954,-6556031.440,-3489134,true,6146604,false,48485,5554815#IyNJBgLBVshjZP,-911119,1956308.4
709,1,5,1,-6246075,3541295#ZPwiFkUTuRQ,387727.78,6256355,774663,2905284.14,-3019674,2182454#vSzh2t8pkjNUM9F,5094361#ICIJX0VmVWclWUbMUDWDzUUkxrWpKLcn6YaZsq9KNTVL0TAs5q1vdQBC1f1G96qG6Chy68FvQHXN8,3497371#cqhl2bNfEyZ7l3,-3633482,2529208,-6862497.590,2011793,true,182266,true,3019919,2219764#vGem3rTiVrsT1w,-5300721,-2877707.4
710,1,9,15,-719383,4433121#BcHzs6fyqR2,-529199.44,-5223253,-5609401,-692027.02,567993,189654#3ocbSLQtnuuKJeL,544134#lROrrKPuWCvsJePLVhG6bU2i5B3yr0ph5AZKhizUjR3tnLQpjD4PeNW8SivcCkGqDbzd1EDyv0lUj,5398733#vm0QJT4BZrWDVX,6696337,502304,5618170.920,-2866268,false,-6275838,false,-1832759,3720046#vE5Od5KVKRPTAe,291808,-4539671.0
711,2,7,28,3583680,2121974#ogGgeo6nF02,-3352844.5,668914,-213845,7105581.02,-3517256,2583921#T63iu840fINlmkw,2316117#SFBbyQqLND2euaL1B8myNPJ9xdejCAWR7ceJaG2WL98yYjwinuP9isNc0NGeW9cevqNznRcsngzNU,5893115#aYrP46gBPjqzHc,454201,-4995927,5853203.710,-5757715,true,-1318058,true,5618334,5335088#AFA4iKwVXZberh,-6214652,43198.2
712,1,2,15,1603935,6031815#46WmR1AXCtK,77498.83,-136559,-468169,-6241816.39,5197512,1921922#GB6VllhIoO6qcxt,5987510#dnylD771nRmVzrG8w07kpumfvYpLCLx5tvQUFW3xib1GGQ3qCF00chUH9ysXbQcxiSEXH3YUKZtXL,2619008#IFoCn7c6eHLEXc,4153831,-5390051,4274920.840,3762264,false,-6673870,true,-1400600,1508183#RYTnPzJGoQZlw3,-5266248,1979358.3
713,1,13,27,-4085752,4803216#T32wXBzRoP8,1669173.2,3951407,3069335,1161442.67,-407720,524807#Ijq9S9HVCkA1mBO,6989314#0hpPQccstZFnsNkY8MIwUSvs40Nl66rTSMB3iPCntkq1Fw3he7B0IvIBJfP85Ta6v3BFjcvDchlGi,74346#lU81MBlJe99oVL,-1911891,-3723790,-5191629.600,-5809551,false,2333767,false,-5537484,222702#2hGujYSAUFgit2,858256,-628.1
714,3,4,25,492224,24374#h1mfSncRdTV,-5720910.0,3937462,-4506251,-5606857.24,-459170,6495871#JbxGtHMx48bvL4p,4348629#Lm0fWZ1BqrF0zPHq4WlQxQgvPjE2GV6QYzpfErpIm2uTyxDr17LQdgpFRWXC33pAsuy5DeB1yP58x,3678538#H3Pohat2b6XyGs,-6581773,5415259,-2599916.830,6261764,false,-422933,true,3468857,3266137#rqinf9zC1bYo86,-5119345,3803796.5
715,3,12,26,-4960182,3106286#SLERiY60IHq,424907.9,5758748,-2551783,-690430.25,-5694918,665984#odrLZ6aXCK3wyBz,3606514#RdDY8HhUWaLOS1U1QoGEY0Gae3SgjCykvAnWF8Pb2reRdWZG6nnPhjwTAFM1s22oyS8mFGsmAcaWJ,4160230#9jCAdYVqVeGTYq,2438673,4831941,2804986.950,-577002,true,601489,false,-3135232,3682953#dtcppelTOhMrHU,-1996593,5835380.3
716,1,9,20,-1544439,6736249#NzheSMFl5Xr,-4088240.0,-3311751,-3381963,6406230.41,-1205237,897915#ZJGju9FskdBrp2b,6674337#XvXROgmtJ5k0rjUyCZZCYIM5mUy6ESVer0k9qiCHe2enozKpscydceJ7hNOrud4AvWyAmnOQCRact,4359162#htaER162aNibCm,886667,4657872,5230359.010,-6348253,true,-2399017,true,2821378,2488645#lvGzGR3DzBnGzg,-2280560,-1768139.2
717,2,1,4,-6399582,4025931#3meAoqhRzdv,-2919328.0,5238196,-1199040,2333866.33,4292869,5912969#DhxsrzIt03VX7t8,385494#OQATL2seqysmcvqtIWrk5Y886I6gABUOzcXKa0QYnghdK9rCfv5hF3fD0XrRQyaW95wji8qHrfIwD,2151993#NEvQyhNNk1pEsY,2396874,-5752747,-1619554.610,2220845,true,5671835,false,1201379,389057#CR0QoPFOxODzgZ,-4448837,-1783784.3
718,1,5,7,-4345075,5989376#e3mu1GrB2QO,-5071399.5,4099421,-2187752,-1953172.82,-5546230,488759#fyIOQH9V3MuyIRq,2506646#9Y5BtCWQ6zjdKFwFqnvTHqzSyR3QrgmmcJuvO7BLYHZykDtiXlC1zlYMAOYmJoGUonLravTMbKiiW,4909536#ffcaF3sfaCVwW8,-3562451,2049078,448869.680,3390643,false,3658240,true,30471,3473553#WGs3jaijtH8gWf,-4645972,112957.2
719,3,9,53,-2836322,3645816#XFfqqWOlHQ4,1861663.2,3645779,-2281997,3200982.39,-1515352,6371891#ORtVR4AwzsqvhFz,3504513#GCveFojj9ccw9jdMmu1dWndBhdT1UY0WgtUkbFzJtB365Ss8tXKZ54MLwBwezS5npMZuQOAZBwB0d,5065703#EcfpSVxB7Camja,-6326697,3760105,-4590841.930,-3659366,false,-3468690,false,-5221086,666857#EiuKAo63QLeI4d,-2660463,-1637863.7
720,1,8,19,-1113913,4904474#vNA63ksYR5F,164949.02,2915587,-2085016,2708558.93,243996,4972996#f0PASPdxr2pbzoU,399317#y8s0Pl9pwvCoj46fIE9j5ri5Yh8lanOvadFZJXBI0gBAUDaP9GCbpjGyPBecse8CXet65cydHltlu,6746216#oTYtGjiOdRWEqa,-47981,5076114,6997546.530,5104195,false,2119253,false,6917008,1207937#yzynENgnfVicJF,-6974186,-4732462.7
721,2,5,38,-5461403,2792986#lPfLUfHNu0V,-4061220.2,-6443153,-6849529,-4200195.06,-3966598,2704626#9n0wWNR0Rt3fwDV,2245688#MpB6KxvywT6XOunWzmBkdlaV9xmOs1AkkOGWUbLqCH6ymPOu8tY0LRgeRZAv2XSm3JosGp7xI4CIe,1438090#sNMAyljMzdfZCC,-1173730,-4182127,-633149.000,494629,false,-3895975,true,2994631,3437769#fZDIFpqPJd3hVj,4598774,-1647485.2
722,3,12,37,5315278,4042186#CCPMYPxlRJ8,5548751.5,-5272238,7122227,1998892.16,4463263,5600419#JWVEeXc25ypXaaL,4865413#8E26IOpoKmin4pFg65VZDoA7gKqZenGVsWNNpTpc2zj244rFa1iCj8AJyACIcr68WFmgmm12W513k,3359409#kKsWNOt9SDoWw5,-3746517,-1604847,-5434419.450,1007940,false,4130945,false,-5758653,2794121#q1OydzrpxOoGBZ,2478265,-3082822.9
723,2,1,50,-5194259,5659404#tPxPhsxsk0b,-6955162.0,-5183927,5493521,5739276.23,-1548228,4527143#yp28unQuu0TppLg,278236#Mfm8sn3THZFGCtEemC4W0HeYaLkuiEHZKE0DHVnZNLRV6gcb5zY4imfaVMwlw5PmLvzdn9m2dV1xN,5246787#QpsqIoeFDpfTTy,-588130,3645721,-5480846.410,504280,false,366046,true,-6925364,6952589#q1vwOTaUtpZiYB,-2285245,-2238615.6
724,3,11,35,-4106918,4138862#NYXzjHITN9V,-1571422.6,-2526249,-2204746,1461200.74,161959,1207882#jXBAeL1fllFUSRJ,5019426#VlJZYOfdpahWChaWo1sqWsoMWrsuPA52tY4PbaIgvGXYtXRgrad0V7F4FNGRgRkS6AfwkjqacyfVI,1965732#oIrSVzwnnbK6BO,-2799306,-2354482,7049705.100,-3872775,true,-4828164,false,-6661795,2841733#qMcOpkWq5oVfBP,899891,5315087.9
725,1,7,62,-5344197,2413459#FWdYTCfm3OB,1244067.2,-2064559,918396,-3877146.70,6590838,6060790#hKvfN7mnEat0OvT,5710008#OiZFwj3EAdk9LZIX62anFc6Z2VXyZXGNLvxy1eZ4wtRSWvGAM6WRusffzjTqB4rGe2MaiBPwMozLG,3580718#fMbFngr5Sh1kVd,5799501,-738183,5365412.660,4535964,true,-6590538,false,6294149,6909263#DVsF5hWHoMgq9b,1681070,-1642130.8
726,2,2,10,-582252,2307649#sxhSqCR3vNY,-7206089.5,4170761,2143616,-5957297.70,-5026866,1459670#4PvWKdwXnvmj94J,1452534#3K9lLMPxRDdTnqaxbGTjTUoLl2TsYpEu6cqTGWvnJOK5sx1kddO7ZJkouFzoPsV450H4FwPuCNfiT,6672148#TH7gR5sxNecuBE,-64756,-5362830,-4079187.740,-1896321,true,-2940530,true,-2296419,1451500#EwCZWeNQ5WhFcB,-3240429,695740.5
727,2,12,27,7137230,4990775#0IWKWGGbL4g,-5823243.5,-846413,-5624718,-4391186.08,6435976,3965375#cn2MybgIA3kppW2,6382988#QiNBRAy8LiaKgTgWgpGOtK7HSMoEBpACeGNEVTh33o5AMM4XCidpDntUcTcqRlPDvqs6ArGwcQ3ao,5778839#cTe7QUYosQkCmj,6534164,6651968,-6261408.010,6371661,false,6331165,true,6674569,6624398#2uaGKusIXKpXbm,-841441,3373441.9
728,1,9,36,3898475,2819351#attsoiWfulU,6740230.5,-847190,-5427082,3657728.89,-7205886,1930337#m8yIgQaxF0ddyoD,6733446#e47R7sgOj4dNXKE6VMtAJTYkGYks4YhowHDsmKkVNh40DKEPLbwv8SP7f7wWJTPlU0J4pFuJSOX4F,2520836#0eEz2yRbMibzCw,-3121768,-1122549,-6092288.720,-2644461,false,6085081,true,6568235,403069#EngmN1SK8ryZPt,-5257882,5945710.6
729,3,10,61,7068273,2562947#m2dBvQRtEq6,2056754.2,3382754,3755935,-4944653.70,-5838432,1096380#lr1KBgJkSpKHz4l,4006070#CGHs4vI8UtBzTsvfaWdZLl4g9seTWfMdVqSAQrbE4czlO0tp2sZ3KvwYIAakKIOhJ9VUrtbor8JKP,5743740#AWFbrOxrkcCUUg,3199205,-1163559,-7198989.530,5457847,true,-4293370,false,-5483009,6127354#MLCcQPh9Ml510Z,5585507,2474530.3
730,1,7,50,163113,7030619#jy12T7oLTCT,-2726595.5,4289229,4416199,4023920.09,138453,3309976#ZisdINiz87uPFk2,5776714#wHICT5waLBKK8iDXEQPnfZI0YyCEoU3eAGl9oTK3v0PiP1lmh5prV6IDVQeJbUBRg0H2Ut36kB8JK,1912688#SfrU9cCdoXaca9,-1426961,-6188792,5957781.140,-4186962,false,-1951966,true,4593565,6377706#MvyUrBhsAnRQWB,4309987,975112.8
731,3,14,51,6466375,4906944#ycA8hXnLyKI,-6604574.5,3658570,-1439537,95106.11,4769755,1668737#CKpucWCUmDGgXVs,4766236#Mfm8sn3THZFGCtEemC4W0HeYaLkuiEHZKE0DHVnZNLRV6gcb5zY4imfaVMwlw5PmLvzdn9m2dV1xN,6989293#RhWCdaWvFzteTG,-4203954,-1901753,3688376.190,3180983,true,2514476,false,6696901,64092#GE6keHOJvEMGli,-4310231,-2805606.6
732,2,4,34,-1586309,5819133#dbqPJvghtLJ,-5006790.0,2688867,4562474,-4924157.75,379634,397072#lltqauX0b2Jl2z5,6821556#uvV2krKfkxEWL4x1Q3ucCIXaysshsaksSM4vpb9tEkcp2ruAfYL9MnNOLS5lRCufVfxiMAkJFLaWQ,787578#fDriPXQljfDAw2,5734220,2235963,2001374.060,-4368849,true,-4270794,true,2719259,314150#n0WxV4l1gGpIVu,-6869379,-5828091.7
733,2,12,24,6751356,3831080#Cz7p7SRWcZZ,3528050.2,-6849748,3033161,3235590.87,5314474,4772127#FPhqnNjj5vBQscT,3581735#mtZBLUy6ecRcFIz41UhSgUZABQjOJRx1puVhcHsVItR0o1c2Txj7uTzciFJ2SSNZ97FcrXyjbNH4y,2984939#cvjwfgYAtYu4md,-1065726,2595648,126452.230,1729545,false,-2583460,false,-5179844,387355#c7uO51mIjGuHFr,-6705660,-2324477.5
734,1,3,59,-296521,258957#HtDlbIQK9H6,-5136341.0,-1247821,-565923,6569704.57,6777949,1596074#eUmamMXoLdgmScH,1101129#3aCJ26gxw26HQWzkWV6Yz4lyaaik8ylxSAI7nx5EjwBSmLFO0tBVQ1HR1htRyJEPFw74CsrV4eIV0,5724645#9fgTaffrleGUpu,-6582178,-4702252,464152.870,2919655,true,-7049975,true,-4998372,5920896#XkJ0vSrw6l3pME,-6753149,-4965234.6
735,2,7,3,-4749010,1597492#lOS6aPX9xuC,-4498997.0,-974421,1157657,-3879844.89,6590500,1400726#aBv3J0lN07ZCZRM,4603852#NaqY2qOmYLIwWIRKczQLo1eMNtnLJ4OLTNeg1FvP1PPEIEV9gSvBMpl4GtqKZ5Eo8bAqwAncmfeuY,681443#GWvIKDYWpiltqR,522850,1513195,-5359916.380,3276733,false,-6423635,true,1396972,816353#0rNbKxOhc4HBx6,-1381401,1845869.9
736,1,5,34,-4915664,5344685#L9gLR9yTSn1,-3305559.2,-2328391,-986887,-3697529.01,-5390949,5488118#VhCYM8rxMmzpk9w,7075789#qpquHvRfq5or88VND9bfX3za2K94m1pWBJP6JZE8g6iWVCA7TvbdC24iVcPuy3tq122JNUQpUY6HO,3214306#gPWLBeJ9s9vr9x,7109696,-918963,5895966.750,-5921884,false,992422,false,2305927,879072#e2Oiw953l8Sdog,6606106,954623.7
737,1,1,44,1244029,5964072#2ZgC0PNILe3,-132765.56,-7021983,2689097,1401437.73,4052870,3282562#cxOUycdKkMgjB5b,5334334#8rOtzASlaIbiPNCQDOII7OmsUxwuGn8oaKj2aqOnkV2h8FWxEUsYXUSTEaQfUP3svw3bNQBmLmXuO,6601190#KfvmunjyNnOxHb,-4942547,-6940507,3008802.860,5611269,false,4835077,false,2596441,6109975#rsVElQfa6h9ccF,-1997991,1731555.2
738,2,4,11,5499798,5839992#U3qZRpnd4ZV,1254705.6,7231646,-3104246,4471873.71,1541561,6390702#FU5HLghdHc3Hybw,2513577#SmbYE9Vc9XVCilo7KFlyWIeOe1IuHcar8q5pg25CSIZ4MCkkgFVaZbSH4Bn2OxJhtPSETJUMQ8g7b,1895452#RtFPlyBZWqZ9zv,645866,6529951,849616.620,-5223671,false,6960174,true,3483828,1975702#2hGujYSAUFgit2,6237205,-4117626.5
739,3,14,16,-32198,3299660#b8FC6gAcXHP,-1628083.2,-1196546,1416202,-3395498.43,-6438203,3258041#ShnLizD718Gub9I,2814958#xQeXkPzcAk2KNm1n24HIIZd8ZPjVDHXwfrI4sUwJ7U8My4ucp2Co89RB9RR4oz57rHOzmyy82vQhr,1751514#3sMQU4weruEQwc,2252113,2292316,-2313117.870,-437906,false,3525606,false,-2634128,4716074#ouj8lUNB3DBcir,-6457887,-2112026.8
740,2,3,51,6576991,7272538#QseWCcjT5yg,3076713.8,7094319,-383455,-1065667.84,186134,709005#VcE2MMmEedIbLHW,1040482#aDYMAxMzenvlH1HVLd5nKJR9Xsm44bX8vu2VzFZFjYFN22usd1A83v7kSuPEnJewgAYMLpQTmI6ic,3870387#mRTpncYninbLum,-5407397,7058682,-472971.960,-1876728,false,172322,false,2258109,6988523#EwD9Ic4J2EvvWs,-7173515,-4577583.2
741,1,14,8,5329270,7318947#m2dBvQRtEq6,-5816005.5,-6267918,-7109283,-4453240.55,-1128570,4504067#U7lT2JtvpgICzB2,3782586#HEM9zdWuspvRY4cGxF1F1i5BH7GWH3e1NRXQD3OR32dxrKZJBdXeGj7mTl2mK08MqGDq4rRSI5A6e,3984300#qeocEgFoUzaWBU,3413528,4161433,-6837148.410,793150,false,-7112341,true,-2297754,180613#cbbgig85vycvRT,2166499,5150621.6
742,1,11,50,-5525967,1135272#yFimj8gB8O2,-1852146.6,2351765,4416875,182377.68,-4439557,356775#BJi9HHCkvrFeW0z,6239671#CMkYO2ZtzuO5xQucXeNF723P4ftsbxM4axW5nZnRpXuXpN3oXR8UiN3Ff77c9Frcq8luXe9BEwgMG,1975801#MrOtJ7en0L5HJ2,-4681095,4683138,2558259.870,2900456,false,-4884091,true,-1297997,724200#GSd6bc9Ul0XQDY,-4463499,-6107771.6
743,3,5,8,7187326,2117881#bTnSMLCOrvP,3375909.2,-5360137,-925320,2808760.34,6833874,1806506#raTCdN8x84AMEzm,6534035#p0tD7qQ8tvfJAAxB5xo69i21zme84DYOsS8DKxZTbygUMA1pnupdxCU8HDE0Fkf3qUvS1UXc4HcOZ,1678757#RjF8v72Ei0sT91,2858234,291458,-288084.800,3733413,false,641814,true,3873133,1537214#nzIwVGTVbR53SW,-2299690,-427608.4
744,3,14,46,515336,6272480#QmudyGt5iLf,-5434649.5,2586362,6854783,4841897.31,1432997,5121846#ZDSSwn6bMFcPG5h,272042#YZglSqsnyZt4ReptQDoQ21Wx3ByhpqKfnNVm89VkjJp1BBlnvX7csK7jfn7YOt7XSJteo1x6z5maS,3899496#om0Ow87bo28MsA,-1951380,7083439,-988750.660,2531065,true,-2718540,false,3096327,3896874#DXiJI3iJOkrP1b,-4940938,5466521.4
745,3,1,53,4953806,3526386#UzX4X7BBY40,571911.0,-7312863,-4601745,2291654.30,4878932,2975166#izz2uoMa8L7GRFp,4198094#tavr0wRF2e9dIh5M5p84cq2aegD3Q78Hqz0KptAuWYoJAkTWksAhL2H8xMnNxsXyhUCZeeH9oNj2b,634961#dG94J44Qbm3UeS,1753091,3913153,1276581.210,-5539502,true,-4653173,false,-6452000,148592#yW6eJgmUDVaUvp,6152483,3893872.3
746,2,1,63,498422,1726094#YsNAxOfHspM,6946550.0,6295385,2924757,-7218761.08,4931481,6241860#h6dvGPBYIBuNRHw,4126392#GN3OV1rvggU5yY3h8HJhfxjS44PC2Z9Zr4ufB8IYsDBHqwXHiZz2AlU0B0vPJLqO7QZ1gIPvfQ9H8,2063905#E3XLaVRdcfXFHJ,-3028565,-157445,5530938.890,2107295,true,2365370,false,-3045143,7091620#Eah8E5fzmblllD,1859748,6072009.4
747,3,3,37,-6803071,515864#5bw1x6kqBkH,-38314.68,422407,638860,993558.30,-834882,4691072#lltqauX0b2Jl2z5,7274488#q5REUkZDFURH6VecBVGQ7ThRO7LFik1PHXQfKbQyBauqrPxvhykfu9yyDOzYwfijuuMP0399u0f2o,7178301#CZ7DZAD0QQHlwY,3910432,-3740043,-5083465.130,2179716,false,-3146089,false,-4564307,7256797#yLD8QUsHOvFE5r,5161580,-3816280.7
748,3,14,13,-3143955,6266394#3Qx9Gk5UYFg,4812748.0,791440,5940283,445344.22,-755040,5822338#u83hDnM9iwr5Faz,1858099#V1nDA4vxxRwtWjFXbu2PHYtkBJ0nylVRckHz3rzXzGvlNEas97HbhhdzYNSV0hgelguHDIx7wIY4m,1023730#ljvvebrpT3dnoD,-7227447,-3228717,-6721058.610,-255412,true,3093346,true,-3656573,2857241#PSR59iqyANGiSF,2311773,1753205.3
749,2,3,24,-553523,4495535#RJH6NOiJf6b,5560424.5,2943738,4065505,-2259008.26,6613268,6809933#kze1QbKKfNaBMI6,2362844#mxRYJ8D4chVTashE9gvMY4XNiYRDTrm9XTqWoJrYZdX9iKt2gChM9K2W8efWN53A4yvhyI7xpSd5r,2540443#GWvIKDYWpiltqR,3037866,2678485,-1546826.260,-3790735,true,5059600,true,-4468743,6928851#EidXYCnhaWbw1M,-2900629,5285071.0
750,3,8,31,4452076,2212302#aO4IOrFNMtO,-319850.03,-565109,1245618,-5828003.19,5258331,3811646#I5v6Jw4KIANqYgT,2422117#SFBbyQqLND2euaL1B8myNPJ9xdejCAWR7ceJaG2WL98yYjwinuP9isNc0NGeW9cevqNznRcsngzNU,5076353#gvXOsyqsURjvls,-2095972,-3855888,-3436197.270,-243431,true,666597,true,-4331323,5222946#7giGjR8GbeEJNs,-4535375,1288866.6
751,1,10,31,2603211,6294278#r1UWnsEUAtR,6459686.0,5681686,-1290005,4707805.77,-6223644,5998107#PrmgLIhh7i3Z1tt,5182878#OQSGrYKWUrhORSAtESmz52St85XRoOVo0nP4E7hGsKX90yMes145PnvSIvG8tVybukGjZhI7MYmwj,6442528#I8SV4yrppMY5do,5307357,3946776,-800689.540,-6004159,true,209150,false,-6684800,6780302#lZrGo8R2E8HzPl,4502067,3780818.4
752,1,3,48,-88126,2323653#RCQfOu36V2q,-6572448.5,-5125135,-5512104,-6155391.09,-3944146,3172122#EixKFRuxXgqL3yV,3404621#y85Wl80Y9LQrwqx3Kd7rjcmUq3ZNTFK7I0kyoIAQQIoCm4S42mTdIovfeTe8Yb7OV0HRUFEX5eRGB,1450255#FnOIlM5Z4da2i5,-3066959,5828198,5823227.430,7331301,true,-5850974,false,4995065,4509413#znECzG7eV1Myii,4501847,5720851.9
753,1,2,63,-993278,4094852#6DdgOvtN6dz,-5618408.5,899866,-79111,-3846748.97,230656,6690666#l6jQfbBEeoGcqUj,4699329#xAV5cMzZF1sqjJzMGjirOWpIfRIXaOTCtFqXDlD5t5NmxJDn8C11F2xfbIVcPwE7zdJM6f6venpOl,5719447#dSZyVge8DFNJbf,754928,1942987,1386893.650,971127,true,4563437,true,656385,897175#aPG1I0m34s0Njg,-5718514,-2066539.2
754,3,9,36,4127724,2039836#YzhQMQ8is0z,5328067.0,4282781,-2111493,-1685629.82,5531967,6400817#0G3lrxxetlhUBeQ,871167#l0ohRFSlcKS54p55fyOtzCOZq2z0FuCHXv9oFApZR2gMLaklqHrfG3bQyMNRsUl6Hq6lPhtVgDIVQ,6197351#2GBEp3pVG4Vrf7,-4486744,-4916623,1402108.850,-6600814,false,1171384,true,-3378047,635105#e7XLKKumZZYcLc,2202202,1910682.2
755,2,3,17,3829476,2223647#jtYG1I37o4B,3447526.5,-6446335,3400748,-1131171.59,2832211,3056986#WqpmcmAdefW5Iv1,7399079#eggnSOt9FeKL1e2yL9JcHX1Wv21bP7i9ODTGM8dgVfJ409nxeyH8yMXaE6kY24NwB2tcRR7n8TKCS,3608205#s1G1HRF9rwvRTY,3042104,-3631460,1027025.060,-5177040,false,672373,false,-24610,980726#r4XHg7o5a3c20m,-4550753,-5745659.4
756,3,10,62,-4513903,136115#wQ4vnUHReVB,697231.0,-4649863,-7454659,-4527192.23,5751309,7397502#NOqqvLGEw3mAcBJ,4403327#xzkq4GRLozcZLrn8YoWPZ4PXCbiSidbuSQjp9YNWfXcfDs2fwMeanRgXQaRmpZunHW6DY0BvZ6u9w,1507351#2GBEp3pVG4Vrf7,-4192031,371284,55326.980,-6834276,false,-1462576,false,5273218,4183839#6lT0QZb0yuup0p,-1115321,2507355.8
757,2,2,19,-6246603,5686592#rd3HN9VC5FV,-5336671.0,-1672961,6226887,-2899424.99,961251,3338010#9064J9PPSFAtGHf,5398650#9W1Crfrl7wrsk5xSBFYEAIqmBQis7kGINZMqLIYveo2cLMSsjCsywTwScVWtuFIO6oIViquS5Pvdx,5148086#T6E3IWxQwGhfm7,-1337507,-1432542,3565218.400,1445556,true,692029,false,-4798532,4564380#8LMNJZF4lZsf5c,6160315,-2849226.5
758,1,8,12,-4166916,2183527#ZBjDjJibYIK,2174735.5,-5503582,-304483,-523442.64,-3580495,3769033#cogNIrWINgeN2Gy,1813486#WDMQslelZeaW9eEgEmroU9hzEjTjT0QtYMYGRtcLyc1ImA2F4EZ8nvM0zL4V3TMIbD5fPsvAj9N8L,7173697#Yv5oX1cE0fcdHP,-3003666,4563641,-7019426.940,-3735434,false,6580643,true,51785,5946792#6xUACmEXXGsCW5,-975851,2094924.9
759,3,11,20,-6685919,3790701#HNsq92r0DMH,414927.78,6697066,829498,3110778.14,-3233037,2336317#eUAvPn686a2EcXW,5453554#4jEiiy4Vw8E7uJqVtfLddTFvxex7WIxzU06bFLvFoRiCUO7UQmqLpyle3TUkZzIEUFcl5kC3qHdwq,3743802#1tFhcroVMnWqb8,-3890272,2708133,-7346857.090,2153768,true,194685,true,3232269,2375638#FcDhYc781vx3Jx,-5673834,-3080658.4
760,1,9,33,-770336,4745254#hxWCmCQivqy,-566799.44,-5590582,-6005080,-740107.02,607793,202338#u83hDnM9iwr5Faz,582029#XevIxFnTLWenCfh8LNgO8RY3O8edzV1TIHMRAEF7zE44J8dJvMdtlyevD5olvbK2gR6tWzdhBoZak,5778702#xUyYoHBKKBzo4o,7167906,538334,6014368.920,-3067468,false,-6717471,false,-1961709,3981725#63CsVLRCO97KnI,311838,-4858720.0
761,3,5,24,3835292,2270919#6dJYZV7KLWO,-3588844.5,715725,-229301,7604972.02,-3764219,2765015#YlJQRlVHZLJYD5Y,2478837#JajsIlNkzc5oT2rumQstCHEyhqpiciin2r2BvY85WyraJoEwRPRkvJyZ7mw0H3890aLQwS2QTwRd4,6307061#eQNi11AzKUsZxG,486740,-5347396,6264614.210,-6162652,false,-1411154,false,6013334,5709936#z5wrtgrCMzNZr0,-6652109,46786.2
762,1,13,39,1715924,6454976#lTSIsuFh2oC,83098.83,-146021,-500888,-6680673.39,5562012,2056269#quaDHEdInY5vIqU,6407606#vPY1jycSjM3yMma6Mro2qiZ0WxTwjW8OEdFr1PiFr7FQGWrQjydlTnh8VK74HSvWc3RiVCqpFnaZ3,2802393#fZe7kMYL16K2Vm,4445772,-5768464,4575642.340,4026489,false,-7142741,true,-1498475,1613984#O3NVY96einwTeX,-5636625,2117965.8
763,2,11,13,-4372302,5139985#7URtzy6z9w1,1785973.2,4228790,3284093,1242242.67,-436370,561052#93EAJXVTBM2P7Sj,7479140#Ej6BvJmSAAAFdVCNNQqktTFXP7RRY4qRfvI4qllhCWz3iaxfupAPFktR6Inqt9AlByqnzLJ1rshoX,79153#jnVGCe3ksGm9V6,-2046084,-3985372,-5556395.600,-6217501,false,2497808,false,-5925709,238032#xYGEnMgCANICzc,919049,-528.1
764,1,8,18,527362,25557#pdiHvBGOvqU,-6120910.0,4213754,-4821639,-5998840.74,-490820,6950702#FU5HLghdHc3Hybw,4653129#3aCJ26gxw26HQWzkWV6Yz4lyaaik8ylxSAI7nx5EjwBSmLFO0tBVQ1HR1htRyJEPFw74CsrV4eIV0,3936061#eQNi11AzKUsZxG,-7042989,5794736,-2782473.330,6699939,true,-452571,false,3711357,3494332#1JSj4GxyeJO1Ii,-5477999,4069881.0
765,2,4,18,-5307360,3322846#kKZGm5C68FC,455307.9,6161218,-2729905,-738155.25,-6092843,712091#f6g5PUakw7spTU2,3858531#gq94KUtBfBVIaC2JwrX0uKhunn7m4BRmvvGIB6muhX3g1V6utopL1UrDO3z2Y1JKYbMtMLOr6Y3r3,4450931#I5yz7kOFVGNzSN,2609313,5170441,3001176.950,-617052,false,643997,false,-3354232,3939998#P70sFURBO7lDws,-2136866,6243367.3
766,1,9,57,-1651824,7206100#gjH2IT1Ow8I,-4373040.0,-3543519,-3617539,6853158.91,-1289237,960363#wo1zff8fQ1V3LCQ,7140125#Zdv7bW1HNoMcruSqpXYVRgFhayJ6Mqx565Jc7eROenOIJy43cwJQ7bD0cze35WoKFBlOTtpgKYd4o,4663528#I8SV4yrppMY5do,948614,4982605,5594982.010,-6791328,true,-2566058,false,3018728,2661901#S5P3b0mWRnfRVM,-2440224,-1891824.2
767,3,3,62,-6845390,4306004#IFTm1DZ4y0n,-3122528.0,5603156,-1282005,2496166.83,4592744,6325272#ul1u77rkSp1LcB2,411699#0tctrnI73ELkTMmYvXAORwikZIcpmt02VWObCjpfoFKSgUP3kBmSCqQ7uJPMCzzuja7lKV9nl1sFH,2301967#DQrbWWZLjwkfAD,2564077,-6153607,-1733106.110,2375351,true,6067392,false,1284879,415709#gl9stGN25vf5nj,-4759664,-1907495.3
768,3,11,15,-4648222,6405912#1cGfYgn8n3K,-5424199.5,4384629,-2339928,-2088882.32,-5933080,522454#vSzh2t8pkjNUM9F,2680653#M9luGqVhnYg1fzD1SSBopxZ4pan0EAtlL4lI95PdUsnbfyarJ30hczKOt2tiWid3bgtkCswoAP3iL,5251137#QtsSaIKrYHK9Nf,-3810719,2191270,480246.180,3626424,false,3913254,true,32146,3714834#STDLgL0Ju2Ob6p,-4968849,121050.2
769,2,10,16,-3033991,3898955#BMsXfQq4xOa,1990463.2,3899356,-2440413,3423384.39,-1620858,6814965#BFgNo7NOqUUrL9i,3747851#RYofS7UNQ2NG9koYt5fc336xCTurRFlvfOqoooX778B6XeIYI7dJmuSDEVmiVMHwukwjQBTvNhW6p,5417283#WqRSyQyiIv0oEJ,-6766435,4022009,-4909837.930,-3913979,true,-3710538,false,-5583561,712630#Y6h9zCgcBSk3m7,-2846004,-1752183.2
770,3,6,30,-1191785,5244534#oWOn9AkGh0U,176149.02,3117990,-2229956,2896407.43,260296,5317732#iHdPY9DfyIyhK6D,427004#AHYOGBUaS8NIpAZVujJVrA3fCoPUgZLTlIbhZ1uEFqUX9zruNdxGRFBFdBvdha9nUW3r4xHhLrknL,7214211#dEp2AAghrHV8Zf,-51158,5427964,7483531.030,5458595,true,2266404,false,7397758,1291573#UxElVRK66YCyo3,-7458288,-5060773.7
771,1,3,26,-5839758,2986164#EM6FgtnV5pF,-4342820.5,-6889728,-7324967,-4491643.06,-4241998,2892158#X2uU0U299bbvIVd,2401085#ZbSQyRneiNeUMfUjzs0gUDJeAuRF5XuZwvSu4pGZMH68NyBPTec8WT7Utr4IdjnxbkbsAsNd1FDhl,1537241#ztuwooHyM3007t,-1254870,-4471758,-677042.500,529529,true,-4165608,false,3202006,3675619#ac9GTDYgJfqmbK,4917319,-1761913.2
772,1,12,18,5682733,4321661#y5cvb8qU4s1,5932751.5,-5636779,7615439,2137081.16,4772113,5987763#jVyEQG942QwMFbB,5202269#cjIgdQJo3PrZyxxeTlfddpyfEXijC69aLBaX95DgmFKEh1CLVSM6iinaRIcWe46xErLpLUGD2Pvfc,3591510#NnkWNB0HgzqnFe,-4006560,-1715740,-5810081.450,1078015,true,4417319,false,-6157128,2987582#o0Mj0iTQM9P9RP,2650487,-3296840.4
773,3,1,54,-5554033,6050643#B9wLG1Ql4Ga,-7435962.0,-5542343,5873569,6136658.23,-1655083,4839636#c8oxrTJiZ0rvIOb,297345#t6L16wpfagwe05zPMm7JzG31k9772VfO1iDihO9XRNZGD3Wvqje9QHSHLaKRqvT2esqSs1k1r8zC9,5609231#ckblErLS8iHJOt,-628786,3897386,-5860464.910,539430,true,390810,false,-7404464,7433306#IeI5Izp0WLVxHj,-2443776,-2393174.1
774,1,14,32,-4390380,4424677#uLjM6AtTk2J,-1679422.6,-2700591,-2356640,1561993.74,173384,1291185#RaQRfn8RtUd1gIq,5365790#hwRfmDQzY2nNxvuLKXoUkxcIL00pLPoE0ij1yDwr6aOoV0UL9I1xbITJiUNtPLTeJrTx8LoOtX1aj,2101053#1eNIR58hbtzxQ5,-2992406,-2517735,7536435.600,-4140550,true,-5161371,true,-7121645,3037938#G0HVeGhCBSYvAu,961823,5681964.4
775,2,13,4,-5712460,2579605#dTQWZLAM21E,1329667.2,-2206971,981968,-4144278.20,7044913,6478418#wFYtLKsvYghGPWw,6103117#SFBbyQqLND2euaL1B8myNPJ9xdejCAWR7ceJaG2WL98yYjwinuP9isNc0NGeW9cevqNznRcsngzNU,3827428#oqFeia1XQuI9Du,6199586,-789084,5735649.660,4848814,true,-7045536,false,6728299,7385494#STZCjMPIVGy3ef,1797245,-1755933.8
776,2,13,35,-623002,2466239#gBjImm4q4Vw,-7702889.5,4457598,2290742,-6368003.20,-5373016,1560064#LZ57zuRr4rgLsN6,1552033#2yT4g1OxNRSac3UujU1Cxc4oF6vbhZgpoyinh5Q5qqHukpQ8dus7u1YsVORyjksMAt2cU8NOtTqBd,7131309#lUOD7lLJhe8GqQ,-69596,-5731784,-4359978.740,-2027121,true,-3142807,false,-2454569,1550829#fkDBJbgVP0sKGM,-3463026,743945.5
777,3,10,3,7628549,5333642#7L9U97SoQ5D,-6223243.5,-904054,-6012240,-4693694.08,6878126,4238010#9064J9PPSFAtGHf,6821599#YkE65im2quuHaYH195cvVMZu0UPPhTe57FKEJERDrwT55tgNmT3YcxUSgq4rP3UsN1IGjIPnem1iG,6176145#ugLe8FPcwWmdD4,6983037,7109712,-6692377.010,6810186,false,6766900,true,7133044,7079684#srYdB6sy34mdED,-899465,3604855.9
778,2,7,37,4166170,3012794#fDafwf6XjRB,7202630.5,-905449,-5799341,3909270.39,-7700886,2062293#v8oc6Kd1n981Nce,7195339#5SAQduDIpQs7vqlbIs7PbGJdP1esjaT72iramGfKRYaFdpcVnwD6r3Cd1fNFjdyHwtNMrudiYksxc,2693323#GwNEZ5eG5q8iIJ,-3335721,-1199986,-6511121.720,-2826111,false,6503108,true,7019335,430081#wIgz2GNoChozY8,-5618817,6353551.6
779,1,4,49,7553106,2738339#fPNX1qIwBfv,2197554.2,3614225,4014091,-5283355.20,-6239532,1170965#BFgNo7NOqUUrL9i,4280719#bs1aYQMjN5K5TKLhsEJlFfgaoHYVPFX4QhnAEp8udATdTPCO5hZ67JftjLs5NyIpKXXlB1qQtniLP,6137365#RhLTbDlW3GxLMT,3419280,-1243652,-7693242.030,5832703,true,-4587869,false,-5859646,6547337#0bxtxh4qlAhjdW,5968403,2644266.8
780,3,13,45,174727,7512032#PObCCwALUjr,-2912995.5,4583242,4719219,4299070.59,147653,3536619#sG7ROHL8D1wFqHP,6171904#p19aRq6OCCkY6WmCZnO7WGPeJgJjMAQdv31bJRNhFYqloLZt7hhwt6TeyPWj5kytV4dzzcEnDOoVU,2043392#xahcmZMe9SxqaC,-1524975,-6612665,6366135.140,-4473700,true,-2085049,true,4908753,6814477#ifkMh1WHgvuk8D,4604790,1042279.8
781,2,6,15,6908706,5242112#w4EnhGDVEBA,-7056574.5,3908551,-1538284,100968.11,5095605,1782224#6HCs6p9McS4eEWH,5092209#0L0ODMjSawymgOxxtyxNZdRPYbFioN8LyEOIDeGFVuIgaKG5APRLifXtpl62grHvPMKntF3AouD3n,7467179#NnZzJ0KzzxA08a,-4491993,-2032407,3940121.190,3398833,true,2686015,false,7155551,68185#xE9BFbgsCLdjCz,-4604736,-2997185.1
782,1,4,9,-1695241,6216185#9yUFw5fbLGK,-5349190.0,2872250,4873790,-5261067.75,405409,423992#60LOilyRIsfCtqH,7287175#ju9ARFPjdtbuixY3cXBStA3XeOTISBOrwBrvOBk1Bk2EWOUylEUQpJ6ZpzVsVTaAIGFuCtnM52vLo,840789#i8AjkaQttPfaJo,6125248,2388308,2138442.060,-4667912,true,-4562381,false,2905059,335588#15BVqTut07yYG9,-7338017,-6226654.7
783,2,5,12,7212517,4092163#F06yTc5kvkm,3768050.2,-7317589,3240200,3456543.87,5676574,5097480#cqArmjJvzbl0bPp,3825396#AasxZnBhJLoud8IoQAFaUlLkfBTIXMyX91Jq2XHDoB8AKHXqVq9zrdrQneeEexdVjoOvZ8rQg2HCb,3188200#y4p0LlAC3X3NjB,-1138548,2772287,135073.730,1847620,true,-2759454,true,-5532944,413400#gP3LDm8YIXjNzc,-7163011,-2483428.5
784,1,5,19,-316890,276343#VzTRkBcfXCY,-5486741.0,-1332748,-604637,7017571.07,7239149,1704527#sGtYPBte0WEgMXi,1175580#hmQNApn1WgFU18dWIpakpgwZtpYGQxWmXiRjNg93ql0dIZdIwHV8AE2p9TC1E238rQsHNL7thisSB,6114249#cyRj711a55Dvkh,-7030180,-5023219,495785.870,3119105,false,-7529734,true,-5338622,6324212#dTnWZe101rC1T4,-7213255,-5304058.1
785,2,3,26,-5071719,1706125#jNmItZq6RuW,-4805397.0,-1040873,1236272,-4144290.89,7039150,1495340#BNFL979UbCV23eL,4916971#2DWiCAPV2KLg1aevZRderxMMcQOTfR1sZdISLHNs0uvJ3GaRaluZ6TnnwK6dVouiDWWR7s3WtUNKz,727780#SeceZTudhQBvSu,558066,1616521,-5724776.880,3500083,true,-6861199,false,1492660,871207#I2VdJEdfrPPRUm,-1474857,1971651.9
786,2,13,30,-5249136,5707488#2pe0XCDJfI1,-3529559.2,-2486834,-1053766,-3949165.51,-5757349,5860539#f3pMRJGU9tR6fLO,7556164#T1TJJnhr7sQEsBWPLBCdg3jsteCjcysu8PHeduTJPuSCeTBG396Jxnq1w51MXH685PMHFOYaQFLMu,3432518#R16pev6NjeuFsO,7592125,-981387,6297029.750,-6324634,true,1060094,true,2462146,938326#IAG5MHtvJQV3Ye,7054870,1018914.2
787,3,3,1,1328141,6368101#5Y2H1V6m3OM,-141565.56,-7497848,2871615,1496184.23,4328020,3504917#Pgq6QZijaFaI302,5696225#NNzZmPVdcdcxZ4gYnz8V8Kf6HVrLB6t5ObvkT4LmpnCtDTwHAD54OMUYc2DS9qsYVQX13wALtrdpg,7048939#cvjwfgYAtYu4md,-5278036,-7411218,3212379.360,5992194,true,5162801,true,2772716,6524389#GNYSzEVX8oxyra,-2133642,1848557.7
788,2,7,41,5872307,6235648#Jgcpgi74R12,1340305.6,7721559,-3315187,4775137.21,1646436,6823456#FbRiYSk54Vcwuxa,2683641#Mn5eP0kBbp5FqGWZmbXegqIxUeO1eAQ6Qwh7p1P7zYFSVEEQ1Q1TLl0LGNUtsbA9W9X1CJ3BZ1Opz,2023475#sgVEEEwzjni6cN,690290,6972062,907627.620,-5577446,false,7432372,true,3719990,2109392#8vCN7Bp11jGjL0,6659810,-4396268.0
789,2,2,12,-34287,3522454#MAZwHJpvicG,-1738483.2,-1277641,1512367,-3624711.93,-6873303,3478388#YrtruD58EqbEtJP,3004918#egiGdWkpd8QjQ4dz3UI2ko1c9omFRisdr5R2tnH88d6el75Aw8HtJSB63wqC622rPeuOBl4hZFZ3O,1869872#HaJW6YbsMHwoSp,2404690,2447284,-2469510.870,-467956,false,3763814,true,-2812974,5035145#NPwU1buiSblh9M,-6894953,-2255173.8
790,1,9,35,7021356,7763494#26fKzhkw4mR,3284713.8,7573858,-409786,-1138137.84,198971,756756#GUQTTgf85fT2Hwv,1110192#upJpgnbt0hpzrsl8OjYNl3UCf2wMUlLGOPexa49I218yjpedosao7pFOV7FaS8ymN3FfvGjYGGM4d,4131623#hjV6vhr0SJbCpi,-5772156,7536098,-504736.960,-2002953,true,184074,false,2410384,7460483#1FnkGGi8FEIKk6,-7658591,-4887384.2
791,2,5,48,5689317,7812631#VPfaUwXnY30,-6208005.5,-6691007,-7589328,-4753214.55,-1204420,4807785#TrK00vPZPtkzr1A,4037430#T3X4tsumLE4RvUUNH63ROpGk6Ktun77vaY3u8nGPYt75Id7YQvsiZol3jkifg0U2OjaHN8Qmxw7wk,4252873#xyhteO74boyKh7,3644503,4441646,-7298812.410,846400,false,-7592555,true,-2452329,192350#vIaNx7LtIvr1rS,2313214,5497961.6
792,2,7,23,-5898729,1211689#TRcQkqkKcU3,-1976946.6,2510384,4713961,195119.18,-4739182,380216#suxceZ4aZZlzsP6,6659714#wHICT5waLBKK8iDXEQPnfZI0YyCEoU3eAGl9oTK3v0PiP1lmh5prV6IDVQeJbUBRg0H2Ut36kB8JK,2108280#qhEISTtgLqMAhG,-4996568,4999028,2731115.370,3095356,true,-5213735,true,-1384972,772438#ioQmLAVJjdscPM,-4764523,-6519938.1
793,3,11,21,7671302,2259971#i0I4r3ddah9,3603109.2,-5721300,-987116,2997577.84,7293686,1928074#eUmamMXoLdgmScH,6973219#MKsA10DldqLFhxzOu0wRPU1g898zL0xCmE5XQOgtYrU5LnMGXWad9cN8ldzK1jkb2dVYK3V16WzBS,1791423#3i66UCnK5TshGs,3050053,310961,-307711.800,3984088,false,685338,false,4133208,1640284#cwbLGDcYZLIotf,-2454014,-456942.9
794,2,6,63,550165,6693970#ULeJRpolGsn,-5800249.5,2760740,7315912,5167287.81,1528972,5465484#Lw4IAPb18hmGhdI,289961#Ni5EYGemc6A4vI3k0oZRUDJgCxTEnNihRlYP97MRm92pie1GQiFoY1zBNc09vPTGv34vFZ1yCmmEh,4161329#DcxK8sBtnv6XQp,-2083068,7559062,-1055223.160,2701715,true,-2901463,false,3304102,4158156#cIuKXHDsnnBhLF,-5272863,5833785.4
795,2,12,21,5286713,3762840#eJSsx7NaWBv,610311.0,-7803095,-4910749,2445486.30,5205707,3174695#qMBrUDTylOExtYI,4479600#mV7XkrAOSGEjN7SUaLAmxqkQoZcDwm2L7Pw4tGpMQUFE56Xjnm2YVDrXxa9tiB6B9mnAvyc2LQ1T6,676940#t9qVjZRDMvO79x,1870643,4176055,1362005.710,-5911702,true,-4964936,false,-6884587,158553#WGs3jaijtH8gWf,6565587,4155792.3
796,1,3,20,531411,1841361#c0SJvkjje7r,7412150.0,6716720,3120836,-7702261.08,5261431,6660054#uUWbUxtX0XKME7b,4402613#gxtwDOfRMRvvpxPZku2lwwm12uubnIWqdtF5wiF3JPHQeRj8yfuZtTixPgRDmkJoUszDVAEYipofN,2202028#kolSWiHIxwb8yp,-3231738,-167898,5901160.890,2249045,true,2523683,true,-3249743,7566390#Zgnph7Du2HVzEM,1984241,6479528.4
797,1,1,53,-7258408,549979#mciEWDbsmoO,-40714.68,451103,682226,1060715.30,-890432,5005052#93EAJXVTBM2P7Sj,7760788#O6os61FXtrigV22sbWVhSjG61dKL7HNF0X2tekER5rzjRLvD4XniPIpMfjISvt8LICl3RYGe2G7Hb,7658312#lobtZYcgzjOtFh,4171694,-3990890,-5423300.630,2324966,true,-3356511,false,-4870132,7741911#aAhK7qHMzKviea,5506419,-4071247.7
798,2,6,12,-3354335,6684722#CtlSNBLlN6m,5134348.0,843941,6337376,475710.72,-805065,6211030#lZuzHATGJyYLwdv,1981651#SDNJefRXZnPGRxCL0kuoQdGvpl2ZcMqhiFB6VxrXWvpfsiJesN8dNmgI9VwL3PZlL5ddZSNQKcgPw,1091594#ZMEM5YHqxzCUFF,-7711208,-3444350,-7169795.610,-273087,true,3300271,false,-3900573,3047721#rcj2osweiCARGs,2466329,1870909.8
799,1,11,24,-590621,4794978#YeVMIEegt7i,5931624.5,3139876,4337515,-2410387.76,7055168,7264167#TRkEIR3AG4GmYfm,2520433#p08eE8gCwUjslALUhT0X3CKzJRM28Aiy4ecqsM3FncNBqhOgfwzhOMBJCH5EPuFRIcLX4qlQSwEXR,2709729#2C6YqgW43jXBdR,3240790,2856780,-1649506.760,-4043485,true,5397237,false,-4767243,7390979#O6Xj3Zf98R54d1,-3094466,5637900.0
800,2,10,12,4748338,2359670#6POd0DzESDz,-340650.03,-602910,1328245,-6216243.19,5609531,4065428#JSDbOpIvq13EFSJ,2583083#L4CkNubMdiY0tqRJW4nt6GoT1yE6irOgN7HGFvJ1dKqgkctvSAW3F1H4wVf9Hs2erjc5Mk8MU6bgi,5414176#wSqkxwNqsejgNA,-2235112,-4112945,-3664870.270,-259906,true,710651,false,-4619823,5570813#mqu9DRD1ihNH0i,-4837349,1375257.6
801,2,7,30,2776729,6712719#i8hvVRsluYt,6890086.0,6059355,-1376446,5021057.77,-6638094,6397304#T5xRKLZmdOJvLbd,5527295#TlnevGJ6Eff7GXRJD7L8eVqU0wrZAdnRRXSMxqTcTiinlNZRyQMuEnfzo1YpDVGl93S8iJP08pWcq,6871281#NJomH7ehBoiULg,5660112,4208961,-854122.540,-6404409,true,222714,true,-7129600,7231455#D1I6UiIRItGycb,4801420,4032626.4
802,3,10,17,-94642,2477616#Dr9Ayz2JR0b,-7009248.5,-5465955,-5879019,-6565121.59,-4206596,3382372#LwBeetFAmVXpNdG,3630879#C9uBSo0vrJXsrPrD9Y4qsxxeLeUJtMvwb8IcdXsA4FFG1bJfezObdr5cW4fOqgk43C0IZW92s6XzT,1546242#pJkRLq4RFGW2u5,-3271181,6215807,6211021.430,7818376,true,-6240648,false,5326915,4808750#lUldHmA3elky1W,4801514,6100973.4
803,1,6,18,-1058841,4366130#lnDYy8oNar7,-5991208.5,959292,-84896,-4101793.97,246406,7134439#X6cmRT8UIPQBkbc,5011360#RvPzplZGPripJVXowOWsAMjDO0XJRj5zmYmnf1D7vCQdK8WN6Bi878Y8ixI8fYGKxMBFqHaWd6RFh,6099180#zsoRaICnWgv4l1,805209,2071882,1478551.650,1035252,false,4866057,true,700160,956134#4wu4ldjk7TqLMW,-6098628,-2203710.2
804,2,4,59,4401777,2174765#Nah8Se8ZiVv,5681667.0,4567184,-2251805,-1797748.82,5899067,6825109#6t0sOfWb6XH3QHF,928379#iMR42B2PO4LU9zoGYFGB7VI0teHTNZ4thOuSWImlnm58h0XfJG5OKtQFBEjzpLVoJzQVkF4Ha2jnI,6607716#KaASMbIl5oQ8i7,-4783993,-5242619,1495699.350,-7038764,true,1248641,true,-3601397,677199#nHxevSoeJouJQe,2347800,2036864.2
