1003,84,2,6,20,2995,2014-07-30 02:04:58.000,-8932769.91,4519633#OjHBQFulrC01lsY5myQHa,-1158294,-229419.900,9868864.93,3241140.0,4504556.92,3542012,8617594,-7465409,8888095,false,8679373,3029250,true,7745336#uYWoIbRr9koFY,-4080864.6,7870361
1004,718,1,12,30,944,2014-05-25 03:07:11.000,2637871.32,8424178#4bwaNQ93XUAK5tDMzoEM3,-3201759,287312.670,-3747039.82,-5838622.5,5305963.48,5823870,-8115331,-3739434,8362718,false,9079477,9673982,false,4853613#QwXTFriBx97pE,-7055943.6,5300238
1005,721,2,9,48,2023,2008-08-17 20:55:55.000,8693682.84,1660533#GOz46tqXVbZs5nCNs11vC,-246773,121494.360,-9929265.94,3687650.5,2462592.50,-3604980,759789,8863580,5366059,false,-3592450,-8969633,false,4823263#3pnE7x35aoeNW,-8817806.9,-3350797
1006,260,1,5,34,1338,2019-11-02 23:31:54.000,8556886.28,9443134#4wv8ZXfgLJk5mSZ6ukaCf,1459738,-265781.680,-5979627.04,-2998049.2,9750557.50,9449579,7366223,-6906792,4384758,true,1622792,8770104,false,1015711#XTrY7DbK4tJua,1997012.5,-8390276
1007,934,1,12,12,309,2012-10-01 02:38:57.000,876353.47,6509654#4TmRMIN8z7NWGpHWvxCDu,2511901,-233344.470,-1022318.91,2997582.0,-9017982.51,6743284,5335993,3658695,-7150460,false,-408659,2856806,true,2477997#WlFsjgw9XzvQf,-5844590.0,2778193
1008,311,2,14,12,1665,2014-02-17 17:43:37.000,265535.83,353314#GtxhIBjAFKvgsWr8YnykF,-6806287,-269601.340,6265587.62,247185.72,9626336.00,-5292766,-9406225,-621903,750365,false,-9531511,1787231,false,2761758#hdNjmV2aoGYHo,6791095.3,2255237
1009,524,2,7,19,2790,2013-05-23 14:47:13.000,-4463709.72,706645#3DuLP5irMblPfUG934S3L,4852319,125454.600,9913970.86,-5952629.0,-9050300.00,3141741,-245886,-54720,1234075,false,3978518,-7924402,false,7270759#uyZbOzvj6yOTi,-4489867.4,931833
1010,557,3,13,60,330,2011-10-01 03:45:21.000,-8942026.68,11388#mKBx6wnuEnj3NCsXAVJ0p,-5247758,314543.840,3710445.68,-639530.25,8126348.10,3799722,-1083723,6324819,2837812,false,-3350543,1361289,false,9134779#VjpG65yaUEm1R,-7497663.0,7587396
1011,257,2,6,12,540,2012-11-07 14:16:40.000,5791613.26,3711749#GoLUtaXNYSDnbwDEsGssq,6602652,-328857.810,7526133.91,3689282.2,7303047.30,3690594,1891559,-3375747,-3955270,false,-856289,-6054296,false,6128120#tjsKees7J6JBF,4582674.6,2535932
1012,637,1,4,37,1616,2012-11-17 22:00:38.000,1254107.31,95979#450FTzpU4tXE5wW9oCJi5,-3891784,289231.440,-3822173.55,-9697321.0,-5667791.66,-2197821,2150302,-3537974,-7182261,true,-4694883,-208910,false,7505848#GqiYGl7q0BRSQ,8181726.9,2672447
1013,380,2,7,38,1006,2017-03-31 08:41:40.000,-8297508.42,1337263#apHY5ILs0HtlkVrJXdrHu,8949231,60626.300,3711806.89,7561920.5,8401455.23,-9367821,3518400,9216738,-9638325,true,-4843272,2036301,false,6271590#skLcz05dKKJ1i,-567226.0,9680467
1014,335,3,8,23,1495,2019-04-01 20:25:38.000,2573616.19,2857697#FFp0l6ZZj5XnKuPgVrOq7,-7096900,-46059.340,-3491405.6,8883725.0,750030.02,-6821455,7377539,-3352386,2470782,true,-3295141,3766471,false,7063381#zpVjTUAQinhQ9,7208843.4,-1708976
1015,487,2,4,58,2349,2017-05-15 22:03:36.000,-6672286.24,3662224#vHHFalmBJTgaGdfm5mLfX,-4160202,247309.220,-4005688.64,-7426763.5,5524816.00,-3185976,8455243,-6862087,-3676569,false,-6617773,1825656,true,809517#O8rago6gXEykV,477406.8,1826423
1016,541,3,1,60,2365,2012-03-31 05:26:47.000,9941863.24,5603739#QlXQYAaWgbi4ytTPhfdZD,-9611627,220262.070,-9350495.59,-7466447.0,-9296053.68,-1873436,5379578,8154046,-8227281,true,-5679000,9342527,true,6106741#pNKIIE6FCYdIJ,9222233.8,9260963
1017,115,1,13,56,1665,2011-01-26 13:13:23.000,-1789685.97,1165608#5L83o4R6vdmZSXlFcJXZN,3075903,-172247.740,-6567308.57,1156872.6,4747805.55,-7028725,4635795,7528449,-2220898,true,2459034,-7273863,false,7801223#RV8Q6nukCklnx,8355896.1,1000155
1018,779,3,5,53,2617,2012-12-03 18:15:44.000,112960.03,2360157#vcJwe6rjzalCl8txbxpLf,-9159132,-106794.240,9803710.99,-9439403.0,8308235.14,-486081,2896789,1967096,-2738394,false,-6390049,6239121,false,8731111#Fqfu9iPBMtPcS,2525677.6,-2065554
1019,892,1,6,36,1660,2009-06-05 14:40:58.000,9294924.61,4365010#KGVSG66OpcknzhTglQwBL,8488361,-103426.680,-5504135.74,9742385.0,7005240.75,-8914811,-4975911,-7735178,1811921,false,1521963,-6749571,true,7936825#tFwIpkR89tAzP,-1981768.5,-8959046
1020,667,1,2,29,448,2017-05-13 21:52:17.000,8078116.5,1720816#rbXyoTYiuCFmFscjGCSY3,1731717,-75358.050,-2608993.88,-7815092.5,2449044.60,8065701,2848712,4163259,-679430,false,-4045991,6176548,false,8961866#86IrnDCqqxd9G,-4886432.5,3161776
1021,777,1,13,10,1808,2011-07-25 08:47:09.000,-1504445.59,373634#rvGgJFzveUdDM3wQXoeIZ,1892426,-218164.670,-1.005310138E7,6277321.0,-951390.89,-5171378,-9588707,4440688,222264,true,9033757,-4936111,false,7818430#el4AlchRnpyIv,2176276.7,7017295
1022,250,2,10,38,2508,2013-01-22 02:51:47.000,-779.72,9970148#b0WapDnsAzXM6j9L6VVer,-4004403,-113076.860,8476732.93,-275282.3,-9029879.16,8210075,-3219567,18724,-9495321,true,-8245088,-7199932,true,7023642#WC5x2vSTlw3Dc,7054534.6,9418528
1023,822,2,4,20,1950,2009-07-13 13:41:24.000,-44564.12,1127762#OSd3prm9PL0qEvp3TFpAf,786834,317194.750,-1.016138681E7,-8860962.0,-9928447.50,3450030,-9995297,6016408,3419172,true,-1337072,2954188,false,616543#6gUuWNScZRMp9,-7073330.3,-4861765
1024,864,2,5,9,350,2008-05-27 15:16:01.000,-4446784.43,2538061#JYDetrrHwb7kdTcIrgfo5,-5271725,323307.630,-4637742.82,-6906740.0,8793691.16,-8673772,-9385836,-7152758,8073567,false,-8519506,-693549,true,368748#E9Y7LnvjR8qWV,3955838.9,-2579080
1025,164,2,2,16,1032,2011-12-25 15:34:58.000,-2588783.14,6547603#ZPVaWmosFR2FiH8FSeyvl,5056027,-304326.990,1958319.87,-9145421.0,9519426.00,2114183,-323712,8224742,-8142425,true,-7926984,4009665,true,8254011#qfl3NoLQrjLGc,-10001593.0,-2585796
1026,44,1,12,14,309,2015-11-10 07:24:54.000,159072.07,813068#c8RqMJL8kjGeN0v3kKGif,-6660692,97159.010,-3660847.35,-1453516.1,2337340.06,9037688,7927288,-2235169,-5051056,true,-9245875,7397750,false,1253116#Ql2cmzi2UAjjb,2065097.6,-5246783
1027,680,1,11,15,2455,2015-09-02 14:06:31.000,1616795.75,3452319#IUNRAlUGhOQolpsjJS1lv,-5919185,-52342.570,6298134.19,-6005624.5,9977919.99,9483975,-818925,2313136,8699915,true,7269344,4742837,true,1146967#1MJS7NpvXtNqq,9141159.9,-4846035
1028,351,1,4,52,1838,2009-12-30 01:00:34.000,-3444101.61,7977767#6vn8NCGh1OKyZyvAJlwe5,-4495110,168251.050,-5359773.32,-9169434.0,8206987.68,6692723,9741786,-1841684,-6350079,true,-6413879,-10256556,false,5715043#bFjUDTKLAd88b,-4224092.0,1232237
1029,324,3,14,13,1664,2014-06-16 15:13:40.000,4209908.23,1014709#C9it18OfVmOWb93ruTqgk,-67844,-230979.870,6409833.49,-6856882.0,7662848.35,3735767,6132857,-377491,3918112,true,33367,4452159,false,9087981#5xQfe3PGC77BU,-2115125.6,4585600
1030,688,1,5,12,1198,2013-08-15 23:38:26.000,-2826417.55,1630750#QABn2xdMbUjmiRln18JEM,2731541,-133690.300,2704348.36,-4508209.5,-3709503.20,8782572,-6405315,-9542451,-443456,false,-4117989,-6077778,true,2693001#0axTMnUCUg9G6,8345729.3,3852091
1031,63,3,10,57,105,2013-09-20 11:18:21.000,-403213.78,9797434#tUuoTMdNep9rVnPPfPTVh,-3976017,138728.950,2940327.04,8907572.0,4937403.81,2290346,6016524,4242466,2719008,false,8936599,7446865,false,6539443#FTiveJTKfHEpQ,7811323.8,2665259
1032,725,1,10,26,3136,2012-02-28 09:25:37.000,8364982.9,7435720#PW98f0veTrPLYOLojcDWp,6511596,-275239.050,-6727442.97,8196284.5,7405134.24,924510,2563193,-7770995,4688347,false,-460394,-10101587,false,6664305#6YDFONDL4V61q,2578748.3,-228104
1033,562,1,3,50,2145,2016-09-21 21:16:40.000,-4195162.65,9485165#JAyfspVCzQiO17R44qbkk,-4946255,-4485.370,8302698.77,1.0150469E7,-4169361.49,-7924166,-7535203,4502286,7674289,true,8553272,-8619314,false,419273#tmoyhSOimMPvA,7008453.2,-8587199
1034,233,1,8,29,1124,2017-11-27 22:04:15.000,-9049770.31,8473851#cbwEIUdnjylCdAzjofd3b,-6895892,4221.700,2843154.92,-9702338.0,-3090396.06,-1851107,8203925,9258115,-6106622,false,-4402458,8750520,false,9950185#rmz6RQgp5SjNy,2536134.6,-5719205
1035,918,3,13,37,2699,2012-04-15 06:47:11.000,-9491598.4,3682821#iDaCjkNweeFJjEhdwPjX0,-7484585,99722.830,2751072.45,5236626.0,-4765522.45,-6522715,-601984,5298976,8163273,true,6350106,2125797,true,2055184#6l1hn5xewY14i,-585756.8,7323295
1036,13,3,4,21,1486,2014-03-17 15:39:44.000,-3709673.74,4987783#603G9TacKJ1a73eegWdzH,215035,-314239.630,-8097654.6,-9587557.0,7109198.16,2507363,3602227,-2256373,-931112,false,284476,-3691554,true,28110#YDtTuWOCzDTSL,1055451.9,8831673
1037,577,1,5,29,2340,2012-04-15 14:57:58.000,-7018764.51,8050013#ueMXyK01B8XmZlkMi7WLI,-3681827,108993.650,5561886.89,-2744109.2,-1018453.41,4896192,-8877141,-1647337,-5386178,true,9702423,-4442610,true,276630#p0x9uDkajO4dU,-3677976.5,7020017
1038,242,2,10,58,2813,2009-01-28 15:42:21.000,-9623870.61,7687049#7hQERTBXBx7C38v1SqGgm,-2075291,285671.630,-9171713.6,-300847.2,4445627.50,-6434169,-1383744,5284549,8454555,true,-5436571,-8120851,true,480771#jTRaRJWmWpvWx,-8375299.5,6800809
1039,475,1,2,37,1468,2014-03-04 05:53:15.000,9415891.13,703334#NnyY880VLFQqW5pQbUVQT,2597156,-283329.160,1837904.8,1320014.4,7243978.01,2534689,-7247903,-9245226,-7047777,false,1912608,-5059635,true,6597370#fmSwvY1ytuBxX,197064.2,-870049
1040,626,3,14,61,684,2017-02-03 13:21:59.000,2454014.88,6526778#2U5LzPOdNMZx1wkkqFHU5,5054046,68925.790,-2222203.27,-3849149.0,1689858.40,-7008347,5422500,-1914665,-2694613,false,9111926,6986976,false,293584#4EuM7uHbxMSOH,3441096.2,-9180716
1041,746,3,8,63,2602,2009-10-10 09:28:29.000,-6109632.06,7575751#CYxV1PGR4tveUIM94quJl,-10005989,-12796.690,-4121402.47,-3271815.8,7426591.96,2295047,-6457101,3792391,8337179,true,-837282,7883233,false,9364900#8OS9gTr9qFlbF,-8508618.0,7276570
1042,512,1,12,22,947,2011-09-12 18:26:07.000,-1038004.38,8671682#3CUnCON4ZKr25m3Y8Djkv,-299630,-193072.480,74558.82,1752590.4,-3981627.50,-7527154,-648318,-6539327,-6099639,true,35170,-7710473,true,4319621#84mr8HwROBlEv,7399058.7,9534051
1043,579,3,10,16,754,2017-09-30 19:02:07.000,5818112.46,1462880#G9rPK6Blz0iDzdLYWnsye,-3461178,306676.160,-4819307.16,-6420045.0,-3561239.62,3094295,2761879,-1884052,9948928,false,1316098,1509321,false,3738175#qN60GoskR9XaO,-1184248.9,-4093971
1044,535,1,9,15,1577,2010-08-16 06:58:16.000,-3242554.78,4492482#XkqGWyJZ7dKHY5LOOpeII,-9714704,-141264.520,-3750224.36,499516.84,1766142.12,-8192339,-10161178,-9028109,4216420,true,2553950,-1757681,false,7606201#D82tpl2N3T7Ir,-4196670.1,9037132
1045,230,2,12,5,2394,2009-08-13 19:18:27.000,-8006530.93,7069677#S82pZPIze63v45HT4eXt3,486711,-197744.920,33851.42,-57407.87,413780.70,103643,-7731410,4375875,-3800283,true,8608316,8717000,true,292496#fqUXPpeoLaImt,5484820.9,-5596003
1046,759,2,9,41,673,2016-07-13 00:31:20.000,-6752860.96,8590218#vG2IlX34qLxNBfX48f3KO,-6191867,-293437.570,4055269.21,9231067.0,2852233.66,8853724,4139111,7206201,-5653537,false,9946993,-8465442,true,5917313#mI6WjFHE8ErQI,-8401651.7,9731951
1047,870,1,3,51,1381,2017-05-30 20:55:39.000,-6417667.71,5858702#79w21AdPl1HYjwUnhCSl3,2511759,302567.430,-4844969.47,5373023.0,-7871712.87,9265699,5357421,6303917,-5744450,false,9624851,-9200136,false,2850361#EMxu0SNgNPwvQ,10225063.8,-2718236
1048,700,1,2,49,769,2011-03-26 22:44:31.000,-7187948.09,9433043#Qj7bbtomjMVCSO6kMXmQn,9185552,188695.880,-9097799.31,-9851476.0,6178096.88,-3011225,4226947,-2750736,-6609999,true,3690816,651754,true,10377119#0PhRm41Sl4m9N,5930944.5,3438452
1049,754,1,3,19,117,2013-01-23 13:47:46.000,-5087454.03,8388869#RJtaUZP6OrWJWcD2NExWQ,10418785,250354.680,9347672.4,-2508692.2,-6741712.44,3834889,-7395607,7030229,3323898,false,6221559,376627,true,1492225#jAYNooJdOYbsj,-3845087.0,86180
1050,28,1,9,14,2563,2017-08-05 10:58:15.000,-6328938.5,10501652#xsmI51grrzKZlvekBqEZe,4680154,67821.000,-1861385.29,-4406464.0,-8375369.00,6672069,-1429849,10329536,-1489154,false,-1892821,-565552,true,8516922#3DsFTx9qyMnxZ,-6055195.0,-9351076
1051,326,2,11,37,1245,2014-08-25 01:24:20.000,395741.71,2222645#3DuLP5irMblPfUG934S3L,-3727960,41447.170,8330716.39,-8548706.0,-7996955.25,-7453645,5994779,7319685,7058378,false,9493551,9888661,true,594652#vY9LyZIWVHwRR,-6715098.1,-2749034
1052,783,2,5,2,1271,2015-07-22 07:10:53.000,1443601.83,3419513#gfRbaPJfc2QFcKW7ZiLia,5018363,95043.960,8887904.09,8978246.0,5089425.00,3894791,-8997877,-3768329,7065818,false,4704652,2962007,false,1225571#RAPwbHTJMP34s,-2836702.4,-2050566
1053,882,2,7,3,345,2014-09-29 15:02:11.000,-9378369.91,4744758#7LQt2hryDzKgnN7GD3xIf,-1216437,-241106.400,1.036086493E7,3402740.0,4729038.92,3718399,9047182,-7838047,9331357,true,9111776,3180710,true,8131196#G5wo9ZvRim5TU,-4284585.1,8262586
1054,819,2,4,37,907,2014-07-27 16:22:50.000,2769071.32,8843247#20tuDFn6D35HVeDHC1uYV,-3361379,301695.670,-3933439.82,-6129022.5,5570631.98,6114384,-8519931,-3925190,8779210,false,9531414,10155291,false,5095008#QX8F717IqXXBJ,-7407664.1,5563769
1055,1047,3,7,39,1768,2008-12-22 14:24:03.000,9126482.84,1742787#Dv7EoksU0oNka6b5jneYe,-259417,127116.360,-1.042286594E7,3870850.5,2584997.50,-3784005,797101,9304459,5633058,false,-3771150,-9416287,true,5062764#TZ8H4WNnnhPwj,-9256216.4,-3517072
1056,512,1,3,47,1288,2019-11-06 23:39:22.000,8982486.28,9912253#7REfrliF73yjwBAOh5erx,1531888,-278702.680,-6276427.04,-3146849.2,10235020.00,9918879,7732748,-7250530,4602519,true,1703779,9206064,true,1066148#ZZmsOqCJNgFEi,2096220.5,-8807710
1057,117,3,2,18,3096,2012-12-21 19:33:50.000,919553.47,6832700#lLr765ESGscmVAjIEloi4,2636506,-245350.970,-1073518.91,3146382.0,-9465529.01,7078396,5600993,3840611,-7505963,true,-428759,2999107,true,2600932#XsQrLyGRcyiSx,-6134909.0,2915918
1058,478,1,5,36,1840,2014-04-25 08:07:24.000,279135.83,370809#aPqSZ2oE6Ie4SNwC3yFT0,-7143867,-282726.340,6575987.62,259185.72,10104123.50,-5555541,-9872522,-653009,787648,false,-10003923,1875788,true,2898503#jkRxbp3mLUYHh,7127840.3,2367462
1059,839,2,10,11,40,2013-08-06 08:56:37.000,-4685309.72,741421#gWwdVP1f7vtzWT1p3IwjN,5092820,132001.100,1.040517086E7,-6247829.0,-9498500.00,3297127,-258186,-57770,1295245,false,4175705,-8317084,false,7630714#N2pId3EludbE6,-4712430.9,977864
1060,147,3,11,2,305,2012-01-02 00:16:33.000,-9384426.68,11541#o0PINe5gDcwU2jluI2vXP,-5507741,330212.340,3893645.68,-671530.25,8528738.60,3987597,-1137648,6638306,2978214,true,-3515999,1428493,false,9586730#h2RKVKVAqgLuZ,-7869123.0,7963246
1061,609,3,1,50,2528,2013-01-27 08:50:50.000,6078013.26,3895176#0YcNoDVD2iSWTuyI0K8o7,6929079,-345615.310,7898133.91,3871682.2,7663812.30,3873031,1985034,-3542559,-4151248,true,-898289,-6354007,true,6430811#FB6W5DrtWAiz2,4808840.6,2661132
1062,696,3,14,6,1441,2013-02-06 10:17:23.000,1316507.31,100699#op48vcfaWr1uv1UmFQQYF,-4083892,303252.440,-4010973.55,-1.0176521E7,-5948269.66,-2306671,2256902,-3712847,-7536961,false,-4927042,-219145,true,7876519#BjCakucqLrFUO,8586046.9,2804272
1063,913,1,1,10,2256,2017-05-02 21:31:37.000,-8707108.42,1402891#rc6CR67mGnuDyax1GIVkR,9391362,63660.800,3895006.89,7934720.5,8816290.73,-9829808,3692325,9671542,-10114332,true,-5082447,2137057,false,6580761#txWnN1Q8kvtnD,-595396.5,10158692
1064,37,1,6,23,295,2019-04-12 08:37:27.000,2700816.19,2998410#9b7hgcbVjoET70qyD2w69,-7446748,-48148.340,-3663405.6,9322125.0,787301.52,-7158280,7741773,-3517613,2592123,true,-3457766,3952182,false,7411349#BIkq67oWiFs2D,7563856.9,-1793176
1065,870,3,12,38,1424,2017-06-16 02:51:42.000,-7001086.24,3842152#BwTvtuOv1GbcgFXeHT3Jm,-4365320,259395.220,-4203288.64,-7792363.5,5797066.00,-3342623,8871756,-7200332,-3857889,true,-6943936,1915107,false,849044#9yqChIGKon0eJ,501261.8,1916623
1066,840,2,6,29,315,2012-06-26 22:10:49.000,1.043146324E7,5879300#7nWgYu3j7bKn4Nz8FpSX1,-10085050,231461.570,-9810495.59,-7833647.0,-9753365.18,-1966067,5644516,8555681,-8631961,false,-5958950,9802534,true,6407143#mkhkORwA0wgm5,9675723.3,9716288
1067,73,1,2,29,2190,2011-05-07 06:35:14.000,-1877685.97,1222430#3PouvarAFj7zjO54pzn8Y,3227150,-180555.240,-6890508.57,1213672.6,4981263.05,-7374450,4863958,7898260,-2329727,false,2580334,-7631183,false,8184675#XJ8Nm1sJrzAN2,8766301.1,1049430
1068,656,2,4,59,3242,2013-02-22 02:03:31.000,118560.03,2475686#W2lmMzYoERpkAJgCVo0Sv,-9608824,-111773.240,1.028531099E7,-9902603.0,8715821.64,-509562,3039514,2063822,-2872625,false,-6703524,6545323,true,9159574#0uuq3wv8IQzTk,2650022.1,-2167379
1069,953,2,8,47,3148,2009-10-02 14:14:04.000,9750924.61,4579134#4wv8ZXfgLJk5mSZ6ukaCf,8904415,-108432.180,-5773735.74,1.0219985E7,7348753.25,-9352724,-5219936,-8114271,1900564,true,1596200,-7080704,true,8326067#pSwRUe4junITU,-2078857.5,-9398227
1070,154,3,8,54,3248,2017-06-14 06:23:45.000,8474116.5,1805085#AsSDuF2AWjpPee1vKTj8D,1816503,-78979.050,-2736993.88,-8198292.5,2569041.10,8460726,2988099,4367314,-712432,true,-4243966,6478938,false,9401113#GU9m5EZe1rSil,-5125521.5,3316301
1071,113,2,10,40,2058,2011-10-28 21:23:14.000,-1578045.59,391814#q3jpgTNRpFE4Dc4hKBgxA,1984693,-228643.670,-1.054510138E7,6584521.0,-998245.39,-5424903,-10058307,4658643,233394,true,9475832,-5177723,false,8201043#bFjUDTKLAd88b,2282938.7,7360645
1072,183,1,14,12,2444,2013-04-11 03:27:18.000,-779.72,10457823#AlNAbpIlQjcLcLsgLZYB3,-4200000,-118228.360,8891932.93,-288882.3,-9471868.16,8611881,-3377017,19333,-9960276,false,-8648188,-7551838,true,7367111#Fqfu9iPBMtPcS,7399504.1,9879549
1073,25,3,12,20,3118,2009-11-08 16:33:28.000,-46964.12,1182612#RGiGiM6QfbcGH1QfxJdda,824908,332437.750,-1.065818681E7,-9293762.0,-10413272.50,3618930,-10483628,6310621,3586003,false,-1401947,3099004,false,646257#AanHf2WopiSmW,-7419406.8,-5099390
1074,839,2,9,17,1163,2008-10-05 07:37:27.000,-4663584.43,2661616#dPDzz8SYg2wIFtAJ5Ieke,-5528819,339577.130,-4864142.82,-7244340.0,9223008.16,-9097416,-9843857,-7501778,8467930,false,-8935631,-727832,false,386405#FWuh0CDaHV7a8,4148696.9,-2704680
1075,352,3,9,21,1082,2012-03-25 18:08:05.000,-2715183.14,6866863#8tsdwlgrw3usxRcBn2OGF,5302445,-319527.990,2054319.87,-9591821.0,9984206.00,2217433,-339562,8625908,-8539898,true,-8314146,4205349,true,8656618#dzX84kbs10iO3,-10489756.5,-2711883
1076,590,1,3,46,187,2015-12-28 11:50:54.000,167072.07,852233#VfafVrEPlfC1pcOSjS4e3,-6985672,101635.010,-3839247.35,-1523916.1,2450880.56,9478351,8313826,-2344534,-5296966,false,-9696625,7758026,false,1314011#qfl3NoLQrjLGc,2165596.6,-5502608
1077,563,3,7,16,80,2015-10-22 21:20:42.000,1695995.75,3620125#L8QG4DKttFHeA7NvuDECJ,-6207830,-54782.570,6604534.19,-6297624.5,10464138.49,9946050,-858900,2426219,9123930,true,7622953,4974062,false,1202782#0FDMPLqydt4xa,9586207.9,-5082110
1078,711,3,5,11,513,2010-04-22 08:52:02.000,-3611301.61,8365462#YCsYXKDsg2I8JYT8xWx8v,-4714133,176553.050,-5620573.32,-9615034.0,8605965.68,7017848,10215830,-1931250,-6659369,true,-6726104,-10755616,false,5992670#Iq6O2cuwiklgN,-4430025.0,1291924
1079,551,3,13,31,2820,2014-08-19 11:15:23.000,4414708.23,1063631#zj6GLbjHUYaHMs7DIAZ9V,-71223,-242021.370,6721033.49,-7190482.0,8035255.85,3917492,6430857,-396126,4108745,false,35423,4668527,true,9529232#lZX4ehCBlyS9m,-2217707.1,4808525
1080,45,1,2,41,348,2013-10-28 03:06:32.000,-2963217.55,1709602#WIZvoR2VUi4lYlycfC06f,2863951,-140617.800,2835548.36,-4726609.5,-3889455.20,9209103,-6716465,-10005390,-465129,false,-4317539,-6373263,false,2823263#3pnE7x35aoeNW,8750711.8,4038606
1081,658,1,13,49,205,2013-12-01 13:54:34.000,-423213.78,10272214#tysMkNlqLqPF4tXHFdtOK,-4168363,145219.950,3082727.04,9339572.0,5176929.31,2401071,6308239,4448114,2850948,true,9370449,7808461,false,6856305#6YDFONDL4V61q,8190361.8,2794752
1082,319,2,2,47,1798,2012-05-27 21:57:41.000,8769782.9,7795547#NZosrXF86vmjaLPS6allt,6826597,-288505.050,-7053042.97,8593085.0,7764350.24,969250,2687681,-8147190,4915614,false,-482644,-10590976,true,6986753#gKitVZiaGtPkZ,2703998.3,-239206
1083,817,1,3,3,2858,2016-10-30 15:00:18.000,-4398362.65,9944005#kpwJL8OJWdbUIObxfN16R,-5185437,-5173.870,8704298.77,1.0641669E7,-4371387.99,-8307894,-7899578,4720447,8045578,true,8967285,-9036892,true,439224#hWo1waj5T2JpF,7348110.2,-9002699
1084,415,1,8,1,2974,2017-12-23 12:03:02.000,-9487370.31,8883484#CLXuYenkiDauO4axDvKer,-7229177,4000.700,2980754.92,-1.0171138E7,-3239675.56,-1940416,8600156,9705417,-6401706,true,-4615442,9173700,true,10431282#puiBqkurIhrOD,2658901.6,-5995818
1085,1033,2,8,26,2374,2012-07-12 12:54:15.000,-9949998.4,3860661#r00WVbLdluhs6ZstOQz01,-7846600,104100.330,2883872.45,5489426.0,-4995265.95,-6837740,-631465,5554924,8557551,true,6657356,2228228,true,2154292#XpmVlu0zWfr2M,-613665.3,7677133
1086,350,2,5,49,2186,2014-05-23 12:56:10.000,-3888873.74,5228075#sbqAqrqhGRuEFbqg2Yxx8,225416,-329005.130,-8488854.6,-1.0050757E7,7452363.66,2627982,3776225,-2365218,-975587,true,298651,-3869689,true,29391#jeWotLlRlD10F,1106853.4,9258073
1087,822,1,1,1,1793,2012-07-12 23:25:24.000,-7357164.51,8438062#QFCg2QGryCeiqJ4D4p9nf,-3858909,114383.150,5829886.89,-2876109.2,-1067349.91,5132108,-9305641,-1726786,-5645658,true,10170673,-4657165,true,289883#NKOdk6xvOktae,-3855713.5,7358492
1088,386,3,13,33,69,2009-06-01 22:21:18.000,-1.008707061E7,8057247#20tuDFn6D35HVeDHC1uYV,-2175149,299468.630,-9613313.6,-315247.2,4659440.00,-6744281,-1450119,5538872,8861832,false,-5698896,-8511601,false,503659#2F0xJmJAguImC,-8778906.0,7128405
1089,721,2,3,49,830,2014-05-10 15:57:17.000,9869491.13,736977#FgLf0qvMBsFcQEMOrsxgw,2722007,-297141.660,1926704.8,1384014.4,7592607.51,2656651,-7596991,-9689663,-7387337,true,2005008,-5303074,false,6914461#B67jCK3MDf1Xk,206803.7,-911776
1090,784,2,8,49,2109,2017-03-10 08:07:02.000,2572414.88,6840309#fASmi7l1rgnx4knUGZcw1,5296563,72612.290,-2328603.27,-4033949.0,1771418.90,-7345097,5683628,-2006736,-2824292,false,9549938,7323019,false,307370#fmSwvY1ytuBxX,3606311.7,-9621716
1091,1003,2,2,47,477,2010-02-04 02:17:51.000,-6403232.06,7939343#7bu2aardHBHsthBShqaTs,-10486445,-13334.690,-4319802.47,-3429415.8,7782869.96,2405422,-6767126,3974649,8737159,false,-877232,8261687,true,9814596#yd99Xk5XmeESP,-8917147.0,7626370
1092,1070,3,6,36,709,2011-12-17 00:12:27.000,-1087604.38,9087342#55OgG0ZyD50fZuLzpp0L0,-314396,-202123.980,77758.82,1836590.4,-4172415.00,-7888354,-679807,-6853229,-6392619,true,36507,-8080308,true,4526614#tedFobE9940mK,7754317.2,9991102
1093,524,3,8,41,2117,2017-10-28 07:11:51.000,6097312.46,1532871#LsxpxIyoQ18yyDlY9kTJj,-3626841,321065.660,-5050507.16,-6728045.0,-3732006.62,3242770,2894379,-1974709,10425700,false,1379361,1581284,true,3917091#O4jQ8i4I6TDLY,-1240556.4,-4289946
1094,576,2,14,54,602,2010-12-01 16:40:04.000,-3397754.78,4707416#wyJ9KRRkibhGvTkoq6RQZ,-10179516,-147824.520,-3930224.36,523516.84,1850703.62,-8584851,-10647465,-9460312,4417928,false,2676025,-1842261,false,7970141#a3JuxZIwGM7dJ,-4397578.1,9470157
1095,609,1,4,28,1981,2009-12-10 13:27:42.000,-8389730.93,7407834#vs9qEtW9dxHKaUrY4mZDZ,510258,-207426.920,35451.42,-59807.87,433683.70,108836,-8101260,4585586,-3982262,false,9020516,9133720,true,306430#el4AlchRnpyIv,5747456.4,-5863490
1096,958,3,14,30,2136,2016-08-23 05:56:41.000,-7076060.96,9000518#MnLpyw2FmEAgUPhhDoCTE,-6487480,-307698.070,4248869.21,9671867.0,2988994.16,9276812,4337186,7551043,-5923955,false,10421993,-8869804,false,6199855#kfkkQEA6PV8pO,-8803016.7,10197001
1097,375,3,12,41,1006,2017-07-01 05:25:50.000,-6724067.71,6138155#7pQmSS7164JOG1fSuH3v8,2632001,317098.430,-5076169.47,5629823.0,-8247273.37,9708399,5613140,6604674,-6018716,true,10084726,-9639811,false,2986089#S2hePnKa5Ep3U,10713065.8,-2847917
1098,989,2,2,60,2994,2011-07-05 18:21:36.000,-7531148.09,9883002#Peij3yPjeZGsjflInTakB,9623514,197989.880,-9532199.31,-1.0321876E7,6472662.38,-3154675,4428210,-2882009,-6925173,true,3867341,682818,true,10871840#D0oJuDcplK99O,6213917.0,3602089
1099,495,3,9,13,2117,2013-04-13 20:50:40.000,-5329854.03,8788673#wVRQW0KkseVsWHXUGkatr,10914943,262185.680,9793272.4,-2627892.2,-7063390.44,4017664,-7747932,7365400,3482104,true,6518159,394657,false,1563198#ORDqHnKGPAjNx,-4028424.0,90055
1100,815,2,4,27,3176,2017-09-03 19:38:02.000,-6630538.5,11001357#IF8m54mvLblt0kRbBw0lA,4902867,71510.000,-1950185.29,-4616064.0,-8774050.00,6989744,-1497921,10821885,-1559937,false,-1982984,-592009,false,8922266#3lSfM2fLZQ0io,-6343894.0,-9796188
1101,622,3,14,15,1086,2014-10-26 14:51:07.000,414141.71,2328033#IlOAAkIpi9UeYEakdNDUD,-3904944,43393.170,8726716.39,-8955106.0,-8377642.75,-7808270,6279617,7667880,7394122,false,9944751,10359284,false,622864#Z4TRVK96jlZGp,-7034365.1,-2880140
1102,804,3,14,43,2871,2015-09-12 16:20:31.000,1512401.83,3581824#tPePKTX181jX9UyTRlnrk,5257015,100002.460,9310304.09,9404646.0,5331562.50,4080191,-9425177,-3947381,7401368,true,4928327,3103049,true,1283467#pPkjgawMslzVM,-2971983.4,-2147666
1103,606,2,7,49,970,2014-11-30 03:59:23.000,-9823969.91,4969884#YsCDK1i8HlYZPwfIQxbE3,-1274580,-252792.900,1.085286493E7,3564340.0,4953520.92,3894787,9476769,-8210684,9774619,false,9544179,3332170,false,8517056#QefDtAEivw7nY,-4488305.6,8654811
1104,921,3,10,44,869,2014-09-29 05:38:29.000,2900271.32,9262315#2rcnp4o9kPdlBiW6q7CXX,-3520998,316078.670,-4119839.82,-6419422.5,5835300.48,6404897,-8924531,-4110946,9195702,true,9983352,10636600,true,5336404#p1lZex2GCGia2,-7759384.6,5827300
1105,298,1,5,29,1513,2009-04-28 07:52:10.000,9559282.84,1825040#MmbR31Bb3fDYTHrde1zFD,-272062,132738.360,-1.091646594E7,4054050.5,2707402.50,-3963030,834414,9745338,5900057,true,-3949850,-9862942,true,5302266#3lSfM2fLZQ0io,-9694625.9,-3683347
1106,764,1,1,60,1238,2019-11-10 23:46:51.000,9408086.28,10381372#V5hzsuJIxRHyCuos5CoMD,1604038,-291623.680,-6573227.04,-3295649.2,10719482.50,10388179,8099273,-7594269,4820279,false,1784767,9642024,false,1116585#zGBW7uDrfj1fY,2195428.5,-9225144
1107,374,2,6,24,2609,2013-03-13 12:28:43.000,962753.47,7155745#Y22ZduVTIxJSIAlAULxEv,2761111,-257357.470,-1124718.91,3295182.0,-9913075.51,7413509,5865993,4022528,-7861467,false,-448859,3141409,false,2723867#M20CSiCGQ3VZX,-6425228.0,3053643
1108,645,2,9,60,2015,2014-06-30 22:31:11.000,292735.83,388304#7n84c5Rk9eXIbb7XlgyAD,-7481448,-295851.340,6886387.62,271185.72,10581911.00,-5818316,-10338818,-684116,824932,false,-10476336,1964344,false,3035247#TnYaPg532y49N,7464585.3,2479687
1109,80,1,13,2,565,2013-10-20 03:06:02.000,-4906909.72,776196#32KETKMbI16RoFRFoaZJn,5333320,138547.600,1.089637086E7,-6543029.0,-9946700.00,3452512,-270486,-60821,1356415,false,4372893,-8709766,true,7990669#BXq1kNTuUHLaH,-4934994.4,1023895
1110,812,3,9,7,280,2012-04-03 20:47:45.000,-9826826.68,11694#KHLrTggsnluLU9UrwZeNi,-5767723,345880.840,4076845.68,-703530.25,8931129.10,4175472,-1191573,6951793,3118615,true,-3681455,1495696,true,10038681#o8oUfIKNQvTbP,-8240583.0,8339096
1111,961,2,10,26,1240,2013-04-18 03:25:00.000,6364413.26,4078604#fCDbQXByeOrNZgVBR32y0,7255506,-362372.810,8270133.91,4054082.2,8024577.30,4055469,2078509,-3709372,-4347225,false,-940289,-6653717,false,6733501#t9KzVvGVsGh7A,5035006.6,2786332
1112,756,3,10,38,1266,2013-04-27 22:34:08.000,1378907.31,105419#yUlW6UvMflNoTJbCGKF9g,-4276001,317273.440,-4199773.55,-1.0655721E7,-6228747.66,-2415521,2363502,-3887721,-7891661,false,-5159201,-229381,true,8247190#kncg3OXI4A3Pv,8990366.9,2936097
1113,371,3,9,45,231,2017-06-04 10:21:33.000,-9116708.42,1468518#MnLpyw2FmEAgUPhhDoCTE,9833493,66695.300,4078206.89,8307520.5,9231126.23,-10291796,3866250,10126346,-10590340,false,-5321622,2237812,true,6889933#rDhURpWZegUwK,-623567.0,10636917
1114,814,2,3,23,2370,2019-04-22 20:49:17.000,2828016.19,3139123#ZGTZY36E6XNMimlZ8s8Hu,-7796597,-50237.340,-3835405.6,9760525.0,824573.02,-7495105,8106007,-3682841,2713463,true,-3620391,4137894,false,7759317#LLBrViN06rzMo,7918870.4,-1877376
1115,179,2,6,18,500,2017-07-17 07:39:49.000,-7329886.24,4022080#6i8tktpYN0gpoZPMUjkou,-4570437,271481.220,-4400888.64,-8157963.5,6069316.00,-3499271,9288268,-7538577,-4039209,true,-7270098,2004558,true,888570#PX8JzWMf761DY,525116.8,2006823
1116,64,3,11,62,1540,2012-09-22 14:54:51.000,1.092106324E7,6154861#Cj9gFMODRuXxxD50exhvW,-10558472,242661.070,-1.027049559E7,-8200847.0,-10210676.68,-2058698,5909453,8957315,-9036641,false,-6238900,10262540,true,6707546#bjK4ebfViVnFs,10129212.8,10171613
1117,31,1,5,1,2715,2011-08-15 23:57:06.000,-1965685.97,1279252#i6L2DxWYvfX5jGmhChq2E,3378396,-188862.740,-7213708.57,1270472.6,5214720.55,-7720175,5092120,8268070,-2438555,false,2701634,-7988502,false,8568126#Shn5ZTQwYj2PM,9176706.1,1098705
1118,533,1,3,1,592,2013-05-13 09:51:19.000,124160.03,2591215#43b3Zc8ZynjgoREcQSynF,-10058516,-116752.240,1.076691099E7,-1.0365803E7,9123408.14,-533043,3182239,2160548,-3006856,true,-7016999,6851525,false,9588036#52BuFPUNUVVOc,2774366.6,-2269204
1119,1013,3,10,58,1360,2010-01-29 13:47:10.000,1.020692461E7,4793258#yK9oal8tOIldwM1SUgEMf,9320469,-113437.680,-6043335.74,1.0697585E7,7692265.75,-9790636,-5463961,-8493364,1989208,true,1670438,-7411838,false,8715308#WjfCiAGBrnclu,-2175946.5,-9837408
1120,714,2,14,16,2773,2017-07-15 14:55:13.000,8870116.5,1889355#DnPBzgzUJuixt3vUu7kD7,1901289,-82600.050,-2864993.88,-8581492.0,2689037.60,8855751,3127487,4571370,-745434,false,-4441941,6781329,true,9840360#g7s3jqApSjVBt,-5364610.5,3470826
1121,523,3,7,7,2308,2012-02-01 09:59:18.000,-1651645.59,409994#6ThSPySVlk27oCqQphm9T,2076960,-239122.670,-1.103710138E7,6891721.0,-1045099.89,-5678428,-10527907,4876598,244523,true,9917907,-5419335,false,8583657#gFngOd79UjiIw,2389600.7,7703995
1122,117,2,5,49,2381,2013-06-29 04:02:49.000,-779.72,10945497#ZqEHEcdXKmkHgK8h61JuK,-4395597,-123379.860,9307132.93,-302482.3,-9913857.16,9013687,-3534467,19941,-10425231,false,-9051288,-7903745,false,7710580#UlruVP9UmxK2d,7744473.6,10340571
1123,303,1,5,20,1012,2010-03-06 19:25:32.000,-49364.12,1237462#YCsYXKDsg2I8JYT8xWx8v,862983,347680.750,-1.115498681E7,-9726562.0,-10898097.50,3787830,-10971959,6604834,3752833,false,-1466822,3243820,true,675971#5CRVs1ypqcXyv,-7765483.3,-5337015
1124,814,2,13,25,1975,2009-02-12 23:58:53.000,-4880384.43,2785171#KcF0Ds01MSsltGT0FKJe3,-5785913,355846.630,-5090542.82,-7581940.0,9652325.16,-9521059,-10301879,-7850797,8862292,true,-9351756,-762115,false,404061#T3r9FcUBJl8Bx,4341554.9,-2830280
1125,540,1,2,27,1132,2012-06-24 20:41:11.000,-2841583.14,7186124#HE2H2gVubZyPiFLMlY0un,5548862,-334728.990,2150319.87,-1.0038221E7,10448986.00,2320683,-355412,9027074,-8937372,false,-8701309,4401033,true,9059225#jAYNooJdOYbsj,-10977920.0,-2837971
1126,63,1,8,15,65,2016-02-14 16:16:54.000,175072.07,891397#HEF27nXnhcjwEwFUY4ptr,-7310652,106111.010,-4017647.35,-1594316.1,2564421.06,9919013,8700363,-2453898,-5542875,true,-10147375,8118302,false,1374906#PQ6F3VhTbMghr,2266095.6,-5758433
1127,447,1,3,17,980,2015-12-12 04:34:52.000,1775195.75,3787931#Q5VSkNUnkCIX8pohJYQP2,-6496474,-57222.570,6910934.19,-6589624.5,10950356.99,10408125,-898875,2539301,9547946,false,7976562,5205287,true,1258596#yd99Xk5XmeESP,10031255.9,-5318185
1128,1071,1,6,33,2463,2010-08-13 16:43:30.000,-3778501.61,8753157#vcJwe6rjzalCl8txbxpLf,-4933156,184855.050,-5881373.32,-1.0060634E7,9004943.68,7342973,10689873,-2020815,-6968658,true,-7038329,-11254677,false,6270297#KBd5rAVjqcIF5,-4635958.0,1351612
1129,778,3,12,49,701,2014-10-22 07:17:06.000,4619508.23,1112554#8S92Ni6S5DWOCnLnH9MkX,-74603,-253062.870,7032233.49,-7524082.0,8407663.35,4099217,6728857,-414762,4299377,false,37479,4884895,false,9970484#EAm2UvV9SxQFt,-2320288.6,5031450
1130,477,2,13,7,2773,2014-01-09 06:34:38.000,-3100017.55,1788453#cz7lO15Rbp0R2TLBe6X1r,2996362,-147545.300,2966748.36,-4945009.5,-4069407.20,9635634,-7027615,-10468330,-486801,true,-4517089,-6668747,false,2953525#4BePDdzevfXtK,9155694.3,4225122
1131,179,2,2,42,305,2014-02-11 16:30:47.000,-443213.78,10746994#6ThSPySVlk27oCqQphm9T,-4360710,151710.950,3225127.04,9771572.0,5416454.81,2511796,6599955,4653762,2982887,true,9804299,8170058,false,7173168#mGzXcMO1nX3ov,8569399.8,2924246
1132,987,1,9,5,461,2012-08-25 10:29:46.000,9174582.9,8155374#5ADtUjfpKHzQMYJFM8q4W,7141598,-301771.050,-7378642.97,8989885.0,8123566.24,1013991,2812168,-8523385,5142880,true,-504894,-11080365,false,7309200#i7ih5dt8mfeW6,2829248.3,-250307
1133,1073,3,4,19,295,2016-12-08 08:43:56.000,-4601562.65,10402845#fEPEefLJsJRSyWSWSuDqq,-5424620,-5862.370,9105898.77,1.1132869E7,-4573414.49,-8691622,-8263953,4938608,8416866,false,9381297,-9454470,false,459175#qN60GoskR9XaO,7687767.2,-9418199
1134,597,1,8,37,1549,2018-01-18 02:01:49.000,-9924970.31,9293117#GUJaz3SH15DCAtMx6H4sG,-7562462,3779.700,3118354.92,-1.0639938E7,-3388955.06,-2029725,8996387,10152720,-6696790,true,-4828426,9596880,false,10912380#NZvwx474UioqC,2781668.6,-6272430
1135,74,3,4,16,2049,2012-10-08 19:01:19.000,-1.04083984E7,4038501#5uYqDIklPbvLQW9BHEGS1,-8208616,108477.830,3016672.45,5742226.0,-5225009.45,-7152765,-660946,5810871,8951829,false,6964606,2330658,false,2253400#IAP00g1IJAZj9,-641573.8,8030970
1136,686,1,6,14,2886,2014-07-29 10:12:36.000,-4068073.74,5468367#he0TbsowwsQAZ6MgSUpRF,235798,-343770.630,-8880054.6,-1.0513957E7,7795529.16,2748600,3950223,-2474063,-1020061,false,312826,-4047825,true,30672#pYCCisH9wM3Q2,1158254.9,9684473
1137,1067,1,11,36,1246,2012-10-09 07:52:50.000,-7695564.51,8826110#Rdk2i0CXzJWU3JeGJS4a3,-4035991,119772.650,6097886.89,-3008109.2,-1116246.41,5368023,-9734141,-1806235,-5905139,true,10638923,-4871721,true,303135#JGoRRPUxxFE0i,-4033450.5,7696967
1138,530,3,2,8,600,2009-10-04 05:00:14.000,-1.055027061E7,8427446#Siw5bTWNzreNzqcIdFMGO,-2275007,313265.630,-1.00549136E7,-329647.2,4873252.50,-7054394,-1516494,5793195,9269109,true,-5961221,-8902350,true,526547#tw4bI2QsNoSyx,-9182512.5,7456002
1139,967,1,5,61,193,2014-07-17 02:01:20.000,1.032309113E7,770619#66L7xMMIS0aj5RLKhBPuf,2846857,-310954.160,2015504.8,1448014.4,7941237.01,2778614,-7946078,-10134100,-7726897,false,2097408,-5546513,false,7231553#XNIASExm9pb6X,216543.2,-953502
1140,941,1,1,37,259,2017-04-14 02:52:05.000,2690814.88,7153840#WyfTWQECEY2gPLaSqVvmy,5539080,76298.790,-2435003.27,-4218749.0,1852979.40,-7681847,5944756,-2098807,-2953971,false,9987951,7659061,true,321156#BRfRXNqRNeyir,3771527.2,-10062716
1141,187,1,10,31,1627,2010-05-31 19:07:12.000,-6696832.06,8302936#SyOWOh8Aaiwm6X2ZNWTz4,-10966902,-13872.690,-4518202.47,-3587015.8,8139147.96,2515797,-7077151,4156907,9137139,false,-917182,8640142,true,10264293#cMdBpXEoIA9xI,-9325676.0,7976170
1142,554,1,1,50,472,2012-03-21 05:58:47.000,-1137204.38,9503001#7RTbCOJUvB2llqkwGr1dK,-329162,-211175.480,80958.82,1920590.4,-4363202.50,-8249554,-711296,-7167130,-6685600,false,37845,-8450143,true,4733606#EcJRsgkoLaycf,8109575.7,10448154
1143,469,3,7,4,204,2017-11-24 19:21:36.000,6376512.46,1602862#N2L8gKV64TedCyb5tTpFX,-3792504,335455.160,-5281707.16,-7036045.0,-3902773.62,3391245,3026879,-2065365,10902473,true,1442623,1653248,false,4096007#5VYx2yYd5lcG7,-1296863.9,-4485921
1144,617,2,5,31,2902,2011-03-19 02:21:52.000,-3552954.78,4922350#cqGOgfiWKzvMohMuEluoo,-10644327,-154384.520,-4110224.36,547516.8,1935265.12,-8977364,-11133753,-9892514,4619437,true,2798100,-1926841,true,8334081#Z8swUEjn8J4XB,-4598486.1,9903182
1145,988,2,10,51,1569,2010-04-08 07:36:57.000,-8772930.93,7745991#P9k7ydu4UbsxCJh8LXvFm,533806,-217108.920,37051.42,-62207.87,453586.70,114030,-8471110,4795297,-4164242,false,9432716,9550440,false,320365#B7RxgFAuJTiz7,6010091.9,-6130978
1146,83,1,5,19,323,2016-10-03 11:22:02.000,-7399260.96,9410819#Yww9N9JsOs53gFeIsksNF,-6783094,-321958.570,4442469.21,1.0112667E7,3125754.66,9699899,4535261,7895884,-6194374,false,10896993,-9274166,true,6482397#pwIcOhRKbQn5U,-9204381.7,10662051
1147,955,3,7,32,631,2017-08-01 13:56:01.000,-7030467.71,6417609#uKzkkPNLXq7T03w9sUnA0,2752243,331629.430,-5307369.47,5886623.0,-8622833.87,10151099,5868858,6905431,-6292982,true,10544601,-10079486,false,3121817#1nzt7LDIrGdza,11201067.8,-2977598
1148,204,3,2,8,1944,2011-10-14 13:58:41.000,-7874348.09,10332962#fvbpnSfxYSRMXyTtQ58Wc,10061476,207283.880,-9966599.31,-1.0792276E7,6767227.88,-3298125,4629472,-3013282,-7240347,false,4043866,713881,true,11366561#7juS4du7Hr4h3,6496889.5,3765727
1149,235,2,1,7,842,2013-07-03 03:53:34.000,-5572254.03,9188476#L2v3f7xh5fUudQgbjnNYp,11411101,274016.680,1.02388724E7,-2747092.2,-7385068.44,4200439,-8100257,7700571,3640310,true,6814759,412688,true,1634172#xBzXyhOUF7lnE,-4211761.0,93930
1150,528,3,13,40,513,2017-10-03 04:17:48.000,-6932138.5,11501063#80JZzxIbhn3ozUDa8vBuz,5125580,75199.000,-2038985.29,-4825664.0,-9172731.00,7307419,-1565992,11314233,-1630721,true,-2073146,-618466,false,9327610#ZVveXFMos59V0,-6632593.0,-10241301
1151,918,1,4,56,926,2014-12-28 04:17:54.000,432541.71,2433421#gWwdVP1f7vtzWT1p3IwjN,-4081928,45339.170,9122716.39,-9361506.0,-8758330.25,-8162895,6564454,8016075,7729866,false,10395951,10829907,true,651077#uFbhjEZQ29Dwi,-7353632.1,-3011246
1152,825,1,10,21,1196,2015-11-04 01:30:09.000,1581201.83,3744135#mWtM9ZM4qL4b6F8uT7dJN,5495666,104960.960,9732704.09,9831046.0,5573700.00,4265591,-9852477,-4126433,7736919,false,5152002,3244091,true,1341362#3FosHhaWOcCm4,-3107264.4,-2244766
1153,330,2,8,32,1595,2015-01-30 16:56:35.000,-1.026956991E7,5195009#ste97iGrDxvNlJpsUubWA,-1332723,-264479.400,1.134486493E7,3725940.0,5178002.92,4071174,9906357,-8583322,10217881,true,9976582,3483630,false,8902916#tjBexQOaBWirK,-4692026.1,9047036
1154,1022,1,2,51,832,2014-12-01 18:54:08.000,3031471.32,9681384#VtnykkXSK64ea8iZzpHR3,-3680618,330461.670,-4306239.82,-6709822.5,6099968.98,6695411,-9329131,-4296702,9612194,true,10435289,11117909,true,5577799#BEs0tanhZzQTo,-8111105.1,6090831
1155,624,2,3,20,1258,2009-09-02 01:20:17.000,9992082.84,1907294#SFTDpxjDyPSPKnzEEP8jw,-284706,138360.360,-1.141006594E7,4237250.5,2829807.50,-4142055,871726,10186217,6167056,true,-4128550,-10309596,false,5541767#wRUGAUYU4Sw2p,-10133035.4,-3849622
1156,1016,1,13,10,1188,2019-11-14 23:54:20.000,9833686.28,10850491#famZfdiEo7UqKHJzN7zK3,1676188,-304544.680,-6870027.04,-3444449.2,11203945.00,10857479,8465798,-7938007,5038040,false,1865754,10077984,true,1167022#fYfIHsMXZRAXC,2294636.5,-9642578
1157,631,1,10,30,2121,2013-06-03 05:23:36.000,1005953.47,7478791#0n3vUOEuwXt1qlavxnZBe,2885716,-269363.970,-1175918.91,3443982.0,-10360622.01,7748621,6130993,4204444,-8216970,true,-468959,3283710,false,2846802#IpvLYrtCjp320,-6715547.0,3191368
1158,812,1,14,21,2190,2014-09-05 12:54:58.000,306335.83,405799#k3gw3NmBZ1DWc37eOnnuA,-7819028,-308976.340,7196787.62,283185.72,11059698.50,-6081091,-10805115,-715222,862215,false,-10948748,2052901,true,3171992#KoUro6BGAoEYy,7801330.3,2591912
1159,395,1,2,57,1090,2014-01-02 21:15:27.000,-5128509.72,810972#swuCzTP11SZOWXrjGVdxj,5573821,145094.100,1.138757086E7,-6838229.0,-10394900.00,3607898,-282786,-63871,1417585,false,4570080,-9102448,true,8350624#ELxHHYilkbCmj,-5157557.9,1069926
1160,402,3,7,12,255,2012-07-05 17:18:56.000,-1.026922668E7,11847#gUtETLpgD6tajYkmhv1O5,-6027706,361549.340,4260045.68,-735530.25,9333519.60,4363347,-1245498,7265280,3259017,false,-3846911,1562900,true,10490632#MBMVFBww7J0mO,-8612043.0,8714946
1161,239,3,5,1,3228,2013-07-07 21:59:11.000,6650813.26,4262031#ZtQK1yE3czfCVUyRnkfSa,7581933,-379130.310,8642133.91,4236482.0,8385342.30,4237906,2171984,-3876184,-4543203,true,-982289,-6953428,true,7036192#tc70H0vgtpb0F,5261172.6,2911532
1162,815,2,6,7,1091,2013-07-17 10:50:54.000,1441307.31,110139#B6T963eqZXx01ep8zQPV0,-4468109,331294.440,-4388573.55,-1.1134921E7,-6509225.66,-2524371,2470102,-4062594,-8246361,true,-5391360,-239616,false,8617861#qP7ENeqgEawOI,9394686.9,3067922
1163,904,2,3,17,1481,2017-07-06 23:11:30.000,-9526308.42,1534146#iSc9digB0BRwbP1n44PgD,10275624,69729.800,4261406.89,8680321.0,9645961.73,-10753783,4040175,10581150,-11066347,false,-5560797,2338568,true,7199104#jJcGjx9Lss0gY,-651737.5,11115142
1164,516,3,1,23,1170,2019-05-03 09:01:07.000,2955216.19,3279836#adWtBqavLk5SAlEYxtmE0,-8146445,-52326.340,-4007405.6,1.0198925E7,861844.52,-7831930,8470241,-3848068,2834804,true,-3783016,4323605,false,8107285#nT89PpKseorZo,8273883.9,-1961576
1165,562,3,14,61,2850,2017-08-17 12:27:55.000,-7658686.24,4202008#xXKxcC9s8AgL6CbHrHsWv,-4775555,283567.220,-4598488.64,-8523564.0,6341566.00,-3655918,9704781,-7876822,-4220529,false,-7596261,2094009,false,928097#smQUM1MxtlzRb,548971.8,2097023
1166,363,2,2,31,2765,2012-12-19 07:38:53.000,1.141066324E7,6430422#Uy8SNnz1cOF9UvAXQ8CEO,-11031895,253860.570,-1.073049559E7,-8568047.0,-10667988.18,-2151329,6174391,9358950,-9441321,true,-6518850,10722547,true,7007948#oPw80Jz2Ggz4F,10582702.3,10626938
1167,1063,1,8,37,3240,2011-11-24 17:18:57.000,-2053685.97,1336074#F5pZsWqxBo7wUMYX7GgwI,3529643,-197170.240,-7536908.57,1327272.6,5448178.05,-8065900,5320283,8637881,-2547384,true,2822934,-8345822,false,8951578#CjrCMzRj8KcJL,9587111.1,1147980
1168,410,3,2,7,1217,2013-08-01 17:39:06.000,129760.03,2706744#DEKjS5bXPU6xskoQDit66,-10508208,-121731.240,1.124851099E7,-1.0829003E7,9530994.64,-556524,3324964,2257274,-3141087,true,-7330474,7157727,true,10016499#bLEzZw4pnR2Xy,2898711.1,-2371029
1169,1074,1,12,6,2848,2010-05-28 13:20:15.000,1.066292461E7,5007382#J4mE4YEXbkVAaFzwOZrpn,9736523,-118443.180,-6312935.74,1.1175185E7,8035778.25,-10228549,-5707986,-8872457,2077851,false,1744675,-7742971,false,9104550#ADtBVjfp5MAoh,-2273035.5,-10276589
1170,201,1,6,41,2298,2017-08-15 23:26:41.000,9266116.5,1973624#YXvFF6e6Szjy2Puj4F2o4,1986075,-86221.050,-2992993.88,-8964692.0,2809034.10,9250776,3266874,4775425,-778436,true,-4639916,7083719,true,10279607#uAV6xkq6U18uY,-5603699.5,3625351
1171,933,1,4,37,2558,2012-05-06 22:35:22.000,-1725245.59,428174#hT8F5LpXMLostvoOfMJb1,2169227,-249601.670,-1.152910138E7,7198921.0,-1091954.39,-5931953,-10997507,5094553,255653,true,10359982,-5660947,false,8966270#BSNuI45483J2n,2496262.7,8047345
1172,50,1,9,23,2317,2013-09-16 04:38:20.000,-779.72,11433172#fw09lcpbn2joyLWaIW3e4,-4591194,-128531.360,9722332.93,-316082.3,-10355846.16,9415493,-3691917,20550,-10890186,true,-9454388,-8255651,false,8054049#4V1fxkjSvo9ND,8089443.1,10801592
1173,580,2,13,20,2180,2010-07-02 22:17:36.000,-51764.12,1292312#trtmGsKMuwTr8FjGtg6Sw,901057,362923.750,-1.165178681E7,-1.0159362E7,-11382922.50,3956730,-11460290,6899047,3919664,true,-1531697,3388636,true,705685#FbCrLNBzIAeld,-8111559.8,-5574640
1174,789,2,3,33,2788,2009-06-23 16:20:19.000,-5097184.43,2908726#2XT170wcWlcE9JIwSWtp9,-6043007,372116.130,-5316942.82,-7919540.0,10081642.16,-9944703,-10759900,-8199817,9256655,true,-9767881,-796398,true,421718#bQmZTDeG9VLNI,4534412.9,-2955880
1175,728,2,9,32,1182,2012-09-23 23:14:17.000,-2967983.14,7505384#VtnykkXSK64ea8iZzpHR3,5795280,-349929.990,2246319.87,-1.0484621E7,10913766.00,2423933,-371262,9428240,-9334845,false,-9088471,4596717,true,9461832#4Iv9382xcvQzk,-11466083.5,-2964058
1176,609,1,13,47,3218,2016-04-02 20:42:54.000,183072.07,930562#JUSVBxMEsSfKOYYXzgO1m,-7635632,110587.010,-4196047.35,-1664716.1,2677961.56,10359676,9086901,-2563263,-5788785,false,-10598125,8478578,false,1435801#TJmE3Fg0gWBJn,2366594.6,-6014258
1177,330,3,13,18,1880,2016-01-31 11:49:03.000,1854395.75,3955737#zpZ6zZgKCLFCFiAEr9L4y,-6785119,-59662.570,7217334.19,-6881624.5,11436575.49,10870200,-938850,2652384,9971961,false,8330171,5436512,false,1314411#RhE2Jt0iMDViw,10476303.9,-5554260
1178,357,3,7,55,1138,2010-12-05 00:34:57.000,-3945701.61,9140852#H94iXHBGqljEwesKDtGXD,-5152179,193157.050,-6142173.32,-1.0506234E7,9403921.68,7668098,11163917,-2110381,-7277948,true,-7350554,-11753737,false,6547924#S4V3YgolYRv6K,-4841891.0,1411299
1179,1005,3,11,4,1857,2014-12-25 03:18:49.000,4824308.23,1161476#L2v3f7xh5fUudQgbjnNYp,-77982,-264104.370,7343433.49,-7857682.0,8780070.85,4280942,7026857,-433397,4490010,true,39535,5101263,true,10411735#am1xtzFN4lDDy,-2422870.1,5254375
1180,908,2,10,36,1923,2014-03-23 10:02:44.000,-3236817.55,1867305#FeEWklCO4HeefjZOucXhu,3128772,-154472.800,3097948.36,-5163409.5,-4249359.20,10062165,-7338765,-10931269,-508474,true,-4716639,-6964232,true,3083787#twb4J7pmAluVi,9560676.8,4411637
1181,774,3,5,34,405,2014-04-24 19:07:00.000,-463213.78,11221774#kSbzuuG7rbKV2mQRV2TwV,-4553056,158201.950,3367527.04,1.0203572E7,5655980.31,2622521,6891670,4859410,3114827,false,10238149,8531654,false,7490030#uAJnt4dcwDyGu,8948437.8,3053739
1182,581,2,1,26,2398,2012-11-22 23:01:50.000,9579382.9,8515201#kbB3IsVbhRNaklNoRhYEf,7456599,-315037.050,-7704242.97,9386685.0,8482782.24,1058731,2936656,-8899580,5370147,true,-527144,-11569754,true,7631648#9IBnY6uAb9grR,2954498.3,-261409
1183,254,3,4,35,1008,2017-01-16 02:27:33.000,-4804762.65,10861685#nyBIr7Aq1Yee3eOBhkENk,-5663802,-6550.870,9507498.77,1.1624069E7,-4775440.99,-9075350,-8628328,5156769,8788155,false,9795310,-9872048,true,479126#Shn5ZTQwYj2PM,8027424.2,-9833699
1184,779,1,8,9,124,2018-02-12 16:00:37.000,-1.036257031E7,9702750#QABn2xdMbUjmiRln18JEM,-7895747,3558.700,3255954.92,-1.1108738E7,-3538234.56,-2119034,9392618,10600022,-6991874,false,-5041410,10020060,true,11393477#xyu8vbYAdAA6k,2904435.6,-6549043
1185,189,2,13,5,1724,2013-01-05 01:08:24.000,-1.08667984E7,4216341#q1hezXxyJSM6WCfkCj0gX,-8570631,112855.330,3149472.45,5995026.0,-5454752.95,-7467790,-690427,6066819,9346107,false,7271856,2433089,false,2352508#42JbGJaE6nHP7,-669482.3,8384808
1186,1023,3,7,42,311,2014-10-04 07:29:02.000,-4247273.74,5708659#Qof0e5WrcXc4uVXG7nKMF,246179,-358536.130,-9271254.6,-1.0977157E7,8138694.66,2869219,4124221,-2582908,-1064536,true,327001,-4225960,true,31953#LaWMaPtg09VRq,1209656.4,10110873
1187,238,1,7,8,699,2013-01-05 16:20:16.000,-8033964.51,9214159#r9bKYgme67HISIwMALv26,-4213073,125162.150,6365886.89,-3140109.2,-1165142.91,5603939,-10162641,-1885684,-6164619,true,11107173,-5086276,true,316388#1BCAJNtTfTG6q,-4211187.5,8035442
1188,674,1,5,46,1131,2010-02-05 11:39:10.000,-1.101347061E7,8797644#e13zKxCuYijYOFgtjTDra,-2374865,327062.630,-1.04965136E7,-344047.2,5087065.00,-7364506,-1582869,6047518,9676386,false,-6223546,-9293100,false,549435#51JBAHtxnKTSx,-9586119.0,7783598
1189,139,2,6,10,2830,2014-09-22 12:05:22.000,1.077669113E7,804262#5kqCwO3fUZLfzi1M4HW2q,2971708,-324766.660,2104304.8,1512014.4,8289866.51,2900576,-8295166,-10578537,-8066457,true,2189808,-5789952,true,7548644#u9Xfjwjh94iJ8,226282.7,-995229
1190,25,3,9,25,1684,2017-05-18 21:37:08.000,2809214.88,7467371#5A3vGOXubKVB5EMio1Pgq,5781597,79985.290,-2541403.27,-4403549.0,1934539.90,-8018597,6205884,-2190878,-3083650,false,10425963,7995104,true,334942#0QtvHKN3YHvM3,3936742.7,-10503716
1191,444,3,4,15,2777,2010-09-25 11:56:34.000,-6990432.06,8666528#Pqdb8oXZ7ojHW7amusOB6,-11447358,-14410.690,-4716602.47,-3744615.8,8495425.96,2626172,-7387176,4339165,9537119,true,-957132,9018596,false,10713989#X2u7sMdSYoku4,-9734205.0,8325970
1192,38,3,9,1,234,2012-06-24 11:45:08.000,-1186804.38,9918661#r00WVbLdluhs6ZstOQz01,-343928,-220226.980,84158.82,2004590.4,-4553990.00,-8610754,-742785,-7481032,-6978580,false,39182,-8819978,true,4940599#cR2ZWE1hmYTEi,8464834.2,10905205
1193,414,3,5,29,1567,2017-12-22 07:31:20.000,6655712.46,1672853#SNkWB7v7k6jFM1I0L3r6B,-3958167,349844.660,-5512907.16,-7344045.0,-4073540.62,3539720,3159379,-2156022,11379245,true,1505886,1725211,true,4274923#rp8p2SRJdWMWq,-1353171.4,-4681896
1194,658,3,10,7,1927,2011-07-04 12:03:40.000,-3708154.78,5137284#7WKhowiHgtJZPu9pFrxXo,-11109139,-160944.520,-4290224.36,571516.8,2019826.62,-9369876,-11620040,-10324717,4820945,false,2920175,-2011421,true,8698021#nChvGTbyFsJh6,-4799394.1,10336207
1195,293,1,2,11,1156,2010-08-05 01:46:12.000,-9156130.93,8084148#b0WapDnsAzXM6j9L6VVer,557353,-226790.920,38651.42,-64607.87,473489.70,119223,-8840960,5005008,-4346221,true,9844916,9967160,false,334299#gVd6SRENA1ndG,6272727.4,-6398465
1196,282,2,10,8,1786,2016-11-13 16:47:22.000,-7722460.96,9821119#r3KbBIw4zc04bQpFVPCtZ,-7078707,-336219.070,4636069.21,1.0553467E7,3262515.16,10122987,4733336,8240726,-6464792,false,11371993,-9678528,false,6764939#CfXSPkCiAPUyO,-9605746.7,11127101
1197,460,2,2,22,256,2017-09-01 22:26:12.000,-7336867.71,6697062#QFCg2QGryCeiqJ4D4p9nf,2872485,346160.430,-5538569.47,6143423.0,-8998394.37,10593799,6124577,7206188,-6567248,false,11004476,-10519161,false,3257545#XH7Jc8RycZAei,11689069.8,-3107279
1198,493,1,2,19,894,2012-01-23 09:35:46.000,-8217548.09,10782921#b59GquhA1pLZc0DNzfG4M,10499438,216577.880,-1.040099931E7,-1.1262676E7,7061793.38,-3441575,4830735,-3144555,-7555521,false,4220391,744945,true,11861282#puiBqkurIhrOD,6779862.0,3929364
1199,1050,1,7,1,2842,2013-09-21 10:56:28.000,-5814654.03,9588280#SLi7dKsHQQHryzVTrVHTU,11907259,285847.680,1.06844724E7,-2866292.2,-7706746.44,4383214,-8452582,8035742,3798516,false,7111359,430718,false,1705145#okhpKNId8kJGG,-4395098.0,97805
1200,241,1,8,53,1126,2017-11-01 12:57:34.000,-7233738.5,12000768#4FcpY0vvWJEywHsBxJveV,5348293,78888.000,-2127785.29,-5035264.0,-9571412.00,7625094,-1634064,11806582,-1701504,true,-2163309,-644923,true,9732954#b7mqL7TUyLhmE,-6921292.0,-10686413
1201,140,2,7,34,767,2015-02-28 17:44:41.000,450941.71,2538809#aPqSZ2oE6Ie4SNwC3yFT0,-4258912,47285.170,9518716.39,-9767906.0,-9139017.75,-8517520,6849292,8364270,8065610,false,10847151,11300530,false,679289#kJiOtbz4z1wCy,-7672899.1,-3142352
1202,846,2,5,62,2796,2015-12-26 10:39:47.000,1650001.83,3906446#Siw5bTWNzreNzqcIdFMGO,5734318,109919.460,1.015510409E7,1.0257446E7,5815837.50,4450991,-10279777,-4305485,8072469,true,5375677,3385133,false,1399258#aREwqzTvx8a4x,-3242545.4,-2341866
1203,54,2,8,15,2220,2015-04-02 05:53:48.000,-1.071516991E7,5420135#mWtM9ZM4qL4b6F8uT7dJN,-1390866,-276165.900,1.183686493E7,3887540.0,5402484.92,4247562,10335944,-8955959,10661143,false,10408985,3635090,true,9288776#dNqxN44Zx52rJ,-4895746.6,9439261
1204,50,2,8,58,794,2015-02-03 08:09:47.000,3162671.32,10100452#1UukCrmFSFeEDAmfdEpvb,-3840237,344844.670,-4492639.82,-7000222.5,6364637.48,6985924,-9733731,-4482458,10028686,false,10887227,11599218,false,5819195#NjSexr3qr7xdT,-8462825.6,6354362
1205,949,3,1,10,1003,2010-01-06 18:48:24.000,1.042488284E7,1989547#NZosrXF86vmjaLPS6allt,-297351,143982.360,-1.190366594E7,4420450.5,2952212.50,-4321080,909039,10627096,6434055,false,-4307250,-10756251,false,5781269#JMG63x2WRb9Uw,-10571444.9,-4015897
1206,194,1,11,23,1138,2019-11-19 00:01:49.000,1.025928628E7,11319610#1Ad0yYyUJc2UmtU1TZ8DP,1748338,-317465.680,-7166827.04,-3593249.2,11688407.50,11326779,8832323,-8281746,5255800,true,1946742,10513944,false,1217459#mpSyTjQJkZJwZ,2393844.5,-10060012
1207,888,3,14,36,1634,2013-08-23 22:18:29.000,1049153.47,7801836#adWtBqavLk5SAlEYxtmE0,3010321,-281370.470,-1227118.91,3592782.0,-10808168.51,8083734,6395993,4386361,-8572474,false,-489059,3426012,true,2969737#vqjrWXmsmc08i,-7005866.0,3329093
1208,979,2,4,45,2365,2014-11-11 03:18:45.000,319935.83,423294#SFTDpxjDyPSPKnzEEP8jw,-8156609,-322101.340,7507187.62,295185.72,11537486.00,-6343866,-11271411,-746329,899499,false,-11421161,2141457,false,3308736#HydcuK5ASgs01,8138075.3,2704137
1209,710,3,5,48,1615,2014-03-18 15:24:52.000,-5350109.72,845747#kko0Y5kNkRyXOoq3sna3p,5814321,151640.600,1.187877086E7,-7133429.0,-10843100.00,3763283,-295086,-66922,1478755,false,4767268,-9495130,false,8710579#zn8xgXw7VEzMB,-5380121.4,1115957
1210,1067,3,5,17,230,2012-10-06 13:50:08.000,-1.071162668E7,12000#Asw10NZuVzqcSNk4D2si7,-6287688,377217.840,4443245.68,-767530.25,9735910.10,4551222,-1299423,7578767,3399418,false,-4012367,1630103,false,10942583#W0xXX39H8svLT,-8983503.0,9090796
1211,591,2,14,40,1940,2013-09-26 16:33:21.000,6937213.26,4445459#OJFvaq6Hjoh1AWQvrPqpB,7908360,-395887.810,9014133.91,4418882.0,8746107.30,4420344,2265459,-4042997,-4739180,false,-1024289,-7253138,false,7338882#Hg8qKQYaHLZ2u,5487338.6,3036732
1212,875,2,2,39,916,2013-10-05 23:07:39.000,1503707.31,114859#gSHiWhx9ILRcyM4ClrVsj,-4660218,345315.440,-4577373.55,-1.1614121E7,-6789703.66,-2633221,2576702,-4237468,-8601061,true,-5623519,-249852,false,8988532#wfE2Nf6qfjzgs,9799006.9,3199747
1213,362,1,11,52,2731,2017-08-08 12:01:26.000,-9935908.42,1599773#4O0IlYDcfRuaweykMw4tj,10717755,72764.300,4444606.89,9053121.0,10060797.23,-11215771,4214100,11035954,-11542355,true,-5799972,2439323,false,7508276#Gg4WbgrR18Pux,-679908.0,11593367
1214,219,1,12,23,3245,2019-05-13 21:12:56.000,3082416.19,3420549#EhNffehnvd0bmHwRygBFt,-8496294,-54415.340,-4179405.6,1.0637325E7,899116.02,-8168755,8834475,-4013296,2956144,true,-3945641,4509317,false,8455253#21Dg2e0yqAik0,8628897.4,-2045776
1215,945,2,8,41,1926,2017-09-17 17:16:02.000,-7987486.24,4381936#SyOWOh8Aaiwm6X2ZNWTz4,-4980672,295653.220,-4796088.64,-8889164.0,6613816.00,-3812566,10121293,-8215067,-4401849,false,-7922423,2183460,true,967623#1oNdmyO8s0wkA,572826.8,2187223
1216,661,3,7,1,715,2013-03-17 00:22:55.000,1.190026324E7,6705983#x8NrRA08uuvem7un9kLgi,-11505317,265060.070,-1.119049559E7,-8935247.0,-11125299.68,-2243960,6439328,9760584,-9846001,true,-6798800,11182553,true,7308351#nOKqqzF01Hb7j,11036191.8,11082263
1217,1021,1,11,9,490,2012-03-04 10:40:49.000,-2141685.97,1392896#vvt0S0k2LXgczbSNj5xCy,3680889,-205477.740,-7860108.57,1384072.6,5681635.55,-8411625,5548445,9007691,-2656212,true,2944234,-8703141,false,9335029#dvnZ7ze0t5Ofm,9997516.1,1197255
1218,287,2,1,12,1842,2013-10-21 01:26:54.000,135360.03,2822273#9MbHTbnzd9WICISmS05Ls,-10957900,-126710.240,1.173011099E7,-1.1292203E7,9938581.14,-580005,3467689,2354000,-3275318,false,-7643949,7463929,false,10444961#ObkWsNAblouH7,3023055.6,-2472854
1219,60,2,14,17,1060,2010-09-24 12:53:21.000,1.111892461E7,5221506#xt9bxFeiu6Lx0ejehvrlW,10152577,-123448.680,-6582535.74,1.1652785E7,8379290.75,-10666461,-5952011,-9251550,2166495,false,1818913,-8074105,true,9493791#gxqbRFCQsqfO6,-2370124.5,-10715770
1220,761,3,12,3,1823,2017-09-16 07:58:08.000,9662116.5,2057894#JviDVLppvGfPa3u8eCsJa,2070861,-89842.050,-3120993.88,-9347892.0,2929030.60,9645801,3406262,4979481,-811438,false,-4837891,7386110,false,10718854#8jmMNuVrCdvno,-5842788.5,3779876
1221,269,2,1,4,2808,2012-08-10 11:11:26.000,-1798845.59,446354#jqk6u8Oc99Xsm3yJqIVHM,2261494,-260080.670,-1.202110138E7,7506121.0,-1138808.89,-6185478,-11467107,5312508,266782,true,10802057,-5902559,false,9348884#rNlQzeiYT75Ab,2602924.7,8390695
1222,1058,2,14,60,2254,2013-12-04 05:13:51.000,-779.72,11920846#SwbMsGt3uA3Qqc6npSwVy,-4786791,-133682.860,1.013753293E7,-329682.3,-10797835.16,9817299,-3849367,21158,-11355141,true,-9857488,-8607558,true,8397518#Ixeinnh7xsmdD,8434412.6,11262614
1223,858,3,6,20,74,2010-10-29 01:09:40.000,-54164.12,1347162#uVxXN3xJbDujEle2MZThK,939132,378166.750,-1.214858681E7,-1.0592162E7,-11867747.50,4125630,-11948621,7193260,4086494,true,-1596572,3533452,false,735399#fUy5tvid8EXRC,-8457636.3,-5812265
1224,764,2,7,41,325,2009-11-01 08:41:45.000,-5313984.43,3032281#r7cXDmtYq6zCxW676e8Ce,-6300101,388385.630,-5543342.82,-8257140.0,10510959.16,-10368346,-11217922,-8548836,9651017,false,-10184006,-830681,true,439374#RpRkIXRcEERUv,4727270.9,-3081480
1225,916,3,2,38,1232,2012-12-24 01:47:23.000,-3094383.14,7824645#3DuLP5irMblPfUG934S3L,6041697,-365130.990,2342319.87,-1.0931021E7,11378546.00,2527183,-387112,9829406,-9732319,true,-9475634,4792401,true,9864439#N1mKeB78Ofevv,-11954247.0,-3090146
1226,82,1,4,16,3096,2016-05-21 01:08:53.000,191072.07,969726#2XT170wcWlcE9JIwSWtp9,-7960612,115063.010,-4374447.35,-1735116.1,2791502.06,10800338,9473438,-2672627,-6034694,true,-11048875,8838854,false,1496696#CbUX2kOtePBrl,2467093.6,-6270083
1227,214,1,9,19,2780,2016-03-21 19:03:14.000,1933595.75,4123543#e9vGkYs4AAZyo0j9jX172,-7073763,-62102.570,7523734.19,-7173624.5,11922793.99,11332275,-978825,2765466,10395977,true,8683780,5667737,true,1370225#jAYNooJdOYbsj,10921351.9,-5790335
1228,717,1,8,14,3088,2011-03-28 08:26:25.000,-4112901.61,9528547#NZosrXF86vmjaLPS6allt,-5371202,201459.050,-6402973.32,-1.0951834E7,9802899.68,7993223,11637960,-2199946,-7587237,true,-7662779,-12252798,false,6825551#0jzD689A62pUK,-5047824.0,1470987
1229,158,3,10,22,3013,2015-02-26 23:20:31.000,5029108.23,1210399#yTZuC9zRGd0aXGKyr2y3p,-81362,-275145.870,7654633.49,-8191282.0,9152478.35,4462667,7324857,-452033,4680642,true,41591,5317631,false,10852987#9D9qrIZNlo3nw,-2525451.6,5477300
1230,266,3,7,2,1073,2014-06-04 13:30:49.000,-3373617.55,1946156#uyecYLWtdLB9uht59eRE9,3261183,-161400.300,3229148.36,-5381809.5,-4429311.20,10488696,-7649915,-11394209,-530146,false,-4916189,-7259716,true,3214049#4V1fxkjSvo9ND,9965659.3,4598153
1231,295,1,8,27,505,2014-07-05 21:43:13.000,-483213.78,11696554#8S92Ni6S5DWOCnLnH9MkX,-4745403,164692.950,3509927.04,1.0635572E7,5895505.81,2733246,7183386,5065058,3246766,false,10671999,8893251,false,7806893#WlmsFIXwnet2x,9327475.8,3183233
1232,175,1,8,47,1061,2013-02-20 11:33:54.000,9984182.9,8875028#nxOkqnJearIy2GjSYVTvu,7771600,-328303.050,-8029842.97,9783485.0,8841998.24,1103472,3061143,-9275775,5597413,false,-549394,-12059143,false,7954095#5EuuvldOiLIUO,3079748.3,-272510
1233,510,2,5,51,1720,2017-02-23 20:11:11.000,-5007962.65,11320525#jnY8adeg6y1eVaWqQ3NuR,-5902985,-7239.370,9909098.77,1.2115269E7,-4977467.49,-9459078,-8992703,5374930,9159443,true,10209322,-10289626,false,499077#uFbhjEZQ29Dwi,8367081.2,-10249199
1234,961,1,8,45,1974,2018-03-10 05:59:24.000,-1.080017031E7,10112383#Ssq29qkbsScZpPPOM4ldQ,-8229032,3337.700,3393554.92,-1.1577538E7,-3687514.06,-2208343,9788849,11047325,-7286958,false,-5254394,10443240,false,11874575#6X55dfiAFQFuT,3027202.6,-6825655
1235,304,3,9,58,1399,2013-04-03 07:15:28.000,-1.13251984E7,4394181#y3c85RUNMTLTc1b3saDiT,-8932647,117232.830,3282272.45,6247826.0,-5684496.45,-7782815,-719908,6322766,9740385,true,7579106,2535519,true,2451616#PO5xd9j2LoiZ7,-697390.8,8738645
1236,285,2,8,7,1011,2014-12-10 04:45:28.000,-4426473.74,5948951#iPGIftcEvjNHvXl9VouHd,256561,-373301.630,-9662454.6,-1.1440357E7,8481860.16,2989837,4298219,-2691753,-1109010,false,341176,-4404096,true,33234#V99uCugyxlqoO,1261057.9,10537273
1237,483,1,3,43,152,2013-04-04 00:47:42.000,-8372364.51,9602207#OD2uXIPbM8BKPjtCzpYUf,-4390155,130551.650,6633886.89,-3272109.2,-1214039.41,5839854,-10591141,-1965133,-6424100,true,11575423,-5300832,true,329640#I91ECGW4OMAt6,-4388924.5,8373917
1238,818,1,8,21,1662,2010-06-09 18:18:07.000,-1.147667061E7,9167843#AiEBZWuNPdWssyNvGX1VL,-2474723,340859.630,-1.09381136E7,-358447.2,5300877.50,-7674619,-1649244,6301841,10083663,true,-6485871,-9683849,true,572323#RsZl99txDlB3u,-9989725.5,8111195
1239,385,1,8,22,2193,2014-11-28 22:09:24.000,1.123029113E7,837904#M4cK96UHvIbquTiXqsszI,3096558,-338579.160,2193104.8,1576014.4,8638496.01,3022539,-8644253,-11022974,-8406017,false,2282208,-6033391,true,7865736#HydcuK5ASgs01,236022.2,-1036955
1240,182,2,2,13,3109,2017-06-22 16:22:11.000,2927614.88,7780902#CjJpDhfqIIwnLOsCNcwaI,6024114,83671.790,-2647803.27,-4588349.0,2016100.40,-8355347,6467012,-2282949,-3213329,false,10863976,8331146,false,348728#6kJ5urY8hjNdl,4101958.2,-10944716
1241,702,2,12,62,652,2011-01-20 04:45:56.000,-7284032.06,9030121#V0jmLLlN4hePOFdjrmBZ5,-11927815,-14948.690,-4915002.47,-3902215.8,8851703.96,2736547,-7697201,4521423,9937099,true,-997082,9397051,false,11163686#VgD8I9s8u4Mfa,-10142734.0,8675770
1242,596,1,4,15,3272,2012-09-27 17:31:28.000,-1236404.38,10334320#QKRunv7iCLi6ETXSZHaR6,-358694,-229278.480,87358.82,2088590.4,-4744777.50,-8971954,-774274,-7794933,-7271561,true,40520,-9189813,true,5147591#2YPcT8aNtWfcG,8820092.7,11362257
1243,359,3,4,55,2929,2018-01-18 19:41:04.000,6934912.46,1742844#HrMZGGxkrImU4U8mPDQZV,-4123830,364234.160,-5744107.16,-7652045.0,-4244307.62,3688195,3291879,-2246678,11856018,false,1569148,1797175,false,4453839#HzC1QQ8knGePg,-1409478.9,-4877871
1244,699,3,1,47,952,2011-10-19 21:45:28.000,-3863354.78,5352218#vG2IlX34qLxNBfX48f3KO,-11573950,-167504.520,-4470224.36,595516.8,2104388.12,-9762389,-12106328,-10756919,5022454,true,3042250,-2096001,false,9061961#ObkWsNAblouH7,-5000302.1,10769232
1245,672,2,8,34,744,2010-12-01 19:55:27.000,-9539330.93,8422305#FeEWklCO4HeefjZOucXhu,580901,-236472.920,40251.42,-67007.87,493392.70,124417,-9210810,5214719,-4528201,true,10257116,10383880,true,348234#V99uCugyxlqoO,6535362.9,-6665953
1246,481,3,1,60,3248,2016-12-24 22:12:43.000,-8045660.96,10231420#ZE1yg7NuKasubQGIVQUwj,-7374321,-350479.570,4829669.21,1.0994267E7,3399275.66,10546074,4931411,8585567,-6735211,false,11846993,-10082890,true,7047481#b4VLDgwur5DfG,-10007111.7,11592151
1247,1040,2,11,13,3156,2017-10-03 06:56:23.000,-7643267.71,6976516#XDEi166y4aPSHuSjdqMgJ,2992727,360691.430,-5769769.47,6400223.0,-9373954.87,11036499,6380295,7506945,-6841514,false,11464351,-10958836,false,3393273#tmoyhSOimMPvA,12177071.8,-3236960
1248,782,2,2,30,3119,2012-05-03 05:12:51.000,-8560748.09,11232881#KrgEPM7Oma1cEhHTarQEM,10937400,225871.880,-1.083539931E7,-1.1733076E7,7356358.88,-3585025,5031997,-3275828,-7870695,true,4396916,776008,true,12356003#DKzwxm7HaGqFS,7062834.5,4093002
1249,790,3,13,58,1567,2013-12-10 17:59:23.000,-6057054.03,9988083#7WwkS5elrA40LnGyC8hwM,12403417,297678.680,1.11300724E7,-2985492.2,-8028424.44,4565989,-8804907,8370913,3956722,false,7407959,448749,true,1776119#0PhRm41Sl4m9N,-4578435.0,101680
1250,1028,2,3,3,1738,2017-11-30 21:37:21.000,-7535338.5,12500474#Vuuk5yUhjou2V34g71jiM,5571006,82577.000,-2216585.29,-5244864.0,-9970093.00,7942769,-1702135,12298930,-1772288,false,-2253471,-671380,true,10138298#vUQi1jDVV6KY2,-7209991.0,-11131526
1251,436,3,11,12,607,2015-05-02 07:11:29.000,469341.71,2644197#ge0Lwh4p8ndbyw2Pta4nO,-4435896,49231.170,9914716.39,-1.0174306E7,-9519705.25,-8872145,7134129,8712465,8401354,false,11298351,11771153,true,707502#1rXg3BsX4Dc4S,-7992166.1,-3273458
1252,867,3,1,40,1121,2016-02-16 19:49:25.000,1718801.83,4068757#kDibEAUmefQgZP2pfTYXt,5972969,114877.960,1.057750409E7,1.0683846E7,6057975.00,4636391,-10707077,-4484537,8408020,false,5599352,3526175,false,1457153#e4X5nI11ACY2u,-3377826.4,-2438966
1253,852,2,9,61,2845,2015-06-02 18:51:00.000,-1.116076991E7,5645260#OORuSfFHmq7J4jBw7SuMn,-1449009,-287852.400,1.232886493E7,4049140.0,5626966.92,4423949,10765532,-9328597,11104405,true,10841388,3786550,true,9674636#uc15Limwks8wX,-5099467.1,9831486
1254,151,3,14,2,757,2015-04-07 21:25:26.000,3293871.32,10519521#C3o0GXLZ6YT6cSnAIedg4,-3999857,359227.670,-4679039.82,-7290622.5,6629305.98,7276438,-10138331,-4668214,10445178,false,11339164,12080527,false,6060590#skLcz05dKKJ1i,-8814546.1,6617893
1255,201,1,13,1,748,2010-05-13 12:16:32.000,1.085768284E7,2071801#AfLyKQFFCZc3glY8VrNFu,-309995,149604.360,-1.239726594E7,4603650.5,3074617.50,-4500105,946351,11067975,6701054,false,-4485950,-11202905,true,6020770#qZosqJdyqWJZq,-11009854.4,-4182172
1256,446,1,9,36,1088,2019-11-23 00:09:17.000,1.068488628E7,11788729#d3kUACQcSdkRoQDyJiFr0,1820488,-330386.680,-7463627.04,-3742049.2,12172870.00,11796079,9198848,-8625484,5473561,true,2027729,10949904,true,1267896#45e1fefcGC8PO,2493052.5,-10477446
1257,71,2,4,42,1146,2013-11-13 15:13:22.000,1092353.47,8124882#lndsUaAECyfHVStaHVE7r,3134926,-293376.970,-1278318.91,3741582.0,-11255715.01,8418846,6660993,4568277,-8927977,true,-509159,3568313,true,3092672#pYCCisH9wM3Q2,-7296185.0,3466818
1258,72,1,9,6,2540,2015-01-16 17:42:32.000,333535.83,440789#0JmDSijYLdyzhtm2UBkb6,-8494189,-335226.340,7817587.62,307185.72,12015273.50,-6606641,-11737708,-777435,936782,false,-11893573,2230014,true,3445481#b4VLDgwur5DfG,8474820.3,2816362
1259,1025,3,8,40,2140,2014-06-01 09:34:16.000,-5571709.72,880523#sKei7SW9hrWeeGOc2Mcqf,6054822,158187.100,1.236997086E7,-7428629.0,-11291300.00,3918669,-307386,-69972,1539925,false,4964455,-9887812,false,9070534#TY4CNxsaOAgOn,-5602684.9,1161988
1260,657,3,3,22,205,2013-01-07 10:21:20.000,-1.115402668E7,12153#UcBOAMy7BJxLBU56QCTN3,-6547671,392886.340,4626445.68,-799530.25,10138300.60,4739097,-1353348,7892254,3539820,true,-4177823,1697307,false,11394534#TY4CNxsaOAgOn,-9354963.0,9466646
1261,943,3,9,15,653,2013-12-16 11:07:31.000,7223613.26,4628886#PAz5m1ccd2r3gM4RF7OMa,8234787,-412645.310,9386133.91,4601282.0,9106872.30,4602781,2358934,-4209809,-4935158,true,-1066289,-7552849,true,7641573#PW1xMCH25UTgc,5713504.6,3161932
1262,934,1,12,8,741,2013-12-25 11:24:24.000,1566107.31,119579#xbtPu1cifmhv7cSkPxWg0,-4852326,359336.440,-4766173.55,-1.2093321E7,-7070181.66,-2742071,2683302,-4412341,-8955761,false,-5855678,-260087,true,9359203#q3y5NTrw3maA8,10203326.9,3331572
1263,895,3,5,24,706,2017-09-10 00:51:22.000,-1.034550842E7,1665401#elYFIHS9ozrUjFclZfwCN,11159886,75798.800,4627806.89,9425921.0,10475632.73,-11677758,4388025,11490758,-12018362,true,-6039147,2540079,false,7817447#uaePdqDky61jO,-708078.5,12071592
1264,995,2,10,23,2045,2019-05-24 09:24:46.000,3209616.19,3561262#5kqCwO3fUZLfzi1M4HW2q,-8846142,-56504.340,-4351405.6,1.1075725E7,936387.52,-8505580,9198709,-4178523,3077485,true,-4108266,4695028,false,8803221#thZbKUTs44fBL,8983910.9,-2129976
1265,254,3,2,21,1001,2017-10-18 22:04:08.000,-8316286.24,4561864#1cMiIiGYVkVSAVmMpv7ur,-5185790,307739.220,-4993688.64,-9254764.0,6886066.00,-3969213,10537806,-8553312,-4583169,true,-8248586,2272911,false,1007150#PdLekxE3UrvrM,596681.8,2277423
1266,960,2,12,33,1940,2013-06-12 17:06:57.000,1.238986324E7,6981544#3pRjBOhL6XvnAgpQ2PTpF,-11978740,276259.570,-1.165049559E7,-9302447.0,-11582611.18,-2336591,6704266,10162219,-10250681,false,-7078750,11642560,true,7608753#gKitVZiaGtPkZ,11489681.3,11537588
1267,979,1,14,45,1015,2012-06-13 04:02:40.000,-2229685.97,1449718#MJG4gR4fez50oLhfAik7T,3832136,-213785.240,-8183308.57,1440872.6,5915093.05,-8757350,5776608,9377502,-2765041,false,3065534,-9060461,false,9718481#b4VLDgwur5DfG,10407921.1,1246530
1268,164,1,14,18,2467,2014-01-09 09:14:41.000,140960.03,2937802#FPEDNS9y2NBasHbHljQdB,-11407592,-131689.240,1.221171099E7,-1.1755403E7,10346167.64,-603486,3610414,2450726,-3409549,false,-7957424,7770131,true,10873424#fpKxsJdp16FCk,3147400.1,-2574679
1269,121,3,2,28,2548,2011-01-21 12:26:26.000,1.157492461E7,5435630#YbN8E1ZKMDOUAdK4nNPKC,10568631,-128454.180,-6852135.74,1.2130385E7,8722803.25,-11104374,-6196036,-9630643,2255138,true,1893150,-8405238,true,9883033#M2osEmmsCvbSq,-2467213.5,-11154951
1270,248,2,4,28,1348,2017-10-17 16:29:36.000,1.00581165E7,2142163#8iranqrOS0No3u56EobrA,2155647,-93463.050,-3248993.88,-9731092.0,3049027.10,10040826,3545649,5183536,-844440,true,-5035866,7688500,false,11158101#8FkVBj284JtsL,-6081877.5,3934401
1271,679,3,12,34,3058,2012-11-13 23:47:30.000,-1872445.59,464534#q7Y8XjD76n5GZaM1cGICj,2353761,-270559.670,-1.251310138E7,7813321.0,-1185663.39,-6439003,-11936707,5530463,277912,true,11244132,-6144171,false,9731497#2PcpF4jIQAWtV,2709586.7,8734045
1272,991,1,4,34,2190,2014-02-21 05:49:22.000,-779.72,12408521#C3o0GXLZ6YT6cSnAIedg4,-4982388,-138834.360,1.055273293E7,-343282.3,-11239824.16,10219105,-4006817,21767,-11820096,false,-10260588,-8959464,true,8740987#9D9qrIZNlo3nw,8779382.1,11723635
1273,61,1,14,20,1242,2011-02-24 04:01:44.000,-56564.12,1402012#NfzNUcxcwlEmjSRwXAmA8,977206,393409.750,-1.264538681E7,-1.1024962E7,-12352572.50,4294530,-12436952,7487473,4253325,false,-1661447,3678268,false,765113#GU9m5EZe1rSil,-8803712.8,-6049890
1274,739,2,11,49,1138,2010-03-12 01:03:11.000,-5530784.43,3155836#adWtBqavLk5SAlEYxtmE0,-6557195,404655.130,-5769742.82,-8594740.0,10940276.16,-10791990,-11675943,-8897856,10045380,false,-10600131,-864964,false,457031#0c6bg0lDqMQ5L,4920128.9,-3207080
1275,30,1,9,43,1282,2013-03-25 04:20:29.000,-3220783.14,8143905#Z1q0TvtvMnMfbQuqRgaDK,6288115,-380331.990,2438319.87,-1.1377421E7,11843326.00,2630433,-402962,10230572,-10129792,true,-9862796,4988085,true,10267046#BGnviOelSVIVq,-12442410.5,-3216233
1276,628,1,9,48,2974,2016-07-08 05:34:53.000,199072.07,1008891#rc6CR67mGnuDyax1GIVkR,-8285592,119539.010,-4552847.35,-1805516.1,2905042.56,11241001,9859976,-2781992,-6280604,false,-11499625,9199130,false,1557591#2YPcT8aNtWfcG,2567592.6,-6525908
1277,97,3,5,20,405,2016-05-11 02:17:24.000,2012795.75,4291349#G4aP47eZG3IyxzEpD3aYd,-7362408,-64542.570,7830134.19,-7465624.5,12409012.49,11794350,-1018800,2878549,10819992,true,9037389,5898962,false,1426040#DBIJMhhVDUecd,11366399.9,-6026410
1278,3,3,9,36,1763,2011-07-19 16:17:53.000,-4280101.61,9916242#AikiKizwsyP6uuYNcnOum,-5590225,209761.050,-6663773.32,-1.1397434E7,10201877.68,8318348,12112004,-2289512,-7896527,true,-7975004,-12751858,false,7103178#hFxpluKLME27l,-5253757.0,1530674
1279,385,3,9,40,894,2015-05-01 19:22:14.000,5233908.23,1259321#FXjXSYDWZRmEi0H1QPY2Y,-84741,-286187.370,7965833.49,-8524882.0,9524885.85,4644392,7622857,-470668,4871275,false,43647,5533999,true,11294238#q4lNwYKbs9mCI,-2628033.1,5700225
1280,697,3,4,31,223,2014-08-16 16:58:55.000,-3510417.55,2025008#xXKxcC9s8AgL6CbHrHsWv,3393593,-168327.800,3360348.36,-5600209.5,-4609263.20,10915227,-7961065,-11857148,-551819,false,-5115739,-7555201,false,3344311#irFVySeDzm6Ry,10370641.8,4784668
1281,890,2,11,19,605,2014-09-16 00:19:26.000,-503213.78,12171334#NnyY880VLFQqW5pQbUVQT,-4937749,171183.950,3652327.04,1.1067572E7,6135031.31,2843971,7475101,5270706,3378706,true,11105849,9254847,false,8123755#82RKDk6zGeQEU,9706513.8,3312726
1282,843,2,14,5,2998,2013-05-21 00:05:58.000,1.03889829E7,9234855#1dXEzh0zSJaBMYAQUuW5m,8086601,-341569.050,-8355442.97,1.0180285E7,9201214.24,1148212,3185631,-9651970,5824680,false,-571644,-12548532,true,8276543#6gUuWNScZRMp9,3204998.3,-283612
1283,765,2,5,4,2433,2017-04-03 13:54:49.000,-5211162.65,11779365#BHXtB0qxgLyQHyoeNioGM,-6142167,-7927.870,1.031069877E7,1.2606469E7,-5179493.99,-9842806,-9357078,5593091,9530732,true,10623335,-10707204,true,519028#GmKUyuLa1R7DU,8706738.2,-10664699
1284,69,1,8,17,549,2018-04-04 19:58:11.000,-1.123777031E7,10522016#C22YHwod1OwiUrvYbL3bO,-8562317,3116.700,3531154.92,-1.2046338E7,-3836793.56,-2297652,10185080,11494627,-7582042,true,-5467378,10866420,true,12355672#pYCCisH9wM3Q2,3149969.6,-7102268
1285,419,2,4,47,1074,2013-06-30 13:22:32.000,-1.17835984E7,4572021#e77IdjBjxXXnYsnj6jTyp,-9294662,121610.330,3415072.45,6500626.0,-5914239.95,-8097840,-749389,6578714,10134663,true,7886356,2637950,true,2550724#AL5zaF5pECAZc,-725299.3,9092483
1286,622,1,9,35,1711,2015-02-15 02:01:53.000,-4605673.74,6189243#PfhukCc2Jymp4eygRotC4,266942,-388067.130,-1.00536546E7,-1.1903557E7,8825025.66,3110456,4472217,-2800598,-1153485,true,355351,-4582231,true,34515#FzLZJb1l86Eqd,1312459.4,10963673
1287,728,1,13,15,2880,2013-07-01 09:15:08.000,-8710764.51,9990256#nun3dY5vTamgV8TwMN6Px,-4567237,135941.150,6901886.89,-3404109.2,-1262935.91,6075770,-11019641,-2044582,-6683580,true,12043673,-5515387,true,342893#WlmsFIXwnet2x,-4566661.5,8712392
1288,962,2,11,59,2193,2010-10-12 00:57:03.000,-1.193987061E7,9538041#sfr1gUPPek26zAzlCiJzw,-2574581,354656.630,-1.13797136E7,-372847.2,5514690.00,-7984731,-1715619,6556164,10490940,false,-6748196,-10074599,false,595211#7nKeEPpgviN9D,-10393332.0,8438791
1289,631,2,9,34,1555,2015-02-04 08:13:27.000,1.168389113E7,871547#NZosrXF86vmjaLPS6allt,3221409,-352391.660,2281904.8,1640014.4,8987125.51,3144501,-8993341,-11467411,-8745577,true,2374608,-6276830,false,8182827#gMXt8zLtRsD8P,245761.7,-1078682
1290,340,1,10,1,1259,2017-07-27 11:07:14.000,3046014.88,8094433#Ny0Lvj31Yg2YPBnu6oJ5Z,6266631,87358.290,-2754203.27,-4773149.0,2097660.90,-8692097,6728140,-2375020,-3343008,false,11301988,8667189,false,362514#VAF9qFZK11PLQ,4267173.7,-11385716
1291,959,1,6,46,1802,2011-05-16 21:35:18.000,-7577632.06,9393713#pDqyAkE7FJxvbazTh7dDk,-12408271,-15486.690,-5113402.47,-4059815.8,9207981.96,2846922,-8007226,4703681,10337079,false,-1037032,9775505,true,11613382#bgf0Ft3dEyzDA,-10551263.0,9025570
1292,80,3,12,29,3034,2012-12-31 23:17:48.000,-1286004.38,10749980#XbMXiDgPW17LWyXOj4sbn,-373460,-238329.980,90558.82,2172590.5,-4935565.00,-9333154,-805763,-8108835,-7564541,true,41857,-9559648,true,5354584#4EuM7uHbxMSOH,9175351.2,11819308
1293,304,3,2,17,1017,2018-02-15 07:50:49.000,7214112.46,1812835#KVkmj4EuLRhLevtTvfG0w,-4289493,378623.660,-5975307.16,-7960045.0,-4415074.62,3836670,3424379,-2337335,12332790,false,1632411,1869138,true,4632755#82RKDk6zGeQEU,-1465786.4,-5073846
1294,740,1,6,23,3252,2012-02-04 07:27:16.000,-4018554.78,5567152#BwTvtuOv1GbcgFXeHT3Jm,-12038762,-174064.520,-4650224.36,619516.8,2188949.62,-10154901,-12592615,-11189122,5223962,false,3164325,-2180581,false,9425901#gsMQdANhRQpDG,-5201210.1,11202257
1295,1051,1,14,57,331,2011-03-30 14:04:42.000,-9922530.93,8760462#YCsYXKDsg2I8JYT8xWx8v,604448,-246154.920,41851.42,-69407.87,513295.70,129610,-9580660,5424430,-4710180,false,10669316,10800600,true,362168#mGzXcMO1nX3ov,6797998.4,-6933440
1296,680,1,6,49,1436,2017-02-04 03:38:04.000,-8368860.96,10641720#PW98f0veTrPLYOLojcDWp,-7669934,-364740.070,5023269.21,1.1435067E7,3536036.16,10969162,5129486,8930409,-7005629,false,12321993,-10487252,false,7330023#yK751uMim7WtJ,-10408476.7,12057201
1297,545,1,6,3,2781,2017-11-03 15:26:35.000,-7949667.71,7255969#mhC1zJF321WXKQuYs0j4r,3112969,375222.430,-6000969.47,6657023.0,-9749515.37,11479199,6636014,7807702,-7115780,true,11924226,-11398511,false,3529001#0axTMnUCUg9G6,12665073.8,-3366641
1298,1071,3,2,41,2069,2012-08-12 00:49:55.000,-8903948.09,11682840#WyfTWQECEY2gPLaSqVvmy,11375362,235165.880,-1.126979931E7,-1.2203476E7,7650924.38,-3728475,5233260,-3407101,-8185869,true,4573441,807072,true,12850724#AL5zaF5pECAZc,7345807.0,4256639
1299,531,2,5,52,292,2014-03-01 01:02:17.000,-6299454.03,10387887#mlDrywVWKc5VDGXvoh0O2,12899575,309509.680,1.15756724E7,-3104692.2,-8350102.44,4748764,-9157232,8706084,4114928,true,7704559,466779,false,1847092#6IVTSW7sPskgV,-4761772.0,105555
1300,741,3,12,16,2351,2017-12-30 06:17:07.000,-7836938.5,13000179#ohsKnh7kQazbVwVcEgxuQ,5793719,86266.000,-2305385.29,-5454464.0,-10368774.00,8260444,-1770207,12791279,-1843071,false,-2343634,-697837,false,10543642#WC5x2vSTlw3Dc,-7498690.0,-11576638
1301,732,1,14,53,448,2015-07-03 20:38:16.000,487741.71,2749585#gKvamTWbDxEdvo5jflU90,-4612880,51177.170,1.031071639E7,-1.0580706E7,-9900392.75,-9226770,7418967,9060660,8737098,false,11749551,12241776,false,735714#N2pId3EludbE6,-8311433.1,-3404564
1302,888,1,10,18,2721,2016-04-09 04:59:03.000,1787601.83,4231068#c8RqMJL8kjGeN0v3kKGif,6211621,119836.460,1.099990409E7,1.1110246E7,6300112.50,4821791,-11134377,-4663589,8743570,true,5823027,3667217,true,1515049#4V1fxkjSvo9ND,-3513107.4,-2536066
1303,576,2,9,44,195,2015-08-03 07:48:13.000,-1.160636991E7,5870386#k9EDDKSJ9J6a1NrAFZQWM,-1507152,-299538.900,1.282086493E7,4210740.0,5851448.92,4600337,11195119,-9701234,11547667,false,11273791,3938010,false,10060496#fqUXPpeoLaImt,-5303187.6,10223711
1304,253,1,6,9,719,2015-06-10 10:41:06.000,3425071.32,10938589#5uT2rGWnHmww3F0Z72sDS,-4159476,373610.670,-4865439.82,-7581022.5,6893974.48,7566951,-10542931,-4853970,10861670,true,11791102,12561836,true,6301986#E9XmSaZlCkH17,-9166266.6,6881424
1305,526,2,11,54,493,2010-09-17 05:44:39.000,1.129048284E7,2154054#iuCI9Y4p3c24O7XvGOK1l,-322640,155226.360,-1.289086594E7,4786850.5,3197022.50,-4679130,983664,11508854,6968053,true,-4664650,-11649560,true,6260272#O3Ydh3ww6XDlI,-11448263.9,-4348447
1306,698,1,7,49,1038,2019-11-27 00:16:46.000,1.111048628E7,12257848#Z293FPMvJGaacF2JMpxh2,1892638,-343307.680,-7760427.04,-3890849.2,12657332.50,12265379,9565373,-8969223,5691321,false,2108717,11385864,false,1318333#OkiaT87e47RDN,2592260.5,-10894880
1307,328,1,8,48,659,2014-02-03 08:08:15.000,1135553.47,8447927#Mo7s7dWRmQ3luVvzIS9ww,3259531,-305383.470,-1329518.91,3890382.0,-11703261.51,8753959,6925993,4750194,-9283481,false,-529259,3710615,false,3215607#uAV6xkq6U18uY,-7586504.0,3604543
1308,239,2,13,30,2715,2015-03-24 08:06:20.000,347135.83,458284#7WKhowiHgtJZPu9pFrxXo,-8831770,-348351.340,8127987.62,319185.72,12493061.00,-6869416,-12204004,-808542,974066,false,-12365986,2318570,false,3582225#jAYNooJdOYbsj,8811565.3,2928587
1309,266,2,11,31,2665,2014-08-15 03:43:41.000,-5793309.72,915298#1UC8rT3QrWpx0NZKH614z,6295322,164733.600,1.286117086E7,-7723829.0,-11739500.00,4074054,-319686,-73023,1601095,false,5161643,-10280494,true,9430489#CQx0DZ4Z299cQ,-5825248.4,1208019
1310,248,3,1,27,180,2013-04-10 06:52:31.000,-1.159642668E7,12306#gwKgaz1mToFIA9KHhyJN9,-6807653,408554.840,4809645.68,-831530.25,10540691.10,4926972,-1407273,8205741,3680221,true,-4343279,1764510,true,11846485#PYKntK6qyJ6p5,-9726423.0,9842496
1311,221,2,4,54,2640,2014-03-07 05:41:41.000,7510013.26,4812314#GtxhIBjAFKvgsWr8YnykF,8561214,-429402.810,9758133.91,4783682.0,9467637.30,4785219,2452409,-4376622,-5131135,false,-1108289,-7852559,false,7944263#3pnE7x35aoeNW,5939670.6,3287132
1312,994,1,8,40,566,2014-03-15 23:41:10.000,1628507.31,124299#aMyiYanhfHLVHtKnESCoo,-5044435,373357.440,-4954973.55,-1.2572521E7,-7350659.66,-2850921,2789902,-4587215,-9310461,false,-6087837,-270323,true,9729874#wo29iQlaxr6vT,10607646.9,3463397
1313,353,2,13,59,1956,2017-10-12 13:41:19.000,-1.075510842E7,1731028#nxOkqnJearIy2GjSYVTvu,11602017,78833.300,4811006.89,9798721.0,10890468.23,-12139746,4561950,11945562,-12494370,false,-6278322,2640834,true,8126619#6Uu7YEDbXynBc,-736249.0,12549817
1314,698,3,7,23,845,2019-06-03 21:36:36.000,3336816.19,3701975#2YAsNBoxkC9l4GsFFu28h,-9195991,-58593.340,-4523405.6,1.1514125E7,973659.02,-8842405,9562943,-4343751,3198825,true,-4270891,4880740,false,9151189#pNO4HPd8BEItc,9338924.4,-2214176
1315,637,2,10,1,77,2017-11-19 02:52:15.000,-8645086.24,4741792#ifs5lAf8RoNs4C80r6eLv,-5390907,319825.220,-5191288.64,-9620364.0,7158316.00,-4125861,10954318,-8891557,-4764489,true,-8574748,2362362,true,1046676#MuDkvw3YPqX96,620536.8,2367623
1316,184,3,3,3,3165,2013-09-08 09:50:59.000,1.287946324E7,7257105#CivexemqOKqoqJ2cqFMbl,-12452162,287459.070,-1.211049559E7,-9669647.0,-12039922.68,-2429222,6969203,10563853,-10655361,false,-7358700,12102566,true,7909156#BRfRXNqRNeyir,11943170.8,11992913
1317,937,1,3,17,1540,2012-09-21 21:24:31.000,-2317685.97,1506540#qU2DXeBTgkGjy2wqXBRbT,3983382,-222092.740,-8506508.57,1497672.6,6148550.55,-9103075,6004770,9747312,-2873869,false,3186834,-9417780,false,10101932#XsQrLyGRcyiSx,10818326.1,1295805
1318,41,3,13,23,3092,2014-03-30 17:02:29.000,146560.03,3053331#Dde02cYNTJ4NaTRDakj88,-11857284,-136668.240,1.269331099E7,-1.2218603E7,10753754.14,-626967,3753139,2547452,-3543780,true,-8270899,8076333,false,11301886#bZHhLEcNCPiPy,3271744.6,-2676504
1319,181,1,4,39,760,2011-05-20 11:59:32.000,1.203092461E7,5649754#dHkS8dkXknrmmzb9JZQci,10984685,-133459.680,-7121735.74,1.2607985E7,9066315.75,-11542286,-6440061,-10009736,2343782,true,1967388,-8736372,false,10272274#olhkfn2beSYBh,-2564302.5,-11594132
1320,808,1,10,53,873,2017-11-18 01:01:04.000,1.04541165E7,2226433#Ny0Lvj31Yg2YPBnu6oJ5Z,2240433,-97084.050,-3376993.88,-1.0114292E7,3169023.60,10435851,3685037,5387592,-877442,false,-5233841,7990891,true,11597348#sgm78TYKipJAZ,-6320966.5,4088926
1321,15,1,9,1,33,2013-02-17 12:23:34.000,-1946045.59,482714#Bx7uePEd1SOtBYHm3PYy0,2446028,-281038.670,-1.300510138E7,8120521.0,-1232517.89,-6692528,-12406307,5748418,289041,true,11686207,-6385783,false,10114111#Fqfu9iPBMtPcS,2816248.7,9077395
1322,925,2,9,8,2127,2014-05-11 06:24:52.000,-779.72,12896195#D9f8afQpOHbGzfoGnvRTu,-5177985,-143985.860,1.096793293E7,-356882.3,-11681813.16,10620911,-4164267,22375,-12285051,false,-10663688,-9311371,false,9084456#mIABZHjFdYnhp,9124351.6,12184657
1323,339,2,7,20,2411,2011-06-22 06:53:48.000,-58964.12,1456862#N2L8gKV64TedCyb5tTpFX,1015281,408652.750,-1.314218681E7,-1.1457762E7,-12837397.50,4463430,-12925283,7781686,4420155,false,-1726322,3823084,true,794827#gMXt8zLtRsD8P,-9149789.3,-6287515
1324,714,2,1,57,1950,2010-07-20 17:24:37.000,-5747584.43,3279391#RPbZ0YJhYp6kMIdRfYHmi,-6814289,420924.630,-5996142.82,-8932340.0,11369593.16,-11215633,-12133965,-9246875,10439742,true,-11016256,-899247,false,474687#wCdHyhUSqeZfZ,5112986.9,-3332680
1325,218,2,2,49,1332,2013-06-24 06:53:36.000,-3347183.14,8463166#h98xZ5G9hqhD1HrD1J9VX,6534532,-395532.990,2534319.87,-1.1823821E7,12308106.00,2733683,-418812,10631738,-10527266,false,-10249959,5183769,true,10669653#XVeccA0uhEUW9,-12930574.0,-3342321
1326,101,1,14,17,2852,2016-08-25 10:00:53.000,207072.07,1048055#KYqMbkJcJgpjoCQfWROEf,-8610572,124015.010,-4731247.35,-1875916.1,3018583.06,11681663,10246513,-2891356,-6526513,true,-11950375,9559406,false,1618486#IzHBKzEKloVn6,2668091.6,-6781733
1327,1055,1,1,21,1305,2016-06-30 09:31:35.000,2091995.75,4459155#7pQmSS7164JOG1fSuH3v8,-7651052,-66982.570,8136534.19,-7757624.5,12895230.99,12256425,-1058775,2991631,11244008,false,9390998,6130187,true,1481854#8jmMNuVrCdvno,11811447.9,-6262485
1328,363,1,10,58,438,2011-11-10 00:09:21.000,-4447301.61,10303937#4USE2x6s71yR4NIZ8ksR6,-5809248,218063.050,-6924573.32,-1.1843034E7,10600855.68,8643473,12586047,-2379077,-8205816,true,-8287229,-13250919,false,7380805#epYeNsrQesfSz,-5459690.0,1590362
1329,612,3,8,58,2050,2015-07-04 15:23:57.000,5438708.23,1308244#YDr6anCFTVFr2e34vxsX7,-88121,-297228.870,8277033.49,-8858482.0,9897293.35,4826117,7920857,-489304,5061907,false,45703,5750367,false,11735490#pc8ZWVAsrJzxU,-2730614.6,5923150
1330,55,1,1,60,2648,2014-10-28 20:27:01.000,-3647217.55,2103859#gSHiWhx9ILRcyM4ClrVsj,3526004,-175255.300,3491548.36,-5818609.5,-4789215.20,11341758,-8272215,-12320088,-573491,true,-5315289,-7850685,false,3474573#PW1xMCH25UTgc,10775624.3,4971184
1331,411,3,14,12,705,2014-11-27 02:55:38.000,-523213.78,12646114#Wr4LuCvU4FjkXiyRYU4sI,-5130096,177674.950,3794727.04,1.1499572E7,6374556.81,2954696,7766817,5476354,3510645,true,11539699,9616444,false,8440618#dzX84kbs10iO3,10085551.8,3442220
1332,437,1,7,26,1661,2013-08-18 12:38:02.000,1.07937829E7,9594682#3CUnCON4ZKr25m3Y8Djkv,8401602,-354835.050,-8681042.97,1.0577085E7,9560430.24,1192953,3310118,-10028165,6051946,true,-593894,-13037921,false,8598990#HmhqV8772eFKr,3330248.3,-294713
1333,1021,1,6,20,3145,2017-05-12 07:38:26.000,-5414362.65,12238205#T8ztlcYILGTDccnI25WkR,-6381350,-8616.370,1.071229877E7,1.3097669E7,-5381520.49,-10226534,-9721453,5811252,9902020,false,11037347,-11124782,false,538979#w9YLjYZoFyWz0,9046395.2,-11080199
1334,251,1,8,53,2399,2018-04-30 09:56:58.000,-1.167537031E7,10931649#Qrq65KIY3dvktExh8vfp3,-8895602,2895.700,3668754.92,-1.2515138E7,-3986073.06,-2386961,10581311,11941930,-7877126,true,-5680362,11289600,false,12836770#qZosqJdyqWJZq,3272736.6,-7378880
1335,534,3,14,37,749,2013-09-26 19:29:37.000,-1.22419984E7,4749861#Cj9gFMODRuXxxD50exhvW,-9656678,125987.830,3547872.45,6753426.0,-6143983.45,-8412865,-778870,6834661,10528941,false,8193606,2740380,false,2649832#4Iv9382xcvQzk,-753207.8,9446320
1336,958,3,10,63,2411,2015-04-22 23:18:19.000,-4784873.74,6429535#Tpa6SgzPy2S7RyEovYHDP,277324,-402832.630,-1.04448546E7,-1.2366757E7,9168191.16,3231074,4646215,-2909443,-1197959,false,369526,-4760367,true,35796#t4uzMpZGV8xLn,1363860.9,11390073
