805,2,4,11,4083570,2370632#DYv7tpsuTP9,3676326.5,-6873284,3626279,-1206319.09,3019923,3259409#gjkRUbuAJKi8nGm,7888575#UpXyrH2HMEqm44LX6OFGEmEJNQHMJMx74JmxIZfo47UnDptNltExsjFKXzDY85ZN1X1SzAfShpI3r,3846651#29UoAGWRHqjQyW,3243867,-3872147,1094746.060,-5519365,false,717534,true,-26460,1045632#oeXbQCdQBGsVij,-4851828,-6126319.9
806,3,6,43,-4811804,144939#roCzo8QXtrZ,742831.0,-4957150,-7948198,-4826015.73,6131059,7886366#cuT6BJwz4NS0NWz,4694357#wOmFYkpM8d0v0Nwkf5PjDipDCyHjowGcFHjOPbf0qNtrMpgTHN2mIbe17LiFWI7c4UscHJTyWpNNa,1606519#mVLvRqMtpU0MTD,-4469441,396318,59477.980,-7285726,true,-1558658,false,5622018,4460491#orvLMorTtf5C5T,-1189365,2672891.8
807,3,11,63,-6658938,6061793#5LolLvUQTua,-5688671.0,-1783086,6638823,-3090527.49,1025101,3557871#JbxGtHMx48bvL4p,5754663#Wm6PgIP0EE7BLALVnYFfqlfAma2RCx3veiZAhwsMEY5jYy6daWC3scemXXFjNGmtvPpIGIo2QZceq,5487741#wQMNXBs8DmkM2u,-1426029,-1527098,3800439.900,1541006,true,737321,false,-5115832,4865321#cCGWp9ZoMUhAhF,6567289,-3037094.5
808,2,14,27,-4441843,2327360#RVuL50k53wi,2317935.5,-5866150,-324240,-558233.64,-3816795,4017059#Utl5ANykbAVGNXM,1933024#IXHgfgyYRDS4eh1TreWmEQOg5Lob5Ve2tgqtcsW4Ctg7GNZ5n3lZVW2iuvkh9yGbKwP12g34GvqdP,7646602#vfz00sTt2XHqgB,-3202210,4865328,-7482822.440,-3981734,true,7014683,false,55085,6338769#fZDIFpqPJd3hVj,-1040584,2233541.4
809,3,4,39,-7125764,4040106#i4hgTPfTKjP,442127.78,7137777,884332,3316272.14,-3446399,2490180#XUZXKKsWrKxKK58,5812747#tdoYvxiUaOxJwnA6vlVwWTSY4TO1LtuWaMmaV5bKWOH68SHdgSmfIKgQZVuiiHfQIY76y4lCOTaEi,3990233#4qI6l3hUiDLd52,-4147063,2887059,-7831216.590,2295743,false,207105,true,3444619,2531512#Xi7BiD91Iur5cf,-6046946,-3283609.4
810,3,9,51,-821290,5057387#PYoTFvUBSD8,-604399.44,-5957910,-6400759,-788187.02,647593,215023#XTZANo9Y9mWPiKI,619924#Fc1n3z0rFfV92kbsLLIILjKhsUh1fZgx4EAKJRdeuVX3LWgAeD27JwyFJ5fvtNO1bt8y42tq5Goyi,6158671#ou96oh3OXO1eWN,7639476,574364,6410566.920,-3268668,false,-7159103,true,-2090659,4243404#k0JuLfBv9W2ikf,331867,-5177769.0
811,3,3,20,4086904,2419863#t7msaznbUje,-3824844.5,762536,-244758,8104363.02,-4011181,2946108#aAZdEzbv1WLXMa3,2641557#gfkj1C8ZhttIBEZQzO3ZJXl8QeFUGWHCOFVDlk4BHFZE5y6qb00xUIsGxkb07LunqScXxPu5JTSbN,6721006#4uvO2o18RCVo6e,519279,-5698865,6676024.710,-6567590,true,-1504249,false,6408334,6084784#mTay9gnNjEa8ae,-7089567,50374.2
812,1,10,63,1827913,6878136#BcFpZwc19p9,88698.83,-155482,-533607,-7119530.39,5926512,2190617#p9lwyKmNhZ9KrWx,6827701#BBXxR3oatLIieRj68OiLLFpRYwC4LhSynI2T2wI4a5fm0sQDPxVgQ1uKWEccaQu9o5TGqeDeskQYt,2985779#9XhwS3Eho3HGct,4737712,-6146877,4876363.840,4290714,false,-7611611,false,-1596350,1719786#hRYRRlWk40YizI,-6007002,2256573.3
813,2,9,62,-4658851,5476754#EmWZ2b7Z7BZ,1902773.2,4506173,3498851,1323042.67,-465020,597297#S47FDY6utagPINr,7968966#zpQAKiwQWRYISd7OQF0U0QjQJkWF8hH9iQvAElzLWAwh1elJC26Cd3xrtME7MJr4RlvWa7IgasBu2,83959#jV3owgPOaEIJis,-2180278,-4246954,-5921161.600,-6625451,false,2661850,true,-6313934,253363#pQ5jrvKBQoVMPk,979842,-428.1
814,1,12,11,562500,26739#WUZ7Rouxt7j,-6520910.0,4490046,-5137027,-6390824.24,-522470,7405534#vncCrkpYWKFmZSB,4957629#Lm0fWZ1BqrF0zPHq4WlQxQgvPjE2GV6QYzpfErpIm2uTyxDr17LQdgpFRWXC33pAsuy5DeB1yP58x,4193584#DiMLmz0wAJEEBi,-7504204,6174212,-2965029.830,7138114,false,-482209,false,3953857,3722528#pTVR1pjq1db3fx,-5836653,4335965.5
815,1,10,10,-5654539,3539405#LYm3eDNpfnK,485707.9,6563687,-2908028,-785880.25,-6490768,758197#2GxWQJiCGdWAes4,4110548#Hn4j4SKZQCApY4POyWviWN3GtTkblPnScaFCGAdbZTgZ4W6Bu5Ih9xd6HS3qWl82uWacjXPUQqTbk,4741633#DDQIinfZ4sWH5W,2779953,5508941,3197366.950,-657102,true,686504,false,-3573232,4197044#DO4KWVKOcB87l2,-2277140,6651354.3
816,1,9,31,-1759208,7675952#ZVmG3cQht5d,-4657840.0,-3775286,-3853114,7300087.41,-1373237,1022810#Q46XxlsluMPr8BO,7605913#E03SjtSBPhs07Hwr4YF23Ndn9oRmpK7fnpKEbs20N1tndnSi9Pl5bfC0hkNgXeadcyh2epxX3dnw3,4967894#cnHTu8pX5ZHPR9,1010561,5307338,5959605.010,-7234403,false,-2733099,false,3216078,2835157#OmIGlx4JQvlJ6o,-2599887,-2015509.2
817,1,5,57,-7291199,4586078#uM7KRn0H5s9,-3325728.0,5968116,-1364969,2658467.33,4892619,6737576#iGyjs5YALFVoYjx,437904#p19aRq6OCCkY6WmCZnO7WGPeJgJjMAQdv31bJRNhFYqloLZt7hhwt6TeyPWj5kytV4dzzcEnDOoVU,2451941#gRXSz10duXfwKc,2731280,-6554467,-1846657.610,2529857,false,6462948,false,1368379,442362#vKgqc4w9DitG2O,-5070492,-2031206.3
818,2,3,23,-4951368,6822448#4GU3ZzrQomB,-5776999.5,4669836,-2492104,-2224591.82,-6319930,556148#ZpnZWIffKf1pMgu,2854661#eclMXioR1ex5KKBenPPBeE7DNCO2tmtgvwb7iCrLBsNY1bNXGWFRQOMsVBn4FB2HIpQ3tFhS38DFQ,5592739#oYFdN2SlUbyXBz,-4058987,2333462,511622.680,3862205,true,4168267,false,33821,3956115#06tGMA7Cvsi83e,-5291726,129143.2
819,2,11,42,-3231661,4152093#AgMZX1yk6Xc,2119263.2,4152933,-2598828,3645786.39,-1726364,7258039#cxOjhoFA8IVZQU7,3991189#ISWf0bl7sAH4bE8Osh99qbTskICu3c9rM8BBSF0XYz3lTmC4iiJgVrVslQSekOpXS0ja50jdvKtOz,5768864#FnaQATCnJtNWm6,-7206173,4283913,-5228833.930,-4168591,true,-3952386,false,-5946036,758402#lgKAlsXEYvwkIg,-3031545,-1866502.7
820,2,4,41,-1269657,5584595#zvPG5Wqyoaj,187349.02,3320393,-2374896,3084255.93,276596,5662467#nG9A8exNCZKDfBc,454691#eRD5hhwbvqK0z8ModM05kXWZFJNSJoZQcap0Phs6akrYCGWZDBzt6iKyd8i0Y0gDgDvwuTK6hvAxQ,7682205#s1G1HRF9rwvRTY,-54334,5779814,7969515.530,5812995,false,2413554,true,7878508,1375209#2UgkE9n3iwX6ae,-7942389,-5389084.7
821,3,1,15,-6218113,3179341#PRzBhJGJ9S7,-4624420.5,-7336303,-7800405,-4783091.06,-4517398,3079689#ptUoaG9zKFi4G4x,2556483#woP1unA5cOUKKxbz9iZ9CzofgsDUxHTi5WfhkrKDHdjTBgY4xOGC3goOcpRnkPdN8owN0O32I8sdU,1636393#fZe7kMYL16K2Vm,-1336009,-4761389,-720936.000,564429,true,-4435241,true,3409381,3913470#ySVsHHoFTPiT4B,5235864,-1876341.2
822,2,12,62,6050187,4601136#BcFpZwc19p9,6316751.5,-6001319,8108651,2275270.16,5080963,6375106#kC284SqYvqjKrOy,5539125#Zdv7bW1HNoMcruSqpXYVRgFhayJ6Mqx565Jc7eROenOIJy43cwJQ7bD0cze35WoKFBlOTtpgKYd4o,3823611#faL1F4kNWh4PpJ,-4266604,-1826634,-6185743.450,1148090,true,4703693,true,-6555603,3181043#VThzr4d5xCpuHL,2822709,-3510857.9
823,1,1,58,-5913807,6441883#FyusoG4YlQ8,-7916762.0,-5900759,6253616,6534040.23,-1761939,5152129#pDmZM3PisuU02yr,316455#bZaqee0eRFQ1lsKzZbToIGVTurY4DDsXcx8B9QEUVRZXv8WXmoF8b3zBMjNiVLjH9X8oXJBbXwkup,5971674#oQNtL04fJKuLfo,-669442,4149051,-6240083.410,574580,true,415574,false,-7883564,7914023#I4iya6k8HWFFle,-2602307,-2547732.6
824,2,3,28,-4673841,4710491#7i1yPWL4sWy,-1787422.6,-2874933,-2508533,1662786.74,184809,1374489#HK1IQgoaWaO46xv,5712153#Ga7NGDBl4LhyjiX7vzeM6Di9IvyPELPo2GKXyX9w96z5EXx0DrA5n1jBkyNYQsBoGt7r8YztxHdRU,2236373#iLR6930zUTipan,-3185507,-2680987,8023166.100,-4408325,true,-5494577,false,-7581495,3234143#6e8DoYU687yMVz,1023756,6048840.9
825,3,5,9,-6080722,2745751#PIiVkFi8zRz,1415267.2,-2349383,1045541,-4411409.70,7498988,6896047#KCJK38D8Z6xzZ58,6496226#716hn6NqS4Nr6EnYD8vine9TCI5OqJ0C0HXzACIANXot6YlUxBxRxSoHFZAlRKULnAOXyEkyYxC2H,4074138#J2tA4GTcLTd3vm,6599670,-839986,6105886.660,5161664,true,-7500534,false,7162449,7861724#wb3Ot5abWXf1Rb,1913421,-1869736.8
826,2,10,60,-663752,2624829#zNjU9saOM0V,-8199689.5,4744435,2437867,-6778708.70,-5719166,1660459#drF8XzMveG2GhxH,1651532#EzptbAiFO4i6bleqmBBIv47KqMTdUoJ23dcB1zTz1IX68b5lB185yHZ6pE8LoXohzMV5kJv9PyGGC,7590470#dV3KSKZhN3X41N,-74437,-6100737,-4640769.740,-2157921,false,-3345083,false,-2612719,1650159#SjBS6cbMR9mVmk,-3685622,792150.5
827,1,8,42,8119868,5676510#bSEjuCyMDhM,-6623243.5,-961695,-6399762,-4996202.08,7320276,4510646#I5v6Jw4KIANqYgT,7260210#9u8LnYK6UFGsmwbxnSQ7q5BaqYAmues2Xo1JRzcKbNbcMjm1xOZwssFu50oohqLZtJ4hKwkpTA0py,6573452#RtFPlyBZWqZ9zv,7431910,7567456,-7123346.010,7248711,false,7202635,true,7591519,7534971#tVJkotKU4G15dw,-957489,3836269.9
828,3,5,37,4433865,3206238#5nD99t53oN5,7665030.5,-963709,-6171601,4160811.89,-8195886,2194248#f1nydOpgSuDLOJL,7657231#5P5RJYD89I79u5JlzenSIV1Tg62dVUN6vu6t0LzyHamS4JAM4wJq6GrLT9YDVjvwh7Po7a2gJBRuZ,2865809#Z305GKRw3CNApk,-3549675,-1277423,-6929954.720,-3007761,false,6921135,false,7470435,457093#oPxyhkmS83NMZN,-5979752,6761392.6
829,2,12,37,8037939,2913730#sAXpcOwfuwb,2338354.2,3845696,4272248,-5622056.70,-6640632,1245551#yReB2GqcbC6ghlD,4555369#ByK7yTlMev2hF1TZuSgxtG3QvELcRuhJhiu01KwTFuiR6LKJ8ZyMudvzkkMucWYNcWyI7XzdjQkCr,6530990#nEMvM6xyncplKF,3639355,-1323744,-8187494.530,6207559,false,-4882367,false,-6236284,6967320#1jwBEClA8JzMTC,6351300,2814003.3
830,2,5,41,186342,7993444#MEjqeA6uwCU,-3099395.5,4877255,5022238,4574221.09,156853,3763261#vIRXJrmInxEjOwi,6567095#kfFoTinjRT4TB3hDiE6t0UzQnsupDKR8k8LpCFjyr93QEbKCGL3doRtGsr8LKs10GvKPWjl8TJrUm,2174097#lphG7z3mRG7jn2,-1622989,-7036538,6774489.140,-4760437,false,-2218132,true,5223940,7251247#DhAOn4uoQXX6h5,4899593,1109446.8
831,1,12,42,7351037,5577279#KjTlvNLlwSh,-7508574.5,4158532,-1637032,106830.11,5421455,1895711#1hVh3d3inA0poen,5418183#HJmDAOhVpeidsX99dd2R55JHbsbWUZ4EL9IFwaM1GKCYKGoEVUr8aLoZjoQUHNqb5SKy9RzCyG30J,7945065#fxFFUnEfgySgvL,-4780032,-2163062,4191866.190,3616683,true,2857554,false,7614201,72278#3kveQcATrt8I6A,-4899241,-3188763.6
832,3,4,47,-1804172,6613237#jdxoHdYs4go,-5691590.0,3055633,5185107,-5597977.75,431184,450911#LF9r6nfcEM5aTwj,7752794#FCxFi60VCKTrVMxYlcrKTTtMzfFFn65pDQEdvFNWaMTBwZsCepzc5Cj8edIrtvXV2mVUp6K2D5EMU,894001#fqaZCqJYtUWJ30,6516277,2540653,2275510.060,-4966974,true,-4853967,false,3090859,357026#dm1pz01G3JEChW,-7806655,-6625217.7
833,2,13,63,7673678,4353246#62HFvnFTowo,4008050.2,-7785430,3447238,3677496.87,6038674,5422832#KSqvJnago5PpP2U,4069058#4zU45YDWG9rPg68Knq4k8ots2QUfVvqNwlYF9KwHeF4jyNGdmXiSfQ0p4UZL0zMlgm9qOoLeW3FmD,3391461#gfvM9LzZOrkzFR,-1211371,2948925,143695.230,1965695,false,-2935448,false,-5886044,439446#ug2Syknpl5adl0,-7620361,-2642379.5
834,2,7,42,-337260,293729#IQ7B0Nc1I2o,-5837141.0,-1417675,-643351,7465437.57,7700349,1812980#KoBwLSMMeiel7GI,1250032#9cXhyLuaDn0JM7l0lWKAPfQBniw8GJrUsGmd9csoQYnl1RJfyGc4NaMkJHJfKcX3ijL2vM7cNWIiY,6503853#o85NFlFcJRgW6t,-7478182,-5344187,527418.870,3318555,true,-8009493,false,-5678872,6727527#ynt90JvBnvtD8N,-7673360,-5642881.6
835,2,13,49,-5394428,1814759#YSNTlasEzZ5,-5111797.0,-1107325,1314887,-4408736.89,7487800,1589955#8AF6MzFqC0KOPQu,5230089#kLOFnsfz2UViYv0XKpPFaIn0bnh98yS1ee5gj5IwuG7xhAoFGNlxszhrAxAcorGRpCMXXFqKDn1ln,774117#cnj66fvxPe4uxF,593282,1719848,-6089637.380,3723433,true,-7298763,false,1588347,926062#Raiw5IPsPePiuo,-1568313,2097433.9
836,3,7,26,-5582608,6070291#eJRsRPYcQ3H,-3753559.2,-2645277,-1120645,-4200802.01,-6123749,6232960#YICJsagB8uUbZic,8036539#28LetELYYFzBKdHeolmLAU3trypZkKK0zfS6ulS2OssG4eig2dVwiO1FncFKiX9tRy8uzpKfzUIBM,3650731#7vq16AFZDPMWQq,8074553,-1043810,6698092.750,-6727384,true,1127767,true,2618364,997581#oLvWFGra7zsM9S,7503634,1083204.7
837,2,5,21,1412253,6772130#lnDYy8oNar7,-150365.56,-7973714,3054133,1590930.73,4603170,3727271#qJbKQTnKdXeCTUq,6058116#rT9DIxwlOTAdWP65EaWWpOG7bIVnm3HV16da6iKaTbU0OYI75cUPv7yI1ym2V2AFyESDvyAPjZdjc,7496688#SfrU9cCdoXaca9,-5613526,-7881929,3415955.860,6373119,false,5490524,false,2948991,6938802#lTRpjTjF7R5a9i,-2269294,1965560.2
838,2,10,8,6244817,6631305#Ene7zrk8kAz,1425905.6,8211472,-3526129,5078400.71,1751311,7256211#tiTty8d0wKsz6h5,2853705#mNE3ko7wVav4NUiFRmPQsS3necMJNjtPcyfSIzfkHuYFNAAwATswjUjUgtGhn4DmrU6v79R9YKbjK,2151499#ws3539x9IPiqmi,734714,7414172,965638.620,-5931221,true,7904569,false,3956153,2243082#tZTbQjO4qb0dp9,7082415,-4674909.5
839,1,4,8,-36377,3745249#NzheSMFl5Xr,-1848883.2,-1358735,1608533,-3853925.43,-7308403,3698734#pPONhl7YbZKQDwO,3194878#OQSGrYKWUrhORSAtESmz52St85XRoOVo0nP4E7hGsKX90yMes145PnvSIvG8tVybukGjZhI7MYmwj,1988231#ckblErLS8iHJOt,2557268,2602251,-2625903.870,-498006,false,4002022,true,-2991821,5354215#4sPDpzGwEbOxL6,-7332020,-2398320.8
840,3,1,18,7465721,8254450#MsELcRfevWk,3492713.8,8053396,-436116,-1210607.84,211809,804508#8LarHpT9hO9WIp1,1179902#D2wgKPHqyaXlzp4jSFYCtMYVig6S0zJkU9njXLMgqrCwSokmgP3YMQgIObakmezyGtaE6fDmNM1mY,4392860#STW7qd8UjYdsQS,-6136914,8013514,-536501.960,-2129178,true,195825,true,2562659,7932443#5J5OgZuWCYIw7q,-8143666,-5197185.2
841,3,10,25,6049363,8306314#zEBQxlIBI67,-6600005.5,-7114095,-8069373,-5053188.55,-1280270,5111503#YdJGvEBRMSyU6fo,4292275#EZHbqgimH7IycVUYGvlEGkBpNzc2IopRJWWsG7huaRJqpWOPoSHSxdkB8EMwg4pAjbOvKR7sPzxqP,4521447#dSZyVge8DFNJbf,3875478,4721859,-7760476.410,899650,true,-8072770,false,-2606904,204086#vwxTkzrzRJR7j4,2459929,5845301.6
842,3,3,59,-6271491,1288107#mA1LT7QNKzv,-2101746.8,2669003,5011047,207860.68,-5038807,403657#ed6SLafnoM5oULP,7079758#QpjffjHOLgfVagfhuuXZ9hm5r5YGqccToXZyBnjyewPIFaghm7SbWyZ7QuR5pwLwkpbtV8XeFnO1U,2240760#gahYms05gaxFUR,-5312042,5314919,2903970.870,3290256,true,-5543379,false,-1471947,820677#jKhmDwZU9PJAik,-5065547,-6932104.6
843,1,3,34,8155277,2402060#Guz2S3S5C9D,3830309.2,-6082463,-1048912,3186395.34,7753499,2049642#WTQJyahTPm6wAgq,7412403#aiyzccYX8j86cw1iGw3oeFikr0tOIgsXaATsG7H5fENknuCbroGB6PVv4XIl182qGBzJDSYbfd4JQ,1904089#8O6q2YH0km7eSO,3241871,330463,-327338.800,4234763,false,728862,false,4393283,1743354#MLCcQPh9Ml510Z,-2608337,-486277.4
844,1,12,17,584994,7115461#0UkKhMSoe7X,-6165849.5,2935118,7777041,5492678.31,1624947,5809123#Ib8LffQRHdgnKzU,307880#sSQa4Lr4vdYj3rvn77dVT1sEuKSHMTI8QFEZXd7ct3FNoXSuxgj3QNqZCoNjQXlkdWwQSL7FuiH38,4423163#JkujmRjlPJD8HQ,-2214757,8034684,-1121695.660,2872365,false,-3084386,false,3511877,4419439#WXkOFsqNLdbwbX,-5604788,6201049.4
845,1,8,52,5619620,3999293#pPps35nXBib,648711.0,-8293327,-5219752,2599318.30,5532482,3374224#6HCs6p9McS4eEWH,4761107#t9kHqjZCt63tC3gMf6WFOMPyZPwu4voCMhePJcA5R3thAkIPlePYzvszxtvXulkLl5mHM8Fuo6mk1,718918#LdzwDNlE0hMDLn,1988196,4438956,1447430.210,-6283902,false,-5276699,false,-7317175,168515#HbO16OHri2HgjY,6978692,4417712.3
846,3,5,40,564400,1956628#uJTttAUEUJw,7877750.0,7138056,3316916,-8185761.08,5591381,7078248#f1nydOpgSuDLOJL,4678833#7sKgnTKESXWkLlTfppq06daxZcysSBvhRBF4vg3VoEm1Lq5jnypOMJiZK7bx2cRMgXxnmURNuOmKZ,2340151#bfCDFAjaBBQfxQ,-3434910,-178351,6271382.890,2390795,true,2681996,false,-3454343,8041160#AbzX3TbOObjEEh,2108734,6887047.4
847,1,13,6,-7713745,584093#AgMZX1yk6Xc,-43114.68,479800,725591,1127872.30,-945982,5319031#TUhtA4rDt6XWYiw,8247089#kLOFnsfz2UViYv0XKpPFaIn0bnh98yS1ee5gj5IwuG7xhAoFGNlxszhrAxAcorGRpCMXXFqKDn1ln,8138322#qpKkjPqpsb3zVk,4432956,-4241736,-5763136.130,2470216,false,-3566933,true,-5175957,8227026#dm1pz01G3JEChW,5851258,-4326214.7
848,1,12,11,-3564714,7103050#qA02ViJT12g,5455948.0,896442,6734469,506077.22,-855090,6599721#nEFxfON31f00Kuw,2105203#IUkJkE2J51eCr9JDkYKQ2gC0HmFlHkbJNfjzQbY2yETn9ki8hqFFZNVjiDe8lVbI7zkjrk8TtW6IZ,1159458#oCBzVgLTH5d3ce,-8194968,-3659983,-7618532.610,-290762,false,3507195,true,-4144573,3238200#GSd6bc9Ul0XQDY,2620885,1988614.3
849,3,5,24,-627719,5094421#BUYM6ExGhwM,6302824.5,3336014,4609525,-2561767.26,7497068,7718401#zk7rm7knF0vs1RX,2678021#PLWuJ6MZEgxPyYKi5CoOMUQWQ76YiyEi69RxFFjl4R8uDzbngWiR6heaKrPeYSr6VcyrQQsRdWwT7,2879014#b73skNYWvIdI4r,3443714,3035076,-1752187.260,-4296235,true,5734873,false,-5065743,7853106#qzcFbm42JadLqb,-3288303,5990729.0
850,1,12,55,5044601,2507039#7IO0oCanz1i,-361450.03,-640711,1410872,-6604483.19,5960731,4319210#j9R23bUApLrHVHJ,2744050#IQwA7ypRXNZQt3UYjCKMCZNqOo92hXGzcyxife4Qqdg0nekX24R4J547RlTYcb96gY0QO2xVYa8NK,5752000#6hlFbsY12vX6au,-2374253,-4370001,-3893543.270,-276381,false,754704,true,-4908323,5918680#RqPqGVgE7zgelx,-5139323,1461648.6
851,3,4,29,2950248,7131160#HSI5GN7PwKb,7320486.0,6437023,-1462887,5334309.77,-7052544,6796501#r78kZ5rgCKU5ZsG,5871711#GT1hfPEejQKsjiHzZHW7KbcCJXBonM6YidZDngJ8iw6ovkoGipCGPrIImOWdUWsQYp74ey1m4p6Ik,7300035#m3mWHzJVCpkXOl,6012866,4471147,-907555.540,-6804659,true,236278,true,-7574400,7682608#CiLAxRDJjFf7o4,5100772,4284434.4
852,2,3,50,-101158,2631579#OY1Q1uWGRnx,-7446048.5,-5806776,-6245933,-6974852.09,-4469046,3592621#PM4cRtuHauoaRxb,3857137#2XtIQHh1H2SpV7pkGINZr1ZQbaXliRdTHu4jimQPE8ZxyjacHgQQ96zx2Wiwn4V01ATJwekwajJSu,1642228#c9IsncbW5JatdG,-3475404,6603415,6598815.430,8305451,true,-6630322,false,5658765,5108088#AFA4iKwVXZberh,5101180,6481094.9
853,1,10,36,-1124404,4637408#IDxSiJ62nqm,-6364008.5,1018718,-90681,-4356838.97,262156,7578211#tiTty8d0wKsz6h5,5323392#GN3OV1rvggU5yY3h8HJhfxjS44PC2Z9Zr4ufB8IYsDBHqwXHiZz2AlU0B0vPJLqO7QZ1gIPvfQ9H8,6478913#kTOGeDFzzuD5sZ,855490,2200776,1570209.650,1099377,false,5168677,false,743935,1015093#oPxyhkmS83NMZN,-6478742,-2340881.2
854,3,12,19,4675830,2309694#heGMq5Vypaa,6035267.0,4851587,-2392116,-1909867.82,6266167,7249402#vnjPnCJvkUjqP4U,985592#bmoHGIllgC4WWGKbrFb9H1d2M72pNsIYSIyi161kXnwLF5ta5SXlSeQT7V2JCRMqn3FYLcmeqGK9U,7018081#ovuDE0jRRuFRso,-5081242,-5568615,1589289.850,-7476714,false,1325897,false,-3824747,719294#c73tCKYOGJGQ8h,2493398,2163046.2
855,2,5,5,4337665,2517618#v3q2krGTAWM,3905126.5,-7300232,3851810,-1281466.59,3207636,3461832#KSqvJnago5PpP2U,8378071#L5qT5FuxAps7LTIRvvcXIDY8ZKQ8472sDlkStEK6Jw9ZWdNTThFxDkuTdnVdvoM5WCFiZy4mGUlav,4085097#lphG7z3mRG7jn2,3445630,-4112834,1162467.060,-5861690,false,762695,false,-28310,1110538#vAT0hNVtHFx79C,-5152902,-6506980.4
856,3,2,24,-5109705,153762#Tk9TmGb7v3y,788431.0,-5264437,-8441737,-5124839.23,6510809,8375229#wWDLZu9bjghccp1,4985388#O8p3fZThpAIJnWOHxIWHvvKgbz2Pu7JW03q1WCrzkfDaHRo0Ydj4xj6bJgujiGQBHrHNCNaZ8g2dG,1705687#5F37tIxqqwjDxV,-4746850,421353,63628.980,-7737176,true,-1654741,false,5970818,4737144#MzgIDfL394ogdT,-1263410,2838427.8
857,1,7,44,-7071273,6436994#2EeLBMK4IIl,-6040671.0,-1893211,7050758,-3281629.99,1088951,3777732#iHdPY9DfyIyhK6D,6110677#tkFq9JsHRkE2MMTRO0qhd5R3AuiKr9t9737teF4nfie12C4umblV2oPFy84KV5GgUxLI6cg8Rdmp2,5827395#wOA5CxLBrTo3AV,-1514550,-1621654,4035661.400,1636456,false,782612,false,-5433132,5166261#cqnWKBjh0MrKQs,6974264,-3224962.5
858,2,6,42,-4716769,2471194#BANRKq0Qsyv,2461135.5,-6228719,-343997,-593024.64,-4053095,4265085#JKfVBOATf5o1OFV,2052562#j9wRun8MQweDoPoGJCVJqg1oKWRahoxv0927aj3cgF9909DUOGHJFADsdLavgcDbZCSIWeL1O2z0o,8119508#Z4Gk7tPhQQQ7aE,-3400754,5167015,-7946217.940,-4228034,false,7448722,true,58385,6730746#BSEv6oo85MBahN,-1105316,2372157.9
859,2,10,58,-7565608,4289512#RvgBiiLGdG3,469327.78,7578488,939167,3521766.14,-3659762,2644043#OpC1SAwbZvJ1Wk4,6171940#TxIAmKiRoZqiPuZ0xm08vExmtTTA5nlselwwcLIGNU9qXBV3acFac2lT1VUSsLACXU7N9zNLqdrMN,4236664#S09V6vHV9q6qJ8,-4403853,3065984,-8315576.090,2437718,false,219524,true,3656969,2687386#cZnWbHuU3ih2ut,-6420059,-3486560.4
860,3,9,6,-872243,5369520#OXYGhINHwKA,-641999.44,-6325239,-6796438,-836267.02,687393,227707#rYHOkvrwjVCPpjM,657819#IxKkftIiFE0MLeYP3DKNuqcJCRFkd4A8mXE2wAOYqs5gyIaskJyhwAZ2DJ2f1m9HgnetV8286PntO,6538640#ha266I6GlAaDLk,8111045,610394,6806764.920,-3469868,false,-7600736,true,-2219609,4505083#gV2aYnmS84HCfd,351897,-5496818.0
861,1,1,16,4338516,2568808#FcCB3jmexoP,-4060844.5,809347,-260214,8603754.02,-4258144,3127202#2iFOIwSMWVbFkqL,2804277#SPegRdkpCVVu6fnU2Va042l8ukBBlHiwLHUx33soT9fXvYHb4LELkfH1jwpE5GJly6AtyaehnmiwU,7134952#PItSOlxwPpIeDm,551818,-6050334,7087435.210,-6972527,false,-1597345,true,6803334,6459632#oeXbQCdQBGsVij,-7527024,53962.2
862,1,7,24,1939902,7301297#I1DX3SccdJv,94298.83,-164944,-566326,-7558387.39,6291012,2324964#ooqERBPzSDCuT1l,7247797#BGEvbHgxy0sKs54oF6pHOjCd0V2LPerA7TmPEF4OKQgU8fbzhBPKnSETQQaQEBm4V3nMgqgCe8t2G,3169164#8Dq2YBDdmgWrHa,5029653,-6525290,5177085.340,4554939,false,-8080482,false,-1694225,1825587#7gdIsR3tUEBPhy,-6377379,2395180.8
863,3,7,48,-4945401,5813523#oTMPcxgOpyi,2019573.2,4783556,3713609,1403842.67,-493670,633542#WwpKV8xAhXIVRrP,8458792#RygvoY0ai9yriwMl4VS8ymbABF5rtjfy0YqiuoKepkWF0Anhayv8KYIpZxr2EY7zbX6pUITPuwWS0,88766#3qW1kYKbqQD144,-2314471,-4508536,-6285927.600,-7033401,false,2825891,true,-6702159,268693#BE51FZg3LHJ7iu,1040635,-328.1
864,2,2,4,597638,27922#bKzrcyGLyzn,-6920910.0,4766338,-5452415,-6782807.74,-554120,7860365#j2QWn1yIweylGD5,5262129#3aCJ26gxw26HQWzkWV6Yz4lyaaik8ylxSAI7nx5EjwBSmLFO0tBVQ1HR1htRyJEPFw74CsrV4eIV0,4451107#DmqkVDILMNtf44,-7965420,6553689,-3147586.330,7576289,true,-511847,true,4196357,3950723#mayR2zGftfqB4g,-6195307,4602050.0
865,3,2,2,-6001717,3755965#NLV1UpYEpir,516107.9,6966157,-3086150,-833605.25,-6888693,804304#T5xRKLZmdOJvLbd,4362565#uI8RK7DS50TYYifXGyaJqG64Dbf9bwg69nmW0DON42ZGbuHvRHJDqh7HizgtgFBWsAkv94UQDIB4U,5032334#SmUlvlWOwz5b8W,2950593,5847441,3393556.950,-697152,false,729012,false,-3792232,4454089#3A42LIv4C9Nl4i,-2417413,7059341.3
866,1,9,5,-1866593,8145803#fT4EJLpvbW7,-4942640.0,-4007054,-4088690,7747015.91,-1457237,1085258#ohdiBUB6wml4aKA,8071701#BBXxR3oatLIieRj68OiLLFpRYwC4LhSynI2T2wI4a5fm0sQDPxVgQ1uKWEccaQu9o5TGqeDeskQYt,5272260#lPsZ7suoLzjNeA,1072508,5632071,6324228.010,-7677478,false,-2900140,true,3413428,3008413#znECzG7eV1Myii,-2759551,-2139194.2
867,2,7,52,-7737007,4866151#c1SYJau0xaB,-3528928.0,6333076,-1447934,2820767.83,5192494,7149879#LR7YOw88AfuWDQK,464109#AnKMSUQ5xHifs2cgluzS5010PBwKjP2I8InqpdFyCpyAEGrzQa23ryj76syl0qTa8cDC5SyXQzpDK,2601915#UU7YSjuHuNB1Ce,2898483,-6955327,-1960209.110,2684363,false,6858505,false,1451879,469014#n7vLC1UlW39VfY,-5381319,-2154917.3
868,1,9,31,-5254515,7238984#d9eUaTpSmuN,-6129799.5,4955044,-2644280,-2360301.32,-6706780,589843#fD2K7Y3VDMFMTdV,3028668#Vx9QR2pU5BlTcbCE9V7ImgkhNPcdp103GiCyg2KpcXbxHX0LzfacON4OaY9Gu46TwMRyrC149uElP,5934340#wGLCr7QPm02wUj,-4307255,2475654,542999.180,4097986,true,4423281,false,35496,4197396#8JzZWO70Vx9NbN,-5614603,137236.2
869,1,12,5,-3429330,4405232#BWAUhtzS2gm,2248063.2,4406510,-2757244,3868188.39,-1831870,7701113#FupCpoNlmnnm14r,4234527#Y6mhRjm5fQHHwio4xP9ABhfOIGmpw6Bs5BKhjy9Z88iJ479ys5UfgmgioHNlCmNwHE7sznZemfNiF,6120444#ymuNw2DrfCvaWJ,-7645911,4545817,-5547829.930,-4423204,false,-4194234,false,-6308511,804175#aPG1I0m34s0Njg,-3217086,-1980822.2
870,1,2,52,-1347529,5924655#OfZ9KUtk2gh,198549.02,3522796,-2519836,3272104.43,292896,6007203#2vDZWHz43zxNZdP,482378#EDlNngIiWyuJKNEMNtVCOsZAjUUtpspj6dVA6YujEe1fW2mhs2ra3geFK1Y7UR74MnTZe9BzYravm,8150200#y4p0LlAC3X3NjB,-57511,6131664,8455500.030,6167395,true,2560705,true,8359258,1458845#Dg8CBdXjLattdh,-8426491,-5717395.7
871,2,13,3,-6596468,3372519#LYPUoHkwSpn,-4906020.5,-7782878,-8275843,-5074539.06,-4792798,3267221#4yT0zxqGOJswWc5,2711880#sSQa4Lr4vdYj3rvn77dVT1sEuKSHMTI8QFEZXd7ct3FNoXSuxgj3QNqZCoNjQXlkdWwQSL7FuiH38,1735544#C9NZIobWZEIoM5,-1417149,-5051020,-764829.500,599329,false,-4704874,false,3616756,4151320#1jwBEClA8JzMTC,5554409,-1990769.2
872,3,12,43,6417642,4880611#zWCE5BwAyB7,6700751.5,-6365860,8601863,2413459.16,5389813,6762450#iCX3ybKFZhea09x,5875981#WXuZwwlsQoh7h6sKgfNn2fsG4QjIpXGLeO8qGh0MqsU7kqb3y4psJRey6qQQ07I0ybPDt3QaehA6Y,4055712#i3Ti5Yd8Lpm2bk,-4526647,-1937527,-6561405.450,1218165,false,4990067,true,-6954078,3374504#FBpQCWu3F0ZWl4,2994931,-3724875.4
873,2,1,62,-6273581,6833122#VL0yk3WAzDB,-8397562.0,-6259175,6633664,6931422.23,-1868794,5464622#lxbiGByt0pAhchy,335564#LPk0eyw2T5yn8TpZ3HDo3ZedPq24sv81o1tNFXvf4i6o7f8h9V2WiDpuxjnDUyvqcLa8TXalZOGQh,6334118#3eWK2BrQZf1VoZ,-710098,4400716,-6619701.910,609730,false,440338,true,-8362664,8394740#v5ubHx5ZoG4Sim,-2760838,-2702291.1
874,3,6,25,-4957303,4996306#gbQ294tPRXs,-1895422.6,-3049275,-2660427,1763579.74,196234,1457792#XnMfjmFwrXgk7US,6058517#TKWZLrleWfUk4VvXJsIja2mAmtlPwxgIipZeeaoUTUNUdn7TCvvBxTUW86uFmsP6Impe2B2Bb43U6,2371694#mNJxcvFFSjK7Xs,-3378607,-2844240,8509896.600,-4676100,true,-5827784,true,-8041345,3430348#ZsZUnhB722g6nl,1085688,6415717.4
875,1,11,14,-6448985,2911897#s9C6KPL46LI,1500867.2,-2491795,1109113,-4678541.20,7953063,7313675#EzdI5X0sBr3AuTu,6889335#43YhB58MpPrU3mF9r4IO1CrWjBPn6TVYzE1eY5DDzGJcB53kjGM5xXxhDY9MtPdrqPovNC2crgA2O,4320848#7bkOqZGMijYc8R,6999755,-890887,6476123.660,5474514,true,-7955532,false,7596599,8337955#juoSDD9lLJFHJe,2029596,-1983539.8
876,2,7,22,-704502,2783419#GmFSYYWvAm0,-8696490.0,5031272,2584993,-7189414.20,-6065316,1760853#1l1gRWIOqrvf1x6,1751031#bfpDZLeDzg4tq4Sl5KHPQ24htdGiOFUOuanaChlVfPQy7qYQEkY6KZVbtCqEw0PTl0sRmGMvyqo9o,8049631#UilK8XdLAJC3px,-79277,-6469691,-4921560.740,-2288721,false,-3547360,true,-2770869,1749488#qbw1mNP9IaUKEo,-3908219,840355.5
877,2,6,18,8611187,6019377#59NaFeR9G1t,-7023243.5,-1019336,-6787284,-5298710.08,7762426,4783281#tPV2EzKW4yknliV,7698821#qCpzIX7ARY6xEP3lKvcUlTGOTw8yoqtNth4aGoSnrmqgchwwoRD2DZBvqxntzIbutEg32yUph9idG,6970758#fwCcpEBZ1NAj7a,7880783,8025200,-7554315.010,7687236,false,7638370,true,8049994,7990257#kXCAEn4daAzVu0,-1015513,4067683.9
878,1,3,38,4701560,3399681#726mdfvoSV4,8127430.5,-1021968,-6543860,4412353.39,-8690886,2326204#05TkS51v4bZyKtm,8119124#6usuRdbS20WbYsCLqQ6NHRvWsHWKVVAVjA5tOvhViQc4ad6maSJJub6CYrISoxXk9OrIST9AqjrCx,3038296#3sEMpx2BfUUZ1U,-3763628,-1354860,-7348787.720,-3189411,false,7339162,false,7921535,484105#e7XLKKumZZYcLc,-6340687,7169233.6
879,3,6,25,8522772,3089122#VL0yk3WAzDB,2479154.2,4077167,4530404,-5960758.20,-7041732,1320136#XDtJ84tfaJ6mViC,4830018#0YxNsflqwZAtzzwUwLwiMTviO7meF3iU4M4RaiDkPW5XnC2GyoZ99lkh5NECXWxeA1fJmUwQPDJdh,6924615#ASykvCNdswBD8Y,3859430,-1403837,-8681747.030,6582415,false,-5176866,false,-6612921,7387303#l4lVsCeJ13tQx9,6734196,2983739.8
880,1,11,36,197956,8474857#uM69bkieOmM,-3285795.5,5171268,5325258,4849371.59,166053,3989904#r9pwBVgWzN2hMBh,6962285#kgf9vsbrK85Uy1ETv57cBEkJhjrpaDvdE0hcCUihrTxQXZaKANhcYrTvfbmim5As1OYl7T3YIGhHB,2304801#MrOtJ7en0L5HJ2,-1721003,-7460411,7182843.140,-5047175,true,-2351215,true,5539128,7688018#xrmeqhw16S4gvu,5194396,1176613.8
881,3,4,6,7793368,5912447#qTwsYUTBIx3,-7960574.5,4408513,-1735779,112692.11,5747305,2009198#kr9ZAFVVD8AXzCm,5744156#F5ggvRbtEunUSMSa7I6dzoZVKdhaRf4eALATlSi2M6mlYbQ2gxRnHTyOVIENXxiotAb05npICPiQJ,8422951#tvtEBeQOtOsNwF,-5068071,-2293716,4443611.190,3834533,true,3029093,false,8072851,76371#ZKBObZov7TUyaA,-5193746,-3380342.1
882,2,4,22,-1913104,7010289#xVrbivVacgK,-6033990.0,3239016,5496423,-5934887.75,456959,477831#FswcdnngLrKONTY,8218413#8E26IOpoKmin4pFg65VZDoA7gKqZenGVsWNNpTpc2zj244rFa1iCj8AJyACIcr68WFmgmm12W513k,947212#qy1lcK3QDn8ks4,6907305,2692998,2412578.060,-5266037,true,-5145554,true,3276659,378464#TJfOAJR4W6c2oX,-8275293,-7023780.7
883,2,6,51,8134839,4614329#2Qkk0y2Gdjm,4248050.5,-8253271,3654277,3898449.87,6400774,5748185#RaQRfn8RtUd1gIq,4312719#bs1aYQMjN5K5TKLhsEJlFfgaoHYVPFX4QhnAEp8udATdTPCO5hZ67JftjLs5NyIpKXXlB1qQtniLP,3594722#ahhvXbQ75Sh0aG,-1284193,3125564,152316.730,2083770,true,-3111442,true,-6239144,465491#orvLMorTtf5C5T,-8077712,-2801330.5
884,2,9,2,-357629,311115#wQ4vnUHReVB,-6187541.0,-1502602,-682065,7913304.07,8161549,1921433#eRZiBayMUzyiXlc,1324483#woP1unA5cOUKKxbz9iZ9CzofgsDUxHTi5WfhkrKDHdjTBgY4xOGC3goOcpRnkPdN8owN0O32I8sdU,6893457#I1iR1LQGL8YOYk,-7926184,-5665154,559051.870,3518005,false,-8489252,false,-6019122,7130843#Vfr3DM3jeuFOo4,-8133466,-5981705.1
885,2,9,9,-5717137,1923392#bGKE8izobQ3,-5418197.0,-1173777,1393502,-4673182.89,7936450,1684569#pABJof6AGOlguhx,5543208#ZOevcRXxWjie1khjjkl7sUMxzZAGVx51vAFLOb48rQKDsQ2pQ2HrJXdZ61KZSx9kOvPQRa0hQ3Sic,820454#y5US3Do2piCAdT,628498,1823174,-6454497.880,3946783,false,-7736327,true,1684035,980916#8Cpaon0lmMo3Ya,-1661769,2223215.9
886,1,1,22,-5916080,6433094#YsNAxOfHspM,-3977559.2,-2803720,-1187524,-4452438.51,-6490149,6605381#KvgBDm7zCgp5imh,8516914#M9i0fh2H4hjcOLSpZS8mnMYX5kvmPJ9GFaSsIOx4pDstBf5B5DiNReeE6w3wWauWUquWPceZ87H3a,3868943#zkBoR30ChaDiIw,8556982,-1106234,7099155.750,-7130134,false,1195439,false,2774583,1056835#bJnlumMKVYyBtf,7952398,1147495.2
887,1,7,41,1496365,7176159#iSQVAyj7q7n,-159165.56,-8449579,3236651,1685677.23,4878320,3949626#9n0wWNR0Rt3fwDV,6420007#RWfGPoJJL7ZHNnLx8eyj3I0MXdjkrAr3FtHeUEB9ENayFFSudVB8dhFStfWS3nGdn1sdePf9hfdzG,7944437#dVyn0Q1R1NKVGC,-5949015,-8352640,3619532.360,6754044,true,5818248,true,3125266,7353216#J2B2QthnzDABSV,-2404945,2082562.7
888,2,13,38,6617326,7026961#GxiMjEXbwTK,1511505.6,8701385,-3737070,5381664.21,1856186,7688965#BFgNo7NOqUUrL9i,3023769#WgYJWJKYH477tGX2izEuV7vkdw79nUTevbL68FbOgFtyEMQ1d4IcHvk9fc3Qiw4OQxpuGQ5azS0t6,2279522#xxCba5EMv7wyeu,779138,7856283,1023649.620,-6284996,true,8376767,false,4192315,2376772#Jfw2vjLIzE7dgo,7505020,-4953551.0
889,3,6,4,-38466,3968043#Tx0iHdKiOFk,-1959283.2,-1439830,1704698,-4083138.93,-7743503,3919081#Qeeu1a0wP9J68aB,3384838#kHb6BOFJauKwNlTIjB36vDiHEt1cS4ECp8VWCUevwnJOCteDr5a814lK279KBwqhE6Pixn5ILtChg,2106589#TMboQZqhSRH2XZ,2709845,2757219,-2782296.870,-528056,false,4240230,false,-3170667,5673286#aZyYO4j34fCoyk,-7769086,-2541467.8
890,2,7,2,7910086,8745406#XRkw0u3L8Af,3700713.8,8532935,-462447,-1283077.84,224646,852259#EhDJsZMUAG1dQ9V,1249612#ht13hSzWsLkNy89CFfCPdgr0z6v95thEzrV2TyioBbAdqKRCWhD0ce0o6Ph7gRO9O4I8MCRwOcLQ7,4654096#PU6bGzNzuGqAVW,-6501673,8490930,-568266.960,-2255403,false,207577,true,2714934,8404403#csfWolFQEYnUty,-8628742,-5506986.2
891,1,1,2,6409410,8799998#aMDB37CxAWb,-6992005.5,-7537184,-8549418,-5353162.55,-1356120,5415221#4yT0zxqGOJswWc5,4547119#2Df1eMP7eAUg195VqLtI71MKgVWSCi7Yr9EVINE6VAcJR81hlD4PvzUc1Rvo3LBd3hfDbsYk2TNEo,4790020#TwhGLEM9DNtHtg,4106453,5002072,-8222140.410,952900,true,-8552984,false,-2761479,215823#cWg0ZjVPpetxcm,2606644,6192641.6
892,1,13,32,-6644253,1364524#3V5beSnevFy,-2226546.8,2827622,5308133,220602.18,-5338432,427098#1wEw7g1hrM5VQzm,7499801#1z0i4vSdFSTeCIQy0a9N8pIvrkAczVC5BplKSlwZEvs43EISVWpJRCTjw6QCXFAlwDp0VchbQ76Uu,2373239#X8Xh8T8raSA958,-5627515,5630809,3076826.370,3485156,false,-5873023,false,-1558922,868915#jNM65XEE1K16x9,-5366571,-7344271.1
893,1,9,47,8639253,2544150#RQi8Fp5bODr,4057509.2,-6443626,-1110708,3375212.84,8213311,2171210#j9R23bUApLrHVHJ,7851587#w1iUbePxPJCeephC38775CqGFyqpSLmq9B4lACy2qoktCnoIcJ45GpOMBYLIwThPkjlnGIRYMtYLa,2016755#y1UFBWb7kZhWv2,3433690,349966,-346965.800,4485438,false,772386,true,4653358,1846424#6BDy218YxIiFyD,-2762661,-515611.9
894,3,4,34,619823,7536951#YGRFrjd8jSJ,-6531449.5,3109496,8238170,5818068.81,1720922,6152761#5GtumqwD0maUyVd,325799#uIMJkQLbIhgpiHKcd49DXmsgIKGvi9lhn7zxIRAahYAtX5keSq8EEXPi74IWlzfmu38BkX3yH9t3N,4684996#Dp7KKwUz4E0vaZ,-2346445,8510307,-1188168.160,3043015,false,-3267309,false,3719652,4680721#rcj2osweiCARGs,-5936713,6568313.4
895,3,5,20,5952527,4235747#488M7DGDp92,687111.0,-8783559,-5528756,2753150.30,5859257,3573753#PBTls2FfQyCRRmw,5042613#gxtwDOfRMRvvpxPZku2lwwm12uubnIWqdtF5wiF3JPHQeRj8yfuZtTixPgRDmkJoUszDVAEYipofN,760897#Jk6pKwC5sUg0iT,2105748,4701858,1532854.710,-6656102,false,-5588462,false,-7749762,178476#tj0mNe2BGhwNX3,7391796,4679632.3
896,2,7,60,597389,2071895#L5kWks6hISo,8343350.0,7559391,3512995,-8669261.08,5921331,7496442#WZ654SkAViK2QBS,4955054#DC9FMtMG50ri80qV0UXsfz8pVQzjBdGznyV4GmIbsC30cJCVk1MUy6I3VMdE7O39Qa9HNDoEKD2Lj,2478274#MWXPsPGuYkADzP,-3638083,-188804,6641604.890,2532545,true,2840309,true,-3658943,8515930#6xZHTNNyIJOyuX,2233227,7294566.4
897,2,11,22,-8169082,618208#1FTJU06SXV9,-45514.68,508496,768957,1195029.30,-1001532,5633011#Oaxlg0pElHnWlHV,8733389#QdmXNTuPNd7NQuAZxAsfOlLK2xjtT2VJLlvMZInfdhLgStfjCxSWeBK80pYF2n2G23o43FjaX83xN,8618333#zhwFLbuZ9D11Uo,4694218,-4492583,-6102971.630,2615466,true,-3777355,true,-5481782,8712140#04CcPD1sWqG7qD,6196097,-4581181.7
898,3,4,10,-3775094,7521378#lo4sVBr0I7m,5777548.0,948943,7131562,536443.72,-905115,6988413#IWRhuLDDDr5eRGk,2228755#9FCbyjmmRsvEZNUzAVVRHbpovLmiRy3odExPQmDErnQrLkeI2L39RIY4FlM7tD0u8cjfdhgN1Q4WV,1227322#qpKkjPqpsb3zVk,-8678729,-3875616,-8067269.610,-308437,false,3714120,false,-4388573,3428680#RqPqGVgE7zgelx,2775441,2106318.8
899,2,13,24,-664817,5393864#5bw1x6kqBkH,6674024.5,3532152,4881535,-2713146.76,7938968,8172635#aJM8bNxbXPcKYAD,2835610#Ygzds0H2BNWy7ELrD9WO67pmRGqeLd2anGNe7Dj0QxvsnrhHX9qroWJc3vywrDQNkGzlU6Cz5xS5O,3048300#qeocEgFoUzaWBU,3646638,3213371,-1854867.760,-4548985,true,6072510,true,-5364243,8315234#kufWMAaiM9sMi7,-3482140,6343558.0
900,3,14,36,5340863,2654407#FDUN43SBRZB,-382250.03,-678512,1493499,-6992723.19,6311931,4572992#60LOilyRIsfCtqH,2905016#qYXbEXxPRrVLRykkUahlfDHDkhcd7ljw5l0SbvaNFgCpGlDv1MQXZCU1FyRo9DbK92BSBYJOxRMRL,6089823#ZpVIB7QjP8sFsi,-2513393,-4627058,-4122216.270,-292856,false,798758,false,-5196823,6266547#jbH2I5kThbYGb0,-5441297,1548039.6
901,1,1,28,3123766,7549601#v6D8E1b2pwi,7750886.0,6814692,-1549328,5647561.77,-7466994,7195698#OwEvI9LfCwtyMgb,6216128#Hml8xTSYc9MwTKuKDwJ3rvqWCzZXq1DxRpIkKpeCXlboPeumh3iObZcPyLUYNnKl6zf5FDxGQ4AQt,7728788#ulnvnP1OZBRInb,6365621,4733332,-960988.540,-7204909,true,249842,false,-8019200,8133761#VsHIk22dTZGitr,5400125,4536242.4
902,1,10,19,-107674,2785542#4NnuGjOfHor,-7882848.5,-6147596,-6612848,-7384582.59,-4731496,3802871#JbxGtHMx48bvL4p,4083395#9E2oPcd1drq8yAnw4P1fFqWXMFt36P1HCCMznjJXoBabeY1D8ae1onhjngEOTybYDjHQ5O0DcVqzR,1738215#6h8EKJvcsS41Hp,-3679626,6991024,6986609.430,8792526,true,-7019996,false,5990615,5407425#uU5NsCvzYoGpy4,5400847,6861216.4
903,1,14,54,-1189967,4908686#rCglIzIL4Yv,-6736808.5,1078144,-96466,-4611883.97,277906,8021984#odrLZ6aXCK3wyBz,5635423#4B5FmhkJ27r1KLQt0gmGGIoXChSJTLTUmGRw8SqOlrInsyz7GLRhIV6jKxwmeMGdJ3sUSrvet8aeS,6858646#v5sHTBCzZpgFHx,905771,2329671,1661867.650,1163502,true,5471297,false,787710,1074052#DcccVm5i25UAzh,-6858856,-2478052.2
904,2,7,42,4949883,2444623#zTzq6kXouOa,6388867.0,5135990,-2532428,-2021986.82,6633267,7673694#8paFfIr8ucd8CxR,1042804#cZfRl9LnCjkw3rkUumSTGLaiiYXRArvrWyzhAwsJ7oYyc3efCGuLUjbgiFnI82wfQm2A1a21nhPhK,7428446#2MeUWHR4EWB7Cc,-5378491,-5894611,1682880.350,-7914664,true,1403154,false,-4048097,761388#IX3GolJ6WL5Rb0,2638996,2289228.2
905,2,6,62,4591759,2664603#9AlyoFfIvz4,4133926.5,-7727181,4077341,-1356614.09,3395348,3664255#2f5bWXbfgAgkYqk,8867567#w1Vy1Bv3QMesticjnF0nsIu76BV1FE6w4lSpHolrzqSJfZjJFaYwG0OboN08EcESeTja51Uu5hatO,4323543#uBIZ4g8W7OTavI,3647393,-4353521,1230188.060,-6204015,false,807856,true,-30160,1175444#I1wsZbXbaXqlOp,-5453977,-6887640.9
906,3,12,5,-5407606,162586#VrXbDhEbP9A,834031.0,-5571724,-8935276,-5423662.73,6890559,8864093#0WNRUvxUkfc6v1r,5276418#S9X6nhs5lpZlxXYek2czMzQPXOiOMID3FpE3VjcxQ2TAwCIFoBf0OWK54eC7zC6PBjtLTOkk56s5e,1804855#uxXtydINoipPoh,-5024260,446387,67779.980,-8188626,false,-1750823,false,6319618,5013796#DaipdVK1HwFbzc,-1337454,3003963.8
907,2,2,25,-7483608,6812195#G898BJWOjFl,-6392671.0,-2003336,7462694,-3472732.49,1152801,3997593#dHYvBylEYEJlgm1,6466690#Roijo1P9QwbRRVFwY2EZB4zhtmgELAs5arYPbPRKpbCm4f7gSo8CsmkAF5JgLT6tQqRPVlFE0pHPY,6167050#V7ukyjxiU8hS6M,-1603072,-1716210,4270882.900,1731906,false,827904,false,-5750432,5467202#adwbFEF4AJoF1E,7381238,-3412830.5
908,3,12,57,-4991696,2615027#WwlIxEjPCxL,2604335.5,-6591287,-363754,-627815.64,-4289395,4513111#Sq0OIEBfGEgsBMt,2172100#vKdDgLswn2KifAZwJ2yiMVNOqjy6pR3JnJR73KF0s9XBR4ZUjrF7PAV7ioIHL4EnDZsAA0smnLQaM,8592413#Ix062Q7EzXGZGD,-3599298,5468702,-8409613.440,-4474334,true,7882762,false,61685,7122723#mayR2zGftfqB4g,-1170049,2510774.4
909,2,3,14,-8005453,4538917#s6GoZBD0S2Q,496527.78,8019199,994001,3727260.14,-3873124,2797906#WR41YGJFqBSWjNh,6531133#vAKN2eJNQ8jACsv5f31xZSIoysTpvOdNPnqqP1sM2bgNaHhklicnGJ8IJfhmhfRgghTGY6gu2HbWs,4483095#qlYXw3EK3OimKT,-4660644,3244910,-8799935.590,2579693,true,231944,true,3869319,2843260#BOLQ1jTDN1VazA,-6793171,-3689511.4
910,2,9,24,-923197,5681653#RCQfOu36V2q,-679599.44,-6692567,-7192117,-884347.02,727193,240392#jHjqxWL17Qf6JHB,695714#wHICT5waLBKK8iDXEQPnfZI0YyCEoU3eAGl9oTK3v0PiP1lmh5prV6IDVQeJbUBRg0H2Ut36kB8JK,6918609#Oi2LZAbG630PnZ,8582615,646424,7202962.920,-3671068,false,-8042368,false,-2348559,4766762#fxkQgTiEtegAfU,371926,-5815867.0
911,1,13,12,4590128,2717752#IkaGMVFuPBr,-4296844.5,856158,-275671,9103145.02,-4505106,3308295#5V9HaGRWgDdXmHk,2966997#OjyRI3wUeJLVTBavcIGCNJQnvLfcpr54HAwSLWwYEAR9oVM4epgbSyUt15xFTcYK9kbuiet75IDls,7548897#Jk6pKwC5sUg0iT,584357,-6401803,7498845.710,-7377465,true,-1690440,true,7198334,6834480#8RyJ15GnxUKxqn,-7964482,57550.2
912,1,4,48,2051891,7724457#NjXU1UHeS4a,99898.83,-174405,-599045,-7997244.39,6655512,2459312#UwzkGfyjmmz4S2H,7667892#9aY8F7SkvGBo1tfDz1SKYCudY9ZSJpfvMbZJ1Behvp9v3NOqcftT2dWTD3JOBuON0AHv2VlnWVYlN,3352550#D8B1OoQujzvu0r,5321593,-6903703,5477806.840,4819164,false,-8549352,true,-1792100,1931389#GNYSzEVX8oxyra,-6747756,2533788.3
913,3,5,34,-5231950,6150292#WYUhmifwCLY,2136373.2,5060939,3928367,1484642.67,-522320,669787#DaMRnzkaVCnELZu,8948618#dDIsMRT4bAdh70NtjyUdOjkDlbPYfecMuFzG3IPXjoWnsyNk03waCG5Eyii3Kjq4WETIRFckYsNW6,93572#kOHAVz6Z9w99Aw,-2448665,-4770118,-6650693.600,-7441351,false,2989933,false,-7090384,284024#mPw9gxqwSankmv,1101428,-228.1
914,2,6,60,632776,29104#UwiKGK6t7nn,-7320910.0,5042630,-5767803,-7174791.24,-585770,8315197#2GxWQJiCGdWAes4,5566629#Lm0fWZ1BqrF0zPHq4WlQxQgvPjE2GV6QYzpfErpIm2uTyxDr17LQdgpFRWXC33pAsuy5DeB1yP58x,4708630#BO5U80tZSymqb3,-8426635,6933165,-3330142.830,8014464,false,-541485,true,4438857,4178919#rw3x5EHB0wDrVm,-6553961,4868134.5
915,2,8,57,-6348896,3972524#3V5beSnevFy,546507.94,7368626,-3264273,-881330.25,-7286618,850410#Bq6RiXJS2Al2dIq,4614582#1UDFhyoOa8svAN9p4rczug8POcUWFHRDeGaCII57kSpnywRJOeRshpvbVdQv9LjR33lbxzUoneBY0,5323036#4zBpUtg5qsO7FG,3121233,6185941,3589746.950,-737202,true,771519,false,-4011232,4711135#gUCe2Wofwnu1i7,-2557687,7467328.3
916,1,9,42,-1973977,8615655#OfZ9KUtk2gh,-5227440.0,-4238821,-4324265,8193944.41,-1541237,1147705#ScomaAVekBPDEzj,8537489#2hUWC0sAp4ke3lEsCTXdH8Jqaf8QsWktNuKeh7CUwW342VXbqozLp2ZxMUcAaS4tDfZPTm6SHWzTx,5576626#gHHREnfocoY9Gv,1134455,5956804,6688851.010,-8120553,true,-3067181,true,3610778,3181669#ukqe3ndHBtbtJn,-2919214,-2262879.2
917,3,9,47,-8182816,5146225#CB643QnwVJY,-3732128.0,6698036,-1530898,2983068.33,5492369,7562183#f3BIVA5oK60z902,490314#0hpPQccstZFnsNkY8MIwUSvs40Nl66rTSMB3iPCntkq1Fw3he7B0IvIBJfP85Ta6v3BFjcvDchlGi,2751889#Y5m6bYbk796NjE,3065686,-7356187,-2073760.610,2838869,true,7254061,false,1535379,495667#NvXKn1KU3iFWrO,-5692147,-2278628.3
918,3,1,39,-5557661,7655520#OXYGhINHwKA,-6482599.5,5240251,-2796456,-2496010.82,-7093630,623537#FHVU3UCJh7MY9Cl,3202676#gFykYoSk1FxA5Ig7SgEjw4qlvZrd5oNbpnCrLxlnD8xl5XhbFfvgP7Gb9osaca57dwarsS9Rf2urr,6275942#3rqihJPAW069HX,-4555523,2617846,574375.680,4333767,false,4678294,true,37171,4438677#jKhmDwZU9PJAik,-5937480,145329.2
919,1,13,31,-3627000,4658370#lLOncYtmovc,2376863.2,4660087,-2915659,4090590.39,-1937376,8144187#dNbliUNTiNsntO4,4477865#7nFqgMGBVWGgFvwIut9olgsuapB3AnT9zlrkJ9dOx8cg4l122YvG2fiA8tuOn3fKn5tbioHM7IgaS,6472025#lMMUCa6QGRDeW5,-8085649,4807721,-5866825.930,-4677816,false,-4436082,false,-6670986,849947#bN3VTF5Xp7xP9y,-3402627,-2095141.7
920,3,14,63,-1425401,6264716#qzuNC3myFh9,209749.02,3725199,-2664776,3459952.93,309196,6351938#xgFVM3pFXf9dIyr,510065#0UGrdbztUntthLdHW4Qh6DwzdxsvjtcvQPs7yAEB28W89E6Gp9OVZ8BhrP8ej20ABCCEyjk50AFiY,8618194#JfaoUNtRDZ7p72,-60687,6483514,8941484.530,6521795,false,2707855,false,8840008,1542481#86RlhsuHaPFYYM,-8910592,-6045706.7
921,1,11,55,-6974823,3565696#kM7blqFSvLv,-5187620.5,-8229453,-8751281,-5365987.06,-5068198,3454752#yckNmlHIZL7kJQz,2867278#h2GxdfHpUXcv36y9S3ldbCe8X97zMBAnaHx2UM33FVrLfG0CQJ4ghiNESBENcZURnnEiCOGBpKlLT,1834696#OTqmQr07521l0j,-1498288,-5340651,-808723.000,634229,false,-4974507,true,3824131,4389171#H6fk2isMzJ6l1J,5872954,-2105197.2
922,1,12,24,6785096,5160086#vBTapj8JZ8b,7084751.5,-6730400,9095075,2551648.16,5698663,7149793#ErL9nNBZyzkQmcj,6212837#JajsIlNkzc5oT2rumQstCHEyhqpiciin2r2BvY85WyraJoEwRPRkvJyZ7mw0H3890aLQwS2QTwRd4,4287813#hq8MJqGvE7oE0p,-4786691,-2048421,-6937067.450,1288240,false,5276441,false,-7352553,3567965#PqR3SN5pOZyaVb,3167153,-3938892.9
923,3,1,3,-6633355,7224362#OtL8z6PhL8z,-8878362.0,-6617591,7013711,7328804.23,-1975650,5777115#CdQxEEOVCwIKNiD,354674#1YWB3LnwvmFm2rdjfu1msHZiz2sMEUQ4Krkt3E7NpDYK9B4jBoZOEPhb0NOk705mhSuPISb1zl6Fy,6696561#z0ej1Mv6oZf04W,-750754,4652381,-6999320.410,644880,false,465102,true,-8841764,8875457#sT7rRZOQP8s8Jo,-2919369,-2856849.6
924,1,9,21,-5240764,5282120#uDEbDROinhr,-2003422.6,-3223617,-2812320,1864372.74,207659,1541096#Ton5iuoT4WU3xjE,6404880#sSQa4Lr4vdYj3rvn77dVT1sEuKSHMTI8QFEZXd7ct3FNoXSuxgj3QNqZCoNjQXlkdWwQSL7FuiH38,2507014#b73skNYWvIdI4r,-3571708,-3007492,8996627.100,-4943875,true,-6160990,false,-8501195,3626553#WGs3jaijtH8gWf,1147621,6782593.9
925,2,3,19,-6817247,3078043#Tx0iHdKiOFk,1586467.2,-2634207,1172686,-4945672.70,8407138,7731304#T5xRKLZmdOJvLbd,7282444#uvaZ4WtJ8zK6KRUcAIfA11YwLO8G0GG8dFy8joa30LdmPBVzjMO5pxpzLuHBmIrwGCFDFBkcF6y0q,4567558#nn63iJY3M55IWS,7399839,-941789,6846360.660,5787364,true,-8410530,false,8030749,8814185#xE9BFbgsCLdjCz,2145772,-2097342.8
926,2,4,47,-745252,2942009#HfikjiK44ww,-9193290.0,5318109,2732118,-7600119.70,-6411466,1861248#f1nydOpgSuDLOJL,1850530#mu815xCio1s89oLdLpP9YyJvO2lYpSvm6SxcH4wxWgh2reH5kE2wpmsRV55DC9epfEU1i1MaRaAQC,8508792#8GkRIbACveGl2u,-84118,-6838644,-5202351.740,-2419521,true,-3749636,true,-2929019,1848818#TzsmC7PFTtI6Qp,-4130815,888560.5
927,3,4,57,9102506,6362245#FrJTGOZSXOe,-7423243.5,-1076977,-7174806,-5601218.08,8204576,5055917#Pgq6QZijaFaI302,8137432#ypMlJgeVGFio0jy1QrOoMAg3N8GR8ekGKaiROab21cwSla5MwS7MG0eEzFl3yOMyCx5kSzXMLa8Hu,7368065#fxFFUnEfgySgvL,8329656,8482944,-7985284.010,8125761,false,8074105,true,8508469,8445544#uNxUO7cY3HcnYS,-1073537,4299097.9
928,2,1,38,4969255,3593125#jNmItZq6RuW,8589830.0,-1080228,-6916120,4663894.89,-9185886,2458159#nQNPX1KcRGvVjty,8581016#qYXbEXxPRrVLRykkUahlfDHDkhcd7ljw5l0SbvaNFgCpGlDv1MQXZCU1FyRo9DbK92BSBYJOxRMRL,3210782#Dl4G8FuCLKSHec,-3977582,-1432297,-7767620.720,-3371061,false,7757189,true,8372635,511117#rXFeOsTleihMjP,-6701622,7577074.6
929,1,14,13,9007605,3264513#PA44z2vy0Se,2619954.2,4308638,4788561,-6299459.70,-7442832,1394722#UGPCObq9y39igrv,5104668#Vx9QR2pU5BlTcbCE9V7ImgkhNPcdp103GiCyg2KpcXbxHX0LzfacON4OaY9Gu46TwMRyrC149uElP,7318240#I3xq31bGmwgBR7,4079505,-1483929,-9175999.530,6957271,true,-5471364,false,-6989559,7807286#aZyYO4j34fCoyk,7117093,3153476.3
930,3,3,32,209571,8956269#WEZrEQ4bk02,-3472195.5,5465281,5628277,5124522.09,175253,4216546#0fLrH3jxXsVMTTx,7357476#HA6469zOkBN1S4V76qmoLjuq8WXoa6HGRbxvm9toZCakSVwTlMTKzSTM71s1ZWSV4woMv886RYWMW,2435506#SD68cWG24GvTru,-1819017,-7884284,7591197.140,-5333912,false,-2484298,true,5854315,8124788#jzL2yO1a3PGURl,5489199,1243780.8
931,2,10,33,8235699,6247614#aBJ6EoxkbII,-8412575.0,4658494,-1834527,118554.11,6073155,2122685#JC8mP0k5hTUvK0O,6070130#1tL1WiT5NY3VyupvNC6IXXTbR0Nbgm6JVFbKijUZJeO7VVoIqjM8MAiWa81gnWzLSPk2bQp4qkXM2,8900837#4msDtNX4qivVZw,-5356110,-2424371,4695356.190,4052383,true,3200632,false,8531501,80464#TJfOAJR4W6c2oX,-5488251,-3571920.6
932,1,4,60,-2022035,7407341#PRzBhJGJ9S7,-6376390.0,3422399,5807740,-6271797.75,482734,504750#L4aLn3D0FL6EEY6,8684032#9cXhyLuaDn0JM7l0lWKAPfQBniw8GJrUsGmd9csoQYnl1RJfyGc4NaMkJHJfKcX3ijL2vM7cNWIiY,1000424#NmH0nZDMlgUkae,7298334,2845343,2549646.060,-5565099,true,-5437140,true,3462459,399902#OQ8zbhFEMINoNP,-8743931,-7422343.7
933,2,14,39,8596000,4875412#B54SlZn7d0Y,4488050.5,-8721112,3861315,4119402.87,6762874,6073537#FHVU3UCJh7MY9Cl,4556381#ssKVotygdjktIdrJUvNzVwaMW65sRF8oULWEYv3sbEJZOKkpOQ12zbdwkbFW3w2TYVy0BEZlDPqWG,3797983#lD4gyGw4nyrMdo,-1357016,3302202,160938.230,2201845,false,-3287436,false,-6592244,491537#f6aA9SEQbVjxLU,-8535062,-2960281.5
934,3,11,25,-377999,328501#0iCqQ0wXUqX,-6537941.0,-1587529,-720779,8361170.57,8622749,2029886#WV0ajOj67OKYXsV,1398935#0NZdIL9RY7qkwVehpEYkizoOlwGA4cUVad50AYzrJOyqMQgAmI9vtIlWKPjMKaQ6XL5VvuwOgiQan,7283061#eQNi11AzKUsZxG,-8374186,-5986122,590684.870,3717455,true,-8969011,true,-6359372,7534158#NWapTcqAKl7WVq,-8593571,-6320528.6
935,2,5,32,-6039846,2032026#vhDbdYK8aj4,-5724597.0,-1240229,1472117,-4937628.89,8385100,1779184#4QhIcInKhwukGPH,5856326#Ci6BApGrk9TQO81xw7qGAacoDUAfBqtNtQWWIjumCLChDXVP6Vq85Yo33XxJp5L6FCXXRo44OPh1Y,866791#i1Pw7RHd88qSwE,663714,1926501,-6819358.380,4170133,false,-8173891,true,1779722,1035771#67xbWUQFiZM1YP,-1755225,2348997.9
936,2,9,18,-6249552,6795897#s9C6KPL46LI,-4201559.5,-2962163,-1254403,-4704075.01,-6856549,6977802#i0Pq57YtxCxGP1U,8997289#oGVkfBres5m8DtdxauwGAJnW1iGcrV7rm4xuDpoKFWB5VwVTrkt4yQEb2HjQ25kvgxgt8vkvOMsCP,4087156#wWwYgu6oAKXFDE,9039410,-1168657,7500218.750,-7532884,false,1263112,false,2930801,1116090#KNB356MQPn0wr5,8401162,1211785.7
937,3,9,61,1580477,7580188#TLVOabwG0rk,-167965.56,-8925445,3419169,1780423.73,5153470,4171980#KoBwLSMMeiel7GI,6781898#CFQ3T7BhElUNNTbMJglDK79Q7JvTg8q6hu9pfIVDiBYKQDuqgpYR5PgAum0skvNazs2WSVNvHNuIN,8392186#QWBfYZ2LB1CxCT,-6284505,-8823351,3823108.860,7134969,false,6145971,false,3301541,7767629#5vSqNtWvCxg124,-2540597,2199565.2
938,2,2,5,6989836,7422618#v3q2krGTAWM,1597105.6,9191298,-3948012,5684927.71,1961061,8121720#sqPj7df2lW8hPvp,3193833#7sKgnTKESXWkLlTfppq06daxZcysSBvhRBF4vg3VoEm1Lq5jnypOMJiZK7bx2cRMgXxnmURNuOmKZ,2407546#yKhGNiKSHrIJnH,823562,8298393,1081660.620,-6638771,false,8848964,true,4428478,2510462#Dm238iAqk6TRAO,7927625,-5232192.5
