2005,787,1,11,47,198,2015-07-27 10:18:21.000,1.734968284E7,3305603#ZPVaWmosFR2FiH8FSeyvl,-499663,233934.360,-1.980126594E7,7351650.5,4910692.50,-7185480,1506039,17681160,10706039,false,-7166450,-17902723,false,9613293#cMdBpXEoIA9xI,-17585996.9,-6676297
2006,1004,1,7,42,338,2020-01-22 02:01:29.000,1.706888628E7,18825514#7SVin7np0QrqBtMVl2F9q,2902738,-524201.680,-1.191562704E7,-5974049.5,19439807.50,18835579,14696723,-13781562,8739968,true,3242542,17489304,false,2024451#HzPigEwXy6jlW,3981172.5,-16738956
2007,704,2,8,6,384,2017-03-23 04:56:37.000,1740353.47,12970564#9SbgGC0R9I8PIXd10Ng27,5004001,-473474.470,-2046318.91,5973582.0,-17968912.51,13445534,10635993,7297025,-14260530,false,-810659,5702836,true,4936697#RpYpPsJ4XGkbg,-11650970.0,5532693
2008,429,2,6,51,1890,2017-10-11 17:39:19.000,537535.83,703214#tysMkNlqLqPF4tXHFdtOK,-13557897,-532101.340,1.247358762E7,487185.72,19182086.00,-10548266,-18732155,-1244033,1496035,false,-18979761,3558361,false,5496648#9IBnY6uAb9grR,13525995.3,4499737
2009,380,1,11,38,190,2017-06-26 17:55:28.000,-8895709.72,1402155#7pQmSS7164JOG1fSuH3v8,9662329,256384.600,1.973797086E7,-1.1856629E7,-18014300.00,6249451,-491886,-115730,2457475,false,7922268,-15778042,false,14469859#ltzDQSz9SL7eV,-8941137.4,1852453
2010,959,3,1,34,3105,2016-10-31 06:09:14.000,-1.779002668E7,14448#jW9hoPdC6t7bfWyocg4CU,-10447408,627913.840,7374445.68,-1279530.2,16174158.10,7557222,-2162223,12594559,5645842,false,-6659663,2705359,false,18173799#BEs0tanhZzQTo,-14926863.0,15104396
2011,853,2,4,26,990,2017-04-11 01:40:04.000,1.151961326E7,7380299#aMyiYanhfHLVHtKnESCoo,13131192,-664007.810,1.496613391E7,7337282.0,14518347.30,7339344,3761059,-6711997,-7874820,false,-1696289,-12048506,false,12181930#4idstRnyKuw8m,9105994.6,5039932
2012,753,3,8,47,1391,2017-04-16 03:35:45.000,2502107.31,190379#CP0dPvzKg7BZv4gonZRfL,-7733954,569651.440,-7598173.55,-1.9281322E7,-11277351.66,-4374821,4282302,-7035444,-14276261,true,-9338063,-413620,false,14919268#6fLcNB9sbxgPs,16268126.9,5308947
2013,290,3,13,45,3081,2019-01-11 01:20:28.000,-1.648950842E7,2649813#mZOQqXYWRiHsfCHzSrOUV,17791851,121316.300,7375806.89,1.5017921E7,16698165.23,-18607571,6996900,18312818,-19158475,true,-9626772,4051411,false,12455020#wcof8gPhPoghL,-1130636.0,19244967
2014,829,2,14,23,420,2019-10-29 00:22:11.000,5117616.19,5671957#HdcSa5XobCEnwJYD0axyd,-14093870,-87839.340,-6931405.6,1.7651724E7,1495460.02,-13557955,14662219,-6656936,4897592,true,-6547641,7480701,false,14022741#pNKIIE6FCYdIJ,14309113.4,-3392976
2015,629,2,10,36,234,2019-01-29 22:05:46.000,-1.324828624E7,7260784#YTiPQPwt2k7XK9Sy5zpbH,-8262552,489029.220,-7957688.64,-1.4738764E7,10969816.00,-6318926,16785493,-13626987,-7302969,false,-13141023,3614676,true,1600047#xxtqmfnNvpIw2,954506.8,3630423
2016,67,3,3,17,665,2017-01-18 04:07:28.000,1.973386324E7,11114959#u9BZhfWo5oDRy6MjffmnS,-19080077,444252.070,-1.855049559E7,-1.4810447E7,-18442283.68,-3726056,10678328,16186736,-16320881,true,-11278000,18542657,true,12114791#gxqbRFCQsqfO6,18292023.8,18367463
2017,349,1,3,10,2340,2016-08-02 00:30:31.000,-3549685.97,2302048#WgLamdjWQ8I59Cts0iEe4,6100833,-338397.740,-1.303130857E7,2292872.8,9416955.55,-13943225,9199045,14924659,-4397468,true,4885034,-14420253,false,15470253#21Dg2e0yqAik0,16563996.1,1985655
2018,467,1,13,37,2017,2017-04-28 06:11:35.000,224960.03,4670737#zpZ6zZgKCLFCFiAEr9L4y,-18152972,-206374.240,1.943571099E7,-1.8703404E7,16459965.14,-955701,5751289,3901616,-5423014,false,-12659549,12363161,false,17300361#EMxu0SNgNPwvQ,5012567.6,-4102054
2019,1028,3,4,4,1935,2015-12-11 05:42:49.000,1.841492461E7,8647490#0vocPFrMjd3MoAb1barvy,16809441,-203536.680,-1.089613574E7,1.9294384E7,13875490.75,-17673061,-9856411,-15317038,3584791,false,3006713,-13372241,true,15721655#XU4LBm1OaaPHM,-3923548.5,-17742666
2020,63,2,10,25,773,2019-01-31 00:21:33.000,1.59981165E7,3406206#y1pe1M2nh268lMFPOqVV2,3427437,-147778.050,-5168993.88,-1.5479092E7,4848974.60,15966201,5636462,8244369,-1339470,false,-8005491,12224358,false,17746806#enK22Xud1wVYp,-9668212.5,6252276
2021,385,3,9,43,258,2016-10-16 20:48:32.000,-2976445.59,737234#E5bjpkDuCaThQgCQbfb65,3737766,-427744.670,-1.989310138E7,1.2421321E7,-1888480.89,-10241878,-18980707,8799788,444854,true,17875257,-9768351,false,15470700#eKwKAfhwNmNwY,4309516.7,13884295
2022,1068,2,2,22,1238,2017-05-21 14:42:04.000,-779.72,19723638#UrVzJyHdLdzm80juYKttq,-7916343,-216106.860,1.678073293E7,-547282.3,-17869659.16,16246195,-6368567,30894,-18794421,true,-16307088,-14238062,true,13893022#fYfIHsMXZRAXC,13953924.6,18638958
2023,1002,1,14,20,2395,2015-12-31 23:02:46.000,-92564.12,2224762#OSd3prm9PL0qEvp3TFpAf,1548324,622054.750,-2.009738681E7,-1.7516962E7,-19624947.50,6828030,-19761917,11900668,6755782,true,-2634572,5850508,false,1210823#Jcnpxbepln7sI,-13994860.3,-9614265
2024,364,2,1,43,225,2015-07-24 06:24:40.000,-8782784.43,5009161#XhQD4ltEfL3rvGDFYE4Gz,-10413605,648697.630,-9165742.82,-1.365874E7,17380031.16,-17146642,-18546266,-14133148,15960817,false,-16842006,-1379209,true,721878#Uw4VAGx5QN3ZK,7812998.9,-5091080
2025,702,1,2,63,2032,2016-12-20 18:37:03.000,-5116783.14,12932813#mZOQqXYWRiHsfCHzSrOUV,9984377,-608346.990,3878319.87,-1.807342E7,18815026.00,4179183,-640712,16248062,-16091895,true,-15670234,7923345,true,16306151#Bt2UWUWfbzXGx,-19764863.0,-5107546
2026,234,1,14,24,1144,2018-07-01 00:04:51.000,319072.07,1596358#aIPBYiizlkh3kdXmzayyp,-13160292,186679.010,-7228847.35,-2861516.0,4608150.06,17850938,15658038,-4422459,-9969246,true,-18260875,14603270,false,2471016#6aKM2ilK837Xx,4075077.6,-10363283
2027,498,1,1,35,805,2018-06-04 14:50:05.000,3200795.75,6808439#4mTNHKhabzbhkmqqbcJm8,-11692075,-101142.570,1.242613419E7,-1.1845625E7,19702289.99,18725475,-1618425,4574786,17180225,true,14341524,9367337,true,2263257#AanHf2WopiSmW,18042119.9,-9567535
2028,33,1,10,51,1538,2016-03-14 14:09:49.000,-6788101.61,15731667#WrDVzduJyQZweVmxUPWwd,-8875570,334291.050,-1.057577332E7,-1.8081434E7,16186547.68,13195223,19222656,-3632994,-12535869,true,-12658379,-20237766,false,11267583#W0xXX39H8svLT,-8342752.0,2425987
2029,568,3,8,58,1859,2017-12-14 07:47:58.000,8305908.23,1993159#r9bKYgme67HISIwMALv26,-135434,-451809.870,1.263383349E7,-1.3528882E7,15110998.35,7370267,12092857,-750201,7730762,true,74487,8779519,false,17913011#qfl3NoLQrjLGc,-4166755.6,9044100
2030,726,2,1,25,573,2017-08-17 21:00:21.000,-5562417.55,3207780#ggR25fgSvWs8HB1Ofep0j,5379751,-272240.300,5328348.36,-8876209.0,-7308543.20,17313192,-12628315,-18801241,-876906,false,-8108989,-11987468,true,5298241#rfk7iTPzrXoQc,16445379.3,7582401
2031,149,2,14,33,2105,2017-09-01 15:22:40.000,-803213.78,19293034#8UcmdrBpoNeU4KvgmJeSG,-7822947,268548.950,5788327.04,1.7547572E7,9727913.81,4504846,11850834,8355426,5357798,false,17613599,14678795,false,12876693#hsn5gNY5vF0ki,15392083.8,5255129
2032,123,1,14,5,2586,2017-01-22 20:06:58.000,1.64609829E7,14632260#OORuSfFHmq7J4jBw7SuMn,12811616,-540559.050,-1.323944297E7,1.6132285E7,14589454.24,1819320,5052943,-15294895,9233677,false,-905394,-19889367,false,13113255#XZmYIa5KEDFmd,5083748.3,-450134
2033,302,3,13,55,20,2018-11-05 15:49:14.000,-8259162.65,18661965#IzsVahUxL6BY6RIDNirnm,-9729905,-18255.370,1.633469877E7,1.997447E7,-8209891.49,-15598726,-14822703,8865506,15100059,true,16833522,-16970874,false,818293#cMdBpXEoIA9xI,13801593.2,-16897199
2034,651,1,8,46,2099,2019-04-23 13:39:59.000,-1.780177031E7,16666511#NqVdkI6OTgdrEmqIknrx2,-13561592,-198.300,5595154.92,-1.9078338E7,-6075986.06,-3637287,16128545,18204165,-12008302,false,-8662138,17214120,false,19572135#JGoRRPUxxFE0i,4991474.6,-11251455
2035,1070,3,7,16,2749,2017-02-13 09:08:37.000,-1.86595984E7,7239621#It5uLH2LL8fCfhYCFLbvQ,-14724895,187272.830,5407072.45,1.0292626E7,-9360392.45,-12823215,-1191604,10417926,16048833,true,12495106,4174407,true,4037344#qkSlUzcMyYIuh,-1143926.8,14400045
2036,299,1,10,14,2386,2017-11-14 09:08:21.000,-7293673.74,9793623#GXZ8MQFepFQDAag9HIOKT,422665,-609549.630,-1.59216546E7,-1.8851558E7,13972508.16,4919733,7082187,-4433273,-1820602,false,567976,-7254264,true,53730#h2RKVKVAqgLuZ,2083481.9,17359673
2037,107,1,9,36,1225,2017-02-15 16:06:41.000,-1.378676451E7,15810983#x8NrRA08uuvem7un9kLgi,-7223467,216783.650,1.092188689E7,-5384109.5,-1996383.41,9614502,-17447141,-3236317,-10575788,true,19067423,-8733720,true,541680#Y3oDqOOQnKxTs,-7232716.5,13789517
2038,974,3,14,62,333,2015-11-19 04:41:08.000,-1.888787061E7,15091019#ECrFpBYQyehkFwfGuVN8E,-4072451,561611.630,-1.80037136E7,-588847.2,8721877.50,-12636419,-2711244,10371009,16600095,true,-10683071,-15935841,true,938531#GuEaiaWy3MtDa,-16447429.5,13352739
2039,25,1,4,25,1818,2017-11-11 15:14:03.000,1.848789113E7,1376184#i4wutlq2V0oPN85xtaRE6,5094166,-559579.160,3613904.8,2600014.5,14216568.01,4973939,-14229653,-18133966,-13838977,false,3760608,-9928415,true,12939200#i7ih5dt8mfeW6,391854.2,-1704579
2040,554,1,10,10,2984,2018-12-31 04:22:57.000,4822014.88,12797398#6K51RjkqZ37FxahIwIEgq,9904386,142655.790,-4350203.27,-7545149.0,3321068.40,-13743347,10645060,-3756085,-5288193,false,17872176,13707826,false,569304#ElHSn7p2tWtTU,6745406.2,-18000716
2041,526,1,14,58,2677,2016-03-01 09:55:44.000,-1.198163206E7,14847601#Duei9U6RQsevwbwFuZTHc,-19615119,-23556.690,-8089402.47,-6423816.0,14552151.96,4502547,-12657601,7437551,16336779,true,-1636282,15452323,false,18358830#GWCwQ7VRtQvDN,-16679198.0,14272570
2042,932,1,14,50,2747,2016-11-29 13:52:53.000,-2030004.38,16984872#xYVeMv23UL1MESzXLV1QZ,-594950,-374102.480,138558.82,3432590.5,-7797377.50,-14751154,-1278098,-12817357,-11959249,true,61920,-15107173,true,8459471#lDcLQyNAHBkBg,14504228.7,18675081
2043,553,3,8,22,1804,2019-04-03 22:16:56.000,1.140211246E7,2862700#lLr765ESGscmVAjIEloi4,-6774438,594466.160,-9443307.16,-1.2580045E7,-6976579.62,6063795,5411879,-3697182,19484378,false,2581348,2948591,false,7316495#r4YIpnz928DLR,-2310398.9,-8013471
2044,281,2,11,49,1727,2016-07-03 08:54:14.000,-6346554.78,8791162#uVxXN3xJbDujEle2MZThK,-19010934,-272464.520,-7350224.36,979516.8,3457372.12,-16042589,-19886928,-17672159,8246590,true,4995450,-3449281,false,14885001#0axTMnUCUg9G6,-8214830.1,17697632
2045,292,2,6,24,694,2016-02-13 22:23:28.000,-1.567053093E7,13832817#ZTMFb2P44qINiyLmK81eM,957661,-391384.920,65851.42,-105407.87,811840.70,207513,-15128410,8570095,-7439873,true,16852316,17051400,true,571186#98rchGhAsTDAB,10737530.9,-10945753
2046,443,1,11,10,448,2018-10-15 12:58:14.000,-1.321686096E7,16796228#pz9L7ZOs0k8D0Wnb4NdyW,-12104137,-578647.570,7927269.21,1.8047066E7,5587443.66,17315474,8100611,14103031,-11061907,false,19446993,-16552682,true,11568153#e4X5nI11ACY2u,-16428951.7,19032951
2047,646,3,1,50,431,2019-02-16 22:59:21.000,-1.254566771E7,11447772#3a0x9TWMw5AJINfAkMwY4,4916599,593187.430,-9468969.47,1.0509023E7,-15382922.87,18119699,10471791,12319057,-11229770,false,18822351,-17993636,false,5564921#AJMhiS6pdPifI,19985103.8,-5311856
2048,36,3,2,17,2694,2016-10-02 07:06:09.000,-1.405194809E7,18432233#VfafVrEPlfC1pcOSjS4e3,17944792,374575.880,-1.778579931E7,-1.9259476E7,12069406.88,-5880225,8252197,-5376196,-12913479,true,7221316,1273024,true,20271539#586ICO9I26nOD,11590394.5,6711202
2049,934,2,11,25,817,2017-06-17 10:45:50.000,-9935454.03,16384939#Dl4cDe9num6aHrYQmqIVL,20341945,486974.680,1.82596724E7,-4892692.5,-13175272.44,7490389,-14442107,13733649,6488018,false,12153559,737237,true,2911695#9yLYs5bhjcKNW,-7511827.0,163680
2050,732,3,7,22,1713,2019-03-15 16:13:42.000,-1.23609385E7,20495762#OSd3prm9PL0qEvp3TFpAf,9134414,141601.000,-3637385.29,-8598464.0,-16348989.00,13025569,-2791279,20176506,-2904824,false,-3696071,-1094692,true,16623802#IpvLYrtCjp320,-11829175.0,-18253326
2051,876,1,11,38,1330,2018-01-27 06:20:03.000,763741.71,4330405#fvrHY6ybkyNBGW7FEwNNR,-7267640,80367.170,1.625071639E7,-1.6676706E7,-15610705.25,-14546145,11691529,14283585,13773258,false,18517551,19301121,true,1158902#fZH5TKa0kl1bI,-13100438.1,-5371154
2052,129,1,13,3,521,2018-06-03 22:23:35.000,2819601.83,6665733#Uy6BIA44G7d2nRcaPV8PT,9791393,194213.960,1.733590409E7,1.7506246E7,9932175.00,7602791,-17543877,-7349369,13776828,false,9178152,5782847,false,2383481#b4VLDgwur5DfG,-5542322.4,-3992566
2053,732,2,3,41,3020,2018-02-11 10:06:18.000,-1.829036991E7,9247268#YN7nLMmzmf7Pl8HKJpG4v,-2379297,-474836.400,2.020086493E7,6634740.0,9218678.92,7246149,17638932,-15290797,18196597,true,17759836,6209910,true,15848396#IGBLtdFDTBsJQ,-8358995.1,16107086
2054,701,1,12,51,157,2018-01-18 17:35:53.000,5393071.32,17224617#fIRe1pch657RSh63kqHkW,-6553769,589355.670,-7661439.82,-1.1937023E7,10864001.98,11924654,-16611931,-7640310,17109050,false,18570164,19781471,false,9922918#1nZNpTmGuyxd5,-14442074.1,10834389
2055,39,2,9,38,3218,2015-12-01 03:46:29.000,1.778248284E7,3387857#oSE2bskFAPecqVO8wSwuP,-512307,239556.360,-2.029486594E7,7534850.5,5033097.50,-7364505,1543351,18122039,10973038,false,-7345150,-18349377,true,9852794#o4qKhlpXUTb33,-18024406.4,-6842572
2056,182,1,5,55,288,2020-01-26 02:08:58.000,1.749448628E7,19294633#OjHBQFulrC01lsY5myQHa,2974888,-537122.680,-1.221242704E7,-6122849.5,19924270.00,19304879,15063248,-14125300,8957729,true,3323529,17925264,true,2074888#BRZKLplbfn1TF,4080380.5,-17156390
2057,961,1,12,12,3171,2017-06-12 21:51:30.000,1783553.47,13293610#1Ad0yYyUJc2UmtU1TZ8DP,5128606,-485480.970,-2097518.91,6122382.0,-18416459.01,13780646,10900993,7478941,-14616033,true,-830759,5845137,true,5059632#MBMVFBww7J0mO,-11941289.0,5670418
2058,596,1,11,12,2065,2017-12-17 08:03:06.000,551135.83,720709#C9it18OfVmOWb93ruTqgk,-13895477,-545226.340,1.278398762E7,499185.72,19659873.50,-10811041,-19198452,-1275139,1533318,false,-19452173,3646918,true,5633393#sAd7JEjjY1e0v,13862740.3,4611962
2059,695,1,14,30,715,2017-09-09 12:04:53.000,-9117309.72,1436931#Q5VSkNUnkCIX8pohJYQP2,9902830,262931.100,2.022917086E7,-1.2151829E7,-18462500.00,6404837,-504186,-118780,2518645,false,8119455,-16170724,false,14829814#VNRj0khV0IKSm,-9163700.9,1898484
2060,549,3,13,39,3080,2017-02-01 02:40:26.000,-1.823242668E7,14601#Duei9U6RQsevwbwFuZTHc,-10707391,643582.340,7557645.68,-1311530.2,16576548.60,7745097,-2216148,12908046,5786244,true,-6825119,2772563,false,18625750#NcyuNceb6xXNX,-15298323.0,15480246
2061,131,3,13,1,2978,2017-06-30 20:14:14.000,1.180601326E7,7563726#2XT170wcWlcE9JIwSWtp9,13457619,-680765.310,1.533813391E7,7519682.0,14879112.30,7521781,3854534,-6878809,-8070798,true,-1738289,-12348217,true,12484621#84mr8HwROBlEv,9332160.6,5165132
2062,812,2,4,16,1216,2017-07-05 15:52:30.000,2564507.31,195099#0lFeW7omEnDy3ENdjHSkD,-7926062,583672.440,-7786973.55,-1.9760522E7,-11557829.66,-4483671,4388902,-7210317,-14630961,false,-9570222,-423855,true,15289939#CfXSPkCiAPUyO,16672446.9,5440772
2063,823,2,7,17,1056,2019-02-12 14:10:24.000,-1.689910842E7,2715441#WWdkzT3vBGg1AJWQYgmf1,18233982,124350.800,7559006.89,1.5390721E7,17113000.73,-19069558,7170825,18767622,-19634482,true,-9865947,4152167,false,12764191#Zyu7r5xZRZTds,-1158806.5,19723192
2064,531,3,12,23,2495,2019-11-08 12:34:00.000,5244816.19,5812670#zRjt9yQVdEMDt6S8Dt53s,-14443718,-89928.340,-7103405.6,1.8090124E7,1532731.52,-13894780,15026453,-6822163,5018933,true,-6710266,7666412,false,14370709#DcRKf1ngXijTb,14664126.9,-3477176
2065,1012,3,4,16,2584,2019-03-02 02:53:52.000,-1.357708624E7,7440712#9T7W90BMwOvKlJMAARFID,-8467670,501115.220,-8155288.64,-1.5104364E7,11242066.00,-6475573,17202006,-13965232,-7484289,true,-13467186,3704127,false,1639574#0uuq3wv8IQzTk,978361.8,3720623
2066,366,2,8,49,1890,2017-04-15 20:51:30.000,2.022346324E7,11390520#CPnau7AzvFL9sbTYI5ZVJ,-19553500,455451.570,-1.901049559E7,-1.5177647E7,-18899595.18,-3818687,10943266,16588371,-16725561,false,-11557950,19002664,true,12415193#LXSoUqCsCzJYd,18745513.3,18822788
2067,307,1,6,46,2865,2016-11-10 17:52:22.000,-3637685.97,2358870#pRKNuibggODNjG7f2GoqH,6252080,-346705.240,-1.335450857E7,2349672.8,9650413.05,-14288950,9427208,15294470,-4506297,false,5006334,-14777573,false,15853705#Aja0Uk58wsaOL,16974401.1,2034930
2068,344,3,12,43,2642,2017-07-17 13:59:22.000,230560.03,4786266#LK0ylDLGwNWeoZXKRQKPv,-18602664,-211353.240,1.991731099E7,-1.9166604E7,16867551.64,-979182,5894014,3998342,-5557245,false,-12973024,12669363,true,17728824#gFGIJRjIcJixW,5136912.1,-4203879
2069,15,1,6,15,148,2016-04-08 05:15:55.000,1.887092461E7,8861614#UAAbRCCmBjV7hpS9x0HOc,17225495,-208542.180,-1.116573574E7,1.9771984E7,14219003.25,-18110974,-10100436,-15696131,3673434,true,3080950,-13703374,true,16110897#oiME4Ae4oOvpV,-4020637.5,-18181847
2070,624,1,2,50,298,2019-03-03 08:53:01.000,1.63941165E7,3490475#0geTWBbzaeOzWosLfOp4u,3512223,-151399.050,-5296993.88,-1.5862292E7,4968971.10,16361226,5775849,8448424,-1372472,true,-8203466,12526748,false,18186053#dISk0kVIOq5oB,-9907301.5,6406801
2071,795,1,6,10,508,2017-01-20 09:24:36.000,-3050045.59,755414#iHrNH2B7V17wtxfkscy5A,3830033,-438223.670,-2.038510138E7,1.2728521E7,-1935335.39,-10495403,-19450307,9017743,455984,true,18317332,-10009963,false,15853313#mI6WjFHE8ErQI,4416178.7,14227645
2072,1001,1,6,59,1174,2017-08-08 15:17:35.000,-779.72,20211313#r0Kf0E2DNw5r2oEmr6tE7,-8111940,-221258.360,1.719593293E7,-560882.3,-18311648.16,16648001,-6526017,31503,-19259376,false,-16710188,-14589968,true,14236491#pouA5hLcj7IWJ,14298894.1,19099979
2073,205,2,8,20,288,2016-04-28 01:54:50.000,-94964.12,2279612#RGiGiM6QfbcGH1QfxJdda,1586398,637297.750,-2.059418681E7,-1.7949762E7,-20109772.50,6996930,-20250248,12194881,6922613,false,-2699447,5995324,false,1240537#pozgNIzq2SuRP,-14340936.8,-9851890
2074,339,2,5,51,1038,2015-12-01 22:46:06.000,-8999584.43,5132716#NUVVw6JjeILaNAEkS80rV,-10670699,664967.130,-9392142.82,-1.399634E7,17809348.16,-17570286,-19004287,-14482168,16355180,false,-17258131,-1413492,false,739535#8BqMnRnRG0fwJ,8005856.9,-5216680
2075,890,2,9,5,2082,2017-03-21 21:10:09.000,-5243183.14,13252073#qxf9bR1C0QVTxUy9yZrg7,10230795,-623547.990,3974319.87,-1.851982E7,19279806.00,4282433,-656562,16649228,-16489368,true,-16057396,8119029,true,16708758#hdNjmV2aoGYHo,-20253026.5,-5233633
2076,780,1,5,56,1022,2018-08-18 04:30:51.000,327072.07,1635523#sKei7SW9hrWeeGOc2Mcqf,-13485272,191155.010,-7407247.35,-2931916.0,4721690.56,18291601,16044576,-4531824,-10215156,false,-18711625,14963546,false,2531911#SSsXLg3iL2HsY,4175576.6,-10619108
2077,381,3,11,36,1705,2018-07-24 22:04:16.000,3279995.75,6976245#C4Hsk4EDCSIKOmHviFpA3,-11980720,-103582.570,1.273253419E7,-1.2137625E7,20188508.49,19187550,-1658400,4687869,17604240,true,14695133,9598562,false,2319072#WQXvEwuLtT8tK,18487167.9,-9803610
2078,393,3,11,10,213,2016-07-05 22:01:16.000,-6955301.61,16119362#n8NsTllaujkbpOiqqCmPQ,-9094593,342593.050,-1.083657332E7,-1.8527034E7,16585525.68,13520348,19696700,-3722560,-12845159,true,-12970604,-20736826,false,11545210#LoKmV8LzsUluh,-8548685.0,2485674
2079,795,3,7,13,3015,2018-02-16 03:49:41.000,8510708.23,2042081#b9cSCyFDWAZl8bdnfSPuw,-138813,-462851.370,1.294503349E7,-1.3862482E7,15483405.85,7551992,12390857,-768836,7921395,false,76543,8995887,true,18354262#0DD5cnB2nVzIw,-4269337.1,9267025
2080,83,2,12,54,2998,2017-10-30 00:28:27.000,-5699217.55,3286632#a2MhQasQAIyGvSKYbCqqL,5512161,-279167.800,5459548.36,-9094609.0,-7488495.20,17739723,-12939465,-19264180,-898579,false,-8308539,-12282953,false,5428503#jkRxbp3mLUYHh,16850361.8,7768916
2081,744,3,3,25,2205,2017-11-12 17:58:52.000,-823213.78,19767814#q3jpgTNRpFE4Dc4hKBgxA,-8015293,275039.950,5930727.04,1.7979572E7,9967439.31,4615571,12142549,8561074,5489738,true,18047449,15040391,false,13193555#EUtpjfopO5Gq1,15771121.8,5384622
2082,791,2,6,26,1248,2017-04-22 08:39:02.000,1.68657829E7,14992087#Y3QWZq3OD2qgDPa25cRT3,13126617,-553825.050,-1.356504297E7,1.6529085E7,14948670.24,1864060,5177431,-15671090,9460944,false,-927644,-20378756,true,13435703#OY2bFMiEwcVCS,5208998.3,-461236
2083,557,3,13,8,733,2018-12-14 09:32:51.000,-8462362.65,19120805#Jj28bRANDSJMPWr1K8tuA,-9969087,-18943.870,1.673629877E7,2.046567E7,-8411917.99,-15982454,-15187078,9083667,15471348,true,17247535,-17388452,true,838244#h2qTBAKbtFFPk,14141250.2,-17312699
2084,833,1,8,18,674,2019-05-19 03:38:46.000,-1.823937031E7,17076144#uU9STrHHCYkIFFO7kcmdG,-13894877,-419.300,5732754.92,-1.9547138E7,-6225265.56,-3726596,16524776,18651467,-12303386,true,-8875122,17637300,true,20053232#lZX4ehCBlyS9m,5114241.6,-11528068
2085,111,2,2,5,2424,2017-05-12 15:15:42.000,-1.91179984E7,7417461#6gh2qlOsSWJ00cGPedBnp,-15086910,191650.330,5539872.45,1.0545426E7,-9590135.95,-13138240,-1221085,10673874,16443111,true,12802356,4276838,true,4136452#QZgSuoe5lz32I,-1171835.3,14753883
2086,636,3,11,42,3086,2018-01-20 06:24:46.000,-7472873.74,10033915#ZKOOYjB2qmFsCfjeBhtpq,433046,-624315.130,-1.63128546E7,-1.9314758E7,14315673.66,5040352,7256185,-4542118,-1865077,true,582151,-7432399,true,55011#qfl3NoLQrjLGc,2134883.4,17786073
2087,352,1,5,8,678,2017-05-15 00:34:07.000,-1.412516451E7,16199032#JvuNMh4A0ce4JkhgpQOKj,-7400549,222173.150,1.118988689E7,-5516109.5,-2045279.91,9850418,-17875641,-3315766,-10835268,true,19535673,-8948275,true,554933#rDhURpWZegUwK,-7410453.5,14127992
2088,44,1,3,37,864,2016-03-22 11:20:05.000,-1.935107061E7,15461217#g4MldeVbxOQ44FIwhWDPr,-4172309,575408.630,-1.84453136E7,-603247.2,8935690.00,-12946531,-2777619,10625332,17007372,false,-10945396,-16326591,false,961419#khjQEYtC9AWN8,-16851036.0,13680335
2089,271,2,5,37,1180,2018-01-18 01:18:05.000,1.894149113E7,1409827#CwnAuTXeewo6SCr24dwFY,5219017,-573391.660,3702704.8,2664014.5,14565197.51,5095901,-14578741,-18578403,-14178537,true,3853008,-10171854,false,13256291#sb9hiNmAnxXjZ,401593.7,-1746306
2090,712,3,4,61,1134,2019-02-03 23:08:00.000,4940414.88,13110929#rLCXWVamgtL8jymzz6ZIP,10146903,146342.290,-4456603.27,-7729949.0,3402628.90,-14080097,10906188,-3848156,-5417872,false,18310188,14043869,false,583090#UkWrGiJVG6sW6,6910621.7,-18441716
2091,783,3,8,42,552,2016-06-26 02:45:05.000,-1.227523206E7,15211193#velX5ZOgH4bOTZUnYew1R,-20095575,-24094.690,-8287802.47,-6581416.0,14908429.96,4612922,-12967626,7619809,16736759,false,-1676232,15830777,true,18808526#6jSPIH1yYv78D,-17087727.0,14622370
2092,416,3,8,1,2509,2017-03-04 19:39:13.000,-2079604.38,17400532#VDQAZRZLx06BR2KTRIUoN,-609716,-383153.980,141758.82,3516590.5,-7988165.00,-15112354,-1309587,-13131259,-12252229,true,63257,-15477008,true,8666464#Ow9UoYGhiuoLw,14859487.2,19132132
2093,498,3,6,47,3167,2019-05-01 10:26:40.000,1.168131246E7,2932691#AgDzD67onLyuj377qMrSr,-6940101,608855.660,-9674507.16,-1.2888045E7,-7147346.62,6212270,5544379,-3787839,19961150,false,2644611,3020554,true,7495411#RhE2Jt0iMDViw,-2366706.4,-8209446
2094,322,3,2,25,752,2016-10-18 18:36:02.000,-6501754.78,9006096#raHnTsrjSTsXc6aPwSsTF,-19475746,-279024.520,-7530224.36,1003516.8,3541933.62,-16435101,-20373215,-18104362,8448098,false,5117525,-3533861,false,15248941#HiDdy1z1qEvAZ,-8415738.1,18130657
2095,671,1,12,47,281,2016-06-11 16:32:43.000,-1.605373093E7,14170974#G4UHHMLy9si7XTHDBkGqD,981208,-401066.920,67451.42,-107807.87,831743.70,212706,-15498260,8779806,-7621852,false,17264516,17468120,true,585120#tjsKees7J6JBF,11000166.4,-11213240
2096,642,2,2,62,1911,2018-11-25 18:23:35.000,-1.354006096E7,17206528#Pqdb8oXZ7ojHW7amusOB6,-12399750,-592908.070,8120869.21,1.8487866E7,5724204.16,17738562,8298686,14447873,-11332325,false,19921993,-16957044,false,11850695#9yLYs5bhjcKNW,-16830316.7,19498001
2097,151,2,10,40,56,2019-03-20 07:29:32.000,-1.285206771E7,11727225#nuYd4jhsIFuVo3rz56hcy,5036841,607718.430,-9700169.47,1.0765823E7,-15758483.37,18562399,10727510,12619814,-11504036,true,19282226,-18433311,false,5700649#zyP2djEtFTefu,20473105.8,-5441537
2098,325,1,2,28,1644,2017-01-11 02:43:14.000,-1.439514809E7,18882192#7wTtchxtXTPvUf0Nkf1cy,18382754,383869.880,-1.822019931E7,-1.9729876E7,12363972.38,-6023675,8453460,-5507469,-13228653,true,7397841,1304088,true,20766260#UMT9FW4yx17w1,11873367.0,6874839
2099,675,1,3,19,2817,2017-09-05 17:48:44.000,-1.017785403E7,16784743#qqddzaEkHpF1DDmQA6ujU,20838103,498805.680,1.87052724E7,-5011892.5,-13496950.44,7673164,-14794432,14068820,6646224,true,12450159,755267,false,2982668#wSjofGahtLWte,-7695164.0,167555
2100,445,1,2,35,2326,2019-04-14 00:53:28.000,-1.26625385E7,20995467#xgfBytkDJQJiVZDrNrILz,9357127,145290.000,-3726185.29,-8808064.0,-16747670.00,13343244,-2859351,20668855,-2975607,false,-3786234,-1121149,false,17029146#RM3sdYnKb6Y0X,-12117874.0,-18698438
2101,98,2,14,16,1171,2018-03-30 19:46:50.000,782141.71,4435793#mfQADl5RvdWTKZfefdzgh,-7444624,82313.170,1.664671639E7,-1.7083106E7,-15991392.75,-14900770,11976367,14631780,14109002,false,18968751,19771744,false,1187114#F51OhKCq2njZ2,-13419705.1,-5502260
2102,150,2,8,44,2121,2018-07-26 07:33:14.000,2888401.83,6828044#ZjxIupl9axRnYfmaNcbav,10030045,199172.460,1.775830409E7,1.7932646E7,10174312.50,7788191,-17971177,-7528421,14112378,true,9401827,5923889,true,2441377#mijpuchC1yPnl,-5677603.4,-4089666
2103,456,2,3,24,370,2018-04-13 23:03:31.000,-1.873596991E7,9472394#oMGQPhdNB3HQWc6uIdmZp,-2437440,-486522.900,2.069286493E7,6796340.0,9443160.92,7422537,18068519,-15663434,18639859,false,18192239,6361370,false,16234256#xr89iFnh6CovV,-8562715.6,16499311
2104,803,2,4,58,119,2018-03-23 06:51:32.000,5524271.32,17643685#nyBIr7Aq1Yee3eOBhkENk,-6713388,603738.670,-7847839.82,-1.2227423E7,11128670.48,12215167,-17016531,-7826066,17525542,true,19022102,20262780,true,10164314#3Mlw1MbOUqkDj,-14793794.6,11097920
2105,364,3,7,28,2963,2016-04-05 21:14:36.000,1.821528284E7,3470110#Rdk2i0CXzJWU3JeGJS4a3,-524952,245178.360,-2.078846594E7,7718050.5,5155502.50,-7543530,1580664,18562918,11240037,true,-7523850,-18796032,true,10092296#DSkWfoNPS96xL,-18462815.9,-7008847
2106,434,1,3,5,238,2020-01-30 02:16:27.000,1.792008628E7,19763752#uqXXGGxGympHwF97j6tsO,3047038,-550043.680,-1.250922704E7,-6271649.5,20408732.50,19774179,15429773,-14469039,9175489,false,3404517,18361224,false,2125325#tXxs25DHua4HZ,4179588.5,-17573824
2107,144,3,2,18,2684,2017-09-02 14:46:23.000,1826753.47,13616655#ArMGdSi7XslGZ1rxNpm71,5253211,-497487.470,-2148718.91,6271182.0,-18864005.51,14115759,11165993,7660858,-14971537,false,-850859,5987439,false,5182567#j9bA3496wVtSW,-12231608.0,5808143
2108,763,2,1,36,2240,2018-02-21 22:26:54.000,564735.83,738204#Z5ZJc8XJo0hQEUi0AXLXG,-14233058,-558351.340,1.309438762E7,511185.72,20137661.00,-11073816,-19664748,-1306246,1570602,false,-19924586,3735474,false,5770137#wNXfzGXq634vz,14199485.3,4724187
2109,1010,3,3,21,1240,2017-11-23 06:14:17.000,-9338909.72,1471706#VzGyOfj46IoPND7J2jJTg,10143330,269477.600,2.072037086E7,-1.2447029E7,-18910700.00,6560222,-516486,-121831,2579815,false,8316643,-16563406,true,15189769#0lY6iuu3Pgo30,-9386264.4,1944515
2110,140,3,11,44,3055,2017-05-04 23:11:37.000,-1.867482668E7,14754#dHkS8dkXknrmmzb9JZQci,-10967373,659250.840,7740845.68,-1343530.2,16978939.10,7932972,-2270073,13221533,5926645,true,-6990575,2839766,true,19077701#D96oeaZA9NoKo,-15669783.0,15856096
2111,483,2,8,40,1690,2017-09-19 14:48:24.000,1.209241326E7,7747154#JoLqkJT6PClTrsVIICWZU,13784046,-697522.810,1.571013391E7,7702082.0,15239877.30,7704219,3948009,-7045622,-8266775,false,-1780289,-12647927,false,12787311#irFVySeDzm6Ry,9558326.6,5290332
2112,872,2,14,48,1041,2017-09-24 04:09:16.000,2626907.31,199819#Yww9N9JsOs53gFeIsksNF,-8118171,597693.440,-7975773.55,-2.0239722E7,-11838307.66,-4592521,4495502,-7385191,-14985661,false,-9802381,-434091,true,15660610#ZVveXFMos59V0,17076766.9,5572597
2113,281,1,1,52,2306,2019-03-17 03:00:21.000,-1.730870842E7,2781068#c8RqMJL8kjGeN0v3kKGif,18676113,127385.300,7742206.89,1.5763521E7,17527836.23,-19531546,7344750,19222426,-20110490,false,-10105122,4252922,true,13073363#H32Tg9wtnLUTO,-1186977.0,20201417
2114,234,1,9,23,1295,2019-11-19 00:45:50.000,5372016.19,5953383#Ssq29qkbsScZpPPOM4ldQ,-14793567,-92017.340,-7275405.6,1.8528524E7,1570003.02,-14231605,15390687,-6987391,5140273,true,-6872891,7852124,false,14718677#GvnZg2Rtbg44Y,15019140.4,-3561376
2115,321,2,12,59,1660,2019-04-02 07:41:59.000,-1.390588624E7,7620640#Wu8B8ykWZLmFQjEilrMTy,-8672787,513201.220,-8352888.64,-1.5469964E7,11514316.00,-6632221,17618518,-14303477,-7665609,true,-13793348,3793578,true,1679100#Y4PolShTVuNq2,1002216.8,3810823
2116,664,3,13,19,3115,2017-07-12 13:35:32.000,2.071306324E7,11666081#b9cSCyFDWAZl8bdnfSPuw,-20026922,466651.070,-1.947049559E7,-1.5544847E7,-19356906.68,-3911318,11208203,16990005,-17130241,false,-11837900,19462670,true,12715596#yd99Xk5XmeESP,19199002.8,19278113
2117,265,1,9,18,115,2017-02-19 11:14:13.000,-3725685.97,2415692#aokhLaLINXxDL0dAz3VFD,6403326,-355012.740,-1.367770857E7,2406472.8,9883870.55,-14634675,9655370,15664280,-4615125,false,5127634,-15134892,false,16237156#BRfRXNqRNeyir,17384806.1,2084205
2118,221,2,11,48,3267,2017-10-05 21:47:10.000,236160.03,4901795#6WOecSJQlM1SFG0TkBCL4,-19052356,-216332.240,2.039891099E7,-1.9629804E7,17275138.14,-1002663,6036739,4095068,-5691476,true,-13286499,12975565,false,18157286#CcHNBXt4MCDc2,5261256.6,-4305704
2119,75,2,8,26,1635,2016-08-05 04:49:00.000,1.932692461E7,9075738#BoN6ddmzxYNQkFnOGBVr9,17641549,-213547.680,-1.143533574E7,2.0249584E7,14562515.75,-18548886,-10344461,-16075224,3762078,true,3155188,-14034508,false,16500138#P9REmtkOdZe1k,-4117726.5,-18621028
2120,110,3,8,12,3098,2019-04-03 17:24:29.000,1.67901165E7,3574745#Y22ZduVTIxJSIAlAULxEv,3597009,-155020.050,-5424993.88,-1.6245492E7,5088967.60,16756251,5915237,8652480,-1405474,false,-8401441,12829139,true,18625300#HwXj0BXW0mCkI,-10146390.5,6561326
2121,131,2,3,40,758,2017-04-25 22:00:40.000,-3123645.59,773594#8RB5xZHSSOqydZ247g0Y4,3922300,-448702.670,-2.087710138E7,1.3035721E7,-1982189.89,-10748928,-19919907,9235698,467113,true,18759407,-10251575,false,16235927#zQLFBlV1pzx4g,4522840.7,14570995
2122,935,2,11,33,1111,2017-10-26 15:53:06.000,-779.72,20698987#pbd9R3TfIVtLQFOLOi3yS,-8307537,-226409.860,1.761113293E7,-574482.3,-18753637.16,17049807,-6683467,32111,-19724331,false,-17113288,-14941875,false,14579960#D9qs5yst5Tedd,14643863.6,19561001
2123,483,3,1,20,1457,2016-08-24 04:46:55.000,-97364.12,2334462#YCsYXKDsg2I8JYT8xWx8v,1624473,652540.750,-2.109098681E7,-1.8382562E7,-20594597.50,7165830,-20738579,12489094,7089443,false,-2764322,6140140,true,1270251#xSesIdeHIixci,-14687013.3,-10089515
2124,314,2,9,59,1850,2016-04-10 15:07:32.000,-9216384.43,5256271#7sp3zBnXfgjB9RkxD7ioL,-10927793,681236.630,-9618542.82,-1.433394E7,18238665.16,-17993929,-19462309,-14831187,16749542,true,-17674256,-1447775,false,757191#Zyu7r5xZRZTds,8198714.9,-5342280
2125,4,3,2,11,2132,2017-06-20 23:43:15.000,-5369583.14,13571334#NnyY880VLFQqW5pQbUVQT,10477212,-638748.990,4070319.87,-1.896622E7,19744586.00,4385683,-672412,17050394,-16886842,false,-16444559,8314713,true,17111365#B7RxgFAuJTiz7,-20741190.0,-5359721
2126,253,1,10,25,900,2018-10-05 08:56:51.000,335072.07,1674687#VZzX5P7zuhnyKHlQKhTo7,-13810252,195631.010,-7585647.35,-3002316.0,4835231.06,18732263,16431113,-4641188,-10461065,true,-19162375,15323822,false,2592806#enK22Xud1wVYp,4276075.6,-10874933
2127,265,1,7,37,2605,2018-09-13 05:18:26.000,3359195.75,7144051#jO9aG5qnupYvfOgcHC1y3,-12269364,-106022.570,1.303893419E7,-1.2429625E7,20674726.99,19649625,-1698375,4800951,18028256,false,15048742,9829787,true,2374886#bZHhLEcNCPiPy,18932215.9,-10039685
2128,753,1,12,32,2163,2016-10-27 05:52:44.000,-7122501.61,16507057#CYLeGDz9GDIFeI83QNGuU,-9313616,350895.050,-1.109737332E7,-1.8972634E7,16984503.68,13845473,20170743,-3812125,-13154448,true,-13282829,-21235887,false,11822837#jf3cet3LMfNNJ,-8754618.0,2545362
2129,1022,3,6,31,896,2018-04-20 23:51:24.000,8715508.23,2091004#Tk2WQ84ByWMRCKsUjHMZF,-142193,-473892.870,1.325623349E7,-1.4196082E7,15855813.35,7733717,12688857,-787472,8112027,false,78599,9212255,false,18795514#VAF9qFZK11PLQ,-4371918.6,9489950
2130,515,3,9,20,2148,2018-01-11 03:56:33.000,-5836017.55,3365483#It7x1wzapH6CBQJSFlgcA,5644572,-286095.300,5590748.36,-9313009.0,-7668447.20,18166254,-13250615,-19727120,-920251,true,-8508089,-12578437,false,5558765#b7Mex2mNlXupf,17255344.3,7955432
2131,265,1,6,18,2305,2018-01-23 20:35:05.000,-843213.78,20242594#8RB5xZHSSOqydZ247g0Y4,-8207640,281530.950,6073127.04,1.8411572E7,10206964.81,4726296,12434265,8766722,5621677,true,18481299,15401988,false,13510418#7zXeABICkTDkA,16150159.8,5514116
2132,385,1,13,47,3186,2017-07-20 21:11:06.000,1.72705829E7,15351914#pRFUfeubiXCUcvELvx7Al,13441618,-567091.050,-1.389064297E7,1.6925884E7,15307886.24,1908801,5301918,-16047285,9688210,true,-949894,-20868145,false,13758150#PdLekxE3UrvrM,5334248.3,-472337
2133,813,2,14,24,1445,2019-01-22 03:16:29.000,-8665562.65,19579645#3DuLP5irMblPfUG934S3L,-10208270,-19632.370,1.713789877E7,2.095687E7,-8613944.49,-16366182,-15551453,9301828,15842636,false,17661547,-17806030,false,858195#NjSexr3qr7xdT,14480907.2,-17728199
2134,1015,1,8,54,2524,2019-06-13 17:37:33.000,-1.867697031E7,17485777#njiEhfC1Buyk9Vz4cC7dD,-14228162,-640.300,5870354.92,-2.0015938E7,-6374545.06,-3815905,16921007,19098770,-12598470,true,-9088106,18060480,false,20534330#1AEcjjZHIRMCU,5237008.6,-11804680
2135,226,3,12,58,2099,2017-08-08 21:22:46.000,-1.95763984E7,7595301#KkNWE7GWSbElM2HyxAXmg,-15448926,196027.830,5672672.45,1.0798226E7,-9819879.45,-13453265,-1250566,10929821,16837389,false,13109606,4379268,false,4235560#F0oDZljj9VWu5,-1199743.8,15107720
2136,972,2,12,7,511,2018-03-28 03:41:12.000,-7652073.74,10274207#OD2uXIPbM8BKPjtCzpYUf,443428,-639080.630,-1.67040546E7,-1.9777958E7,14658839.16,5160970,7430183,-4650963,-1909551,false,596326,-7610535,true,56292#XpmVlu0zWfr2M,2186284.9,18212473
2137,597,1,1,43,131,2017-08-11 09:01:33.000,-1.446356451E7,16587080#6i8tktpYN0gpoZPMUjkou,-7577631,227562.650,1.145788689E7,-5648109.5,-2094176.41,10086333,-18304141,-3395215,-11094749,true,20003923,-9162831,true,568185#rmz6RQgp5SjNy,-7588190.5,14466467
2138,188,1,6,12,1395,2016-07-24 17:59:01.000,-1.981427061E7,15831416#wyJ9KRRkibhGvTkoq6RQZ,-4272167,589205.630,-1.88869136E7,-617647.2,9149502.50,-13256644,-2843994,10879655,17414649,true,-11207721,-16717340,true,984307#LOZE0ly1qPh2F,-17254642.5,14007932
2139,517,1,7,49,543,2018-03-26 11:22:07.000,1.939509113E7,1443469#oAS2B70mQ5Fh4RvcRD3dB,5343867,-587204.160,3791504.8,2728014.5,14913827.01,5217864,-14927828,-19022840,-14518097,false,3945408,-10415293,false,13573383#vpyugZepMqLM7,411333.2,-1788032
2140,869,2,11,49,2559,2019-03-10 17:53:03.000,5058814.88,13424460#ht7BW4DjlKoNXa0qoh1Nd,10389420,150028.790,-4563003.27,-7914749.0,3484189.40,-14416847,11167316,-3940227,-5547551,false,18748201,14379911,true,596876#Dw5m2eU2XzWFC,7075837.2,-18882716
2141,1041,2,2,26,1702,2016-10-20 19:34:27.000,-1.256883206E7,15574786#T9Dde2z8m0xdcoEqroC4z,-20576032,-24632.690,-8486202.47,-6739016.0,15264707.96,4723297,-13277651,7802067,17136739,false,-1716182,16209232,true,19258223#RV8Q6nukCklnx,-17496256.0,14972170
2142,974,1,3,15,2272,2017-06-08 01:25:33.000,-2129204.38,17816191#nw2MFlNTAIvEf7tGESq5l,-624482,-392205.480,144958.82,3600590.5,-8178952.50,-15473554,-1341076,-13445160,-12545210,false,64595,-15846843,true,8873456#mIABZHjFdYnhp,15214745.7,19589184
2143,443,3,5,10,1254,2019-05-28 22:36:25.000,1.196051246E7,3002682#3CUnCON4ZKr25m3Y8Djkv,-7105764,623245.160,-9905707.16,-1.3196045E7,-7318113.62,6360745,5676879,-3878495,20437923,true,2707873,3092518,false,7674327#OPpscO9qK4NeC,-2423013.9,-8405421
2144,363,3,7,2,3052,2017-02-03 04:17:50.000,-6656954.78,9221030#sLePdjpKiA5xbyxFFqnWj,-19940557,-285584.520,-7710224.36,1027516.8,3626495.12,-16827614,-20859503,-18536564,8649607,true,5239600,-3618441,true,15612881#w1i7v1gUsTSte,-8616646.1,18563682
2145,1050,2,4,7,3144,2016-10-08 10:41:58.000,-1.643693093E7,14509131#HujjMQpm4PHjlT4twgoQe,1004756,-410748.920,69051.42,-110207.87,851646.70,217900,-15868110,8989517,-7803832,false,17676716,17884840,false,599055#bdlqLrtnQ2GcS,11262801.9,-11480728
2146,841,3,7,51,98,2019-01-05 23:48:56.000,-1.386326096E7,17616829#gcvZceH7FSDvAD43ABzYh,-12695364,-607168.570,8314469.21,1.8928666E7,5860964.66,18161649,8496761,14792714,-11602744,false,20396993,-17361406,true,12133237#atqodQtmnbkVs,-17231681.7,19963051
2147,731,2,5,31,2956,2019-04-20 15:59:43.000,-1.315846771E7,12006679#AkA4bBPwz7zlxH5woMsDy,5157083,622249.430,-9931369.47,1.1022623E7,-16134043.87,19005099,10983228,12920571,-11778302,true,19742101,-18872986,false,5836377#mijpuchC1yPnl,20961107.8,-5571218
2148,614,2,2,39,594,2017-04-21 22:20:19.000,-1.473834809E7,19332152#BwTvtuOv1GbcgFXeHT3Jm,18820716,393163.880,-1.865459931E7,-2.0200276E7,12658537.88,-6167125,8654722,-5638742,-13543827,false,7574366,1335151,true,21260981#5xQfe3PGC77BU,12156339.5,7038477
2149,415,3,9,13,1542,2017-11-25 00:51:38.000,-1.042025403E7,17184546#pzfqEi9Gm2HZLbaG2uj7H,21334261,510636.680,1.91508724E7,-5131092.5,-13818628.44,7855939,-15146757,14403991,6804430,true,12746759,773298,true,3053642#WC5x2vSTlw3Dc,-7878501.0,171430
2150,158,2,11,48,2938,2019-05-13 09:33:15.000,-1.29641385E7,21495173#0XljOQJwR0cTVMyQzSQ7F,9579840,148979.000,-3814985.29,-9017664.0,-17146351.00,13660919,-2927422,21161203,-3046391,true,-3876396,-1147606,false,17434490#pc8ZWVAsrJzxU,-12406573.0,-19143551
2151,394,3,4,57,1011,2018-06-01 09:13:37.000,800541.71,4541181#y3c85RUNMTLTc1b3saDiT,-7621608,84259.170,1.704271639E7,-1.7489506E7,-16372080.25,-15255395,12261204,14979975,14444746,false,19419951,20242367,true,1215327#OPpscO9qK4NeC,-13738972.1,-5633366
2152,171,3,4,22,446,2018-09-16 16:42:52.000,2957201.83,6990355#DnPBzgzUJuixt3vUu7kD7,10268696,204130.960,1.818070409E7,1.8359046E7,10416450.00,7973591,-18398477,-7707473,14447929,false,9625502,6064931,true,2499272#O3Ydh3ww6XDlI,-5812884.4,-4186766
2153,180,2,4,7,995,2018-06-14 12:00:43.000,-1.918156991E7,9697519#nwSr44VCpEwut7PUkPeXo,-2495583,-498209.400,2.118486493E7,6957940.0,9667642.92,7598924,18498107,-16036072,19083121,true,18624642,6512830,false,16620116#Ql2cmzi2UAjjb,-8766436.1,16891536
2154,904,3,10,2,82,2018-05-25 20:07:11.000,5655471.32,18062754#dHkS8dkXknrmmzb9JZQci,-6873008,618121.670,-8034239.82,-1.2517823E7,11393338.98,12505681,-17421131,-8011822,17942034,true,19474039,20744089,true,10405709#DcRKf1ngXijTb,-15145515.1,11361451
2155,690,1,5,19,2708,2016-08-10 14:42:43.000,1.864808284E7,3552364#7jrpDa68XGrXIrzagMflp,-537596,250800.360,-2.128206594E7,7901250.5,5277907.50,-7722555,1617976,19003797,11507036,true,-7702550,-19242686,false,10331797#V7cON07rqDt2G,-18901225.4,-7175122
2156,686,1,1,18,188,2020-02-03 02:23:56.000,1.834568628E7,20232871#LsxpxIyoQ18yyDlY9kTJj,3119188,-562964.680,-1.280602704E7,-6420449.5,20893195.00,20243479,15796298,-14812777,9393250,false,3485504,18797184,true,2175762#rIfByTp0KAaWl,4278796.5,-17991258
2157,401,2,6,24,2196,2017-11-23 07:41:16.000,1869953.47,13939701#9Pp4UyOOhyYvprbIaJLyq,5377816,-509493.970,-2199918.91,6419982.0,-19311552.01,14450871,11430993,7842774,-15327040,true,-870959,6129740,false,5305502#1rXg3BsX4Dc4S,-12521927.0,5945868
2158,930,1,6,60,2415,2018-04-29 12:50:41.000,578335.83,755699#op48vcfaWr1uv1UmFQQYF,-14570638,-571476.340,1.340478762E7,523185.72,20615448.50,-11336591,-20131045,-1337352,1607885,false,-20396998,3824031,true,5906882#Hg8qKQYaHLZ2u,14536230.3,4836412
2159,251,3,6,13,1765,2018-02-06 00:23:42.000,-9560509.72,1506482#XkqGWyJZ7dKHY5LOOpeII,10383831,276024.100,2.121157086E7,-1.2742229E7,-19358900.00,6715608,-528786,-124881,2640985,false,8513830,-16956088,true,15549724#AL5zaF5pECAZc,-9608827.9,1990546
2160,804,3,9,49,3030,2017-08-05 19:42:49.000,-1.911722668E7,14907#p5mKNW8K6xAIlv70iSlW5,-11227356,674919.340,7924045.68,-1375530.2,17381329.60,8120847,-2323998,13535020,6067047,false,-7156031,2906970,true,19529652#vY9LyZIWVHwRR,-16041243.0,16231946
2161,835,3,3,15,403,2017-12-09 09:22:34.000,1.237881326E7,7930581#z1pvuGK9ygcMpnQtKucSa,14110473,-714280.310,1.608213391E7,7884482.0,15600642.30,7886656,4041484,-7212434,-8462753,true,-1822289,-12947638,true,13090002#KO9XJncFzzDSA,9784492.6,5415532
2162,931,1,10,17,866,2017-12-13 16:26:01.000,2689307.31,204539#WA6fLlIhXYWtJyuSq5aJZ,-8310279,611714.440,-8164573.55,-2.0718922E7,-12118785.66,-4701371,4602102,-7560064,-15340361,true,-10034540,-444326,false,16031281#zO61BoKw4gnve,17481086.9,5704422
2163,814,3,9,24,281,2019-04-18 15:50:17.000,-1.771830842E7,2846696#wtjca61PVrVswOnlKQE0V,19118244,130419.800,7925406.89,1.6136321E7,17942671.73,-19993533,7518675,19677230,-20586497,false,-10344297,4353678,true,13382534#TY4CNxsaOAgOn,-1215147.5,20679642
2164,1010,2,7,23,95,2019-11-29 12:57:40.000,5499216.19,6094096#raHnTsrjSTsXc6aPwSsTF,-15143415,-94106.340,-7447405.6,1.8966924E7,1607274.52,-14568430,15754921,-7152618,5261614,true,-7035516,8037835,false,15066645#uoYCiMcxuiX2q,15374153.9,-3645576
2165,704,3,6,39,735,2019-05-03 12:30:05.000,-1.423468624E7,7800568#1bWEIVSP5EWNlUBffu3Pk,-8877905,525287.220,-8550488.64,-1.5835564E7,11786566.00,-6788868,18035031,-14641722,-7846929,false,-14119511,3883029,false,1718627#xOkqdyH76WYyk,1026071.8,3901023
2166,963,2,4,51,1065,2017-10-08 06:19:34.000,2.120266324E7,11941642#WuzH1DlHc6hqXXrhbjQup,-20500345,477850.570,-1.993049559E7,-1.5912047E7,-19814218.18,-4003949,11473141,17391640,-17534921,true,-12117850,19922677,true,13015998#YcXGaNtkXi69E,19652492.3,19733438
2167,223,1,12,54,640,2017-05-31 04:36:05.000,-3813685.97,2472514#7SVin7np0QrqBtMVl2F9q,6554573,-363320.240,-1.400090857E7,2463272.8,10117328.05,-14980400,9883533,16034091,-4723954,true,5248934,-15492212,false,16620608#12HK2C0FdUhSb,17795211.1,2133480
2168,98,1,10,54,617,2017-12-25 05:34:58.000,241760.03,5017324#CxmU4gXHebXn8iujmbZfl,-19502048,-221311.240,2.088051099E7,-2.0093004E7,17682724.64,-1026144,6179464,4191794,-5825707,true,-13599974,13281767,true,18585749#3SyowMnAtgDhy,5385601.1,-4407529
2169,136,3,10,37,3123,2016-12-02 04:22:06.000,1.978292461E7,9289862#N2L8gKV64TedCyb5tTpFX,18057603,-218553.180,-1.170493574E7,2.0727184E7,14906028.25,-18986799,-10588486,-16454317,3850721,false,3229425,-14365641,false,16889380#NZvwx474UioqC,-4214815.5,-19060209
2170,671,2,14,37,2623,2019-05-05 01:55:57.000,1.71861165E7,3659014#fbSOYcFq1z2VLBbhU3J54,3681795,-158641.050,-5552993.88,-1.6628692E7,5208964.10,17151276,6054624,8856535,-1438476,true,-8599416,13131529,true,19064547#tw4bI2QsNoSyx,-10385479.5,6715851
2171,541,3,14,7,1008,2017-07-30 10:36:44.000,-3197245.59,791774#kSbzuuG7rbKV2mQRV2TwV,4014567,-459181.670,-2.136910138E7,1.3342921E7,-2029044.39,-11002453,-20389507,9453653,478243,true,19201482,-10493187,false,16618540#GsAoxmv7jDj4f,4629502.7,14914345
2172,868,1,1,7,1047,2018-01-13 16:28:37.000,-779.72,21186662#upq0zdTk1jVxAvpof00Jh,-8503134,-231561.360,1.802633293E7,-588082.3,-19195626.16,17451613,-6840917,32720,-20189286,true,-17516388,-15293781,false,14923429#ScgsSa0ZYtQ8B,14988833.1,20022022
2173,760,1,9,20,2625,2016-12-20 07:38:59.000,-99764.12,2389312#trtmGsKMuwTr8FjGtg6Sw,1662547,667783.750,-2.158778681E7,-1.8815362E7,-21079422.50,7334730,-21226910,12783307,7256274,true,-2829197,6284956,true,1299965#2rergeYgRdKm6,-15033089.8,-10327140
2174,289,2,13,4,2663,2016-08-19 07:28:58.000,-9433184.43,5379826#plVcaMj8aEtDBfUGcekso,-11184887,697506.130,-9844942.82,-1.467154E7,18667982.16,-18417573,-19920330,-15180207,17143905,true,-18090381,-1482058,true,774848#GqiYGl7q0BRSQ,8391572.9,-5467880
2175,192,1,9,16,2182,2017-09-20 02:16:21.000,-5495983.14,13890594#8RB5xZHSSOqydZ247g0Y4,10723630,-653949.990,4166319.87,-1.941262E7,20209366.00,4488933,-688262,17451560,-17284315,false,-16831721,8510397,true,17513972#m8pSDxsEuBu1e,-21229353.5,-5485808
2176,799,1,1,57,778,2018-11-22 13:22:51.000,343072.07,1713852#H94iXHBGqljEwesKDtGXD,-14135232,200107.010,-7764047.35,-3072716.0,4948771.56,19172926,16817651,-4750553,-10706975,false,-19613125,15684098,false,2653701#D96oeaZA9NoKo,4376574.6,-11130758
2177,148,3,3,38,230,2018-11-02 12:32:37.000,3438395.75,7311857#oSE2bskFAPecqVO8wSwuP,-12558009,-108462.570,1.334533419E7,-1.2721625E7,21160945.49,20111700,-1738350,4914034,18452271,false,15402351,10061012,false,2430701#D96oeaZA9NoKo,19377263.9,-10275760
2178,39,3,13,54,838,2017-02-17 13:44:12.000,-7289701.61,16894752#uqXXGGxGympHwF97j6tsO,-9532639,359197.050,-1.135817332E7,-1.9418234E7,17383481.68,14170598,20644787,-3901691,-13463738,true,-13595054,-21734947,false,12100464#Ow9UoYGhiuoLw,-8960551.0,2605049
2179,175,3,5,49,2052,2018-06-23 19:53:07.000,8920308.23,2139926#Ygrt8qMypqEKQJFjNT07x,-145572,-484934.370,1.356743349E7,-1.4529682E7,16228220.85,7915442,12986857,-806107,8302660,true,80655,9428623,true,19236765#b7Mex2mNlXupf,-4474500.1,9712875
2180,946,3,6,49,1298,2018-03-25 07:24:39.000,-5972817.55,3444335#TrFvccu3gRAybWZPjnm5k,5776982,-293022.800,5721948.36,-9531409.0,-7848399.20,18592785,-13561765,-20190059,-941924,true,-8707639,-12873922,true,5689027#B30qkbMSRGJDF,17660326.8,8141947
2181,860,2,9,10,2405,2018-04-05 23:11:18.000,-863213.78,20717374#5ADtUjfpKHzQMYJFM8q4W,-8399986,288021.950,6215527.04,1.8843572E7,10446490.31,4837021,12725980,8972370,5753617,false,18915149,15763584,false,13827280#QuBzcFbPOYOqi,16529197.8,5643609
2182,1053,2,5,5,1848,2017-10-18 09:43:10.000,1.76753829E7,15711741#V0HOlVkNPEZmwj0Ku4uuV,13756619,-580357.050,-1.421624297E7,1.7322684E7,15667102.24,1953541,5426406,-16423480,9915477,true,-972144,-21357534,true,14080598#yEYefVGD6qXDo,5459498.3,-483439
2183,1068,2,14,40,2158,2019-03-01 21:00:07.000,-8868762.65,20038485#Wzd94cvXvpc7nX4nPzvsn,-10447452,-20320.870,1.753949877E7,2.144807E7,-8815970.99,-16749910,-15915828,9519989,16213925,false,18075560,-18223608,true,878146#RM3sdYnKb6Y0X,14820564.2,-18143699
2184,123,1,8,26,1099,2019-07-09 07:36:20.000,-1.911457031E7,17895410#9b7hgcbVjoET70qyD2w69,-14561447,-861.300,6007954.92,-2.0484738E7,-6523824.56,-3905214,17317238,19546072,-12893554,false,-9301090,18483660,true,21015427#WnnFhjaKcM6FZ,5359775.6,-12081293
2185,341,2,7,47,1774,2017-11-05 03:29:50.000,-2.00347984E7,7773141#oeaeyi7p4dro4n6BFpJzi,-15810941,200405.330,5805472.45,1.1051026E7,-10049622.95,-13768290,-1280047,11185769,17231667,false,13416856,4481699,false,4334668#wSjofGahtLWte,-1227652.3,15461558
2186,235,1,13,35,1211,2018-06-03 00:57:38.000,-7831273.74,10514499#hGuGYrxH4xvMoUFWvgNvo,453809,-653846.130,-1.70952546E7,-2.0241158E7,15002004.66,5281589,7604181,-4759808,-1954026,true,610501,-7788670,true,57573#PW1xMCH25UTgc,2237686.4,18638873
2187,842,1,11,15,2859,2017-11-07 17:28:59.000,-1.480196451E7,16975129#dOPiMzU7610mvI3922jxv,-7754713,232952.150,1.172588689E7,-5780109.5,-2143072.91,10322249,-18732641,-3474664,-11354229,true,20472173,-9377386,true,581438#Uw6zECeAJCzb5,-7765927.5,14804942
2188,332,2,9,50,1926,2016-11-26 00:37:57.000,-2.027747061E7,16201614#UAAbRCCmBjV7hpS9x0HOc,-4372025,603002.630,-1.93285136E7,-632047.2,9363315.00,-13566756,-2910369,11133978,17821926,false,-11470046,-17108090,false,1007195#NjSexr3qr7xdT,-17658249.0,14335528
2189,763,2,8,61,3180,2018-06-01 21:26:10.000,1.984869113E7,1477112#Q6EKY2Q7r9NsSy7UPUi10,5468718,-601016.660,3880304.8,2792014.5,15262456.51,5339826,-15276916,-19467277,-14857657,true,4037808,-10658732,true,13890474#OIdtnNshuOsKj,421072.7,-1829759
2190,1027,1,5,37,709,2019-04-14 12:38:06.000,5177214.88,13737991#P9k7ydu4UbsxCJh8LXvFm,10631937,153715.290,-4669403.27,-8099549.0,3565749.90,-14753597,11428444,-4032298,-5677230,false,19186213,14715954,true,610662#YcPiEMHxU95Ia,7241052.7,-19323716
2191,224,1,10,10,2852,2017-02-14 12:23:49.000,-1.286243206E7,15938378#XbtJf8WQraGasQVr60qh0,-21056488,-25170.690,-8684602.47,-6896616.0,15620985.96,4833672,-13587676,7984325,17536719,true,-1756132,16587686,false,19707919#SFWyhNavJ7k8S,-17904785.0,15321970
2192,458,3,11,29,2034,2017-09-11 07:11:54.000,-2178804.38,18231851#cbwEIUdnjylCdAzjofd3b,-639248,-401256.980,148158.82,3684590.5,-8369740.00,-15834754,-1372565,-13759062,-12838190,false,65932,-16216678,true,9080449#Fly2MalYK37b6,15570004.2,20046235
2193,388,3,3,35,2617,2019-06-25 10:46:09.000,1.223971246E7,3072673#wVRQW0KkseVsWHXUGkatr,-7271427,637634.660,-1.013690716E7,-1.3504045E7,-7488880.62,6509220,5809379,-3969152,20914695,true,2771136,3164481,true,7853243#oE9PfNrXUSaXX,-2479321.4,-8601396
2194,404,1,12,41,2077,2017-05-21 13:59:38.000,-6812154.78,9435964#RKDtF17IKTuq5XlieUzHy,-20405369,-292144.520,-7890224.36,1051516.9,3711056.62,-17220126,-21345790,-18968767,8851115,false,5361675,-3703021,true,15976821#GDJJL5OfCId3x,-8817554.1,18996707
2195,355,1,10,30,2731,2017-02-04 04:51:13.000,-1.682013093E7,14847288#hK1qckUWtBoRNjV79r9Ur,1028303,-420430.920,70651.42,-112607.87,871549.70,223093,-16237960,9199228,-7985811,true,18088916,18301560,false,612989#X2u7sMdSYoku4,11525437.4,-11748215
2196,1040,1,12,40,1561,2019-02-16 05:14:16.000,-1.418646096E7,18027129#dOPiMzU7610mvI3922jxv,-12990977,-621429.070,8508069.21,1.9369466E7,5997725.16,18584737,8694836,15137556,-11873162,false,20871993,-17765768,false,12415779#VjpG65yaUEm1R,-17633046.7,20428101
2197,236,1,14,21,2581,2019-05-22 00:29:54.000,-1.346486771E7,12286132#KHL6xZmkRdv9qm8FKi0hy,5277325,636780.430,-1.016256947E7,1.1279423E7,-16509604.37,19447799,11238947,13221328,-12052568,false,20201976,-19312661,false,5972105#EhaJ3beLESvgC,21449109.8,-5700899
2198,903,3,2,50,2819,2017-07-31 17:57:24.000,-1.508154809E7,19782111#WWisrjB6I8ChSFddqVUHw,19258678,402457.880,-1.908899931E7,-2.0670676E7,12953103.38,-6310575,8855985,-5770015,-13859001,false,7750891,1366215,true,21755702#gmA6Y8vGYJQoU,12439312.0,7202114
2199,156,2,1,7,267,2018-02-13 07:54:33.000,-1.066265403E7,17584350#cqGOgfiWKzvMohMuEluoo,21830419,522467.680,1.95964724E7,-5250292.5,-14140306.44,8038714,-15499082,14739162,6962636,false,13043359,791328,false,3124615#SawT5cz0ycSuI,-8061838.0,175305
2200,945,3,6,61,276,2019-06-11 18:13:01.000,-1.32657385E7,21994878#Z8JEZ6tkZ0j6zRBWhw81i,9802553,152668.000,-3903785.29,-9227264.0,-17545032.00,13978594,-2995494,21653552,-3117174,true,-3966559,-1174063,true,17839834#cXNu3LI5Bru1w,-12695272.0,-19588663
2201,690,1,7,35,852,2018-08-02 22:40:24.000,818941.71,4646569#zpkhAR4UYIdV6cQ2gHb1K,-7798592,86205.170,1.743871639E7,-1.7895906E7,-16752767.75,-15610020,12546042,15328170,14780490,false,19871151,20712990,false,1243539#586ICO9I26nOD,-14058239.1,-5764472
2202,192,1,13,63,2046,2018-11-08 01:52:30.000,3026001.83,7152666#MpGpZZEdxahiqWawPjxn3,10507348,209089.460,1.860310409E7,1.8785446E7,10658587.50,8158991,-18825777,-7886525,14783479,true,9849177,6205973,false,2557168#mGzXcMO1nX3ov,-5948165.4,-4283866
2203,978,2,4,53,1620,2018-08-15 00:57:56.000,-1.962716991E7,9922645#3DuLP5irMblPfUG934S3L,-2553726,-509895.900,2.167686493E7,7119540.0,9892124.92,7775312,18927694,-16408709,19526383,false,19057045,6664290,true,17005976#7O4j3UX5ISFkj,-8970156.6,17283761
2204,1006,1,2,9,44,2018-07-28 09:22:51.000,5786671.32,18481822#cTk431xdoHHtdTaE9z3X8,-7032627,632504.670,-8220639.82,-1.2808223E7,11658007.48,12796194,-17825731,-8197578,18358526,false,19925977,21225398,false,10647105#EhaJ3beLESvgC,-15497235.6,11624982
2205,1015,2,3,9,2453,2016-12-15 08:10:51.000,1.908088284E7,3634617#fIRe1pch657RSh63kqHkW,-550241,256422.360,-2.177566594E7,8084450.5,5400312.50,-7901580,1655289,19444676,11774035,false,-7881250,-19689341,false,10571299#gVd6SRENA1ndG,-19339634.9,-7341397
2206,938,1,13,31,138,2020-02-07 02:31:24.000,1.877128628E7,20701990#nkj7XkcD0KQLvucOQQssm,3191338,-575885.680,-1.310282704E7,-6569249.5,21377657.50,20712779,16162823,-15156516,9611010,true,3566492,19233144,false,2226199#SwUJZsNYX2c3G,4378004.5,-18408692
2207,658,1,10,30,1709,2018-02-13 00:36:09.000,1913153.47,14262746#mOKbGWXsYnuU9rP2Z0ppo,5502421,-521500.470,-2251118.91,6568782.0,-19759098.51,14785984,11695993,8024691,-15682544,false,-891059,6272042,true,5428437#R0AdpJaFcHW1n,-12812246.0,6083593
2208,23,2,10,21,2590,2018-07-05 03:14:28.000,591935.83,773194#LK2jEUl6PMYQuAE2WN6zu,-14908219,-584601.340,1.371518762E7,535185.75,21093236.00,-11599366,-20597341,-1368459,1645169,false,-20869411,3912587,false,6043626#jLaR0soeuW4xJ,14872975.3,4948637
2209,566,2,9,4,2290,2018-04-21 18:33:07.000,-9782109.72,1541257#qfAR4VXwcKoGtZE3nGsJk,10624331,282570.600,2.170277086E7,-1.3037429E7,-19807100.00,6870993,-541086,-127932,2702155,false,8711018,-17348770,false,15909679#D2uNbc1u6mhrr,-9831391.4,2036577
2210,395,3,7,54,3005,2017-11-06 16:14:01.000,-1.955962668E7,15060#QgZralFzc9Fb5UsYnp8HL,-11487338,690587.840,8107245.68,-1407530.2,17783720.10,8308722,-2377923,13848507,6207448,false,-7321487,2974173,false,19981603#qCV41M48PQ9MA,-16412703.0,16607796
2211,113,2,12,54,2390,2018-02-28 03:56:44.000,1.266521326E7,8114009#ste97iGrDxvNlJpsUubWA,14436900,-731037.810,1.645413391E7,8066882.0,15961407.30,8069094,4134959,-7379247,-8658730,false,-1864289,-13247348,false,13392692#IlRDtirhHxMMd,10010658.6,5540732
2212,991,1,6,49,691,2018-03-04 04:42:46.000,2751707.31,209259#KxaEE8rlfo55DkUwZOrAm,-8502388,625735.440,-8353373.55,-2.1198122E7,-12399263.66,-4810221,4708702,-7734938,-15695061,true,-10266699,-454562,false,16401952#u2YdTaFjrdGtx,17885406.9,5836247
2213,272,2,3,59,1531,2019-05-21 04:40:13.000,-1.812790842E7,2912323#vBuVcitqoTgSJrj0k3zs3,19560375,133454.300,8108606.89,1.6509121E7,18357507.23,-20455521,7692600,20132034,-21062505,true,-10583472,4454433,false,13691706#ZLREn2y8YcwOy,-1243318.0,21157867
2214,713,3,4,23,2170,2019-12-10 01:09:29.000,5626416.19,6234809#aPqSZ2oE6Ie4SNwC3yFT0,-15493264,-96195.340,-7619405.6,1.9405324E7,1644546.02,-14905255,16119155,-7317846,5382954,true,-7198141,8223547,false,15414613#QwXTFriBx97pE,15729167.4,-3729776
2215,13,2,14,19,3086,2019-06-03 17:18:12.000,-1.456348624E7,7980496#DDeluuec42Z781izje0X6,-9083022,537373.220,-8748088.64,-1.6201164E7,12058816.00,-6945516,18451543,-14979967,-8028249,false,-14445673,3972480,true,1758153#e4X5nI11ACY2u,1049926.8,3991223
2216,187,3,9,21,2290,2018-01-03 23:03:36.000,2.169226324E7,12217203#1Ftt0VR1msUsd9Zyra8R6,-20973767,489050.070,-2.039049559E7,-1.6279247E7,-20271529.68,-4096580,11738078,17793274,-17939601,true,-12397800,20382683,true,13316401#FNdp03sWy3TaY,20105981.8,20188763
2217,181,1,1,26,1165,2017-09-08 21:57:56.000,-3901685.97,2529336#EH1DDNUQHEzPXlYjU28cZ,6705819,-371627.740,-1.432410857E7,2520072.8,10350785.55,-15326125,10111695,16403901,-4832782,true,5370234,-15849531,false,17004059#7gqVimz0hT7gL,18205616.1,2182755
2218,1049,3,9,59,1242,2018-03-15 13:22:45.000,247360.03,5132853#SNkWB7v7k6jFM1I0L3r6B,-19951740,-226290.240,2.136211099E7,-2.0556204E7,18090311.14,-1049625,6322189,4288520,-5959938,false,-13913449,13587969,false,19014211#7nKeEPpgviN9D,5509945.6,-4509354
2219,196,1,12,48,1335,2017-03-31 03:55:11.000,2.023892461E7,9503986#lVopMRA5JusYoZiOAZMzV,18473657,-223558.680,-1.197453574E7,2.1204784E7,15249540.75,-19424711,-10832511,-16833410,3939365,false,3303663,-14696775,true,17278621#84mr8HwROBlEv,-4311904.5,-19499390
2220,157,1,6,62,2148,2019-06-05 10:27:24.000,1.75821165E7,3743284#7WKhowiHgtJZPu9pFrxXo,3766581,-162262.050,-5680993.88,-1.7011892E7,5328960.60,17546301,6194012,9060591,-1471478,false,-8797391,13433920,false,19503794#o4qKhlpXUTb33,-10624568.5,6870376
2221,951,1,11,37,1258,2017-11-02 23:12:48.000,-3270845.59,809954#UlQhXpJGC4HbF2ofgIwOx,4106834,-469660.670,-2.186110138E7,1.3650121E7,-2075898.89,-11255978,-20859107,9671608,489372,true,19643557,-10734799,false,17001154#th4KImZvYOkmQ,4736164.7,15257695
2222,802,2,6,44,984,2018-04-02 17:04:08.000,-779.72,21674336#EH1DDNUQHEzPXlYjU28cZ,-8698731,-236712.860,1.844153293E7,-601682.3,-19637615.16,17853419,-6998367,33328,-20654241,true,-17919488,-15645688,true,15266898#KsVjO2ybeb8jU,15333802.6,20483044
2223,1038,2,2,20,519,2017-04-17 10:31:03.000,-102164.12,2444162#uVxXN3xJbDujEle2MZThK,1700622,683026.750,-2.208458681E7,-1.9248162E7,-21564247.50,7503630,-21715241,13077520,7423104,true,-2894072,6429772,false,1329679#D2uNbc1u6mhrr,-15379166.3,-10564765
2224,264,2,3,12,200,2016-12-27 23:50:24.000,-9649984.43,5503381#H1r5qO9n2IapFAmXSHCHU,-11441981,713775.630,-1.007134282E7,-1.500914E7,19097299.16,-18841216,-20378352,-15529226,17538267,false,-18506506,-1516341,true,792504#3OQiRxt71wf6b,8584430.9,-5593480
2225,380,2,2,22,2232,2017-12-20 04:49:28.000,-5622383.14,14209855#1dXEzh0zSJaBMYAQUuW5m,10970047,-669150.990,4262319.87,-1.985902E7,20674146.00,4592183,-704112,17852726,-17681789,true,-17218884,8706081,true,17916579#zn8xgXw7VEzMB,-21717517.0,-5611896
2226,272,1,6,26,656,2019-01-09 17:48:51.000,351072.07,1753016#C22YHwod1OwiUrvYbL3bO,-14460212,204583.010,-7942447.35,-3143116.0,5062312.06,19613588,17204188,-4859917,-10952884,true,-20063875,16044374,false,2714596#yd99Xk5XmeESP,4477073.6,-11386583
2227,32,1,13,39,1130,2018-12-22 19:46:48.000,3517595.75,7479663#CpKGW2NvPhr44sdxUyoUU,-12846653,-110902.570,1.365173419E7,-1.3013625E7,21647163.99,20573775,-1778325,5027116,18876287,true,15755960,10292237,true,2486515#FzLZJb1l86Eqd,19822311.9,-10511835
2228,399,1,14,13,2788,2017-06-10 21:35:39.000,-7456901.61,17282447#LTrptP2zpbby4k1s8Tvzr,-9751662,367499.050,-1.161897332E7,-1.9863834E7,17782459.68,14495723,21118830,-3991256,-13773027,true,-13907279,-22234008,false,12378091#O4jQ8i4I6TDLY,-9166484.0,2664737
2229,402,3,4,4,3208,2018-08-26 15:54:50.000,9125108.23,2188849#btOPnVUg0xvfllXaGhdlt,-148952,-495975.870,1.387863349E7,-1.4863282E7,16600628.35,8097167,13284857,-824743,8493292,true,82711,9644991,false,19678017#H0kaFu4HNQvHL,-4577081.6,9935800
2230,304,1,3,15,448,2018-06-06 10:52:44.000,-6109617.55,3523186#p20CJkd4YadOZQSqIueFT,5909393,-299950.300,5853148.36,-9749809.0,-8028351.20,19019316,-13872915,-20652999,-963596,false,-8907189,-13169406,true,5819289#kJiOtbz4z1wCy,18065309.3,8328463
2231,381,3,12,3,2505,2018-06-17 01:47:31.000,-883213.78,21192154#JoLqkJT6PClTrsVIICWZU,-8592333,294512.950,6357927.04,1.9275572E7,10686015.81,4947746,13017696,9178018,5885556,false,19348999,16125181,false,14144143#mkhkORwA0wgm5,16908235.8,5773103
2232,647,1,12,26,511,2018-01-15 22:15:14.000,1.80801829E7,16071568#1bWEIVSP5EWNlUBffu3Pk,14071620,-593623.050,-1.454184297E7,1.7719484E7,16026318.24,1998282,5550893,-16799675,10142743,false,-994394,-21846923,false,14403045#zwiiGaI7EBczg,5584748.3,-494540
2233,250,1,1,56,2870,2019-04-09 14:43:44.000,-9071962.65,20497325#xtps9bHUWxZfx2J28ywGh,-10686635,-21009.370,1.794109877E7,2.193927E7,-9017997.49,-17133638,-16280203,9738150,16585213,true,18489572,-18641186,false,898097#smQUM1MxtlzRb,15160221.2,-18559199
2234,305,1,8,62,2949,2019-08-03 21:35:07.000,-1.955217031E7,18305043#Qj7bbtomjMVCSO6kMXmQn,-14894732,-1082.300,6145554.92,-2.0953538E7,-6673104.06,-3994523,17713469,19993375,-13188638,false,-9514074,18906840,false,21496525#4BePDdzevfXtK,5482542.6,-12357905
2235,456,3,3,37,1449,2018-02-01 09:36:55.000,-2.04931984E7,7950981#sZjHWLfgIoqR0l3Vud8se,-16172957,204782.830,5938272.45,1.1303826E7,-10279366.45,-14083315,-1309528,11441716,17625945,true,13724106,4584129,true,4433776#dNqxN44Zx52rJ,-1255560.8,15815395
2236,571,3,14,63,1911,2018-08-08 22:14:04.000,-8010473.74,10754791#0n3vUOEuwXt1qlavxnZBe,464191,-668611.630,-1.74864546E7,-2.0704358E7,15345170.16,5402207,7778179,-4868653,-1998500,false,624676,-7966806,true,58854#8jmMNuVrCdvno,2289087.9,19065273
2237,13,1,7,50,2312,2018-02-04 01:56:25.000,-1.514036451E7,17363177#5lDxYwYdZK4r9DdR9hOha,-7931795,238341.650,1.199388689E7,-5912109.5,-2191969.41,10558164,-19161141,-3554113,-11613710,true,20940423,-9591942,true,594690#AUr0kR0PZ4Kql,-7943664.5,15143417
2238,476,2,12,25,2457,2017-03-30 07:16:54.000,-2.074067061E7,16571813#mZOQqXYWRiHsfCHzSrOUV,-4471883,616799.630,-1.97701136E7,-646447.2,9577127.50,-13876869,-2976744,11388301,18229203,true,-11732371,-17498839,true,1030083#2Jivogf4RUYBi,-18061855.5,14663125
2239,1009,1,10,10,2543,2018-08-08 07:30:12.000,2.030229113E7,1510754#dHkS8dkXknrmmzb9JZQci,5593568,-614829.160,3969104.8,2856014.5,15611086.01,5461789,-15626003,-19911714,-15197217,false,4130208,-10902171,true,14207566#8KdeCnX2QZ0Jo,430812.2,-1871485
2240,110,3,12,25,2134,2019-05-19 07:23:09.000,5295614.88,14051522#HLYrKUkJG2LTCrdyQC2Fx,10874454,157401.790,-4775803.27,-8284349.0,3647310.40,-15090347,11689572,-4124369,-5806909,false,19624226,15051996,false,624448#8aVCRDtSPAB9R,7406268.2,-19764716
2241,482,3,4,57,727,2017-06-11 05:13:11.000,-1.315603206E7,16301971#dCGsKf18EcaPqJATdwLPu,-21536945,-25708.690,-8883002.47,-7054216.0,15977263.96,4944047,-13897701,8166583,17936699,true,-1796082,16966141,false,20157616#PO5xd9j2LoiZ7,-18313314.0,15671770
2242,1016,1,6,43,1797,2017-12-15 12:58:14.000,-2228404.38,18647510#46REDBwSHpBOEXuogTEGc,-654014,-410308.480,151358.82,3768590.5,-8560527.50,-16195954,-1404054,-14072963,-13131171,true,67270,-16586513,true,9287441#2DmGA4DWu53lA,15925262.7,20503287
2243,333,3,2,61,704,2019-07-22 22:55:54.000,1.251891246E7,3142664#VLFIhmXpcnJ1ZxGhkqtni,-7437090,652024.160,-1.036810716E7,-1.3812045E7,-7659647.62,6657695,5941879,-4059808,21391468,false,2834398,3236445,false,8032159#Gf7q9Oe1rW6AA,-2535628.9,-8797371
2244,445,1,3,18,1102,2017-09-05 23:41:26.000,-6967354.78,9650898#EangpPIr9djxycdArwVBK,-20870180,-298704.520,-8070224.36,1075516.9,3795618.12,-17612639,-21832078,-19400969,9052624,true,5483750,-3787601,false,16340761#txWnN1Q8kvtnD,-9018462.1,19429732
2245,734,2,2,53,2319,2017-06-02 23:00:29.000,-1.720333093E7,15185445#swmQLyoqVejZqiK46w6lh,1051851,-430112.920,72251.42,-115007.87,891452.70,228287,-16607810,9408939,-8167791,true,18501116,18718280,true,626924#S4V3YgolYRv6K,11788072.9,-12015703
2246,165,2,3,29,3023,2019-03-29 10:39:37.000,-1.450966096E7,18437430#3PouvarAFj7zjO54pzn8Y,-13286591,-635689.570,8701669.21,1.9810266E7,6134485.66,19007824,8892911,15482397,-12143581,false,21346993,-18170130,true,12698321#dG6b31mrIPU0j,-18034411.7,20893151
2247,816,1,9,12,2206,2019-06-22 09:00:05.000,-1.377126771E7,12565586#ZaibC5OuRQbz95ijtHg5V,5397567,651311.430,-1.039376947E7,1.1536223E7,-16885164.87,19890499,11494665,13522085,-12326834,false,20661851,-19752336,false,6107833#2TCkIbfHvdSvQ,21937111.8,-5830580
2248,118,1,2,61,1769,2017-11-09 13:34:28.000,-1.542474809E7,20232071#C4PiKShqFPfnuTOExMQK4,19696640,411751.880,-1.952339931E7,-2.1141076E7,13247668.88,-6454025,9057247,-5901288,-14174175,true,7927416,1397278,true,22250423#5E7OGOT3uiNGr,12722284.5,7365752
2249,970,1,7,1,2267,2018-05-04 14:57:27.000,-1.090505403E7,17984153#UcBOAMy7BJxLBU56QCTN3,22326577,534298.680,2.00420724E7,-5369492.5,-14461984.44,8221489,-15851407,15074333,7120842,false,13339959,809359,true,3195589#QOQ0oezBiN7HO,-8245175.0,179180
2250,658,1,1,11,888,2019-07-11 02:52:48.000,-1.35673385E7,22494584#fRv2JlCAvbQOPZvZla6ZV,10025266,156357.000,-3992585.29,-9436864.0,-17943713.00,14296269,-3063565,22145900,-3187958,false,-4056721,-1200520,true,18245178#hFxpluKLME27l,-12983971.0,-20033776
2251,986,2,11,13,692,2018-10-04 12:07:12.000,837341.71,4751957#HdcSa5XobCEnwJYD0axyd,-7975576,88151.170,1.783471639E7,-1.8302306E7,-17133455.25,-15964645,12830879,15676365,15116234,false,20322351,21183613,true,1271752#X9Q5VxprQm9e0,-14377506.1,-5895578
2252,213,2,9,41,371,2018-12-30 11:02:08.000,3094801.83,7314977#FgLf0qvMBsFcQEMOrsxgw,10745999,214047.960,1.902550409E7,1.9211846E7,10900725.00,8344391,-19253077,-8065577,15119030,false,10072852,6347015,false,2615063#uRqpMuZZzOTMI,-6083446.4,-4380966
2253,702,2,5,36,2245,2018-10-15 13:55:08.000,-2.007276991E7,10147770#PtKu7Fcnj8yfi9MuNDQae,-2611869,-521582.400,2.216886493E7,7281140.0,10116606.92,7951699,19357282,-16781347,19969645,true,19489448,6815750,true,17391836#eIhhKGOku4JIC,-9173877.1,17675986
2254,33,2,8,16,7,2018-09-29 22:38:30.000,5917871.32,18900891#rc6CR67mGnuDyax1GIVkR,-7192247,646887.670,-8407039.82,-1.3098623E7,11922675.98,13086708,-18230331,-8383334,18775018,false,20377914,21706707,false,10888500#34ui3HrLfwACc,-15848956.1,11888513
2255,267,3,1,63,2198,2017-04-21 01:38:58.000,1.951368284E7,3716871#LsxpxIyoQ18yyDlY9kTJj,-562885,262044.360,-2.226926594E7,8267650.5,5522717.50,-8080605,1692601,19885555,12041034,false,-8059950,-20135995,true,10810800#t2MUnBX9pUaZR,-19778044.4,-7507672
2256,116,1,11,44,88,2020-02-11 02:38:53.000,1.919688628E7,21171109#l2wQSFXwjzKIAh7OYoCbY,3263488,-588806.680,-1.339962704E7,-6718049.5,21862120.00,21182079,16529348,-15500254,9828771,true,3647479,19669104,true,2276636#uc15Limwks8wX,4477212.5,-18826126
2257,915,3,14,36,1221,2018-05-05 17:31:02.000,1956353.47,14585792#ifs5lAf8RoNs4C80r6eLv,5627026,-533506.970,-2302318.91,6717582.0,-20206645.01,15121096,11960993,8206607,-16038047,true,-911159,6414343,true,5551372#vBMPeMhfqUSXB,-13102565.0,6221318
2258,190,1,1,45,2765,2018-09-09 17:38:15.000,605535.83,790689#hGfOcCthjsPrPotx2VHzM,-15245799,-597726.340,1.402558762E7,547185.75,21571023.50,-11862141,-21063638,-1399565,1682452,false,-21341823,4001144,true,6180371#WJmy5KGWT18Ai,15209720.3,5060862
2259,881,2,12,59,2815,2018-07-05 12:42:32.000,-1.000370972E7,1576033#IlOAAkIpi9UeYEakdNDUD,10864832,289117.100,2.219397086E7,-1.3332629E7,-20255300.00,7026379,-553386,-130982,2763325,false,8908205,-17741452,false,16269634#6eeVG88nvAuWC,-10053954.9,2082608
2260,1059,3,5,59,2980,2018-02-07 12:45:12.000,-2.000202668E7,15213#2HqP7dwSr3gtq9KqfGyZz,-11747321,706256.340,8290445.68,-1439530.2,18186110.60,8496597,-2431848,14161994,6347850,true,-7486943,3041377,false,20433554#yZzZaMUK8Cpqm,-16784163.0,16983646
2261,465,3,7,29,1103,2018-05-19 22:30:55.000,1.295161326E7,8297436#RkmlxbDQkejbSF0CY2Fzc,14763327,-747795.310,1.682613391E7,8249282.0,16322172.30,8251531,4228434,-7546059,-8854708,true,-1906289,-13547059,true,13695383#vpyugZepMqLM7,10236824.6,5665932
2262,1050,3,2,18,516,2018-05-23 16:59:32.000,2814107.31,213979#450FTzpU4tXE5wW9oCJi5,-8694496,639756.440,-8542173.55,-2.1677322E7,-12679741.66,-4919071,4815302,-7909811,-16049761,false,-10498858,-464797,true,16772623#1oNdmyO8s0wkA,18289726.9,5968072
2263,805,1,11,31,2781,2019-06-22 17:30:10.000,-1.853750842E7,2977951#iPGIftcEvjNHvXl9VouHd,20002506,136488.800,8291806.89,1.688192E7,18772342.73,-20917508,7866525,20586838,-21538512,true,-10822647,4555189,false,14000877#nprNiGDfR8oqe,-1271488.5,21636092
2264,415,1,2,23,970,2019-12-20 13:21:19.000,5753616.19,6375522#HLYrKUkJG2LTCrdyQC2Fx,-15843112,-98284.340,-7791405.6,1.9843724E7,1681817.52,-15242080,16483389,-7483073,5504295,true,-7360766,8409258,false,15762581#F39YiwSD9l6md,16084180.9,-3813976
2265,396,3,8,62,2161,2019-07-04 22:06:18.000,-1.489228624E7,8160424#XHMzv56ySPqYghy5Qh7Qy,-9288140,549459.220,-8945688.64,-1.6566764E7,12331066.00,-7102163,18868056,-15318212,-8209569,true,-14771836,4061931,false,1797680#Y3oDqOOQnKxTs,1073781.8,4081423
2266,486,2,14,53,240,2018-04-01 15:47:38.000,2.218186324E7,12492764#RlJpfRC6h5emhpOMebPxm,-21447190,500249.570,-2.085049559E7,-1.6646447E7,-20728841.18,-4189211,12003016,18194909,-18344281,false,-12677750,20842690,true,13616803#N9iBo8pO6GskD,20559471.3,20644088
2267,139,1,4,62,1690,2017-12-18 15:19:48.000,-3989685.97,2586158#uiEmMrXM98wG3KHPhtBhN,6857066,-379935.240,-1.464730857E7,2576872.8,10584243.05,-15671850,10339858,16773712,-4941611,false,5491534,-16206851,false,17387511#kkajXaeozMT5I,18616021.1,2232030
2268,926,2,8,2,1867,2018-06-03 21:10:33.000,252960.03,5248382#J4mE4YEXbkVAaFzwOZrpn,-20401432,-231269.240,2.184371099E7,-2.1019404E7,18497897.64,-1073106,6464914,4385246,-6094169,false,-14226924,13894171,true,19442674#aIWgFC5oJxvdD,5634290.1,-4611179
2269,257,2,14,59,2823,2017-07-28 03:28:17.000,2.069492461E7,9718110#Rdk2i0CXzJWU3JeGJS4a3,18889711,-228564.180,-1.224413574E7,2.1682384E7,15593053.25,-19862624,-11076536,-17212503,4028008,true,3377900,-15027908,true,17667863#3VZmap0SwgQIM,-4408993.5,-19938571
2270,718,3,12,24,1673,2019-07-06 18:58:52.000,1.79781165E7,3827553#pWOGe7HgJUh8kkVtvbfgb,3851367,-165883.050,-5808993.88,-1.7395092E7,5448957.10,17941326,6333399,9264646,-1504480,true,-8995366,13736310,false,19943041#0SO5oAuEYt8nC,-10863657.5,7024901
2271,287,2,8,4,1508,2018-02-06 11:48:52.000,-3344445.59,828134#4wv8ZXfgLJk5mSZ6ukaCf,4199101,-480139.670,-2.235310138E7,1.3957321E7,-2122753.39,-11509503,-21328707,9889563,500502,true,20085632,-10976411,false,17383767#wRUGAUYU4Sw2p,4842826.7,15601045
2272,735,1,10,18,920,2018-06-20 17:39:39.000,-779.72,22162011#PoW40GRqcqioIz6kC87zK,-8894328,-241864.360,1.885673293E7,-615282.3,-20079604.16,18255225,-7155817,33937,-21119196,false,-18322588,-15997594,true,15610367#u2nNSykUW2T5e,15678772.1,20944065
2273,241,3,10,20,1687,2017-08-13 13:23:07.000,-104564.12,2499012#NfzNUcxcwlEmjSRwXAmA8,1738696,698269.750,-2.258138681E7,-1.9680962E7,-22049072.50,7672530,-22203572,13371733,7589935,false,-2958947,6574588,false,1359393#sAd7JEjjY1e0v,-15725242.8,-10802390
2274,239,2,7,20,1013,2017-05-07 16:11:50.000,-9866784.43,5626936#SyOWOh8Aaiwm6X2ZNWTz4,-11699075,730045.130,-1.029774282E7,-1.534674E7,19526616.16,-19264860,-20836373,-15878246,17932630,false,-18922631,-1550624,false,810161#meeJTMBTXSS3x,8777288.9,-5719080
2275,568,3,9,27,2282,2018-03-21 07:22:34.000,-5748783.14,14529115#6l24SUxEMELsMxSwhlWza,11216465,-684351.990,4358319.87,-2.030542E7,21138926.00,4695433,-719962,18253892,-18079262,true,-17606046,8901765,true,18319186#98rchGhAsTDAB,-22205680.5,-5737983
2276,818,1,11,58,534,2019-02-26 22:14:51.000,359072.07,1792181#y3c85RUNMTLTc1b3saDiT,-14785192,209059.010,-8120847.35,-3213516.0,5175852.56,20054251,17590726,-4969282,-11198794,false,-20514625,16404650,false,2775491#pouA5hLcj7IWJ,4577572.6,-11642408
2277,989,3,9,40,2030,2019-02-11 03:00:58.000,3596795.75,7647469#oAS2B70mQ5Fh4RvcRD3dB,-13135298,-113342.570,1.395813419E7,-1.3305625E7,22133382.49,21035850,-1818300,5140199,19300302,true,16109569,10523462,false,2542330#1AEcjjZHIRMCU,20267359.9,-10747910
2278,759,3,1,35,1463,2017-10-02 05:27:07.000,-7624101.61,17670142#2hpN9KDyos2oyLV8Is69t,-9970685,375801.050,-1.187977332E7,-2.0309434E7,18181437.68,14820848,21592874,-4080822,-14082317,true,-14219504,-22733068,false,12655718#bQmZTDeG9VLNI,-9372417.0,2724424
2279,629,3,3,22,1089,2018-10-29 11:56:33.000,9329908.23,2237771#48fskfF97y4Wbf4JDVBct,-152331,-507017.370,1.418983349E7,-1.5196882E7,16973035.85,8278892,13582857,-843378,8683925,false,84767,9861359,true,20119268#6fLcNB9sbxgPs,-4679663.1,10158725
2280,735,1,14,44,2873,2018-08-18 14:20:50.000,-6246417.55,3602038#fgiwmnbircTZ5XadhA5Qi,6041803,-306877.800,5984348.36,-9968209.0,-8208303.20,19445847,-14184065,-21115938,-985269,false,-9106739,-13464891,false,5949551#0jzD689A62pUK,18470291.8,8514978
2281,976,1,1,58,2605,2018-08-28 04:23:44.000,-903213.78,21666934#dajB4KtRcvbaV8g4lMFgO,-8784679,301003.950,6500327.04,1.9707572E7,10925541.31,5058471,13309411,9383666,6017496,true,19782849,16486777,false,14461005#6ERJFhCIuW2lz,17287273.8,5902596
2282,241,2,4,47,2448,2018-04-15 10:47:18.000,1.84849829E7,16431395#rgptsqfraKBzziqQdVv1c,14386621,-606889.050,-1.486744297E7,1.8116284E7,16385534.24,2043022,5675381,-17175870,10370010,false,-1016644,-22336312,true,14725493#pCo5C63Pf2D65,5709998.3,-505642
2283,505,1,1,9,308,2019-05-18 08:27:22.000,-9275162.65,20956165#JAyfspVCzQiO17R44qbkk,-10925817,-21697.870,1.834269877E7,2.243047E7,-9220023.99,-17517366,-16644578,9956311,16956502,true,18903585,-19058764,true,918048#XiseeqaaZEFel,15499878.2,-18974699
2284,487,1,8,34,1524,2019-08-29 11:33:54.000,-1.998977031E7,18714676#muHc0Dq5yFVlZCjVvMuys,-15228017,-1303.300,6283154.92,-2.1422338E7,-6822383.56,-4083832,18109700,20440677,-13483722,true,-9727058,19330020,true,21977622#26TAsUU0XXVaK,5605309.6,-12634518
2285,571,2,12,26,1124,2018-04-30 15:43:59.000,-2.09515984E7,8128821#iDaCjkNweeFJjEhdwPjX0,-16534972,209160.330,6071072.45,1.1556626E7,-10509109.95,-14398340,-1339009,11697664,18020223,true,14031356,4686560,true,4532884#rNlQzeiYT75Ab,-1283469.3,16169233
2286,908,2,1,28,2611,2018-10-14 19:30:30.000,-8189673.74,10995083#7WwkS5elrA40LnGyC8hwM,474572,-683377.130,-1.78776546E7,-2.1167558E7,15688335.66,5522826,7952177,-4977498,-2042975,true,638851,-8144941,true,60135#JGoRRPUxxFE0i,2340489.4,19491673
2287,258,1,3,22,1765,2018-05-03 10:23:52.000,-1.547876451E7,17751226#NERX2bH7ykPhVqTCZ3bIX,-8108877,243731.150,1.226188689E7,-6044109.5,-2240865.91,10794080,-19589641,-3633562,-11873190,true,21408673,-9806497,true,607943#wIgANqODglpLY,-8121401.5,15481892
2288,620,3,1,63,2988,2017-08-01 13:55:50.000,-2.120387061E7,16942011#PoW40GRqcqioIz6kC87zK,-4571741,630596.630,-2.02117136E7,-660847.2,9790940.00,-14186981,-3043119,11642624,18636480,false,-11994696,-17889589,false,1052971#5CRVs1ypqcXyv,-18465462.0,14990721
2289,181,2,11,22,1905,2018-10-14 17:34:14.000,2.075589113E7,1544397#HEF27nXnhcjwEwFUY4ptr,5718419,-628641.660,4057904.8,2920014.5,15959715.51,5583751,-15975091,-20356151,-15536777,true,4222608,-11145610,false,14524657#gFngOd79UjiIw,440551.7,-1913212
2290,268,2,6,13,284,2019-06-23 02:08:12.000,5414014.88,14365053#WPguNltk9bIDGBkGHVlRk,11116971,161088.290,-4882203.27,-8469149.0,3728870.90,-15427097,11950700,-4216440,-5936588,false,20062238,15388039,false,638234#V99uCugyxlqoO,7571483.7,-20205716
2291,739,2,12,41,1877,2017-10-05 22:02:32.000,-1.344963206E7,16665563#iVuaVPVXVSISaE7aOMikl,-22017401,-26246.690,-9081402.47,-7211816.0,16333541.96,5054422,-14207726,8348841,18336679,false,-1836032,17344595,true,20607312#cMVLheCnfHyie,-18721843.0,16021570
2292,500,3,14,57,1559,2018-03-20 18:44:34.000,-2278004.38,19063170#NNnfBmSMT730x3hvZ4ePN,-668780,-419359.980,154558.82,3852590.5,-8751315.00,-16557154,-1435543,-14386865,-13424151,true,68607,-16956348,true,9494434#DYflOBPer6RDa,16280521.2,20960338
2293,278,3,14,23,2067,2019-08-19 11:05:38.000,1.279811246E7,3212655#ArMGdSi7XslGZ1rxNpm71,-7602753,666413.660,-1.059930716E7,-1.4120045E7,-7830414.62,6806170,6074379,-4150465,21868240,false,2897661,3308408,true,8211075#tH5xtRWlmdr6K,-2591936.4,-8993346
2294,486,2,8,57,127,2017-12-22 09:23:14.000,-7122554.78,9865832#UoIpKJLCbZeADBIlTzaie,-21334992,-305264.520,-8250224.36,1099516.9,3880179.62,-18005151,-22318365,-19833172,9254132,false,5605825,-3872181,false,16704701#D96oeaZA9NoKo,-9219370.1,19862757
2295,39,1,8,13,1906,2017-09-29 17:09:44.000,-1.758653093E7,15523602#WIZvoR2VUi4lYlycfC06f,1075398,-439794.920,73851.42,-117407.87,911355.70,233480,-16977660,9618650,-8349770,false,18913316,19135000,true,640858#CjFQMH245U7ka,12050708.4,-12283190
2296,364,3,8,18,1211,2019-05-09 16:04:58.000,-1.483286096E7,18847730#XEUgNiJwpH7waOhvcvVy5,-13582204,-649950.070,8895269.21,2.0251066E7,6271246.16,19430912,9090986,15827239,-12413999,false,21821993,-18574492,false,12980863#3VZmap0SwgQIM,-18435776.7,21358201
2297,321,3,4,2,1831,2019-07-23 17:30:16.000,-1.407766771E7,12845039#Wm0B9KKuK3fGDwgSPrARV,5517809,665842.430,-1.062496947E7,1.1793023E7,-17260725.37,20333199,11750384,13822842,-12601100,true,21121726,-20192011,false,6243561#7juS4du7Hr4h3,22425113.8,-5960261
2298,407,2,2,9,719,2018-02-18 09:11:33.000,-1.576794809E7,20682030#sLePdjpKiA5xbyxFFqnWj,20134602,421045.880,-1.995779931E7,-2.1611476E7,13542234.38,-6597475,9258510,-6032561,-14489349,true,8103941,1428342,true,22745144#SF0mOwgn7G7Sg,13005257.0,7529389
2299,711,3,13,58,992,2018-07-23 22:00:21.000,-1.114745403E7,18383957#HdcSa5XobCEnwJYD0axyd,22822735,546129.680,2.04876724E7,-5488692.5,-14783662.44,8404264,-16203732,15409504,7279048,true,13636559,827389,false,3266562#JExIr0REH871w,-8428512.0,183055
2300,371,2,10,24,1501,2019-08-09 11:32:34.000,-1.38689385E7,22994289#U0BUerK9BM26pZPOYlnHI,10247979,160046.000,-4081385.29,-9646464.0,-18342394.00,14613944,-3131637,22638249,-3258741,false,-4146884,-1226977,false,18650522#D5n0jUveLPlDa,-13272670.0,-20478888
2301,208,3,14,54,533,2018-12-06 01:33:59.000,855741.71,4857345#b2t3DqP5x3CBFnd0zhyIv,-8152560,90097.170,1.823071639E7,-1.8708706E7,-17514142.75,-16319270,13115717,16024560,15451978,false,20773551,21654236,false,1299964#YdIC4VTndKHIG,-14696773.1,-6026684
2302,234,3,4,19,1971,2019-02-20 20:11:46.000,3163601.83,7477288#hK1qckUWtBoRNjV79r9Ur,10984651,219006.460,1.944790409E7,1.9638246E7,11142862.50,8529791,-19680377,-8244629,15454580,true,10296527,6488057,true,2672959#AyIEGnqR4ivIA,-6218727.4,-4478066
2303,426,2,5,19,2870,2018-12-16 02:52:20.000,-2.051836991E7,10372896#vvt0S0k2LXgczbSNj5xCy,-2670012,-533268.900,2.266086493E7,7442740.0,10341088.92,8128087,19786869,-17153984,20412907,false,19921851,6967210,false,17777696#CbUX2kOtePBrl,-9377597.6,18068211
2304,135,3,14,23,3244,2018-12-02 11:54:09.000,6049071.32,19319959#u9BZhfWo5oDRy6MjffmnS,-7351866,661270.670,-8593439.82,-1.3389023E7,12187344.48,13377221,-18634931,-8569090,19191510,true,20829852,22188016,true,11129896#45e1fefcGC8PO,-16200676.6,12152044
2305,592,1,13,53,1943,2017-08-25 19:07:05.000,1.994648284E7,3799124#HE2H2gVubZyPiFLMlY0un,-575530,267666.360,-2.276286594E7,8450850.0,5645122.50,-8259630,1729914,20326434,12308033,true,-8238650,-20582650,true,11050302#KNipXcbQTrrKQ,-20216453.9,-7673947
2306,368,1,9,57,38,2020-02-15 02:46:22.000,1.962248628E7,21640228#pz9L7ZOs0k8D0Wnb4NdyW,3335638,-601727.680,-1.369642704E7,-6866849.5,22346582.50,21651379,16895873,-15843993,10046531,false,3728467,20105064,false,2327073#wOmQqjcTQ0YUX,4576420.5,-19243560
2307,98,2,4,42,734,2018-07-26 10:25:55.000,1999553.47,14908837#5QIo7zHoRSgkCFlZ4ylaP,5751631,-545513.470,-2353518.91,6866382.0,-20654191.51,15456209,12225993,8388524,-16393551,false,-931259,6556645,false,5674307#LOZE0ly1qPh2F,-13392884.0,6359043
2308,357,2,5,6,2940,2018-11-15 08:02:02.000,619135.83,808184#i4wutlq2V0oPN85xtaRE6,-15583380,-610851.340,1.433598762E7,559185.75,22048811.00,-12124916,-21529934,-1430672,1719736,false,-21814236,4089700,false,6317115#DX3ICs2BPWcny,15546465.3,5173087
2309,122,1,1,50,65,2018-09-18 06:51:56.000,-1.022530972E7,1610808#JL1N7kJR9FWw8h99GJUCc,11105332,295663.600,2.268517086E7,-1.3627829E7,-20703500.00,7181764,-565686,-134033,2824495,false,9105393,-18134134,true,16629589#QOQ0oezBiN7HO,-10276518.4,2128639
2310,650,3,3,1,2955,2018-05-11 09:16:24.000,-2.044442668E7,15366#NvhKCZMJIQ7sXeUILrJST,-12007303,721924.840,8473645.68,-1471530.2,18588501.10,8684472,-2485773,14475481,6488251,true,-7652399,3108580,true,20885505#BXV5kOV6bPKQf,-17155623.0,17359496
2311,817,2,2,5,3090,2018-08-08 17:05:05.000,1.323801326E7,8480864#1cMiIiGYVkVSAVmMpv7ur,15089754,-764552.810,1.719813391E7,8431682.0,16682937.30,8433969,4321909,-7712872,-9050685,false,-1948289,-13846769,false,13998073#wOmQqjcTQ0YUX,10462990.6,5791132
2312,36,3,12,50,341,2018-08-12 05:16:17.000,2876507.31,218699#op48vcfaWr1uv1UmFQQYF,-8886605,653777.440,-8730973.55,-2.2156522E7,-12960219.66,-5027921,4921902,-8084685,-16404461,false,-10731017,-475033,true,17143294#Ele5ULdtkq1e5,18694046.9,6099897
2313,263,3,5,3,756,2019-07-25 06:20:06.000,-1.894710842E7,3043578#bpUlQy9CmpIjUGkK9epJj,20444637,139523.300,8475006.89,1.725472E7,19187178.23,-21379496,8040450,21041642,-22014520,false,-11061822,4655944,true,14310049#4V1fxkjSvo9ND,-1299659.0,22114317
2314,118,2,13,23,3045,2019-12-31 01:33:09.000,5880816.19,6516235#nzxmFTk4UPSIRMplpEuub,-16192961,-100373.340,-7963405.6,2.0282124E7,1719089.02,-15578905,16847623,-7648301,5625635,true,-7523391,8594970,false,16110549#wpUVZFdT0SMsK,16439194.4,-3898176
2315,779,2,2,42,1237,2019-08-05 02:54:25.000,-1.522108624E7,8340352#DqueIgmXBxrSmD44VfDeu,-9493257,561545.220,-9143288.64,-1.6932364E7,12603316.00,-7258811,19284568,-15656457,-8390889,true,-15097998,4151382,true,1837206#mv0341XIbBknV,1097636.8,4171623
2316,784,3,5,23,1465,2018-06-28 08:31:40.000,2.267146324E7,12768325#xtps9bHUWxZfx2J28ywGh,-21920612,511449.070,-2.131049559E7,-1.7013646E7,-21186152.68,-4281842,12267953,18596543,-18748961,false,-12957700,21302696,true,13917206#mv0341XIbBknV,21012960.8,21099413
2317,97,1,7,34,2215,2018-03-29 08:41:39.000,-4077685.97,2642980#XbMXiDgPW17LWyXOj4sbn,7008312,-388242.740,-1.497050857E7,2633672.8,10817700.55,-16017575,10568020,17143522,-5050439,false,5612834,-16564170,false,17770962#1kcHMGhlG3uXl,19026426.1,2281305
2318,803,1,7,7,2492,2018-08-23 04:58:20.000,258560.03,5363911#TxLCXqjMk7F6gz1KN48j2,-20851124,-236248.240,2.232531099E7,-2.1482604E7,18905484.14,-1096587,6607639,4481972,-6228400,true,-14540399,14200373,false,19871136#09xKcg9rCaxo5,5758634.6,-4713004
2319,317,3,2,7,1035,2017-11-24 03:01:22.000,2.115092461E7,9932234#E5bjpkDuCaThQgCQbfb65,19305765,-233569.680,-1.251373574E7,2.2159984E7,15936565.75,-20300536,-11320561,-17591596,4116652,true,3452138,-15359042,false,18057104#jJcGjx9Lss0gY,-4506082.5,-20377752
2320,204,2,4,49,1198,2019-08-07 03:30:20.000,1.83741165E7,3911823#AlNAbpIlQjcLcLsgLZYB3,3936153,-169504.050,-5936993.88,-1.7778292E7,5568953.60,18336351,6472787,9468702,-1537482,false,-9193341,14038701,true,20382288#TyyxsdqWizfmr,-11102746.5,7179426
2321,697,3,5,34,1758,2018-05-13 00:24:57.000,-3418045.59,846314#GtxhIBjAFKvgsWr8YnykF,4291368,-490618.670,-2.284510138E7,1.4264521E7,-2169607.89,-11763028,-21798307,10107518,511631,true,20527707,-11218023,false,17766381#zpVjTUAQinhQ9,4949488.7,15944395
2322,669,2,1,55,857,2018-09-07 18:15:09.000,-779.72,22649685#nyBIr7Aq1Yee3eOBhkENk,-9089925,-247015.860,1.927193293E7,-628882.3,-20521593.16,18657031,-7313267,34545,-21584151,false,-18725688,-16349501,false,15953836#eIhhKGOku4JIC,16023741.6,21405087
2323,519,1,3,20,2856,2017-12-09 16:15:11.000,-106964.12,2553862#N2L8gKV64TedCyb5tTpFX,1776771,713512.750,-2.307818681E7,-2.0113762E7,-22533897.50,7841430,-22691903,13665946,7756765,false,-3023822,6719404,true,1389107#d3y0eGxDaZ3nk,-16071319.3,-11040015
2324,214,2,11,28,1825,2017-09-15 08:33:16.000,-1.008358443E7,5750491#famZfdiEo7UqKHJzN7zK3,-11956169,746314.630,-1.052414282E7,-1.568434E7,19955933.16,-19688503,-21294395,-16227265,18326992,true,-19338756,-1584907,false,827817#1nzt7LDIrGdza,8970146.9,-5844680
2325,756,1,2,33,2332,2018-06-20 09:55:40.000,-5875183.14,14848376#d8XkegRpfh8alSStVH610,11462882,-699552.990,4454319.87,-2.075182E7,21603706.00,4798683,-735812,18655058,-18476736,false,-17993209,9097449,true,18721793#DRcYnqWLrXIaj,-22693844.0,-5864071
2326,291,1,2,27,412,2019-04-16 02:40:50.000,367072.07,1831345#b2t3DqP5x3CBFnd0zhyIv,-15110172,213535.010,-8299247.35,-3283916.0,5289393.06,20494913,17977263,-5078646,-11444703,true,-20965375,16764926,false,2836386#spHIXKAkEMVtL,4678071.6,-11898233
2327,873,1,5,41,2930,2019-04-02 10:15:09.000,3675995.75,7815275#Zstj7pYb6DiAePXZxsOtR,-13423942,-115782.570,1.426453419E7,-1.3597625E7,22619600.99,21497925,-1858275,5253281,19724318,false,16463178,10754687,true,2598144#SF0mOwgn7G7Sg,20712407.9,-10983985
2328,45,1,2,57,138,2018-01-23 13:18:35.000,-7791301.61,18057837#5QIo7zHoRSgkCFlZ4ylaP,-10189708,384103.050,-1.214057332E7,-2.0755034E7,18580415.68,15145973,22066917,-4170387,-14391606,true,-14531729,-23232129,false,12933345#NPwLINq1N4Un1,-9578350.0,2784112
2329,856,3,2,40,2245,2019-01-01 07:58:16.000,9534708.23,2286694#KHLrTggsnluLU9UrwZeNi,-155711,-518058.870,1.450103349E7,-1.5530482E7,17345443.35,8460617,13880857,-862014,8874557,false,86823,10077727,false,20560520#HPZbb59CwUeuJ,-4782244.6,10381650
2330,93,2,11,10,2023,2018-10-30 17:48:56.000,-6383217.55,3680889#IqTsRmjca07Vgya8FPkCU,6174214,-313805.300,6115548.36,-1.0186609E7,-8388255.20,19872378,-14495215,-21578878,-1006941,true,-9306289,-13760375,false,6079813#KYwBxMHdqCFpv,18875274.3,8701494
2331,497,2,4,51,2705,2018-11-08 06:59:57.000,-923213.78,22141714#Bx7uePEd1SOtBYHm3PYy0,-8977026,307494.950,6642727.04,2.0139572E7,11165066.81,5169196,13601127,9589314,6149435,true,20216699,16848374,false,14777868#fZm35xJ53y814,17666311.8,6032090
2332,909,1,11,5,1111,2018-07-13 23:19:22.000,1.88897829E7,16791222#Rh0gGNCcTpMPPUhoMkC72,14701622,-620155.050,-1.519304297E7,1.8513084E7,16744750.24,2087763,5799868,-17552065,10597276,true,-1038894,-22825701,false,15047940#dnLTfnFJw4TwM,5835248.3,-516743
2333,761,3,2,25,1020,2019-06-26 02:11:00.000,-9478362.65,21415005#kpwJL8OJWdbUIObxfN16R,-11165000,-22386.370,1.874429877E7,2.292167E7,-9422050.49,-17901094,-17008953,10174472,17327790,false,19317597,-19476342,false,937999#FuC3FKi3EuJRN,15839535.2,-19390199
2334,669,1,8,7,99,2019-09-24 01:32:42.000,-2.042737031E7,19124309#fASmi7l1rgnx4knUGZcw1,-15561302,-1524.300,6420754.92,-2.1891138E7,-6971663.06,-4173141,18505931,20887980,-13778806,true,-9940042,19753200,false,22458720#DDhVgSs5kSfDH,5728076.6,-12911130
2335,686,3,8,16,799,2018-07-27 21:51:03.000,-2.14099984E7,8306661#r00WVbLdluhs6ZstOQz01,-16896988,213537.830,6203872.45,1.1809426E7,-10738853.45,-14713365,-1368490,11953611,18414501,false,14338606,4788990,false,4631992#KoUro6BGAoEYy,-1311377.8,16523070
2336,170,1,2,56,36,2018-12-20 16:46:56.000,-8368873.74,11235375#szL0yopVzvTza2OIcSTTM,484954,-698142.630,-1.82688546E7,-2.1630758E7,16031501.16,5643444,8126175,-5086343,-2087449,false,653026,-8323077,true,61416#XfPcfb37RD8NU,2391890.9,19918073
2337,503,1,13,57,1218,2018-07-30 18:51:18.000,-1.581716451E7,18139274#PiBNpXHXuNCdi8vWqDbB6,-8285959,249120.650,1.252988689E7,-6176109.5,-2289762.41,11029995,-20018141,-3713011,-12132671,true,21876923,-10021053,true,621195#NjSexr3qr7xdT,-8299138.5,15820367
2338,764,3,4,38,244,2017-12-03 20:34:46.000,-2.166707061E7,17312210#2fB9JAqEucNLTcwNwTKI5,-4671599,644393.630,-2.06533136E7,-675247.2,10004752.50,-14497094,-3109494,11896947,19043757,true,-12257021,-18280338,true,1075859#ltzDQSz9SL7eV,-18869068.5,15318318
