1,1,13,46,433,17663#wfEe0jGWpcb,3686.09,16659,6609,9025.77,-6894,10152#LSklh5a5eUJRnVZ,16631#AuFKMoPXCghYZMRmXvMmafV9wy8tflqKjZqw86eqd4coEWyhczvnImb5Yt5zV3sR9E0HpnEnuuNjZ,11225#vFSWCNfEr88Ira,16040,13993,805.460,-409,true,5690,true,-12800,13007#MMXs3GLm0RWsc2,11780,3698.4
2,1,10,1,9613,14208#1FTJU06SXV9,-20448.6,-12827,-8387,-9433.59,-7396,18380#lr1KBgJkSpKHz4l,10751#8B0WGjUafr5TxXio5sGwi2VkQwwpVPMq3eN5ITSN7D0QbXCoN7j9HK7uEDakduCTE8Rm23wY6gdbN,10458#oCBzVgLTH5d3ce,-3621,14071,6317.430,25176,true,-5864,false,17315,19350#vIaNx7LtIvr1rS,6850,19029.4
3,1,12,45,-9833,25682#bE11qGr5voV,-26408.41,8476,7663,-21073.97,-5593,34079#gsEi0uYwMJzpFf9,18856#d4gNNjfJE0cx0LmFEhQmT5XTPvXKFUyOJ1iv0U4zdkXYtwNMlOCfgULiXV6odzCbj6MkyrU1VJ7NF,23452#RtFPlyBZWqZ9zv,713,9570,12023.650,9252,false,24137,true,-239,12790#Xs4H8TpgW4uNjb,-16804,-8974.2
4,2,8,6,16929,15901#cqKl5nq6383,24066.91,16736,-6821,-3844.82,25467,36429#LVz7ygqN8lUAGnJ,12979#BsFIlon82tomLRI2HdLE1MvVKt3t1KcYAF1vXMhMfsmjwptwP6mEctRGbjAMLIKRfmcGdO6BXpGyX,41876#LjPvTxSJM33dhQ,-28009,-26683,-1748.650,-31564,true,12537,true,-27797,3687#yG3argaRXXTexi,18232,17952.2
5,2,2,44,18058,18864#5bw1x6kqBkH,15526.45,-42108,17783,-3959.09,16523,20641#YqDBP716vEnuA4o,56639#kCejALgcw1Hx6UH9mMXWQ1iAMXQcZnMk1CswW2oq7hQN6wsffxkDJTMRExMT8yyMdhG0aZVsHgGpu,31515#D5sPB2P8ziCZWZ,15659,-21155,11210.060,-42165,false,-5041,true,3139,7136#Jbm2M6k0KSMwho,-34636,-35751.9
6,3,14,32,-45388,3763#qXf1SWVRfMq,13230.99,-40558,-51574,-44839.73,55059,64550#usmZmyeCCLQWkLG,37869#J9N0VciEnZoavVFZ8wTiXam4ZaFsaw1jYqnDLzSTCvNRTXB2EmzGIF6ETymUKHGfLna2lkYQICHKt,19831#Suzvc61k2dV6HI,-30889,-4233,-6938.020,-62526,true,-21338,false,41218,34051#Iadwdo8SLR2Wk7,-4653,24315.8
7,2,13,52,-61578,58577#D7QtRIB4r1q,-56670.88,-21086,47855,-32887.49,3501,40095#c4hzkfHzh1tFIXy,58447#i2bVL3Do4YoPMMxghPlJBMNeqUCwx0WGhw292eQsqMxzusNH9yFbkI60NEYRy7DA3soiZyjjh6i14,53269#jbUmFnuK8SmDmO,-9685,-14202,36895.900,13806,true,12657,false,-39032,50273#R3UQTBtIrudYey,55697,-31206.5
8,3,2,39,-43019,26024#eXGWmHJpWNX,26735.41,-65054,-8128,-1577.64,-35995,48643#8VOSm9Ah3EtlJm2,20416#C1vjVQ6NNKuhFczh2ykNk2bRp6cfvrMUz5KQ5CgiSOj1JpDcZRkaKUwKxcrf16p8yILLruzYrLc9Y,80114#zldVTUSNrUOn2h,-25506,38336,-68494.440,-40934,true,70051,false,2285,67137#rqinf9zC1bYo86,-4864,15677.4
9,2,12,50,-88252,49618#v3q2krGTAWM,6927.78,86401,6980,28368.14,-32599,28372#LwBeetFAmVXpNdG,65659#IgzaVFMZqkLyHvp3jX2AmukwZ6E8YRLqOtWRSaSbPbRO5XEjVscTEVSd6bthxfncleLswQNTyGxvV,47337#ItFOHvSwoceLPh,-38415,24251,-81464.590,24143,false,8393,true,47019,37528#pTVR1pjq1db3fx,-77146,-36393.4
10,2,9,15,-6034,63259#3RSFOCHcWfu,-2799.44,-80654,-69895,-18907.02,10793,12071#mBWI1Wj7xq6OqDq,13604#FLjAV69ZQmve82sOF4Wx69EDig60oLcqCm0gdhP2CDA9nVh9eAa6bppnL0HHiB75ZFjcmPXb80Bld,79167#tKmGQaKlIYIAHJ,94364,-2115,71398.920,-49468,false,-92983,true,-27459,56540#wMI5ehCGL5ymEt,11395,-72985.0
11,1,7,21,61112,36751#PIiVkFi8zRz,-48844.59,13560,2545,114107.02,-59781,48612#YbxpTFrK6ioUO7z,38037#hr5ZCC3YJWX7XojxzwlPyAlm410UY0DUgRigfEWBBYGMEb6QQf42Fl5N0XlnC0Jt2MfKiqWNRZs9q,97878#JFujhYH97EBtv2,-1344,-75361,93456.710,-88590,true,-14721,true,88334,87216#J2B2QthnzDABSV,-90247,-7033.7
12,1,2,57,36089,107568#B64iK6aaTq4,-901.17,-4098,-10103,-97818.39,94512,41057#xlKudLQG6uVT879,106173#h80DFhdP4X3GZegLYWQcfYkO3g4OR3cAi63K0TrzCzejYmrwKWcE1pUZvyBp8XDsJcags8Zwv6IHJ,51611#faL1F4kNWh4PpJ,66664,-92269,64819.840,63114,false,-109683,false,-30350,26962#e8nPgc2AFO0AQb,-80970,38853.3
13,3,13,34,-74059,88450#MsELcRfevWk,33973.22,68045,62723,30242.67,-6620,17377#y2NsX1oM6ZX5QJa,131750#JQ2WDIYPpI1YVsEklaUFTP8pnyctkCnn9HwKWdroVfKMTxuzt1GM43ho8IDr2pYEaFnYs8tsEez3f,7055#uu7y4ZSj93yJbP,-33182,-61642,-84905.600,-98251,false,37186,true,-102334,8075#TMANrMKpxGSfDO,7154,-2028.1
14,2,4,60,292,7819#V8vCS89xOlM,-120910.11,69374,-90819,-119088.24,-16070,128230#smeVZjcERjkcyms,85629#Lm0fWZ1BqrF0zPHq4WlQxQgvPjE2GV6QYzpfErpIm2uTyxDr17LQdgpFRWXC33pAsuy5DeB1yP58x,73216#oTYtGjiOdRWEqa,-124756,102588,-44125.830,127314,false,-8001,false,73857,71400#gP3LDm8YIXjNzc,-98189,78613.5
15,2,12,12,-99683,74453#pNhszYRYv8M,-692.08,124175,-58068,-22280.25,-123968,20493#jZoE9I9yq5RseBA,78276#QkvGEmRGQkh7fW7URFzOELpPPLgGgn9L0qpXPlXOZReZQUfrrmCxN3tmaM00jmhv9diGZIxOtOQUW,90409#kKsWNOt9SDoWw5,49713,92941,58326.950,-16302,true,6384,false,-69232,84316#qNOsJ5WIWD2SVb,-32764,123562.3
16,1,9,6,-41056,158328#GUYETFCEsbz,-101040.11,-67006,-83906,149231.41,-29237,23650#djcWwXGMLW2yTv7,153305#dBurmlwtxjasCj2CH4UqRyUeYXAiDXzAnrrHp7JnlZpbzpjxZrPliTJlFn0cPQoC0wJ0fIBXSinSl,98038#64hmVCz0j4QjiF,19409,111610,125637.010,-145203,false,-60443,false,58478,63061#KaAphMQFxhzwMF,-45271,-36549.2
17,3,1,11,-158263,104902#5tWCOnLGYTD,-74528.11,128756,-37537,61659.33,94619,140720#sqPj7df2lW8hPvp,18624#W0Qc0sMa0oe0d7Fe9x58zFXji6OcyUjfgLJGMdsVZCXl6zoFkjAJ9B4XgfvDSwYiGOIOxzL9OHxRS,52357#tgIwO2S4ws6Ew7,56032,-140707,-29833.610,57761,false,134044,false,32379,15922#TOQGnpv2E6mU0M,-97252,-51830.3
18,3,5,21,-101024,157872#nzPu9I7Nr3F,-132199.6,106516,-57288,-53239.82,-130330,17036#coc2abNiusYpEdm,70541#f4ub9z6vZqasFHlSniZiBaxkXBP3PQoWPmd4Uht90PgTZ69ZSUaiLxxOccTCBFL2agO7YtC2flwWL,127115#aYrP46gBPjqzHc,-86699,58390,9598.680,89709,true,88051,false,7021,95619#ac9GTDYgJfqmbK,-125694,-344.7
19,1,9,4,-68949,101877#TVJuoQzuNiH,58463.19,95701,-64180,87354.39,-38268,168855#L5Z8KKkUsxMKHsu,97781#QpBfmMxfFS0QQS7lnvG06Lpx9zrXnKie4wqHz9pyggGwCvSojKHQ2tPzNpt2Qiwxp0PoseegIZDjz,143576#5uQOX6u6AJyuSS,-170365,93449,-124897.930,-94791,true,-82818,false,-146436,26042#bM5n7Fl0js6g3C,-62889,-37390.7
20,3,8,54,-23705,143627#0vK23TK4t1X,8149.02,81945,-55856,78679.93,15796,146699#CPO37AnM2Rn3nDV,11699#0tctrnI73ELkTMmYvXAORwikZIcpmt02VWObCjpfoFKSgUP3kBmSCqQ7uJPMCzzuja7lKV9nl1sFH,194293#RhWCdaWvFzteTG,-3510,150214,193763.530,142595,false,59146,true,186508,37033#bduNvepNgoKVLS,-196765,-136108.7
21,1,5,10,-164433,88501#0iCqQ0wXUqX,-118820.37,-191103,-193397,-119923.06,-110998,79185#RaQRfn8RtUd1gIq,70123#2wa7Xn1UKRYrfkz0jERyEdEAqsrqM6jeSpEqfEeIu0lQwAaxkZmLBw3HM3iIOB4Zh2IrmRAzJShQ8,49969#f71nm2yiCJToH5,-37777,-127293,-18640.000,6029,true,-121113,true,91381,107862#8bfu988K13Q5Qt,139144,-45493.2
22,1,12,51,170915,129536#oHCZoMSYfeZ,172751.27,-168671,217259,64246.16,139363,177610#5PX4wxFQ8jWcwK8,149429#YuFlR5FbejLHVhrNuDZ8xfgi2lRLU4iOqnJSGV5N38nCiqpmB9PskN3eAzzWs063PwtPYigFP52dL,109995#7vj0BB119238PZ,-105908,-52338,-175151.450,26890,true,121709,true,-180003,85667#NvXKn1KU3iFWrO,67157,-86577.9
23,3,1,57,-157423,182051#txliOL4zzPx,-223962.05,-166103,172856,175928.23,-52251,152241#lv1XjAMajvTEbrH,10703#r9G4ct3wq5tEcmLFtwW7RwohHvMrIiBRkHAzoohhTKuLpzirFOB6bLwpweD2TqKft0mOyxyDCoAmJ,172578#fDriPXQljfDAw2,-18946,122411,-166187.410,12180,true,19350,false,-217964,222551#oFpLBOrjAp4BrE,-65811,-74796.6
24,1,11,21,-138457,137459#FWdYTCfm3OB,-59422.66,-85461,-78237,50098.74,2009,41633#Rk7fompXWluyxY8,170337#XvXROgmtJ5k0rjUyCZZCYIM5mUy6ESVer0k9qiCHe2enozKpscydceJ7hNOrud4AvWyAmnOQCRact,71245#7CMOjymBfp3oqw,-95899,-68947,235478.100,-123925,true,-163273,false,-223895,94863#hLIMAw5tyYOMHi,32836,178816.9
25,2,7,55,-188522,87415#EvMDQjCrcQs,45667.19,-70791,28381,-137305.70,233788,213991#EdFuv6p0Q3AeoIv,206482#aDYMAxMzenvlH1HVLd5nKJR9Xsm44bX8vu2VzFZFjYFN22usd1A83v7kSuPEnJewgAYMLpQTmI6ic,126778#5wLH3nUK8c6W5i,198318,-25562,182094.660,156064,true,-220566,false,216049,242036#VSwJzumRZ9xwvK,54613,-48888.8
26,2,2,38,-11752,87389#54vbLgLquoF,-250889.62,155043,83859,-207420.70,-180766,54147#gkd8oUUKQ3ZGIah,59548#Hn4j4SKZQCApY4POyWviWN3GtTkblPnScaFCGAdbZTgZ4W6Bu5Ih9xd6HS3qWl82uWacjXPUQqTbk,243894#cnHTu8pX5ZHPR9,3010,-197481,-148113.740,-65121,false,-108659,false,-82319,60887#N25Un7xtVQPvQh,-124078,20870.5
27,3,12,48,258764,190630#P844x8XxwXj,-223243.4,-39439,-199410,-156074.08,245876,148478#IReNQLK0otmlcx3,242434#RSGc5Yh97yEGZ0I3XqoiGeqndXEmU91jnZu7tpgYFhi56lng6Yzl2FcyrJceLSJiBJb7QNee6UwU0,216548#bx7HIb8OxrrVKD,249942,243552,-227842.010,232311,false,230875,true,255919,250387#jA1OE27GLkaTYX,-29105,133645.9
28,2,9,29,150745,111142#TIWXK2anYcV,266630.3,-31557,-215449,136147.89,-275886,82960#YICJsagB8uUbZic,266951#ZJ6kkWPcoeyyLicgnE0uywF7alWeqynnybldMI36yEhLKkMqA5v0LUDlkgBxT1w2TrT1qjXVXdunp,106025#lMMUCa6QGRDeW5,-126419,-38431,-228626.720,-101361,false,232703,false,252835,24901#S5P3b0mWRnfRVM,-204792,235936.6
29,1,10,40,280611,107466#Tng5PkMfqY8,85554.22,142160,141744,-202832.70,-223032,52183#f3BIVA5oK60z902,160977#Pjri9EQD2aaS2IwnX3OwsSkpim1073QofepRRV6wRY1v7DL11kvdKiy9jQ99bujwatNztbdt6OCx9,232990#nEMvM6xyncplKF,118155,-42264,-279454.530,209863,false,-170391,false,-210084,247592#yW6eJgmUDVaUvp,224956,98219.3
30,3,7,50,510,290844#JwnUak2enXf,-116995.6,173047,173926,171813.09,9653,136981#6xLD7Ruc5Uom9dE,244047#mw4EMLKs0wFUfrycs15SZhDnKd5JfwFuw16nMILoz61yML9757xasHMHXxqXCDPR9Rcb8Ope4EKzi,82825#4qeMZsu2336e25,-54765,-254570,240825.140,-172637,false,-88804,true,180940,262919#rw3x5EHB0wDrVm,182745,34774.8
31,2,14,51,273741,214599#jYjljOVxLcc,-276574.66,158836,-57072,13038.11,207855,79919#NNODC99c06IPVyj,202607#14rlAO9vAzfdKeyYcJS8AOt3J8PTPeWsc9lyXmzv7GLeOIUGefSHgqd0uznd0kOrTAocswzKiCaRw,298889#Y5m6bYbk796NjE,-171408,-72590,163946.190,131083,true,112930,false,275801,6790#Xs4H8TpgW4uNjb,-187161,-123507.6
32,1,4,6,-61268,260405#LYm3eDNpfnK,-213190.19,121505,204043,-207417.75,18784,20199#XiW6fRM08VySYIU,302890#Yoea17oGgqWgSnyD46kHXq4Z1cO9Du7Gl3mXRoYLpxX8cvhFm3PB3Xg4wbALtbojqPTkUbzPDegR5,42617#S4A4jFTOWAsKoP,259821,103133,82422.060,-181974,false,-188583,false,118059,14018#xrmeqhw16S4gvu,-308447,-248209.7
33,2,5,3,295102,175918#BVZIkaXFfZX,168050.27,-299974,134622,142248.87,245074,217192#fG7FYiEe71S3gZo,170474#TN8CaYzeQAbUIQimv93Vh5CUJrO6t88m3vMUGCGdIv6qqJx0qiK072YbH7TN99VAn8cBROytr2KFx,139285#JCgeZjxpZ2Ih9N,-46211,122709,5751.230,76495,false,-119544,false,-236444,22718#W1kuPCiFqD5GmE,-302753,-99163.5
34,3,3,52,-11348,15553#fc6zfn5wqyX,-230741.23,-58843,-23927,299573.57,321149,77732#iHdPY9DfyIyhK6D,58808#6POYBHygNYXXw83VaXa4RfmZGTFWC02BjJlFxCVZo97K8o8og5HPN1WlxoUzs1PjBBJMXluufGyuR,270189#mf1bD1PapBUdik,-310150,-208707,21290.870,127355,true,-333349,false,-234872,274479#3tGJVrxN1ODTRS,-311672,-221705.6
35,2,7,59,-231084,76623#zTzq6kXouOa,-209397.16,-44093,57047,-177600.89,309400,76123#Ib8LffQRHdgnKzU,220193#CqszGY9CPFeRj2fW4h2qo672aDQMTLgxmLOqtbf5LuLOyyqTkgo1lmB3JuapT36aRKF88FsxvqiX2,32725#kGxIAmd8DGMnnU,29826,66624,-251869.380,149833,true,-297739,false,57347,48390#Zgnph7Du2HVzEM,-73017,84921.9
36,2,5,27,-247056,265443#e7iYBUjr1Bs,-169559.27,-110189,-50581,-174618.01,-261349,274224#6HCs6p9McS4eEWH,350539#28LetELYYFzBKdHeolmLAU3trypZkKK0zfS6ulS2OssG4eig2dVwiO1FncFKiX9tRy8uzpKfzUIBM,159331#TekVlHOLAyDyiL,355697,-45034,281084.750,-283384,true,45007,true,118868,49509#NqH9Zl1BtgLli6,323410,54556.7
37,3,1,16,66461,307666#1NsOZinBKH7,-9565.56,-359866,133845,74986.73,200770,169599#kBRD2Z9aN3vPPRv,267860#RODyF0IxrfmFBZiSYNzsuPbWOfinhjWHAGVtPANslpHeQS5nUdgNuRYk745ELdTknvBXJfldsccCP,332704#GHredBfeWggYiw,-245694,-350553,158731.860,278319,false,246948,false,128591,308186#40PNddZ2ilo8HB,-98870,93520.2
38,2,4,32,284665,300801#3inDicudF9r,56305.59,372864,-151065,226184.71,73311,332139#LViyPWdmDoZIoyf,132681#PLdpz7lDBF3Xs3S1hmUHSAEieo43kegnoshlvXd8GrIioaOkxVcl2LAQHOz35LIn80fs4K1BiJszM,103123#BV4MXnMhmkMK2u,23930,340404,37462.620,-270821,true,349409,false,177553,104042#bM5n7Fl0js6g3C,320735,-216645.5
39,2,14,9,-2945,180537#1KGy47cOWSq,-82483.21,-61223,69885,-186509.43,-346803,173190#vJM7IksfvzDzy5F,155518#nRj8TpM9BXM97qq4UjH8fovCvWpox2O2obH6YoD6t0qNkSw78SsOHw8T9xopVfbdyMIUCo1oxHYJV,94495#8fCpLPlopVaa4B,116028,122771,-123615.870,-17206,false,190694,true,-130277,249087#itIuiaRIqe6Nu3,-338956,-107968.8
40,1,3,30,355881,399154#2xSB0anyGVP,164713.81,380780,-14828,-51087.84,6409,40484#Lw4IAPb18hmGhdI,64542#gYkvvWiJJoN90MEQW5yZymyp5AZuLzvtN0sQnaxLhECB6eZgQaJdjtJ50zeByKLn0osPPWfYtKrBs,213076#idW3IkQFMQiiTf,-300778,374858,-28261.960,-109578,true,7801,true,126259,381083#gV2aYnmS84HCfd,-382458,-240369.2
41,2,14,15,288619,407378#lo4sVBr0I7m,-328005.72,-344679,-388653,-253604.55,-66670,252015#YlJQRlVHZLJYD5Y,214763#ikEgSOd6VsEvkBAqOpbg1j3xdqUN83EcdDrqlD1okBoaUzNNhaxLHxIFvgt9xVbdJZUgqQtonQfgw,224271#ibMl7zYpWUcdWQ,179878,238451,-373852.410,47650,true,-389338,false,-133704,16302#lZrGo8R2E8HzPl,112489,287861.6
42,2,11,50,-307299,65427#km4ERV7OBYF,-104946.67,131099,257671,3996.68,-244807,28601#eshlOJiZ91dJQpF,359062#OQkhZMYW3tqv8m0pAx3kN6WQuCValhcQCFNjJ4bLrpADlew57MwE02x8gGlUo28XbxeLUdIoYIbs4,121088#4faWld6Px6YOEA,-264466,260671,138282.870,171856,true,-269075,false,-80347,48861#Jt022xov4ItRAR,-249163,-337440.6
43,2,5,15,411669,128628#uJTttAUEUJw,195109.34,-303855,-60176,165315.34,396499,104554#UMSmXCcKZNJkdjD,385459#dBJXixZJpMmwBb0oWuWRcsrGA7aR9nEMXwbNFEmI7OW3nLrpzF97Q7j8d0MrQIvP8ynNsXhmMGdpj,101433#p6ZkIuJ6yIhalz,172775,18423,-13306.800,223963,false,32478,false,232083,94234#kufWMAaiM9sMi7,-139161,-16925.4
44,2,14,60,27730,371613#79FSyeXe8xD,-316249.62,145070,398977,286430.31,89347,310907#aExOO8qiNODMIny,21176#swYK68SOEJ2C3kUVg6DfdAzyHi0LyfZU30PBD8tz3LyetV0dgISq1aCczh8RZI9MGxLRxGujz8QPf,233827#uUkJL2XhhUdlyi,-107741,424724,-58135.660,141965,false,-157618,false,187477,238919#rw3x5EHB0wDrVm,-293988,324825.4
45,2,8,60,293108,216037#lgHmAdHCwsj,34311.01,-449615,-275696,138006.30,304082,181760#SJmHHczotjMMn0n,257003#7k19hZ6SKQgHpm8RtfKZHXNZHMmddGm8vapv9bJVifUyo8SRZlpvi4ACFYkjbQaoOAhdprYzUy6Ef,47262#vvVLwNzn5OTRsr,107356,232532,80638.210,-328702,false,-288491,false,-395775,9131#PA6vTXvHmOSBqG,369020,226992.3
46,1,1,35,36576,112356#lav52BwN2Vs,428150.12,396688,179644,-449761.08,312181,387144#IPz6lkuf01I4pzY,259305#dBurmlwtxjasCj2CH4UqRyUeYXAiDXzAnrrHp7JnlZpbzpjxZrPliTJlFn0cPQoC0wJ0fIBXSinSl,130183#cn96uXiqVaqTKf,-184150,-11103,347830.890,122795,true,148988,false,-180743,444840#NRHBrCqoQr6UMG,116846,366743.4
47,2,3,2,-428353,38261#rNR9wxNftXw,-4714.68,20656,31743,53360.30,-57182,295359#nOnjuCnmn70vSOt,466281#6i6jVUM1EOtQnHwRLE7hDpRN0MRRpMQVAMdKJgL5Zs8quMI99PEIDD0uYseNrzd9vgrNM09iLXUqY,458154#lIYWQA4kCsik7y,252764,-228192,-325768.130,146216,false,-200181,true,-282757,465194#Gzn4yxdmtYoJp7,333834,-246742.7
48,2,14,27,-198642,409802#cI9f90Dm4Bt,310348.2,56426,380981,20213.22,-54690,380657#ed6SLafnoM5oULP,128371#GBs6oVrS8RrddkjgL0DmDRDN54hzLL4IL978qyYdVmkCb3Ea4QUxUDn5t8sqeZYhZkGKr9abHvVZM,73634#vg9dlH31eeSW5D,-454800,-209855,-438740.610,-7962,true,196403,true,-240573,190528#pTVR1pjq1db3fx,147989,105342.3
49,1,3,24,-34151,303333#iTlf55y2brr,363624.6,197806,257365,-139695.26,426668,450657#ed6SLafnoM5oULP,156605#49XLwM4spaTcmM5Rl9ht2w6cIrMpGHaeXkBZ41Gb5QMgnBISJPIFXKkVIpOPjqTJJWJ4xOuAii2v7,170446#2MeUWHR4EWB7Cc,196930,182348,-109299.260,-252235,true,332689,false,-289743,459066#vykIJMwZJWIpVr,-186911,345465.0
50,2,8,52,304401,149143#slcGqK1ZTy3,-28650.04,-35895,88840,-392643.19,341531,258698#OwEvI9LfCwtyMgb,168586#HEM9zdWuspvRY4cGxF1F1i5BH7GWH3e1NRXQD3OR32dxrKZJBdXeGj7mTl2mK08MqGDq4rRSI5A6e,346824#RizGbkbfmkQuNW,-148005,-257097,-234775.270,-12781,false,49848,true,-292323,352808#Cjb7p1Q4fHLzZZ,-307739,79392.6
51,2,10,45,173952,436104#UwiKGK6t7nn,434086.1,394327,-79831,322277.77,-421344,409349#MKMz88yrBw1wiOy,361047#mw4EMLKs0wFUfrycs15SZhDnKd5JfwFuw16nMILoz61yML9757xasHMHXxqXCDPR9Rcb8Ope4EKzi,439979#CF2TwPDk2LyiLn,368794,276179,-52627.540,-400659,true,19254,true,-457600,464160#AbzX3TbOObjEEh,311132,255506.4
52,3,3,34,3097,168171#7HEJlLqvHrl,-457248.6,-353648,-375301,-419164.09,-269846,228629#ThBnzDSTv3FR9T3,237009#diu8Pq2kI3ooKID35sBPs5POxT0fyMOruHlVbjvP6hDd0lCHpbsnzMLTNPswlaX4iFqaA2eLaWjIJ,106444#ymuNw2DrfCvaWJ,-207844,401679,394111.430,512251,true,-395538,false,349165,318688#w9lDRu0K4IuHjo,306516,399150.9
53,1,2,63,-75396,296960#qLnn7ng1bAO,-399208.4,67902,1878,-276118.97,10156,477851#1IrZn0iw2k7nUx3,330888#HwfRuYGTucweogBdS347VTKhcYNBGdiGAd8d7hPnYISHVTyDC0aEYiSxyMlOcFAKcuBFKmkmXRSnz,403185#SfLZuzpnjHLk9J,50994,138464,103681.650,73377,false,326757,false,43535,71749#1vQEFcK4JxyHLB,-396918,-146145.2
54,3,2,29,290982,150830#gTbhdl2wTm7,377666.9,301139,-147132,-115963.82,392567,460722#UGPCObq9y39igrv,70192#upJpgnbt0hpzrsl8OjYNl3UCf2wMUlLGOPexa49I218yjpedosao7pFOV7FaS8ymN3FfvGjYGGM4d,452241#ztuwooHyM3007t,-325258,-352679,91841.850,-469514,false,89793,false,-251147,45782#Fgfw4HzQyZ4M5v,163830,144134.2
55,2,3,38,272153,165850#M1haotQVgkp,244326.45,-469056,243314,-79106.59,204236,223064#LZ57zuRr4rgLsN6,546135#ObGlFk6DDgte7bLndnFaf7g8oz8BpwFrk9wt7By9Tt6tNInOBm6VLkgBhWxhTUsxUHduCO31zBCQh,269961#dG94J44Qbm3UeS,217422,-261842,78931.060,-384490,false,40119,false,1289,72042#bM5n7Fl0js6g3C,-335710,-416412.4
56,3,10,13,-343289,12586#VrXbDhEbP9A,58830.99,-347845,-545113,-343663.23,434809,553413#IWRhuLDDDr5eRGk,328900#JLGtOWvLATd8TScqEgDmLIjRGFe63AtpjBBnTeAesQuEr4q8iLKlElQCcXm4cyklC8dob6xvYsH1d,118999#cIhRPsTeAXv88K,-308298,20801,-2787.020,-513976,true,-117421,false,390018,310704#pKGekVnmvaJpbH,-78698,189851.8
57,3,9,33,-473913,433778#LxloW54cVdU,-408670.88,-131211,459790,-223989.99,67351,259956#Tqh39N9Xmbz4osY,414461#IilVo6H5Oik71puBI85kz5wd6Ua13jq7kXlVXvAHoZ8oyE5JTxyFQFfoh0jtrCvyAheh7hA5yxmTy,392923#f3RFxzLsW0O3dw,-98206,-108758,272117.400,109256,false,57948,false,-356332,351213#nArYpHbkPsltpb,462672,-219074.5
58,3,8,54,-317945,169858#xBU1kMZOPft,169935.4,-427623,-27885,-36368.64,-272295,296669#BbjcJBZsztrWQw5,139954#18BsxQZ9ZIHMbTYHNWFaLUAYphWy51IgQhgSCZB6JagDc3PROe6veTqe9v2hM3QeATLh7kJ22d7nU,553020#TwhGLEM9DNtHtg,-224050,340023,-531889.940,-287234,false,504090,true,5585,459114#8C4cMSfk2IF4wE,-69596,154293.9
59,1,4,6,-528096,299024#eXGWmHJpWNX,34127.78,527112,61815,233862.14,-245962,182235#4VDzie3GeZnGdKV,424852#NaqY2qOmYLIwWIRKczQLo1eMNtnLJ4OLTNeg1FvP1PPEIEV9gSvBMpl4GtqKZ5Eo8bAqwAncmfeuY,293768#u7Gscqhl6wwOvf,-295205,203176,-565824.090,166118,false,20812,true,259369,193402#lgKAlsXEYvwkIg,-450259,-239344.4
60,2,9,33,-56987,375392#bGKE8izobQ3,-40399.44,-447983,-465574,-66987.02,50593,24755#suxVXT8JWTqtSep,51499#b8rgQRNtTlUYYGIRazaFA5m8EZTvgxZhHwfPalwG3CkIRqtuTvE41Z7zDZevwVQeFM0DzWb55gGiz,459136#W2mthi6pQaQ4Qi,565933,33914,467596.920,-250668,false,-534616,true,-156409,318219#EUPjQw922GsUzO,31425,-392034.0
61,2,5,17,312724,185696#kM7blqFSvLv,-284844.6,60371,-12910,613498.02,-306744,229706#LtesEt1pm9aHlhZ,200757#cxb28fbj0cQqUROko5JUYfBsp24hHICo0irEf3KG7Ro6gkFnOkMNEXNPCOi7zfKSf5FLJZWWVlHsj,511824#RizGbkbfmkQuNW,31194,-426830,504867.210,-493527,false,-107817,true,483334,462064#rKxhHFTYCScb6s,-527704,-3445.7
62,1,13,18,148078,530729#IQ7B0Nc1I2o,4698.83,-13560,-42822,-536675.39,459012,175404#zGHzPo2JVPyEhDT,526269#cjIgdQJo3PrZyxxeTlfddpyfEXijC69aLBaX95DgmFKEh1CLVSM6iinaRIcWe46xErLpLUGD2Pvfc,234996#Dp7KKwUz4E0vaZ,358605,-470682,365541.340,327339,false,-578554,false,-128225,132763#xjbnZ6z4yzhoak,-451347,177460.8
63,1,11,20,-360609,425219#FpRFLd3grXV,150773.22,345428,277481,111042.67,-35270,53622#lxbiGByt0pAhchy,621576#UE2KA5L3GnQ8Zc0zUccdvgLo6setzxpRrjdAwF1Kmu3Wc30DE1iqY4WoHnc2OlcEUflpVr7WZnM3X,11862#r8CC87OjpVDtDM,-167375,-323224,-449671.600,-506201,false,201227,true,-490559,23405#ov2SUIRdqHB4Fj,67947,-1928.1
64,3,8,53,35430,9002#Gsv4igAHz3U,-520910.12,345666,-406207,-511071.74,-47720,583061#eaJmLBrs0LlH975,390129#3aCJ26gxw26HQWzkWV6Yz4lyaaik8ylxSAI7nx5EjwBSmLFO0tBVQ1HR1htRyJEPFw74CsrV4eIV0,330739#oYFdN2SlUbyXBz,-585972,482065,-226682.330,565489,true,-37639,true,316357,299595#Cp2qdXTNALLTG1,-456843,344698.0
65,1,4,4,-446861,291013#ZqzxWPlOm0P,29707.92,526645,-236190,-70005.25,-521893,66600#oglzGOQHXzob2hW,330293#7Kwn0N54WCoEJnkXybmENCbWnKafL57FCnqCCoSGHSDnoaiuGLRHqc1ZZOAiCXQcrxg9LCjlLgoyo,381110#825JfMCVAYnZX2,220353,431441,254516.950,-56352,false,48892,false,-288232,341361#5FMCJiRSUMQnmF,-173037,531549.3
66,1,9,43,-148441,628179#Esl5k8S9xuu,-385840.12,-298774,-319482,596159.91,-113237,86098#1wEw7g1hrM5VQzm,619093#CbFqHOw3F0QWOQs1bjmNoHejIYsaTuyUTFMsCB9NOF3CrExJ1kEMzlyNYwClYFeIaSUzc3MNN1HlJ,402404#jOl6ZQDrtpp6E0,81356,436343,490260.010,-588278,false,-227484,true,255828,236317#EdkpPMhOTN5NEA,-204935,-160234.2
67,1,3,6,-604071,384975#KFm7Nf7pWl2,-277728.12,493716,-120502,223959.83,394494,553023#XTZANo9Y9mWPiKI,44829#QeCPfDDiYvSIb4b3WhpXuVRXUkk8SM9F7PDDHMCtZ9C5BEAINAMMWmf71YWTUsDEewv44DW7JyAzZ,202331#TekVlHOLAyDyiL,223235,-541567,-143385.110,212267,false,529601,false,115879,42574#M4HzlDHFU3S5iE,-408079,-175541.3
68,2,11,29,-404171,574408#IDxSiJ62nqm,-484999.6,391724,-209464,-188949.32,-517180,50731#vQDnwKtNqE7EH9c,244548#Hn4j4SKZQCApY4POyWviWN3GtTkblPnScaFCGAdbZTgZ4W6Bu5Ih9xd6HS3qWl82uWacjXPUQqTbk,468716#KaASMbIl5oQ8i7,-334967,200582,40975.180,325490,true,343065,false,8696,336900#zRK7L9ETTnbkLJ,-448571,7748.2
69,3,10,30,-266618,355016#0aOLe0G8xMh,187263.19,349278,-222596,309756.39,-143774,611929#hHw3homIxJKENoN,341119#2Df1eMP7eAUg195VqLtI71MKgVWSCi7Yr9EVINE6VAcJR81hlD4PvzUc1Rvo3LBd3hfDbsYk2TNEo,495156#wWwYgu6oAKXFDE,-610103,355353,-443893.930,-349404,false,-324666,false,-508911,71815#IyNJBgLBVshjZP,-248430,-151710.2
70,2,6,2,-101577,483687#8rf7YpwhR4C,19349.02,284348,-200796,266528.43,32096,491435#URo4vrhlUZnrwXe,39386#ZVEKqOpbsXTJBxJcG86sPMIBlQZVig0WSNLar0FwlsyVSUicYO9GOyaFRKrSd4SipUNAqQKiCxhX2,662288#DlQx2TU4BrzuBl,-6687,502064,679748.030,496995,true,206297,true,667258,120669#ukqe3ndHBtbtJn,-680867,-464419.7
71,3,3,61,-542788,281679#pxn8qkFggQn,-400420.38,-637678,-668835,-411371.06,-386398,266717#UviDhJffjj9reu4,225520#Yf1YWszprZz8GQZdH50kqBBjgx26sTpGPpqJxGiGbmgzqwodXBtBBJi4XeVc2N0JTlVSbwnDeTK2y,149120#BgnjREiPIQFEVl,-118917,-416924,-62533.500,40929,false,-390746,false,298756,345712#FkK9JWfDhOmfoa,457689,-159921.2
72,2,12,32,538370,409011#PO1LcHfsANe,556751.25,-533212,710471,202435.16,448213,564954#kmRGTLKq870SW6b,486285#kgf9vsbrK85Uy1ETv57cBEkJhjrpaDvdE0hcCUihrTxQXZaKANhcYrTvfbmim5As1OYl7T3YIGhHB,342096#PU6bGzNzuGqAVW,-365951,-163231,-550813.450,96965,false,408083,true,-578478,279128#1Moef0WRj55QBC,239379,-300595.4
73,1,1,61,-517197,573290#PG3bKlJ3wlw,-704762.06,-524519,552904,573310.23,-159106,464734#pPONhl7YbZKQDwO,29812#S62ztoOaLqNpANDnz3ecrWQsULE8xkjAS4c0OfUCr3Gh5BOZ2o5dQDu6hMGuqGL816djqGnEpOnle,535022#WDbYEbzcbzeQsK,-59602,374076,-545805.910,47330,false,44114,true,-697064,703268#4fcozCzERopZwY,-224342,-229355.1
74,2,14,18,-421919,423274#XZb5aB63gaR,-167422.66,-259803,-230131,150891.74,13434,124936#zTPzUBDmpe2cE7L,516701#BBXxR3oatLIieRj68OiLLFpRYwC4LhSynI2T2wI4a5fm0sQDPxVgQ1uKWEccaQu9o5TGqeDeskQYt,206566#wyBH8dZhrmZeoD,-288999,-232200,722208.600,-391700,true,-496480,true,-683745,291068#YuUpwu5XMjijm4,94768,545693.4
75,3,13,60,-556785,253561#ftu4xRgCC9A,131267.19,-213203,91953,-404437.20,687863,631619#sG7ROHL8D1wFqHP,599591#m5hSV5EMbpnKtACdqM2ChpEn9DE7coRqLUZ7bylD4T1UKUEr8nj6d6zcxKazrB0Al3ZF9TzxKJ85S,373488#yun5U8Kb0BBKHc,598403,-76463,552331.660,468914,true,-675564,false,650199,718267#B2HRMKcx2DRU0g,170788,-162691.8
76,2,13,63,-52502,245979#mciEWDbsmoO,-747689.6,441880,230985,-618126.20,-526916,154541#TUMww2Un9ufF58L,159047#mw4EMLKs0wFUfrycs15SZhDnKd5JfwFuw16nMILoz61yML9757xasHMHXxqXCDPR9Rcb8Ope4EKzi,703055#uu7y4ZSj93yJbP,-1829,-566435,-428904.740,-195921,false,-310936,true,-240469,160216#J2B2QthnzDABSV,-346675,69075.5
77,1,10,24,750083,533497#5YEzm5F5Urt,-623243.44,-97080,-586932,-458582.08,688026,421113#FupCpoNlmnnm14r,681045#cAZAsEGPQxptZKjKJClycwZf2Ei0sCR87Vk7OUhOOMINUOUmSB3N2XJlA5vC1AU6NRYE0TscUBvnt,613854#EtmTDEQ0KR5vRS,698815,701296,-658811.010,670836,false,666610,true,714394,705673#FJgvovn8JNDm71,-87129,365059.9
78,3,7,30,418440,304585#jLPzBD1NjrK,729030.3,-89816,-587708,387689.39,-770886,214916#iYgeV9MniFq8RKl,728844#mxRYJ8D4chVTashE9gvMY4XNiYRDTrm9XTqWoJrYZdX9iKt2gChM9K2W8efWN53A4yvhyI7xpSd5r,278512#ZVkRWyK5vWt0Ly,-340372,-115868,-647459.720,-283011,false,650730,false,703935,51913#iWcJrFsk1O0n4I,-565727,643777.6
79,2,4,28,765444,282858#xBU1kMZOPft,226354.22,373631,399900,-541534.20,-624132,126768#k5AIPE94H0LWWEd,435626#hdlUbX8dJxxQ6vvb4Rq7sYs0EwwJqvZ0valXlUhlSjBqWVQMbqba4dAzLmar0PzQHb7Zb9RXghLKz,626615#ASykvCNdswBD8Y,338230,-122357,-773707.030,584719,false,-464890,false,-586721,667575#ITM856Ku72kDvu,607852,267955.8
80,2,13,45,12124,772257#vjHbKb9b0ju,-303395.6,467060,476946,446963.59,18853,363624#uZc7lt7D0I9mFYd,639237#D7OH7kLUl0FjeeUsboPFoYX3ADnP2QUHV8BHCLqFFhhlP3JHkKtT5UjKyyMBIP41m1SMvlJSrcQe1,213529#zjYYZxMOzg7Esy,-152779,-678443,649179.140,-459375,true,-221887,true,496128,699690#Ip14hy1QHyk6WA,477548,101941.8
81,1,6,15,716072,549767#Aospcqyfflk,-728574.6,408817,-155819,18900.11,533705,193406#odxXTPeRSfhAjJc,528580#hmQNApn1WgFU18dWIpakpgwZtpYGQxWmXiRjNg93ql0dIZdIwHV8AE2p9TC1E238rQsHNL7thisSB,776775#1tfM4HBSXt3Slm,-459447,-203244,415691.190,348933,true,284469,false,734451,10883#f4VXsjNpMOQXB9,-481666,-315086.1
82,3,4,44,-170200,657457#NjXU1UHeS4a,-555590.2,304888,515359,-544327.75,44559,47119#fxe2q7NgJ5h4DsE,768509#ArQMD0WLW6JGnUHhxstceMc45835brUhZRLT7684KZv7W5si6MrYF8C1dkaJEghmWl7ngM1cUkRVE,95828#JHDmmpXoEw2OO4,650849,255478,219490.060,-481037,true,-480170,true,303859,35456#haLeoXx1BFVCrU,-777085,-646772.7
83,2,12,54,756263,437001#FmQQTkGufIi,408050.25,-767815,341661,363201.87,607174,542545#MkayY9LjMPfkUG3,414135#ObGlFk6DDgte7bLndnFaf7g8oz8BpwFrk9wt7By9Tt6tNInOBm6VLkgBhWxhTUsxUHduCO31zBCQh,342546#yKhGNiKSHrIJnH,-119033,299348,14372.730,194570,true,-295538,true,-589544,48763#xjbnZ6z4yzhoak,-760104,-258114.5
84,3,5,12,-31717,32939#roCzo8QXtrZ,-581141.25,-143770,-62641,747440.07,782349,186185#RaQRfn8RtUd1gIq,133259#WFlpd50Kjm80Rnuh34rqWml0B5A9bDyx2aVcW2JKtZx6Q55TKCi6ctv3oGDTPLFcTVqtwr1LCYym2,659793#JKyp5pJfgcynMF,-758152,-529674,52923.870,326805,false,-813108,false,-575122,677795#NN80xO4NATZHD9,-771778,-560529.1
85,2,3,19,-553793,185256#suaTGcPFABf,-515797.16,-110545,135662,-442046.89,758050,170737#CKpucWCUmDGgXVs,533312#B1dQD096CinIHIhqwzzty5AwoztSgAF1T71OtXyhimcqUeQA9w9Tt09uXau7vDf7R8hINrfvSitUQ,79062#GoQ6xWxN6jOlCJ,65042,169950,-616729.880,373183,false,-735303,true,153035,103244#MNJYDMPAFMQ9Sh,-166473,210703.9
86,3,13,23,-580528,628246#62HFvnFTowo,-393559.25,-268632,-117460,-426254.51,-627749,646645#hyMhmxux3kzUtGk,830914#M9i0fh2H4hjcOLSpZS8mnMYX5kvmPJ9GFaSsIOx4pDstBf5B5DiNReeE6w3wWauWUquWPceZ87H3a,377543#uBIZ4g8W7OTavI,838126,-107458,682147.750,-686134,false,112679,false,275087,108763#xjbnZ6z4yzhoak,772174,118847.2
87,2,3,36,150573,711695#j3ykzkvOmcS,-18365.56,-835731,316363,169733.23,475920,391954#kmRGTLKq870SW6b,629751#8B0WGjUafr5TxXio5sGwi2VkQwwpVPMq3eN5ITSN7D0QbXCoN7j9HK7uEDakduCTE8Rm23wY6gdbN,780453#HrlSCDQjdtL6Bq,-581183,-821264,362308.360,659244,true,574672,true,304866,722600#yMzQlrvKxglCgx,-234521,210522.7
88,2,7,62,657174,696457#NjXU1UHeS4a,141905.6,862777,-362006,529448.21,178186,764893#kgGUgZ3P010WaPK,302745#imLTjxa8RSQeqMfTFNtVjxqNWm7LTnGAzaLCovdjG9hNW94OCtpN9u9A8DiU274n9YGB6yQsiceEk,231146#nVfshwCw3IEvHd,68354,782515,95473.620,-624596,true,821607,false,413715,237732#SR0vMvr5O81uPw,743340,-495287.0
89,1,2,5,-5034,403331#Coq5tFzvso4,-192883.2,-142318,166050,-415722.93,-781903,393537#FHVU3UCJh7MY9Cl,345478#qjfl6QfMvrkQvNdjpGyXGzJr2IrAKawKlVoUPvrF1ldSdtr6R3gFjNrU5viy9JOSTf0RqE8RPx84b,212853#o85NFlFcJRgW6t,268605,277739,-280008.870,-47256,false,428902,false,-309123,568158#NWapTcqAKl7WVq,-776022,-251115.8
90,3,9,14,800246,890110#f9wsnUY7acJ,372713.8,860319,-41159,-123557.84,19246,88235#4VDzie3GeZnGdKV,134252#N8NsAHYmax3LANAkmwW7m0aOqbznQFsrWFGEiHEGoka3ZMg7RW4JXiSESriUqqZsUCkJXbRVWZ963,474312#lobtZYcgzjOtFh,-665537,852274,-60026.960,-235803,false,19553,true,278534,853043#VThzr4d5xCpuHL,-867534,-550170.2
91,3,5,55,648666,901062#1hNcI4Tgwcz,-720005.7,-767768,-868698,-553578.55,-142520,555733#zRfXsgVV2GtfGko,469607#14rlAO9vAzfdKeyYcJS8AOt3J8PTPeWsc9lyXmzv7GLeOIUGefSHgqd0uznd0kOrTAocswzKiCaRw,492844#vSOWilpfQK4ie6,410853,518664,-835516.410,100900,true,-869552,false,-288279,28039#Y1OrXxbkvnJDVi,259204,635201.6
92,3,7,23,-680061,141844#JwnUak2enXf,-229746.67,289718,554757,16738.18,-544432,52042#kj7bCKPNfyO1taK,779105#U6DLGcSulFNJAXmexp0UCg3XcsPB7FXkELQdjB4dTYGp1UWJgGcYHW0Nj5D2uMVdBwbJPsdaPZFMw,253567#nwgeQWIcKxO0KG,-579939,576561,311138.370,366756,false,-598719,false,-167322,97099#a7W0W7udngBEPV,-550187,-749607.1
93,2,11,28,895645,270718#8WjVmImOge2,422309.34,-665018,-121972,354132.84,856311,226122#EixKFRuxXgqL3yV,824643#MnenAGkdvOJ3WH1KfHqSPYqKoNcOegwZZGz39qk4KUFVzPaKUojUIoaZ4OXrrc1IDHSAre6U3xdBO,214099#WS39pNHN34bBe7,364594,37926,-32933.800,474638,false,76002,true,492158,197304#5t3roS3HmQuuMN,-293485,-46259.9
94,1,6,14,62559,793103#1GRWiaacV5e,-681849.6,319448,860106,611820.81,185322,654545#MkayY9LjMPfkUG3,39095#kfFoTinjRT4TB3hDiE6t0UzQnsupDKR8k8LpCFjyr93QEbKCGL3doRtGsr8LKs10GvKPWjl8TJrUm,495660#2WHFjsNh3ftCzl,-239429,900347,-124608.160,312615,false,-340541,false,395252,500201#7AgtRlveCDZzBz,-625913,692089.4
95,1,5,28,626015,452491#7i1yPWL4sWy,72711.01,-939847,-584700,291838.30,630857,381289#t3hI09YJYDUveTd,538509#ArQMD0WLW6JGnUHhxstceMc45835brUhZRLT7684KZv7W5si6MrYF8C1dkaJEghmWl7ngM1cUkRVE,89241#ztuwooHyM3007t,224908,495434,166062.710,-700902,false,-600254,false,-828362,19092#GE6keHOJvEMGli,782124,488912.3
96,3,3,55,69565,227623#zTzq6kXouOa,893750.1,818023,375723,-933261.08,642131,805338#u83hDnM9iwr5Faz,535526#Xxo4evazYCzIMbspvIkzwIOBsWwQs3qtLmCbuwQfl69LPfDgTsgp9GzrgCr4tCJ1ENASz2pL3CRo2,268306#gPWLBeJ9s9vr9x,-387323,-21556,718052.890,264545,true,307301,true,-385343,919610#DkMtOviMgKchAN,241339,774262.4
97,3,1,18,-883690,72376#e3mu1GrB2QO,-7114.68,49352,75109,120517.30,-112732,609339#zU5aqCeX0ukJDEd,952581#awBFEMvu5CSk72Z9Pwbe0aezsmGx0HfmRrDR7mbsxHIhkx4BjOXFqOm0hHB3oadkl9sazOaS4Y8wP,938165#w8I8fhi38dgkzN,514026,-479039,-665603.630,291466,true,-410603,true,-588582,950308#0jfNbjMKhdlbZF,678673,-501709.7
98,1,6,26,-409022,828130#lnDYy8oNar7,631948.2,108927,778074,50579.72,-104715,769349#MKMz88yrBw1wiOy,251923#EDhRUwcnq9c4CjwFppzVJRUxiuLenMZ3F2YVzK9mdSpQKKw72A8zE1bCzJTPznUXwIeqammbuY6h4,141498#qdL4I9lTUOW2nt,-938561,-425488,-887477.610,-25637,false,403328,false,-484573,381008#Kv9WusXufy1hGW,302545,223046.8
99,3,11,24,-71249,602776#Adh8eh16irm,734824.56,393944,529375,-291074.76,868568,904891#ORtVR4AwzsqvhFz,314194#59i5LvCohU16WdSdbOaau5Rh2WMb54uGra0OBUsouWLblPw4OqCo0WUsBzgjc79OWXa5rC5qoFLNq,339732#oIrSVzwnnbK6BO,399854,360643,-211979.760,-504985,true,670326,true,-588243,921194#Gzn4yxdmtYoJp7,-380748,698294.0
100,1,10,33,600663,296511#guJ8STxPM2S,-49450.04,-73696,171467,-780883.19,692731,512480#cqArmjJvzbl0bPp,329552#K5tNVnp0lpiHjSlFb017tREwl8ZTl5mjl7ViwjACW1q7LMI3PcIbFFTZ0HfLZF3FhrDJBfGVtsnUx,684647#ap6w9BW2Bzxctw,-287145,-514154,-463448.270,-29256,false,93902,false,-580823,700675#7KglhCcpJ25Qn3,-609713,165783.6
101,3,7,44,347470,854545#jTwwA7iU0jm,864486.06,771996,-166272,635529.77,-835794,808546#0fLrH3jxXsVMTTx,705464#zeEW0JGYz9fiwsW8nUh2DDA765uK6McNIEwsxFGhzFlxVaNpyEMv8eS6g5zx0hG4vnsLRVLvmJFgk,868732#oIrSVzwnnbK6BO,721549,538364,-106060.540,-800909,true,32818,false,-902400,915313#J8ClKUlvZtdTGB,610485,507314.4
102,2,10,3,-3418,322134#vkRvCeYno36,-894048.6,-694468,-742216,-828894.59,-532296,438879#LR7YOw88AfuWDQK,463267#z5fSymqdOrBU53tVhhRc2kISjcbZIzJtHLa7SimtRA4Fsm9N8hGg7biexkOGPExjz8leuNFJ97lhP,202431#Dlf7Kb82GoQmOz,-412066,789288,781905.430,999326,true,-785212,false,681015,618025#AUSTUUYPcE8fbr,606183,779272.4
103,1,6,18,-140959,568238#5nD99t53oN5,-772008.44,127328,-3906,-531163.97,25906,921624#uZc7lt7D0I9mFYd,642919#7JVmDoBLSycKMlt5HxsVIEKX1oAIqriIFCgKrrbQA21B2jV092GmzQb6O77MNL5vBwhdzTRX4eAmI,782918#LdzwDNlE0hMDLn,101275,267359,195339.650,137502,true,629377,false,87310,130708#kzgrz6CmsRVAUh,-777032,-283316.2
104,2,11,52,565035,285759#YSNTlasEzZ5,731266.94,585542,-287444,-228082.82,759667,885014#ZBi373cr0McuDIE,127404#L6rZJxGvGdT4RGTlPqDYH5bju6ItK8n3Va4Zj74H5vU8taWtuO5rpWQLOxaQT9D2u1ZyVk21qeRq1,862606#SCIHaTR0HY17Mh,-622507,-678675,185432.350,-907464,true,167050,false,-474497,87876#rGIsN2dkSRe4PI,309428,270316.2
105,2,4,32,526247,312835#8Ykna96YIWl,473126.44,-896005,468845,-154254.09,391948,425487#YyaOjGKDOphWVzF,1035631#AuFKMoPXCghYZMRmXvMmafV9wy8tflqKjZqw86eqd4coEWyhczvnImb5Yt5zV3sR9E0HpnEnuuNjZ,508407#IRRAyx1deGpoXG,419185,-502529,146652.060,-726815,false,85280,true,-560,136948#NBFE5dbfrAKlBL,-636785,-797072.9
106,3,6,57,-641190,21410#fk1MJqvvurl,104430.99,-655132,-1038652,-642486.73,814559,1042277#320xvgCx0KGLHdi,619930#RhuCvQmjDsVOPcmIwrajRohv2EGS9rzVSxzKzmLi5BRfiNX3oo1rI04DY8pOcnMNWpzmGcvdesmIN,218167#tKmGQaKlIYIAHJ,-585708,45835,1363.980,-965426,false,-213503,false,738818,587356#yaPVs4HOTs8cuk,-152742,355387.8
107,1,4,14,-886248,808979#mciEWDbsmoO,-760670.9,-241336,871726,-415092.49,131201,479817#0G3lrxxetlhUBeQ,770474#TN8CaYzeQAbUIQimv93Vh5CUJrO6t88m3vMUGCGdIv6qqJx0qiK072YbH7TN99VAn8cBROytr2KFx,732578#fDriPXQljfDAw2,-186728,-203314,507338.900,204706,false,103240,false,-673632,652154#Jlzr6WKCTVsBkM,869646,-406942.5
108,1,14,6,-592872,313691#xgILTCXVWN0,313135.4,-790191,-47642,-71159.64,-508595,544695#qMBrUDTylOExtYI,259492#BC6aJsv3Tl7ae1qfVPFYykjRinC94vWVJpesBKAgh634Uhw34ke4j9iAvPIND4XddA8ds3Q83lgqE,1025925#Zt3BZLhDAH0nnl,-422594,641710,-995285.440,-533534,true,938130,false,8885,851091#vhMRz06QzAEQKg,-134329,292910.4
109,1,11,25,-967941,548429#VzUes6OtIn6,61327.78,967823,116649,439356.14,-459324,336098#1wEw7g1hrM5VQzm,784045#cAZAsEGPQxptZKjKJClycwZf2Ei0sCR87Vk7OUhOOMINUOUmSB3N2XJlA5vC1AU6NRYE0TscUBvnt,540199#JAcPjrVMXNpoaC,-551996,382102,-1050183.590,308093,true,33232,true,471719,349276#Y99uFGtnLCVRgQ,-823371,-442295.4
110,1,9,51,-107941,687525#rSMvuXFedj2,-77999.44,-815311,-861253,-115067.02,90393,37440#EHwv4Bj7eNViT6F,89394#9eyLanopMAkdjMg6omuo7CvODhHJAlVgvtjxp9mX9F4iTC7NMqBY4B92PeUzaMQJ2RzlwPH2gI6e4,839105#g68pXPtTdMf9n6,1037503,69944,863794.920,-451868,false,-976248,false,-285359,579898#kAhSiYn4phlF0L,51454,-711083.0
111,2,3,13,564336,334640#I76vfVpwVaj,-520844.6,107182,-28367,1112889.02,-553706,410799#VvEzYTU8NnAxd05,363477#LGVjHjfaPfl6w038eQDR3ufo7PULNfjCs7Cw0Xl1fyxsbtLIodJxq18KEmE88AlGtesuwoRPJ6gPb,925769#rZFjPkgRiA3oxG,63733,-778299,916277.710,-898465,true,-200912,true,878334,836912#L592fWDOPaZidg,-965162,142.2
112,1,10,42,260067,953889#xpvqZZDnF6a,10298.83,-23021,-75541,-975532.39,823512,309752#yckNmlHIZL7kJQz,946364#BqzFo46iWueOPuNM5yzGnwsgAdg6C9TM7k4kqNl70cTRb1GVV6gHFdrn4iPcudj08H4gAvb4mVqLt,418382#i85w6vK6vkUXSj,650545,-849095,666262.840,591564,false,-1047424,true,-226100,238565#8c94hj0mdbyJ6W,-821724,316068.3
113,1,9,6,-647158,761988#p04mgnihzJQ,267573.22,622811,492239,191842.67,-63920,89867#RWZX6cBvAOE4rNQ,1111402#FoKHPurBk83opmE8rYjqI3HNIMGq6iv5Hxjir2jLkTwYSC1e3Z2nkwtVIQTBQgOoqGiadWp6a9glp,16668#ixp5iykp4TzXGr,-301569,-584806,-814437.600,-914151,false,365269,false,-878784,38736#gZRQeePdSJ8WVZ,128740,-1828.1
114,3,12,46,70568,10184#nNUKn2gAmLD,-920910.1,621958,-721595,-903055.24,-79370,1037893#kgGUgZ3P010WaPK,694629#Lm0fWZ1BqrF0zPHq4WlQxQgvPjE2GV6QYzpfErpIm2uTyxDr17LQdgpFRWXC33pAsuy5DeB1yP58x,588262#vvVLwNzn5OTRsr,-1047187,861541,-409238.830,1003664,false,-67277,true,558857,527791#89RCbcFIeGFZg7,-815497,610782.5
115,3,10,59,-794040,507572#wj1ipPefyGw,60107.92,929114,-414313,-117730.25,-919818,112706#LtesEt1pm9aHlhZ,582310#Oip99Jmi6T4U8lIwxzFfa9wGHLN9sbz2JJo2IHd1mLrXpI6rro22q20PyyMETnfAsjMc4pvYxVmEu,671812#gkrxtdWjJyga2f,390993,769941,450706.950,-96402,true,91399,false,-507232,598407#NkOgJ5zJwVuFyP,-313311,939536.3
116,1,9,17,-255825,1098031#9BHC6vhQ6RS,-670640.1,-530541,-555057,1043088.41,-197237,148545#MkayY9LjMPfkUG3,1084881#wdOR4d4Jskjq4rUWQLHDJBUdfCuEILqTuGrAIakjs0ZF3bAsuaSnDPGVwH6OAo3Ewg4hH4qcSiSqn,706770#itvCKATNG7r8f2,143303,761076,854883.010,-1031353,true,-394525,true,453178,409573#UxElVRK66YCyo3,-364598,-283919.2
117,2,5,1,-1049880,665049#uICohmdo8Be,-480928.12,858676,-203466,386260.33,694369,965327#SqaSDd7HxNBljOY,71034#QlmRKq5CAbZyTPlboylD3FVGdJDfzHFyhGlf6oPrAgwX1fBTQ5WGLLtCZArB8PKDVH3mMVDWNpyjC,352305#rWeXpcPRtkblJu,390438,-942427,-256936.610,366773,true,925157,false,199379,69227#sCENcTyY2nx3B4,-718907,-299252.3
118,1,3,37,-707317,990944#ycA8hXnLyKI,-837799.6,676931,-361640,-324658.82,-904030,84425#tzo9RtLdOiX4ZSI,418556#uvV2krKfkxEWL4x1Q3ucCIXaysshsaksSM4vpb9tEkcp2ruAfYL9MnNOLS5lRCufVfxiMAkJFLaWQ,810318#KjpsGHBnHXkEZP,-583235,342774,72351.680,561271,false,598078,true,10371,578181#cGBjq0ztdeAnac,-771448,15841.2
119,3,11,56,-464288,608154#2xSB0anyGVP,316063.2,602855,-381011,532158.39,-249280,1055003#hnu6hrB5fLj1lQH,584457#SnyGKstk7DeY6oSnaFn0rsnNz959HGnwK5QjUq2hQweZ5j307LFwgpjmrLHpfQMM3kb4tRQE2y7ZS,846737#V9lC4AoepGRoSB,-1049841,617257,-762889.930,-604016,false,-566514,false,-871386,117587#7gdIsR3tUEBPhy,-433971,-266029.7
120,1,4,13,-179449,823748#pqRSjYn5PG1,30549.02,486751,-345736,454376.93,48396,836170#szze9SLLmW8chWg,67073#r2t4aHYcRoo5hceYdsyMnioDbb7H5xL0DZoabhc0zu5dcyUrGJMWm1wMwRhkYBMzwJ9MUDakO3SYr,1130282#sKdN4KLzYo7txH,-9863,853914,1165732.530,851395,false,353447,false,1148008,204305#CcM6YQ9uK2nbOQ,-1164968,-792730.7
121,2,1,50,-921143,474856#gLYNEkznekI,-682020.4,-1084253,-1144273,-702819.06,-661798,454248#f1nydOpgSuDLOJL,380918#egiGdWkpd8QjQ4dz3UI2ko1c9omFRisdr5R2tnH88d6el75Aw8HtJSB63wqC622rPeuOBl4hZFZ3O,248272#AZd9lN7mMQULTe,-200056,-706555,-106427.000,75829,false,-660379,true,506131,583563#bDzsCXJbJ1Mc3T,776234,-274349.2
122,3,12,13,905824,688486#L5WlqbGdLBj,940751.25,-897752,1203683,340624.16,757063,952297#S47FDY6utagPINr,823141#hZpEU2dDttZrhfjAuYwHZkJ3AETjXTxWSBKGqrKfu9DDlTrdzs2mP89AQYLEWuTlQZD7NzmsdCsDf,574197#OjI0ow58D5BArW,-625995,-274125,-926475.450,167040,false,694457,false,-976953,472589#q1vwOTaUtpZiYB,411601,-514612.9
123,2,1,2,-876971,964530#XWMJEV9KIGK,-1185562.0,-882935,932951,970692.23,-265962,777227#d1AUmt83QjWbFdQ,48922#HCe9rgFjMoL3yMorLp4Olk7bZFi1q5f2oL9NmPlnprcQzNzO3fWDkKMtb80IPc6sRoEzBMenZJIu8,897465#ykYJBYDcGA9bmh,-100258,625741,-925424.410,82480,false,68878,true,-1176164,1183985#UrYvfyVtttMDaC,-382873,-383913.6
124,3,3,14,-705380,709088#5F5iihGKGdX,-275422.66,-434145,-382024,251684.74,24859,208240#d4Q1yd9ctDuwuUB,863064#lqhx1f6hgCwORoPXqwHwvGlCplVEDkd0HFairhOfZcaRkLygjnK9XRsNKDUDvgRZjnRw3ytqnwG8X,341886#hcNK6EhGNgQRtc,-482100,-395452,1208939.100,-659475,true,-829686,false,-1143595,487273#R3UQTBtIrudYey,156701,912569.9
125,1,5,2,-925047,419707#9ugGxNk2Xk7,216867.19,-355615,155526,-671568.70,1141938,1049248#f1nydOpgSuDLOJL,992700#epiz3R7j28G2fF06ShxAj8E8GgdKoNQnm3jo9VHxSlQyRp5rltELzJXHCTy58iyxo46Lwozaq8lJt,620198#hunF56sdnRjXVn,998487,-127365,922568.660,781764,true,-1130562,false,1084349,1194497#3PT2ls2Kzg28PL,286964,-276494.8
126,2,10,25,-93252,404569#Y9wQS5zl1W2,-1244489.6,728717,378110,-1028831.70,-873066,254936#zTPzUBDmpe2cE7L,258546#SLZGZXNzI6SWD4r9RYOUUU9IghvFG7w431P7IwSrx20Fc4frcSecg8kb0hLjoIqPVa7K2A52VFWpw,1162216#oTYtGjiOdRWEqa,-6670,-935388,-709695.740,-326721,true,-513212,true,-398619,259546#xaH2NSjnKqbNCC,-569271,117280.5
127,2,8,63,1241402,876365#oE1sGXlQ2y1,-1023243.44,-154721,-974454,-761090.08,1130176,693749#DHbgxnizRp4eRb9,1119656#q5cOOVTGIyw7Ct1Age6BGAkomsvWn8Du1OaoYIVscfq1OWj5x9LU1SW6yfBUqowXvGfPBPryZU6tM,1011161#00agAVw01dllmU,1147688,1159040,-1089780.010,1109361,false,1102345,true,1172869,1160960#POkyd9L17IafxA,-145153,596473.9
128,1,5,30,686135,498029#wE5xZoIqqha,1191430.2,-148076,-959968,639230.89,-1265886,346871#JbxGtHMx48bvL4p,1190736#4yLmGzfN7D8Ztc2rmfBUpY8cudcef3jIKYF16mk6j3dQm6ELCCDtoCUG4QX80XZ37SjOoMbHqEZtm,450998#iNEgOTyEKceB4e,-554326,-193305,-1066292.720,-464661,false,1068757,true,1155035,78925#4ucmcerxKLtHPZ,-926662,1051618.6
129,3,12,16,1250277,458249#NzheSMFl5Xr,367154.22,605102,658057,-880235.70,-1025232,201354#Ok8dlwPfsdTv9mA,710276#QkvGEmRGQkh7fW7URFzOELpPPLgGgn9L0qpXPlXOZReZQUfrrmCxN3tmaM00jmhv9diGZIxOtOQUW,1020240#I3xq31bGmwgBR7,558305,-202449,-1267959.530,959575,true,-759388,false,-963359,1087558#4lXMAeorXUEooM,990749,437692.3
130,1,5,41,23739,1253669#iWZdIbADJ4T,-489795.6,761073,779965,722114.09,28053,590266#SNGQAa2OHEprtQV,1034428#4i62FNbqQX4toWZXTnl0Mg2wW0JiLwIw1uop4gdzQgmI9qOXookxnlG68QnBtwrGv09517gJtkApi,344234#fcHlMHa8ZArijy,-250793,-1102316,1057533.140,-746112,false,-354970,true,811315,1136460#RIiCrRtI24nfrm,772351,169108.8
131,3,12,42,1158403,884934#g8JGYuvIu8t,-1180574.6,658798,-254567,24762.11,859555,306893#kgGUgZ3P010WaPK,854554#4jEiiy4Vw8E7uJqVtfLddTFvxex7WIxzU06bFLvFoRiCUO7UQmqLpyle3TUkZzIEUFcl5kC3qHdwq,1254661#tcole6qqoKKfWh,-747486,-333899,667436.190,566783,true,456008,false,1193101,14976#YFwHTw369c6ZuF,-776171,-506664.6
132,2,4,19,-279131,1054509#akhl9i1qMuf,-897990.2,488271,826676,-881237.75,70334,74038#SEF5H6EZPdm9ms8,1234128#Hml8xTSYc9MwTKuKDwJ3rvqWCzZXq1DxRpIkKpeCXlboPeumh3iObZcPyLUYNnKl6zf5FDxGQ4AQt,149040#mLdxYqlOQE9ItW,1041878,407823,356558.060,-780099,true,-771756,true,489659,56894#fsBi63OpDMzFJl,-1245723,-1045335.7
133,2,6,42,1217424,698084#XpjY2iNqQKl,648050.25,-1235656,548699,584154.87,969274,867897#MwIPvZQUSsjOxXx,657797#BGEvbHgxy0sKs54oF6pHOjCd0V2LPerA7TmPEF4OKQgU8fbzhBPKnSETQQaQEBm4V3nMgqgCe8t2G,545807#LLxhhuABkbq7ar,-191856,475986,22994.230,312645,false,-471532,false,-942644,74809#rbjj6kz6IJgnIv,-1217454,-417065.5
134,1,7,35,-52087,50325#hdeMPYqvXtU,-931541.25,-228697,-101355,1195306.57,1243549,294638#aQ7PfsEG1ZnB1Cq,207711#GT1hfPEejQKsjiHzZHW7KbcCJXBonM6YidZDngJ8iw6ovkoGipCGPrIImOWdUWsQYp74ey1m4p6Ik,1049397#Rhej70VEp7yxlV,-1206154,-850642,84556.870,526255,true,-1292867,true,-915372,1081110#vGh2Evs7aDKXXw,-1231883,-899352.6
