135,2,13,42,-876502,293890#yPC05seOPg8,-822197.1,-176997,214277,-706492.89,1206700,265352#mUOlF27opjafied,846430#T3X4tsumLE4RvUUNH63ROpGk6Ktun77vaY3u8nGPYt75Id7YQvsiZol3jkifg0U2OjaHN8Qmxw7wk,125399#ts0xd5dCPF2jl6,100258,273277,-981590.380,596533,false,-1172867,true,248722,158099#a7W0W7udngBEPV,-259929,336485.9
136,1,7,19,-914000,991049#uICohmdo8Be,-617559.25,-427075,-184339,-677891.01,-994149,1019066#6GEn6iJvx4z4U4Y,1311289#oGVkfBres5m8DtdxauwGAJnW1iGcrV7rm4xuDpoKFWB5VwVTrkt4yQEb2HjQ25kvgxgt8vkvOMsCP,595756#WCNpitE691Pw21,1320554,-169881,1083210.750,-1088884,false,180352,false,431305,168018#xrmeqhw16S4gvu,1220938,183137.7
137,1,5,56,234685,1115724#JqIvu8sSFGd,-27165.56,-1311597,498881,264479.73,751070,614308#1x5Nsl3TvA5XPpu,991642#tcqXMkytUFCrFI3Q7ICMlzqtBZX7mtNWn49iIdn44dTjkXe5e94uaw7dTnPeJY3kU6fugcqFUCwOg,1228202#bXfC0O4QB8zxnP,-916673,-1291975,565884.860,1040169,false,902395,false,481141,1137013#d4riVShaoUpX7v,-370173,327525.2
138,2,10,29,1029684,1092114#yxMRHxiR3uD,227505.6,1352690,-572948,832711.71,283061,1197648#UPO6rKLpkkCZmFr,472809#x7fFZtWVmUJOwkBxDv5mXULpZR17YjIEY5RzJwefKEz2i92H0NPdmv7vkQgly8tPTmy76bjHcfhFx,359170#rp0LMtqMC6aLuQ,112778,1224625,153484.620,-978371,false,1293804,true,649878,371422#FYRBNi2xfgrunQ,1165945,-773928.5
139,3,4,1,-7124,626126#GDlWUKr8BT5,-303283.22,-223412,262216,-644936.43,-1217003,613883#5kcrPnzkwnMsMMT,535438#oOCmgxmCyagmQcwlNuzJbCjlC3Xa54RBT9WHKVQHZWq2gvWKFzDrT7AJDGVkVnbBlTIDZ5AAVw4Bu,331212#qy1lcK3QDn8ks4,421183,432706,-436401.870,-77306,false,667110,false,-487970,887228#7fk8rmH0J8Zc23,-1213089,-394262.8
140,2,1,60,1244611,1381066#kY7BiDIzYtN,580713.8,1339857,-67489,-196027.84,32084,135987#B7CeLLk3Vb07NNb,203962#7pkJALsJF3rjjRLzvS7ezPfpS4IeJfFoPU05odcOuEagmzQywDMUwzX387rBZevTFPP6XNUKD8ssP,735549#rBVlsIVu4AnufL,-1030295,1329690,-91791.960,-362028,false,31304,false,430809,1325003#63A93yXvDm44ib,-1352609,-859971.2
141,1,10,32,1008712,1394745#i0kDh33b0GJ,-1112005.8,-1190856,-1348743,-853552.55,-218370,859451#53V18A0bsPKfmUL,724452#ylbe2SW120la4fTozioaL5ftbwjRRcjzeyRguogC22CxiV01ztzZsCVs9wZrh99c1NosyUEvrSTUh,761418#wOoV6x3G3iWDke,641828,798877,-1297180.410,154150,false,-1349767,true,-442854,39775#81b6M5zq4gpQeN,405919,982541.6
142,1,3,59,-1052823,218262#JbvAmHSl7qT,-354546.66,448337,851843,29479.68,-844057,75483#dlICk75EN7xzFcs,1199149#8PolDdMGlP8dilJraxVwy16ciAjDAnaJVAQ5bHANo58vbCoa99BmmgVThwuCGHi6pmSVVMPDk5Lnh,386047#c4unqnwQokd3YL,-895413,892452,483993.870,561656,false,-928363,true,-254297,145338#OYr0I9VFWfdBB8,-851211,-1161773.6
143,3,3,41,1379620,412807#QT9vjjlrO3W,649509.4,-1026181,-183768,542950.34,1316124,347690#dFlrNVBaprBxUXQ,1263827#VxV3Ru1U8JchFPoLCrPIClW1KJh2p1lPUdw7Jus3im7uKHvLsLMSbDSfB6O1VdFaSGNFykyPR7z2E,326765#HCrXJFbIai2plf,556412,57428,-52560.800,725313,false,119526,true,752233,300374#5rG5lHKMbNttfh,-447808,-75594.4
144,3,12,31,97388,1214594#6054sDMR58k,-1047449.6,493826,1321235,937211.31,281297,998184#4QhIcInKhwukGPH,57014#eUjW1ch0PsZcCXzGp3fY1D8AkBvAFlMWkMF7AkINo7H5AN9BxYjYEJxcTRA62xswavoNwlXKb5udb,757494#hP8TonA7gUIZe2,-371118,1375969,-191080.660,483265,true,-523464,false,603027,761484#hWYsAFzLLMP7XJ,-957838,1059353.4
145,3,1,59,958922,688944#ycA8hXnLyKI,111111.01,-1430079,-893703,445670.30,957632,580818#SQvpCRJeJV3HQ7D,820016#qYXbEXxPRrVLRykkUahlfDHDkhcd7ljw5l0SbvaNFgCpGlDv1MQXZCU1FyRo9DbK92BSBYJOxRMRL,131219#FjT5MI91UhN2W2,342461,758335,251487.210,-1073102,true,-912017,false,-1260950,29054#K2BPrNv8P34Fz1,1195229,750832.3
146,2,5,12,102554,342890#yPC05seOPg8,1359350.1,1239359,571803,-1416761.08,972081,1223532#V2frmfyScoITWBe,811746#lzCKCm8mDamEy3EP5wS9KahPtyug5OEIx7QoU71wGVyW6aa2r1FnKuDNXse8kKTdElgYKajSU70kW,406429#mU8smBkXbYykeo,-590495,-32009,1088274.890,406295,true,465614,false,-589943,1394380#8LMNJZF4lZsf5c,365832,1181781.4
147,3,13,34,-1339027,106490#ZDCvxkFagQC,-9514.68,78049,118474,187674.30,-168282,923318#7WFoicm7N4Bt8F4,1438882#cRE31ZbB9CzohlQGY4NVNtPf3ZImqCdM6FVbybQPWrvqeRP6wZHZlTa1htvfePmzjslhWTuawES9c,1418175#nCFK13OU5yptjU,775288,-729885,-1005439.130,436716,false,-621025,false,-894407,1435423#RFGeMgs7R8avy2,1023512,-756676.7
148,3,12,25,-619401,1246458#tHqhmCcfIAX,953548.2,161428,1175167,80946.22,-154740,1158040#DnJTOvekM24ZVPv,375475#LyKYoMPRWhSUw02aWIJaTk13NLxq4Cf3eruLyZ2FAOFiZGnCshq7uCZIi5jB25LGHKSaPaQYiZmOV,209362#60Rtvasz7TRDGS,-1422321,-641121,-1336214.610,-43312,true,610252,true,-728573,571487#M6ZvskO9n931oa,457101,340751.3
149,2,5,24,-108347,902219#FpRFLd3grXV,1106024.6,590082,801385,-442454.26,1310468,1359125#NpLJcVxhZeCHQzU,471782#PIh984jcsH29STiF2C8MMwLfPvXooR0xDevAR7EJuSF0R6eBnsRUL69uzhKLRynhg1cbeYehk7CTE,509017#8n3ICLEgDxy0zR,602778,538939,-314660.260,-757735,true,1007962,true,-886743,1383321#cCGWp9ZoMUhAhF,-574585,1051123.0
150,3,12,13,896926,443880#tp1Jadmzgw8,-70250.04,-111497,254094,-1169123.19,1043931,766262#9WU0RUG6sgtDdF0,490519#GzFkf2kd3qnt4gXLkfcM3YTPR6M3bZtG2Pt9Rc5z3RimOMf2IYUTSElMvv9K3jK2kDvik7BMxDrEJ,1022471#inUtV1yl1ZrdJQ,-426286,-771210,-692121.270,-45731,true,137955,true,-869323,1048542#PXAWISGtYPwZZM,-911687,252174.6
151,1,4,43,520989,1272986#lPfLUfHNu0V,1294886.1,1149664,-252713,948781.77,-1250244,1207743#A1ajU9snl6eaSa7,1049880#sSQa4Lr4vdYj3rvn77dVT1sEuKSHMTI8QFEZXd7ct3FNoXSuxgj3QNqZCoNjQXlkdWwQSL7FuiH38,1297486#8DD10O5ANdkRLC,1074303,800550,-159493.540,-1201159,true,46382,false,-1347200,1366466#KhWVTUAFnugrRS,909837,759122.4
152,1,3,36,-9934,476097#XnPeAeLp2OV,-1330848.6,-1035289,-1109130,-1238625.09,-794746,649128#6uMIxtDouK9V0s5,689525#7qimAFV0txIuBQqMH0iWOfA1wUGv9QMaSYHvDQCKjc4iwZwrmHOdI2iauQwiPGjxf8spbA8EvyDwy,298417#U8k2aegZL32tuN,-616289,1176896,1169699.430,1486401,true,-1174886,false,1012865,917363#pQ5jrvKBQoVMPk,905849,1159393.9
153,1,10,36,-206522,839516#MMRR4MxtXCf,-1144808.4,186754,-9691,-786208.97,41656,1365396#D8fGfNb73RAkJPw,954951#ZJ6kkWPcoeyyLicgnE0uywF7alWeqynnybldMI36yEhLKkMqA5v0LUDlkgBxT1w2TrT1qjXVXdunp,1162651#29UoAGWRHqjQyW,151556,396253,286997.650,201627,true,931997,true,131085,189667#NvXKn1KU3iFWrO,-1157146,-420487.2
154,3,5,12,839088,420688#GCprlGOng1g,1084866.9,869945,-427755,-340201.82,1126767,1309307#EsNQ9yVFuyDaXPT,184617#7JvFZqDDfQRr2EPEkxfEHKUXwpkalOrNP6qqRvKp9mt7es0epUna4HHd9cKIowOxoxazmKVmkZtot,1272971#UnH1B2wTLe0sgZ,-919756,-1004671,279022.850,-1345414,false,244306,true,-697847,129971#tVJkotKU4G15dw,455026,396498.2
155,2,5,26,780342,459821#QaxLLDUFiOI,701926.44,-1322953,694376,-229401.59,579661,627910#268A2B76aotpOzH,1525127#3y5RyQkdBlYZaUAAOTuVrWbGuj8uIRpRd6NosaaGdbJzYltjPFeYO3uiuu2U7OchMh5gTTi4GIXtc,746853#o85NFlFcJRgW6t,620948,-743216,214373.060,-1069140,false,130441,false,-2410,201854#9w8Ncg5B4AIiW9,-937859,-1177733.4
156,3,2,38,-939091,30233#PNmYGolpWgc,150030.98,-962419,-1532191,-941310.23,1194309,1531140#L2a1TuZf7XwYda2,910961#Ni5EYGemc6A4vI3k0oZRUDJgCxTEnNihRlYP97MRm92pie1GQiFoY1zBNc09vPTGv34vFZ1yCmmEh,317335#gJ0q0nxcU4ND5W,-863117,70870,5514.980,-1416876,false,-309586,false,1087618,864009#i86cRWkQUmJKhH,-226787,520923.8
157,2,14,58,-1298583,1184180#6Xp0A1iiNiy,-1112670.9,-351461,1283661,-606194.99,195051,699678#mE4o6080FH9Fzxa,1126488#q5REUkZDFURH6VecBVGQ7ThRO7LFik1PHXQfKbQyBauqrPxvhykfu9yyDOzYwfijuuMP0399u0f2o,1072232#V89Rq7ddOnIxhm,-275249,-297870,742560.400,300156,true,148531,false,-990932,953094#wOoAwTNcqQVhGb,1276621,-594810.5
158,1,6,21,-867798,457525#rSMvuXFedj2,456335.4,-1152760,-67399,-105950.64,-744895,792721#nEFxfON31f00Kuw,379030#WihAjfD4JcQY23Kr37VwcklDtqG0pLBkHZaf0tJCVPc8kpuzmdH4z587rtmU36uFZHP4zVaYgb904,1498831#Suzvc61k2dV6HI,-621138,943397,-1458680.940,-779834,false,1372169,true,12185,1243068#YuUpwu5XMjijm4,-199061,431526.9
159,3,3,44,-1407785,797835#8Ykna96YIWl,88527.78,1408534,171484,644850.14,-672687,489961#gTvfvBUXzDLcdKz,1143238#bqTQ99Cpd8uGPL3lbGdyUZMpKTdHQop9rbVyOOa8BRidY7lDV48JEUDdnj6zs16nVyH0ttQPM4COU,786630#BO5U80tZSymqb3,-808786,561027,-1534543.090,450068,true,45651,true,684069,505150#n0WxV4l1gGpIVu,-1196484,-645246.4
160,1,9,6,-158894,999658#bU8lQC3ScB1,-115599.44,-1182640,-1256932,-163147.02,130193,50124#lFjMM2ngnb4Rocw,127289#oGVkfBres5m8DtdxauwGAJnW1iGcrV7rm4xuDpoKFWB5VwVTrkt4yQEb2HjQ25kvgxgt8vkvOMsCP,1219074#6Qx7STkgGxBPbi,1509072,105974,1259992.920,-653068,false,-1417881,false,-414309,841577#X6ExIBJJnPEi13,71484,-1030132.0
161,3,1,9,815948,483585#jLPzBD1NjrK,-756844.56,153993,-43823,1612280.02,-800669,591893#kgGUgZ3P010WaPK,526197#zkY6KITRqNTIdweO4YOzSn0LQFKEPHvfE9kf911igN93XiwzUqwaROjgJwHCFpjFFF8sEoIcU6ke6,1339715#D3x19y8dXvyhWT,96272,-1129768,1327688.210,-1303402,false,-294008,false,1273334,1211760#RWgkC342XVZTjG,-1402619,3730.2
162,1,7,3,372056,1377050#qA02ViJT12g,15898.83,-32483,-108260,-1414389.39,1188012,444099#F5ZLetgv1cuIVTI,1366460#pObKwgx0OqgdUnVdUAinWWv36uwyIGi3Bvw9Oe8P3l3vsc5uHOrUWYhTdTaRzaYubUVNATqe7aabw,601767#Kw8wjtsmVO5n1k,942486,-1227508,966984.340,855789,false,-1516295,true,-323975,344366#0u3bfmr0BdcuGH,-1192101,454675.8
163,2,7,55,-933708,1098757#WTRuAmqHBPE,384373.22,900194,706997,272642.67,-92570,126112#NsjNIUQr9nFRrda,1601228#ymcKM6HXOzQn7NaWzJqXThvyZNHRMc3cfgl8L8RfzDN8G7eBC7wWkKjrVAct3i1lhIDD7aPvpcAL6,21475#sgVEEEwzjni6cN,-435762,-846388,-1179203.600,-1322101,false,529310,false,-1267009,54066#vykIJMwZJWIpVr,189533,-1728.1
164,1,2,39,105706,11367#OiWnUL3XZ0e,-1320910.1,898250,-1036983,-1295038.74,-111020,1492724#2hb43nNdk2VaC2C,999129#3aCJ26gxw26HQWzkWV6Yz4lyaaik8ylxSAI7nx5EjwBSmLFO0tBVQ1HR1htRyJEPFw74CsrV4eIV0,845785#jiAKbzlsVCD2eA,-1508403,1241018,-591795.330,1441839,true,-96915,false,801357,755986#kW7SniKFyopP5h,-1174151,876867.0
165,2,2,51,-1141218,724132#CBB7r0DK4AP,90507.92,1331584,-592435,-165455.25,-1317743,158813#cZ3KBx6lv1x0NdO,834327#xzkq4GRLozcZLrn8YoWPZ4PXCbiSidbuSQjp9YNWfXcfDs2fwMeanRgXQaRmpZunHW6DY0BvZ6u9w,962513#JdJslYuorDLeHQ,561633,1108441,646896.950,-136452,false,133907,false,-726232,855452#ZzWOYhdlbW6ehc,-453584,1347523.3
166,1,9,54,-363210,1567882#jvgNioqiqXY,-955440.1,-762309,-790633,1490016.91,-281237,210993#DoUM9WtpQGjSdiL,1550669#vQAlvvCbI4dQVPtcvZCtJK2mCFSCAo2ULzltqEy8eK9XNrHA34UEAauLZRkdYlzdRJvc04e914urV,1011136#W2mthi6pQaQ4Qi,205250,1085809,1219506.010,-1474428,true,-561566,false,650528,582829#fkDBJbgVP0sKGM,-524262,-407604.2
167,3,7,59,-1495688,945122#VL0yk3WAzDB,-684128.1,1223636,-286431,548560.83,994244,1377630#eIrJV7IwOvezabB,97239#rk7Xo1IzuWY0Jv9F2tzdKEPGGxtAMNfujaBZUskaRc2wZAu94pNEP5aDptRZ4Ek3ObGUFIGWGkfrX,502279#cva9sq60i6MbJP,557641,-1343287,-370488.110,521279,true,1320714,false,282879,95879#koZaTlAjRuDJIj,-1029734,-422963.3
168,3,9,45,-1010464,1407480#QmudyGt5iLf,-1190599.6,962139,-513816,-460368.32,-1290880,118120#jrq5EuO3Bf4GMU3,592563#D00SRiurUAGw8aB9V1drDqTbEVgbDXMnBlYh4aTHAU30rptLid8urIpjN4T0Qmg6pAwRVJvTdJlvx,1151919#kTIBzmk7FePpvh,-831503,484966,103728.180,797052,false,853092,true,12046,819462#Dm238iAqk6TRAO,-1094325,23934.2
169,2,12,19,-661957,861293#pPps35nXBib,444863.2,856432,-539427,754560.39,-354786,1498077#kQVWcsgkJ6JbW0H,827795#f7OkcUng4fDPfJOotkhnOWYij59QQy4eOrqYBOaxYQJ6W9nvMacQ26OkoTRmA6MKmA1rugFmpJ6dl,1198317#LHfevoi2v1GGpb,-1489579,879161,-1081885.930,-858629,true,-808362,false,-1233861,163360#mf9uXEco5B2a5C,-619512,-380349.2
170,3,2,24,-257321,1163808#FcCB3jmexoP,41749.02,689154,-490676,642225.43,64696,1180906#WR41YGJFqBSWjNh,94760#6QYd5sJfsCF67QpwGHz9YQqDUw6rad1nA1rfn4GmjhqyezFAnj1Htfq5iCRCVIDsZoCQ5Ge8TgKV6,1598277#HW8L9MfCoUMXsp,-13040,1205764,1651717.030,1205795,true,500598,false,1628758,287941#RA94U6Sd5cta51,-1649070,-1121041.7
171,1,13,38,-1299498,668034#SvhksodpfcW,-963620.4,-1530828,-1619711,-994267.06,-937198,641780#Nt6GuNYPUhP9fIx,536315#xeBeKwptDe7qMm9iP3vWFG7HtSWE8d4VgpdQfx1a1OtL8z5On6D44XSWTopPW388SpV3cjEzFmbHO,347423#3i66UCnK5TshGs,-281196,-996186,-150320.500,110729,true,-930012,false,713506,821413#znECzG7eV1Myii,1094779,-388777.2
172,1,12,57,1273279,967961#GxiMjEXbwTK,1324751.2,-1262293,1696895,478813.16,1065913,1339641#YqDBP716vEnuA4o,1159997#OjyRI3wUeJLVTBavcIGCNJQnvLfcpr54HAwSLWwYEAR9oVM4epgbSyUt15xFTcYK9kbuiet75IDls,806298#AuHB2OVPcAmwS1,-886038,-385018,-1302137.450,237115,true,980831,false,-1375428,666050#EevL83PLeAzQyB,583823,-728630.4
173,3,1,6,-1236745,1355769#crpgNFW81va,-1666362.0,-1241351,1312999,1368074.23,-372817,1089720#sqPj7df2lW8hPvp,68031#bfpDZLeDzg4tq4Sl5KHPQ24htdGiOFUOuanaChlVfPQy7qYQEkY6KZVbtCqEw0PTl0sRmGMvyqo9o,1259909#WIMbxL9f6U2CPZ,-140914,877406,-1305042.910,117630,true,93642,false,-1655264,1664702#2hGujYSAUFgit2,-541404,-538472.1
174,1,6,11,-988842,994903#Gi8782Y7QyO,-383422.66,-608487,-533918,352477.74,36284,291543#g3bIMuKtD3tcSQj,1209428#4i62FNbqQX4toWZXTnl0Mg2wW0JiLwIw1uop4gdzQgmI9qOXookxnlG68QnBtwrGv09517gJtkApi,477207#GfS9aMUsK8emca,-675200,-558705,1695669.600,-927250,true,-1162893,true,-1603445,683478#DIBrNWPa2BwCC7,218633,1279446.4
175,2,11,7,-1293310,585853#7pyVqkmqxUK,302467.2,-498027,219098,-938700.20,1596013,1466876#bm3fTkvKaZfhzFn,1385809#x7fFZtWVmUJOwkBxDv5mXULpZR17YjIEY5RzJwefKEz2i92H0NPdmv7vkQgly8tPTmy76bjHcfhFx,866908#CfrWRgm67xDc3a,1398572,-178266,1292805.660,1094614,true,-1585560,false,1518499,1670728#oBIQcYtIlx5CpL,403139,-390297.8
176,2,7,50,-134002,563159#iSQVAyj7q7n,-1741289.6,1015554,525236,-1439537.20,-1219216,355330#TPO0TCpUkhIScWB,358045#cAZAsEGPQxptZKjKJClycwZf2Ei0sCR87Vk7OUhOOMINUOUmSB3N2XJlA5vC1AU6NRYE0TscUBvnt,1621377#zIl60JfCPTfvwr,-11510,-1304342,-990486.740,-457521,true,-715489,false,-556769,358875#lmivuyT62uGam8,-791868,165485.5
177,3,6,39,1732721,1219232#BWAUhtzS2gm,-1423243.4,-212362,-1361976,-1063598.08,1572326,966384#dm6VpENEQ7LrWca,1558267#z5fSymqdOrBU53tVhhRc2kISjcbZIzJtHLa7SimtRA4Fsm9N8hGg7biexkOGPExjz8leuNFJ97lhP,1408467#2wv0wmAbqtjOIu,1596561,1616784,-1520749.010,1547886,false,1538080,true,1631344,1616246#kezoUnxRHqHTL5,-203177,827887.9
178,2,3,31,953830,691472#ixc2m34dObb,1653830.2,-206335,-1332227,890772.39,-1760886,478827#c32jkN66UIzTSo3,1652629#Lm0fWZ1BqrF0zPHq4WlQxQgvPjE2GV6QYzpfErpIm2uTyxDr17LQdgpFRWXC33pAsuy5DeB1yP58x,623485#pMKjcpynKUnofP,-768279,-270742,-1485125.720,-646311,false,1486784,true,1606135,105937#yzynENgnfVicJF,-1287597,1459459.6
179,1,6,4,1735110,633641#ygRAwEL0F1l,507954.22,836573,916213,-1218937.20,-1426332,275939#iN1ETfRDzJVbGQv,984925#OOtYaunnM4JlR8zQKjYKoR7ZcuN8odc96XOfixAfuV87ly0voRBChDC8QWt06W9eQ5QD97rEMUNlE,1413865#VRKE4CsSHcuS0u,778380,-282542,-1762212.030,1334431,true,-1053887,false,-1339996,1507541#oiM0p3nMEkIcwG,1373645,607428.8
180,3,11,36,35353,1735082#bu5AdQMSxmu,-676195.6,1055086,1082985,997264.59,37253,816909#kfnkryg9Ff2Labe,1429618#dDIsMRT4bAdh70NtjyUdOjkDlbPYfecMuFzG3IPXjoWnsyNk03waCG5Eyii3Kjq4WETIRFckYsNW6,474938#DcliJOLwgO5WOV,-348807,-1526189,1465887.140,-1032850,true,-488053,true,1126503,1573231#Tbj4JLRjFK2iN3,1067154,236275.8
181,2,4,6,1600734,1220102#mxhRhnWaymO,-1632574.6,908779,-353314,30624.11,1185405,420380#lr1KBgJkSpKHz4l,1180527#Y6mhRjm5fQHHwio4xP9ABhfOIGmpw6Bs5BKhjy9Z88iJ479ys5UfgmgioHNlCmNwHE7sznZemfNiF,1732547#U6hvYT9oqzTn2O,-1035525,-464553,919181.190,784633,true,627547,false,1651751,19069#EngmN1SK8ryZPt,-1070676,-698243.1
182,1,4,57,-388063,1451561#ftu4xRgCC9A,-1240390.2,671654,1137992,-1218147.75,96109,100958#Tz78gkOKDQcAKgc,1699747#tdoYvxiUaOxJwnA6vlVwWTSY4TO1LtuWaMmaV5bKWOH68SHdgSmfIKgQZVuiiHfQIY76y4lCOTaEi,202251#lyy5dphy4au9Dj,1432906,560168,493626.060,-1079162,true,-1063343,false,675459,78332#1JSj4GxyeJO1Ii,-1714361,-1443898.7
183,2,13,30,1678585,959167#AEVBOxmfteg,888050.25,-1703497,755738,805107.87,1331374,1193250#l05s5kYr24lSW9k,901458#ppSuyFjfKKhlYL0pLXDc3VLexJ9TSpYP9mD3Ba5kpHEE6FxG5iTKhhK32NWWQBImw7CHRH66RPsTR,749068#NKJsnDQYEvO9ly,-264678,652625,31615.730,430720,true,-647526,true,-1295744,100854#9w8Ncg5B4AIiW9,-1674805,-576016.5
184,1,9,58,-72456,67711#TkN9a0mTxra,-1281941.2,-313624,-140069,1643173.07,1704749,403091#f6g5PUakw7spTU2,282162#BnasNxcBI9xIPjggDKfxXmrmaPeRtxD3F8lXqsoSN9lM048Z4j2rV4dCKCtJ2Iky5KRd6g9JwCDcV,1439001#fqaZCqJYtUWJ30,-1654156,-1171609,116189.870,725705,false,-1772626,true,-1255622,1484426#sVOjQhFs6uYz5Z,-1691989,-1238176.1
185,2,9,2,-1199211,402523#oTMPcxgOpyi,-1128597.1,-243449,292892,-970938.89,1655350,359966#6DeWQMnNOALZBQB,1159549#znNRh50eEOvUQjUgJh2xKX7iXKDHNlJ2nK8Hb7513G9TiLvDfzKvaKGg7lriY9AwWG6IZHrajcJ7p,171736#wl2F6OF8zr3v01,135474,376603,-1346450.880,819883,true,-1610431,false,344410,212953#dtcppelTOhMrHU,-353385,462267.9
186,2,1,15,-1247472,1353852#6DdgOvtN6dz,-841559.25,-585518,-251218,-929527.51,-1360549,1391487#YyaOjGKDOphWVzF,1791664#vBcfCq2ChRal3BUhCIlaRtk9S78TzK7F0pt6WOZ9kKVc0NAdmGLX4IcyGOJs9ngjgdeDttOx2L6GL,813968#uuD80mIwBsgKTk,1802983,-232305,1484273.750,-1491634,true,248024,true,587524,227272#cyrTgbVkvRChAl,1669702,247428.2
187,3,7,13,318797,1519753#PNLBrE8czKP,-35965.56,-1787462,681399,359226.23,1026220,836663#RdFO4WSP5K3IEwS,1353533#z4wYuLt9s1BZkoSCBs9XMU3mhK7LXfEHe419XjviqSjKOqcUbM63Gmr7Lz9Hzflxq3vdtTycTPyLD,1675951#tvtEBeQOtOsNwF,-1252162,-1762686,769461.360,1421094,true,1230119,true,657416,1551427#FvqEpKl0T5g4hi,-505824,444527.7
188,2,13,59,1402193,1487770#mHokOm55VEt,313105.6,1842603,-783889,1135975.21,387936,1630402#vnjPnCJvkUjqP4U,642873#dNQcBKD5nbxisEJdb1GS0Zav9haJZJ8IqZEQ9Zip2KsQdjJQ8xkBfccldMCNnYSActVJVza9pzfWs,487193#erSfmRcFzMaJl7,157202,1666736,211495.620,-1332146,false,1766002,true,886040,505112#5RZTJV7Rcn2Q1Y,1588550,-1052570.0
189,2,6,60,-9213,848920#G9P98f0TJsJ,-413683.22,-304507,358381,-874149.93,-1652103,834230#smeVZjcERjkcyms,725398#P5UhCUYjejVVSOFAECf6taEJhKIsGMxxnqI1HLuNDMvsFxU3anzWFbrwgfT2QB31IACIMYT8Cmu9k,449570#uah2NFhnFF0YZ0,573760,587674,-592794.870,-107356,false,905318,true,-666816,1206299#pVWHqq5tEaeKsY,-1650155,-537409.8
190,1,7,44,1688976,1872022#MShFM4q0Rlj,788713.8,1819396,-93820,-268497.84,44921,183738#Jb1IiHz2O2D8F1m,273672#Or1aBlvVBog5snFvILlROBAAF6M872foUqdnxh2QYbpLY3UnEfRCRIEGjPfPjEuAwT39vwvV0M1U6,996785#jiAKbzlsVCD2eA,-1395054,1807106,-123556.960,-488253,true,43056,false,583084,1796963#RExfrPUVvbqqQ3,-1837685,-1169772.2
191,2,1,9,1368759,1888429#VzUes6OtIn6,-1504005.8,-1613945,-1828788,-1153526.55,-294220,1163169#UY9qEeKqGSWuuYO,979296#GOlBQOv6NiYdait06VVQsApkj471vKeBCCBxoV0ieNZOfOcgt6ctDCONnxd8slHbw1a9PhfjGy3bS,1029991#gLTwjbP3HaneHu,872803,1079090,-1758844.410,207400,false,-1829981,true,-597429,51512#Xi7BiD91Iur5cf,552634,1329881.6
192,2,13,32,-1425585,294679#pxn8qkFggQn,-479346.66,606956,1148929,42221.18,-1143682,98924#zRVreEOFGut0Oq4,1619192#upJpgnbt0hpzrsl8OjYNl3UCf2wMUlLGOPexa49I218yjpedosao7pFOV7FaS8ymN3FfvGjYGGM4d,518526#lPONwmO4m2g3Ha,-1210886,1208342,656849.370,756556,true,-1258007,true,-341272,193576#xWJAck8PmajzMd,-1152235,-1573940.1
193,3,9,54,1863596,554897#s9C6KPL46LI,876709.4,-1387344,-245564,731767.84,1775936,469258#ohdiBUB6wml4aKA,1703011#kkvBOhnWFJEtT0zaoDpAOBEytstujRqMTAXjVod4aSfsXkP6J7qg9h2uhOLKNN7Cpi5U7KA0qs1dI,439431#Dlf7Kb82GoQmOz,748231,76931,-72187.800,975988,false,163050,false,1012308,403444#I1wsZbXbaXqlOp,-602132,-104928.9
194,2,4,48,132217,1636084#XpjY2iNqQKl,-1413049.6,668204,1782364,1262601.81,377272,1341822#fNvg5wblrscmyN6,74933#yIKPNn2D3LKDBTBDUhHJucLWT7q8ICiSh1rKlWrCwXVesl5FcbmpJlJaWqRgm1GmIoDIYLEIbhz5a,1019327#5M7cp53ujWIEME,-502806,1851592,-257553.160,653915,true,-706387,false,810802,1022766#ErwFLU6qZxf9EY,-1289763,1426617.4
195,2,12,27,1291829,925398#PIemwpOIoIE,149511.02,-1920311,-1202707,599502.30,1284407,780347#XoHvGasXz3PIrtl,1101522#opMjR2EZnUGgVWT8bkrH12pc1ARRWMtVnsDTkbHwjRvO9pkm6bMmIjnKJS6YHGZJ2AYChhfcBkoWK,173198#hunF56sdnRjXVn,460013,1021237,336911.710,-1445302,true,-1223780,false,-1693537,39015#UTMT5Rck7Epz23,1608333,1012752.3
196,1,7,32,135543,458157#qjbhwC2tkBI,1824950.1,1660694,767882,-1900261.08,1302031,1641726#aBv3J0lN07ZCZRM,1087967#tdrsY3AGpJlE2qG3tPp8JWoQXuCnZ2fzp1FnZpJwFGJANwaIIKInYAroe9Hd2K4eoKlBBhyyz8v2V,544552#YVTDE5YDPLbcsz,-793668,-42462,1458496.890,548045,true,623927,true,-794543,1869150#n0WxV4l1gGpIVu,490325,1589300.4
197,1,11,50,-1794364,140605#dTQWZLAM21E,-11914.68,106745,161840,254831.30,-223832,1237298#GTqfm9B8pShMKKR,1925182#tlYRzejowWDrmZwMPiHH1ndVRszVbJ6K8rRkvFoPp877CHVLBptRgESYAMggufBtcTde8Ybz54TML,1898186#QWBfYZ2LB1CxCT,1036550,-980732,-1345274.630,581966,true,-831447,false,-1200232,1920537#f6aA9SEQbVjxLU,1368351,-1011643.7
198,2,4,24,-829781,1664786#pWuGe6q036E,1275148.1,213929,1572260,111312.72,-204765,1546732#iHdPY9DfyIyhK6D,499027#YQReUhs51ed4brXX5nkxvwGbkxhHH3zj32a2lDQDdZWLIrxkEJlUzQRCDXUsOwPegBs8NmKik84dc,277226#9sZjRog3YTwwOF,-1906082,-856754,-1784951.610,-60987,true,817177,false,-972573,761967#Twc0WcsGoDbGmG,611657,458455.8
199,1,13,24,-145445,1201662#SYVSfW1nDyc,1477224.6,786220,1073395,-593833.76,1752368,1813359#nOnjuCnmn70vSOt,629371#GBs6oVrS8RrddkjgL0DmDRDN54hzLL4IL978qyYdVmkCb3Ea4QUxUDn5t8sqeZYhZkGKr9abHvVZM,678303#gO44SJdT0ZVGH7,805702,717234,-417340.760,-1010485,true,1345599,false,-1185243,1845449#oI0X60lm9cfAvd,-768422,1403952.0
200,2,14,57,1193188,591248#7ypvLpirUEf,-91050.04,-149298,336721,-1557363.19,1395131,1020044#58TqpsKoaYMo83T,651485#jzCS3YHo0LTjErE95vnStCCFzR7ZQDIZuKVCIiih95iO8BdPQJXxz4OdgLAdl2sVAgtZlPYnSbfqD,1360294#r0fMWR9sbEj92w,-565426,-1028267,-920794.270,-62206,true,182009,false,-1157823,1396409#ibc8QxKRBBv7Kz,-1213661,338565.6
201,2,1,42,694507,1691427#km4ERV7OBYF,1725286.1,1527333,-339154,1262033.77,-1664694,1606940#5tdygUcz6e99EsX,1394297#bxSVn7vRlYaaxMYZ8O0JXfSqJo63jHUerLkDUCmxEcMmRulL4me1ECaYegMKzROvr5ZoZZ4DtaxwZ,1726239#X8Xh8T8raSA958,1427058,1062735,-212926.540,-1601409,true,59946,true,-1792000,1817619#ac9GTDYgJfqmbK,1209190,1010930.4
202,3,10,5,-16450,630060#Guz2S3S5C9D,-1767648.6,-1376109,-1476045,-1648355.59,-1057196,859378#OAHTrE9qYyBappv,915783#SkV4woLVOgCwuEeaiX4lkIDneCLY5FN6lOd7Voizij54wGYTxlAneqJ5Msp7UEVHdJNKbnpI6uFpO,394404#jOl6ZQDrtpp6E0,-820511,1564505,1557493.430,1973476,true,-1564560,false,1344715,1216700#sdlHFI6vD8yb0Q,1205516,1539515.4
203,1,14,54,-272085,1110794#fDafwf6XjRB,-1517608.4,246180,-15476,-1041253.97,57406,1809169#UY9qEeKqGSWuuYO,1266982#MZP8xaiIxeOpTAcTM4Izb0XXGsqFvEHix7dwPB1gtKBrJNnA0lacMJxoaHokIRMXhRnGnwr4aTXCU,1542384#BeOdwZnch3VIxT,201837,525148,378655.650,265752,false,1234617,true,174860,248626#goaeefysVU78SG,-1537260,-557658.2
204,2,14,35,1113141,555617#PMSBcI6I7xy,1438466.9,1154348,-568067,-452320.82,1493867,1733599#kBRD2Z9aN3vPPRv,241829#QeCPfDDiYvSIb4b3WhpXuVRXUkk8SM9F7PDDHMCtZ9C5BEAINAMMWmf71YWTUsDEewv44DW7JyAzZ,1683336#Z0TJqnjndI1qfT,-1217005,-1330667,372613.350,-1783364,true,321563,true,-921197,172065#ME9n7SIqJpOEyH,600624,522680.2
205,2,6,20,1034436,606806#5thaMk4KOHO,930726.44,-1749902,919907,-304549.09,767373,830333#G1KlRw6kltNfUTz,2014623#3L2T8WKRcFd3qoLvATR241AOQwOvdbdenFipQCE2Dns7ZJ0HoV8Be5e6qjF7lJdpOwp8v3sNYPLdt,985299#k4ssJXZ4z5Bw1j,822711,-983903,282094.060,-1411465,false,175602,true,-4260,266760#RWgkC342XVZTjG,-1238934,-1558393.9
206,3,12,19,-1236992,39057#9uUtd4lzk8F,195630.98,-1269706,-2025730,-1240133.73,1574059,2020004#yruQqzQsvJBKcqw,1201991#WhNNtXjJMZQM8rd8JOkobqPB6fiRJJPnI5jvazP2kjfgLoUq9XNbEtWpLuMT4FF8hlebPkFVUlJ59,416503#FAatTGw5WqGvAv,-1140527,95904,9665.980,-1868326,true,-405668,false,1436418,1140661#3hmXOd4mvfzA3Z,-300831,686459.8
207,3,9,39,-1710918,1559381#5HK9qPX3Kg4,-1464670.9,-461586,1695597,-797297.49,258901,919539#f3pMRJGU9tR6fLO,1482501#ApPb4OQKbjluKoSjTN7eOCsNXXNKzNuAentKqoJsgHSwWEYHxGOaoTBFp9CXFUCXmLJx8kh33HxCS,1411887#LPgH7lwf64nstP,-363771,-392426,977781.900,395606,true,193823,false,-1308232,1254035#ix0mYAcGxL5GTJ,1683595,-782678.5
208,2,12,36,-1142725,601358#F5bYSA1QwqR,599535.44,-1515328,-87156,-140741.64,-981195,1040747#BYDS3KYrBOU9act,498568#GLMZfnr2540JOITMn4DizvQZGbFiALiBtlbMWceSq1u7xWO4iI4zXwcPKNxHpLIOgB8cJgLYyLBRe,1971736#wl2F6OF8zr3v01,-819682,1245084,-1922076.440,-1026134,true,1806209,false,15485,1635045#Rj5ddfZ98YpENT,-263794,570143.4
209,3,10,63,-1847630,1047240#sRo9ESRC3qG,115727.78,1849245,226318,850344.14,-886049,643824#o8jC7v6FltYfRTU,1502431#oc1qZ00iwvWYfPAR9bKD0CZUdaor6I63jYSjRBjVbV3ubc0FLReOn7iWkEYWwVeUVs5BPkt7Niz9w,1033061#eQNi11AzKUsZxG,-1065577,739953,-2018902.590,592043,false,58071,true,896419,661024#mPw9gxqwSankmv,-1569596,-848197.4
210,3,9,24,-209848,1311791#piLrfwuVH0W,-153199.44,-1549968,-1652611,-211227.02,169993,62809#Ew70Ih6761kMwhZ,165184#h8uSQxC7Mz7S8D62wFj0tVgiARvCDehEK6ogetxPbUWpTwaKB1joPIDjN2mLMUYj9Wqmu2c6TAon2,1599043#Wpmr4SdH1ZGsvu,1980642,142004,1656190.920,-854268,false,-1859513,true,-543259,1103256#m0UZOVtDCZMHME,91513,-1349181.0
211,3,13,5,1067560,632529#i17S6qhn73y,-992844.56,200804,-59280,2111671.02,-1047631,772986#WqpmcmAdefW5Iv1,688917#GcD3DouMe1EWd1BR8iHpGSEcrYr6sTyMMqzUPn10cQhTXq3Mec76EuMutPpBVRQN4QaeGXnRsupYq,1753660#2WHFjsNh3ftCzl,128811,-1481237,1739098.710,-1708340,true,-387103,false,1668334,1586608#CiLAxRDJjFf7o4,-1840077,7318.2
212,1,4,27,484045,1800210#xZezPEFlzFP,21498.83,-41944,-140979,-1853246.39,1552512,578447#M0PXVOXnsJbqXs6,1786555#kaDnUC8MwGtnuMNhYP0RxBJMdM6RIT6Wm12uaPj0enwqGmZgb8224XLiHGxt5krKkVkkayLl35kje,785153#jnVGCe3ksGm9V6,1234426,-1605921,1267705.840,1120014,false,-1985165,false,-421850,450168#T9v8MAvcEgtUdW,-1562478,593283.3
213,2,5,41,-1220257,1435526#uIA0TU6NXj9,501173.22,1177577,921755,353442.67,-121220,162357#2DkEPzCkRKn9IJO,2091054#DC9FMtMG50ri80qV0UXsfz8pVQzjBdGznyV4GmIbsC30cJCVk1MUy6I3VMdE7O39Qa9HNDoEKD2Lj,26281#NJomH7ehBoiULg,-569956,-1107970,-1543969.600,-1730051,false,693352,true,-1655234,69397#hkyNmZcJVg2vHZ,250326,-1628.1
214,1,6,32,140844,12549#vnp17jiqu4d,-1720910.1,1174542,-1352371,-1687022.24,-142670,1947556#DCGTBrMzVWzUiW6,1303629#Lm0fWZ1BqrF0zPHq4WlQxQgvPjE2GV6QYzpfErpIm2uTyxDr17LQdgpFRWXC33pAsuy5DeB1yP58x,1103308#cMEtUYYMD2X9l8,-1969618,1620494,-774351.830,1880014,false,-126553,false,1043857,984182#o0zxIMfXXVrxMe,-1532805,1142951.5
215,1,8,43,-1488397,940691#xgILTCXVWN0,120907.92,1734053,-770558,-213180.25,-1715668,204919#NNODC99c06IPVyj,1086344#F9ZyipcPtZuqIiphDnTOnxkhZwlj6PvxQOPa9N581ziO0mCT8EIZRW1QblC166pEOFd7ttcFWIU16,1253215#6h8EKJvcsS41Hp,732273,1446941,843086.950,-176502,true,176414,false,-945232,1112498#WkDzysfNjccw8g,-593858,1755510.3
216,1,9,28,-470594,2037734#IatPq4ovt5S,-1240240.1,-994076,-1026208,1936945.41,-365237,273440#EHwv4Bj7eNViT6F,2016457#SnyGKstk7DeY6oSnaFn0rsnNz959HGnwK5QjUq2hQweZ5j307LFwgpjmrLHpfQMM3kb4tRQE2y7ZS,1315502#7NXc9IDZyDaZwn,267197,1410542,1584129.010,-1917503,false,-728607,false,847878,756085#XmZLEjTjK5UPIY,-683925,-531289.2
217,1,9,54,-1941497,1225196#xAyYaYPmnCL,-887328.1,1588596,-369395,710861.33,1294119,1789934#hL2RPQEXBrzwcWP,123444#uvaZ4WtJ8zK6KRUcAIfA11YwLO8G0GG8dFy8joa30LdmPBVzjMO5pxpzLuHBmIrwGCFDFBkcF6y0q,652253#Vlzyq3gIvCQsTs,724844,-1744147,-484039.610,675785,false,1716270,false,366379,122532#jFonf0cEQj6TJ5,-1340562,-546674.3
218,2,1,53,-1313610,1824016#0aOLe0G8xMh,-1543399.6,1247346,-665992,-596077.82,-1677730,151814#XCKxhgG10braSV0,766571#lUlAIGo2zqq11TG6idERCJmBoHgiwxH8KxMZ3idgjusDDKMqQ9G0v9ROS3EpzCb1RVB5mWo1eWq9R,1493521#O4g0iAVtd0WQIq,-1079771,627158,135104.680,1032833,true,1108105,false,13721,1060743#ZySQclKB3GB3iD,-1417202,32027.2
219,2,13,45,-859627,1114431#7c0UG0RIfbX,573663.2,1110009,-697842,976962.39,-460292,1941151#zbV7D5lp3H1MjRG,1071133#vAKN2eJNQ8jACsv5f31xZSIoysTpvOdNPnqqP1sM2bgNaHhklicnGJ8IJfhmhfRgghTGY6gu2HbWs,1549898#C1qvf5dwFiR08h,-1929317,1141065,-1400881.930,-1113241,true,-1050210,false,-1596336,209132#kTut9LK0efrhKb,-805053,-494668.7
220,2,14,35,-335193,1503869#D1tOJeFfSDF,52949.02,891557,-635616,830073.93,80996,1525641#YqDBP716vEnuA4o,122447#i2bVL3Do4YoPMMxghPlJBMNeqUCwx0WGhw292eQsqMxzusNH9yFbkI60NEYRy7DA3soiZyjjh6i14,2066271#ibMl7zYpWUcdWQ,-16216,1557614,2137701.530,1560195,false,647748,true,2109508,371577#X6ExIBJJnPEi13,-2133171,-1449352.7
221,3,11,27,-1677853,861211#BqakimWxvDe,-1245220.4,-1977403,-2095149,-1285715.06,-1212598,829311#2yrZBI2qOTHM4cT,691713#gxoc6F9OTR5ajhkRRajTgqMM8UtTvR3zrPbyv76VTNRCwNVaOLe1SIDuPsPIhlj6r1njQEymGJRLZ,446575#uHXyUevVlIQCxc,-362335,-1285817,-194214.000,145629,true,-1199645,true,920881,1059264#WBeDEZvka7J6l5,1413324,-503205.2
222,2,12,38,1640733,1247436#sUxhDt6bWL7,1708751.2,-1626833,2190107,617002.16,1374763,1726984#odrLZ6aXCK3wyBz,1496853#heHNOxtbAYpTuTCMoonnDCnLlDQwTF9LOpgUZpzEQMQiibBaxSM2N3jbdOnic2OnWYpi5fmfNByPn,1038399#ts0xd5dCPF2jl6,-1146082,-495912,-1677799.450,307190,true,1267205,true,-1773903,859511#O8Q4EZqfq7c69l,756045,-942647.9
223,1,1,10,-1596519,1747009#HfikjiK44ww,-2147162.0,-1599767,1693046,1765456.23,-479673,1402213#VcRSQmjaIZLxZGS,87141#hZpEU2dDttZrhfjAuYwHZkJ3AETjXTxWSBKGqrKfu9DDlTrdzs2mP89AQYLEWuTlQZD7NzmsdCsDf,1622352#Os3POWIyAGA3QM,-181570,1129071,-1684661.410,152780,true,118406,false,-2134364,2145419#vPgn70gISUzBPj,-699935,-693030.6
224,2,9,7,-1272303,1280717#BDAXdCBMKKW,-491422.66,-782829,-685811,453270.74,47709,374847#scMRZsA0Z0oQip8,1555791#qvxm7KuXE4TLzhci674PGI8lYrKO0sJVi8FJkBDAIlSmkZrhk8VlwHjHPiWstjkce3NyK3af3vV1b,612527#HzD1ZJ7zSaz3zr,-868301,-721957,2182400.100,-1195025,true,-1496099,false,-2063295,879683#WK1hChfYoXiyYL,280566,1646322.9
225,3,3,12,-1661572,751999#zMv1TFi737S,388067.2,-640439,282671,-1205831.70,2050088,1884505#SZucx9XfeWNortB,1778918#egiGdWkpd8QjQ4dz3UI2ko1c9omFRisdr5R2tnH88d6el75Aw8HtJSB63wqC622rPeuOBl4hZFZ3O,1113618#DgbX8nQGqK9xQE,1798656,-229168,1663042.660,1407464,true,-2040558,false,1952649,2146958#e8uzGMUt70qlk9,519315,-504100.8
226,2,4,12,-174752,721749#v1ma1UXzSbt,-2238089.5,1302391,672361,-1850242.70,-1565366,455725#lXusGSTel5rj5PL,457544#USZHuXQAT4StBfLC5NpkCtQk1sidzNS0CSNRonZOvrx0Qs46MZgrat0ExJEb9RLjPckEjM1IyOkRa,2080538#H3Pohat2b6XyGs,-16351,-1673295,-1271277.740,-588321,false,-917765,false,-714919,458205#otA8GIiRJYekCA,-1014464,213690.5
227,1,4,15,2224040,1562100#gjH2IT1Ow8I,-1823243.4,-270003,-1749498,-1366106.08,2014476,1239020#cL7qfEdXVXOnWeq,1996878#OQSGrYKWUrhORSAtESmz52St85XRoOVo0nP4E7hGsKX90yMes145PnvSIvG8tVybukGjZhI7MYmwj,1805774#mHMtjL4DG7ZKJ6,2045434,2074528,-1951718.010,1986411,false,1973815,true,2089819,2071533#BI1vAUREpAAQ7q,-261201,1059301.9
228,3,1,31,1221525,884916#E9hlBBPVm0q,2116230.2,-264595,-1704487,1142313.89,-2255886,610782#RH4mfnTH2CXHQt4,2114521#36I1hTbylIgbaZBFzvqoyGj29CL5YUHerUgjZOwL8KlIojx2kbcUoSnPUQbiqyKpmOniYHfblQqhN,795971#UnH1B2wTLe0sgZ,-982233,-348179,-1903958.720,-827961,false,1904811,false,2057235,132949#4lvMd9gVenBlzq,-1648532,1867300.6
229,2,14,55,2219943,809032#PObCCwALUjr,648754.25,1068044,1174370,-1557638.70,-1827432,350525#ntnIYQl8HqDHoga,1259575#UpXyrH2HMEqm44LX6OFGEmEJNQHMJMx74JmxIZfo47UnDptNltExsjFKXzDY85ZN1X1SzAfShpI3r,1807490#xpykArhcIzLdYW,998455,-362634,-2256464.530,1709287,false,-1348385,false,-1716634,1927524#Pa177D5JpDtEhd,1756542,777165.3
230,2,3,32,46968,2216494#26fKzhkw4mR,-862595.6,1349099,1386004,1272415.09,46453,1043551#yReB2GqcbC6ghlD,1824809#x7fFZtWVmUJOwkBxDv5mXULpZR17YjIEY5RzJwefKEz2i92H0NPdmv7vkQgly8tPTmy76bjHcfhFx,605643#nmnmXiLGgaoqET,-446821,-1950062,1874241.140,-1319587,false,-621136,true,1441690,2010001#sgKo5JkNHyBBFG,1361957,303442.8
231,1,10,33,2043065,1555269#WEZrEQ4bk02,-2084574.6,1158760,-452062,36486.11,1511255,533867#RWZX6cBvAOE4rNQ,1506501#ApPb4OQKbjluKoSjTN7eOCsNXXNKzNuAentKqoJsgHSwWEYHxGOaoTBFp9CXFUCXmLJx8kh33HxCS,2210433#p6ZkIuJ6yIhalz,-1323564,-595208,1170926.190,1002483,true,799086,false,2110401,23162#3GQpiEtyCEir8D,-1365181,-889821.6
232,3,4,32,-496994,1848613#79FSyeXe8xD,-1582790.2,855037,1449309,-1555057.75,121884,127877#JVqldZcvQQLgCLD,2165366#YbafnpxaKtqFH0mvW4UEAfw5UYURbMgYUvZdnocuSUikQzHyD5WE6SoafsDXSC965b11q7A1BU8l0,255463#imimNA3box0WYR,1823935,712513,630694.060,-1378224,true,-1354929,false,861259,99770#LqFDM8x8lK7qVw,-2182999,-1842461.7
233,2,7,18,2139746,1220250#4VaXXaHxnbe,1128050.2,-2171338,962776,1026060.87,1693474,1518602#is5TcGLWvs1NhyL,1145120#OI0tzlqyFzAE9WIdA60Ohn5Aa5dkG4m5z39hPmsNfXOsrOkw63eMWkYcjbfFstlXpC5VvuHjlHU9q,952329#DcxK8sBtnv6XQp,-337501,829263,40237.230,548795,false,-823520,false,-1648844,126900#zRK7L9ETTnbkLJ,-2132155,-734967.5
234,2,11,18,-92826,85097#XnPeAeLp2OV,-1632341.2,-398551,-178783,2091039.57,2165949,511544#TwCqkAev4DjhtrZ,356614#QDYwjNbN6WZlYg5XRLH13KCkiNED7LGzF9YoBV48KfSrS6DciNgGSzduSl7hzY2Jz2L3SwocBSynT,1828605#kvnPISvHk4qWfT,-2102158,-1492577,147822.870,925155,true,-2252385,false,-1595872,1887741#k7xDo6e0ZRhatw,-2152094,-1576999.6
235,2,5,25,-1521920,511157#qjbhwC2tkBI,-1434997.1,-309901,371507,-1235384.89,2104000,454581#xLDKpFpx9pR3H7u,1472667#C02t6VMJxBXn9VH4lC2YFMvxnO6IESIro7bl6ocSAN7xSCUNlOJjK8mb7uYQQvM1vLGbq5YgCBoLN,218073#8RyBMgg2K1NSjk,170690,479930,-1711311.380,1043233,true,-2047995,false,440097,267808#Cjb7p1Q4fHLzZZ,-446841,588049.9
236,3,9,11,-1580944,1716655#OfZ9KUtk2gh,-1065559.2,-743961,-318097,-1181164.01,-1726949,1763908#JuabX5vcCfmS4VR,2272039#YxmOCc9xzsaRXvvJV7LYVcHe4xNwfOAtIR1VctG39VAnkFhPjYlTWsgPxgB5xNWBk6LN4lImuWj9o,1032181#DpX6CjSd755pKo,2285411,-294728,1885336.750,-1894384,true,315697,true,743742,286527#ynt90JvBnvtD8N,2118466,311718.7
237,2,9,33,402909,1923782#p9OrtyZxxXd,-44765.56,-2263328,863917,453972.73,1301370,1059017#wAgzqGmRzbehqkS,1715424#Tr57E5NQxcqw3UQCqu4K64FTtECjmWt0QhqYIKQ6a2T5sQiu2zVdPaTdcoFHi67hrUvCyopUXmnU6,2123700#Ip6fk4sSWYDt0p,-1587652,-2233397,973037.860,1802019,false,1557842,false,833691,1965840#NRHBrCqoQr6UMG,-641476,561530.2
238,2,2,26,1774703,1883427#km4ERV7OBYF,398705.6,2332516,-994831,1439238.71,492811,2063157#WfEdPSRVcKqiOZL,812937#X2qrnWJP3pEkj2etGchddyGWefPbmItcZNldIwiK296QVaCYJecVcS0HSEhWjd86d6fFWCMyxSeo0,615217#rSBaQxmbevOYum,201626,2108846,269506.620,-1685921,true,2238199,false,1122203,638802#lTRpjTjF7R5a9i,2011155,-1331211.5
239,1,8,56,-11303,1071715#pVqwQt9IxS1,-524083.22,-385601,454547,-1103363.43,-2087203,1054576#iGyjs5YALFVoYjx,915358#6ETjpWntegEyILjn3rOGOlItGA4BLEO4RrWEexcz3WUdT2Qkb0kNeKEd7XJ2aVQiU9uktoRYnIeFY,567929#VQWLs1lN3ej9x8,726338,742641,-749187.870,-137406,false,1143526,true,-845663,1525369#kQDXeg6gKSj3FV,-2087222,-680556.8
240,3,13,27,2133341,2362978#YeVMIEegt7i,996713.8,2298934,-120150,-340967.84,57759,231490#pKUemPHXwyOPfAi,343382#kOrzRG3JynHGPNPawmkm7FfmYb9hIrtOmbzvgqK1kf00tsoY59qnvNk968nMncL6PKFyHmEzV3AGy,1258022#WDbYEbzcbzeQsK,-1759812,2284522,-155321.960,-614478,true,54807,true,735359,2268923#Kjx8LULQgrVsd2,-2322760,-1479573.2
241,3,6,49,1728805,2382112#w4EnhGDVEBA,-1896005.8,-2037033,-2308833,-1453500.55,-370070,1466887#KWwcGObBnOmCzZ1,1234141#hZpEU2dDttZrhfjAuYwHZkJ3AETjXTxWSBKGqrKfu9DDlTrdzs2mP89AQYLEWuTlQZD7NzmsdCsDf,1298565#W7OgxpCqXQtT6J,1103778,1359303,-2220508.410,260650,true,-2310196,false,-752004,63248#s6TkzX4G8ShnHg,699349,1677221.6
242,3,9,5,-1798347,371097#XnPeAeLp2OV,-604146.7,765575,1446015,54962.68,-1443307,122365#j2QWn1yIweylGD5,2039236#Mfm8sn3THZFGCtEemC4W0HeYaLkuiEHZKE0DHVnZNLRV6gcb5zY4imfaVMwlw5PmLvzdn9m2dV1xN,651006#4uvO2o18RCVo6e,-1526360,1524233,829704.870,951456,true,-1587651,false,-428247,241815#IyNJBgLBVshjZP,-1453259,-1986106.6
243,1,1,4,2347571,696986#lPfLUfHNu0V,1103909.4,-1748507,-307360,920585.34,2235749,590826#FnBMcnBXD2VZjBY,2142195#PrzcO0tdbXycwxZ8ba4ZSUmdCyqQgFyUbqSqRNtPj91D6rY9CRfgl7brvlSd3GK2Rw92yFb9hAkKO,552097#lphG7z3mRG7jn2,940049,96433,-91814.800,1226663,false,206574,false,1272383,506514#TbJxG8jdvVDz8g,-756455,-134263.4
244,1,10,2,167046,2057575#xt9Y2BlTuCB,-1778649.6,842582,2243493,1587992.31,473247,1685461#ZjPLQagvE8qRgMC,92852#NaqY2qOmYLIwWIRKczQLo1eMNtnLJ4OLTNeg1FvP1PPEIEV9gSvBMpl4GtqKZ5Eo8bAqwAncmfeuY,1281161#00agAVw01dllmU,-634495,2327214,-324025.660,824565,false,-889310,false,1018577,1284049#jCQ9BHx8XTtIc6,-1621688,1793881.4
245,1,8,58,1624736,1161851#zEuXzr6pjFV,187911.02,-2410543,-1511710,753334.30,1611182,979876#bm3fTkvKaZfhzFn,1383029#XevIxFnTLWenCfh8LNgO8RY3O8edzV1TIHMRAEF7zE44J8dJvMdtlyevD5olvbK2gR6tWzdhBoZak,215176#wSqkxwNqsejgNA,577566,1284138,422336.210,-1817502,false,-1535543,false,-2126125,48977#BogK5GXaoPPGnM,2021438,1274672.3
246,3,9,52,168532,573424#4RRiKrU8zMv,2290550.0,2082030,963962,-2383761.08,1631981,2059920#wRVmjLqtuLpve6j,1364187#fUXJVo25T0uyD4AOwts6qX6TZVog1L1LGv1FZsqeCYx8Gkb27fBHZ4sVqXvsyKmdzZEW7xCD2Tw8w,682675#K6wAf2B6eaQLzY,-996840,-52915,1828718.890,689795,true,782240,false,-999143,2343920#U3ihdtBNBGE2bt,614818,1996819.4
247,1,9,3,-2249701,174719#i8hvVRsluYt,-14314.68,135442,205205,321988.30,-279382,1551277#320xvgCx0KGLHdi,2411483#woP1unA5cOUKKxbz9iZ9CzofgsDUxHTi5WfhkrKDHdjTBgY4xOGC3goOcpRnkPdN8owN0O32I8sdU,2378196#jH3oP8mbPa3pIy,1297812,-1231578,-1685110.130,727216,false,-1041869,true,-1506057,2405652#hNKB5qyKBlWMJ1,1713190,-1266610.7
248,1,10,23,-1040160,2083114#yxMRHxiR3uD,1596748.1,266430,1969353,141679.22,-254790,1935423#jCNVn2G46GSmP02,622579#bYUXpepRfoYzjfeX4MM1CUqot6z8YuXMIvM4AACRNon9cNKdbI51ChCAofOT5TVSsv2MWsbOlTqYW,345090#sNMAyljMzdfZCC,-2389842,-1072387,-2233688.610,-78662,false,1024101,true,-1216573,952446#ug2Syknpl5adl0,766213,576160.3
249,3,7,24,-182543,1501105#vNQsXisJx78,1848424.6,982358,1345405,-745213.26,2194268,2267593#dHYvBylEYEJlgm1,786959#YcQ3cnzjn08NxXX9dX5jdUhuMCP6BJ3MgjkND4pESjsnKjq91CnKhzcEVg4p1n1GmyXTTf9qqOtmU,847588#qVQpWCntDby9z5,1008626,895530,-520021.260,-1263235,true,1683235,false,-1483743,2307576#xWJAck8PmajzMd,-962259,1756781.0
250,1,2,37,1489451,738617#PMSBcI6I7xy,-111850.04,-187099,419348,-1945603.19,1746331,1273826#FnBMcnBXD2VZjBY,812452#ylbe2SW120la4fTozioaL5ftbwjRRcjzeyRguogC22CxiV01ztzZsCVs9wZrh99c1NosyUEvrSTUh,1698118#3eWK2BrQZf1VoZ,-704567,-1285323,-1149467.270,-78681,false,226062,true,-1446323,1744276#Y99uFGtnLCVRgQ,-1515635,424956.6
251,3,12,41,868026,2109868#hRX1t7qctsC,2155686.0,1905001,-425595,1575285.77,-2079144,2006137#3KclnzhtZVLkhkU,1738713#gxoc6F9OTR5ajhkRRajTgqMM8UtTvR3zrPbyv76VTNRCwNVaOLe1SIDuPsPIhlj6r1njQEymGJRLZ,2154993#NEvQyhNNk1pEsY,1779812,1324921,-266359.540,-2001659,true,73510,true,-2236800,2268772#Jfw2vjLIzE7dgo,1508542,1262738.4
252,2,3,38,-22966,784023#40L67TMAL4N,-2204448.5,-1716930,-1842959,-2058086.09,-1319646,1069627#7N4NIzaq1TXdraH,1142041#5dDy4L4zyEbLjiZmf1aYtNzTCRhKAsssBGLbf0m5DQSjwgbSxZBD23cExqw4feji46R8uKh4B7yro,490390#1C2PASeLk0zDLD,-1024734,1952113,1945287.430,2460551,true,-1954234,false,1676565,1516038#FvToxRHulqVBaV,1505182,1919636.9
253,1,4,9,-337648,1382072#2ZgC0PNILe3,-1890408.4,305606,-21261,-1296298.97,73156,2252941#EgWGBjxqNRc1Qyn,1579014#eUjW1ch0PsZcCXzGp3fY1D8AkBvAFlMWkMF7AkINo7H5AN9BxYjYEJxcTRA62xswavoNwlXKb5udb,1922117#cnj66fvxPe4uxF,252118,654042,470313.650,329877,false,1537237,false,218635,307585#1os1XfgyRLlWFO,-1917374,-694829.2
254,3,8,58,1387194,690546#McgFyDPWkw0,1792066.9,1438751,-708378,-564439.82,1860967,2157892#tyu2cHQ2HmAGehc,299042#YZglSqsnyZt4ReptQDoQ21Wx3ByhpqKfnNVm89VkjJp1BBlnvX7csK7jfn7YOt7XSJteo1x6z5maS,2093701#Z50SvH95S9mV4v,-1514254,-1656663,466203.850,-2221314,false,398819,false,-1144547,214160#AbzX3TbOObjEEh,746222,648862.2
255,2,7,14,1288531,753792#giLXrebmpPU,1159526.5,-2176850,1145438,-379696.59,955086,1032756#GUQTTgf85fT2Hwv,2504119#2Df1eMP7eAUg195VqLtI71MKgVWSCi7Yr9EVINE6VAcJR81hlD4PvzUc1Rvo3LBd3hfDbsYk2TNEo,1223745#T7cvwUvUMkCzSy,1024474,-1224590,349815.060,-1753790,false,220763,false,-6110,331666#m3WrSDVAxn00WU,-1540008,-1939054.4
256,3,8,63,-1534893,47880#tp1Jadmzgw8,241230.98,-1576993,-2519269,-1538957.23,1953809,2508867#RWZX6cBvAOE4rNQ,1493022#ZfWzED0BKtdkQMNnW8e4JNhOe2lQjZE4CxizlfstfnATTnhdjxejMOGhHlySbTjjTbIB2vxdEoHkd,515671#ou96oh3OXO1eWN,-1417936,120939,13816.980,-2319776,true,-501751,false,1785218,1417314#jqHuIB3qQoFWoE,-374876,851995.8
257,1,5,20,-2123253,1934582#mrfEp0GCaSZ,-1816670.9,-571711,2107532,-988399.99,322751,1139400#JBRfLLPbqus69FA,1838515#U6nIwZS4p9sJIGBWPWfdMV7HH7slMWroRBI5gwZvnMHO3PIBHovA4BwHTQaqCfHxtjSKah7lCoIfG,1751541#Kax2p5l3lMbhAT,-452292,-486982,1213003.400,491056,false,239114,false,-1625532,1554975#rsVElQfa6h9ccF,2090570,-970546.5
258,2,4,51,-1417651,745192#WgmWD0XTCdh,742735.44,-1877897,-106913,-175532.64,-1217495,1288773#j1QAmYmO0dYmlUP,618106#vlI6gyMNtofL0TelUAM37JRWZw3YOfEwEDOjwpRllu7jU6jolq7Nme10uhXjmQPN2AtOdI5fMS5VQ,2444642#zSktNqOharHnWD,-1018226,1546771,-2385471.940,-1272434,false,2240248,true,18785,2027022#gRQE9ma9tXSBLA,-328526,708759.9
259,2,2,19,-2287474,1296646#hGlt5IVEpTP,142927.78,2289956,281153,1055838.14,-1099412,797687#TCb7vqz2DQdso4k,1861624#W0Qc0sMa0oe0d7Fe9x58zFXji6OcyUjfgLJGMdsVZCXl6zoFkjAJ9B4XgfvDSwYiGOIOxzL9OHxRS,1279492#tDUXYUOAsBVwFx,-1322367,918878,-2503262.090,734018,false,70490,true,1108769,816898#kAhSiYn4phlF0L,-1942709,-1051148.4
260,3,9,42,-260801,1623924#OjlOPefl1Zn,-190799.44,-1917297,-2048290,-259307.02,209793,75493#jZoE9I9yq5RseBA,203079#eggnSOt9FeKL1e2yL9JcHX1Wv21bP7i9ODTGM8dgVfJ409nxeyH8yMXaE6kY24NwB2tcRR7n8TKCS,1979012#lYT8YXW6TshFw8,2452211,178034,2052388.920,-1055468,false,-2301146,true,-672209,1364935#BQV7L43BuMvc6R,111543,-1668230.0
261,1,11,1,1319172,781474#vNA63ksYR5F,-1228844.6,247615,-74736,2611062.02,-1294594,954080#PPE9Tq2d42DExV5,851637#Kws9wdApBvDxGtHugbjGWTNOqvzfy7rFkx14kBYo9q07nW1Xp8pgxfTWkn1TU6qcKBlGWfEVMyRZq,2167606#SCIHaTR0HY17Mh,161350,-1832706,2150509.210,-2113277,false,-480199,true,2063334,1961456#haLeoXx1BFVCrU,-2277534,10906.2
262,1,1,51,596034,2223371#CI57KX5zJn9,27098.83,-51406,-173698,-2292103.39,1917012,712794#I6cLvkbbxJt2YYt,2206651#SDNJefRXZnPGRxCL0kuoQdGvpl2ZcMqhiFB6VxrXWvpfsiJesN8dNmgI9VwL3PZlL5ddZSNQKcgPw,968538#H3Pohat2b6XyGs,1526367,-1984334,1568427.340,1384239,false,-2454036,false,-519725,555969#0GidThLTLak0fd,-1932855,731890.8
263,3,3,27,-1506807,1772295#ZPwiFkUTuRQ,617973.25,1454960,1136513,434242.67,-149870,198602#is5TcGLWvs1NhyL,2580880#sSQa4Lr4vdYj3rvn77dVT1sEuKSHMTI8QFEZXd7ct3FNoXSuxgj3QNqZCoNjQXlkdWwQSL7FuiH38,31088#4faWld6Px6YOEA,-704149,-1369552,-1908735.600,-2138001,false,857393,true,-2043459,84727#WeQblHPtWvPeg8,311119,-1528.1
264,2,10,25,175982,13732#0ciL05LWol7,-2120910.0,1450834,-1667759,-2079005.74,-174320,2402387#gOtc2d8JMzRtUA1,1608129#3aCJ26gxw26HQWzkWV6Yz4lyaaik8ylxSAI7nx5EjwBSmLFO0tBVQ1HR1htRyJEPFw74CsrV4eIV0,1360831#Suzvc61k2dV6HI,-2430834,1999971,-956908.330,2318189,true,-156191,true,1286357,1212377#aOhsZH5t7YqSHb,-1891459,1409036.0
265,3,14,35,-1835575,1157251#AlMT4SwFtMH,151307.92,2136523,-948680,-260905.25,-2113593,251026#noZIUnJMVbmbUOF,1338361#ICIJX0VmVWclWUbMUDWDzUUkxrWpKLcn6YaZsq9KNTVL0TAs5q1vdQBC1f1G96qG6Chy68FvQHXN8,1543916#F7CX5AvbJYMS34,902913,1785441,1039276.950,-216552,false,218922,false,-1164232,1369543#HVIDb57upwWxGH,-734131,2163497.3
266,1,9,2,-577979,2507585#jLPzBD1NjrK,-1525040.1,-1225844,-1261784,2383873.91,-449237,335888#O2Iu3TOQtJ9zOWR,2482245#GfXor4ibzPsafgAvXAbIiCuWjnBDUQsu4J9EtexRslWxDcCeLOcIi9ksESprx7rzMPz8wUvzzavIS,1619868#INybKIUnYCPQcI,329144,1735275,1948752.010,-2360578,false,-895648,true,1045228,929341#rPrh4ElMVhcuoc,-843589,-654974.2
267,2,11,49,-2387305,1505269#WEZrEQ4bk02,-1090528.1,1953556,-452360,873161.83,1593994,2202237#ZDaqpjWfIlVSH9G,149649#mI89osw2CzLzCkggkGSB7xuTwuCdlK3QLQQ3sSzwNTGlQuxePEUtjHMjG9prpvUlA2pwf9WlgTKzP,802227#JuqTKeA6x3Jl4s,892047,-2145007,-597591.110,830291,false,2111827,false,449879,149184#BsifKzYJhz6wAk,-1651389,-670385.3
268,1,7,61,-1616757,2240552#iUndsXOsJ1A,-1896199.6,1532554,-818168,-731787.32,-2064580,185509#BI5GmZ6ZICt6SMW,940578#XA5YRqBmpT8eOljMGlRY5TjOG7Iq7g4VyQsxjICpccXc5jufN9jWtEP5JGvaTyzacBwzHt8Qv0Qk4,1835122#rcKVdJwwMkGvdZ,-1328039,769350,166481.180,1268614,true,1363119,false,15396,1302024#mPw9gxqwSankmv,-1740079,40120.2
