939,2,8,63,-40556,4190838#NH8gTFJxRmf,-2069683.2,-1520924,1800864,-4312352.43,-8178603,4139427#4BCJxW94MJae52h,3574798#eRMDJetzRMYEkp7eqQWwPxukxyi5tSnECtSxGziqZGtFY1bVJZcrs8Lh4G5HNNV2m0HKQyGPnv4Cm,2224948#vtlekhienzlEzc,2862423,2912186,-2938689.870,-558106,false,4478438,false,-3349514,5992356#yaPVs4HOTs8cuk,-8206153,-2684614.8
940,1,13,48,8354451,9236362#OtL8z6PhL8z,3908713.8,9012473,-488777,-1355547.84,237484,900011#Oaxlg0pElHnWlHV,1319322#fUq1XmnHkAkaBsGmfTDwXJQU4ra7BkqzyHVQWsDWAYpj6fuGMW1P0zkk7LX6iRJs05Cq4EGuaG1u7,4915333#zhwFLbuZ9D11Uo,-6866431,8968346,-600031.960,-2381628,false,219328,false,2867209,8876363#pQ5jrvKBQoVMPk,-9113817,-5816787.2
941,2,6,42,6769456,9293681#726mdfvoSV4,-7384005.5,-7960272,-9029463,-5653136.55,-1431970,5718939#iN1ETfRDzJVbGQv,4801964#jcwVXyx25fT97pBvKkRN0pwBDl7EGZ7FtdLuwRT310OvAodbJ5uubVG93Ql7uuDmOkRvHcW2DNFhs,5058594#ZMEM5YHqxzCUFF,4337428,5282285,-8683804.410,1006150,false,-9033199,true,-2916054,227559#mzX7ZnmlpnOFbL,2753359,6539981.6
942,2,9,5,-7017015,1440942#Pti1tcaOkSp,-2351346.8,2986241,5605219,233343.68,-5638057,450539#f3pMRJGU9tR6fLO,7919845#RQVarc1kM9bUAQ95OoQjSVdaxIUEL4ub8feGym6BVwnluYEPEH7Py9lXG9pf69zp9f6Lhhh9e0NG7,2505719#qByYD8CwMD9toi,-5942989,5946700,3249681.870,3680056,false,-6202667,true,-1645897,917154#Jlzr6WKCTVsBkM,-5667595,-7756437.6
943,2,1,60,9123228,2686239#gBjImm4q4Vw,4284709.5,-6804789,-1172504,3564030.34,8673124,2292778#9TrYuOYtAiOV8NY,8290771#fdOP4aUF95cqRlPOJxH3MTdLZsghsHutkUcLsx7MWyvI9K75ySOfd0cX74c8ZRvNhCYcGZLEhYmbj,2129421#zmONMEYWHcOgaP,3625508,369468,-366592.800,4736113,false,815910,true,4913433,1949494#STZCjMPIVGy3ef,-2916984,-544946.4
944,2,10,51,654652,7958442#Fxw1XxVNO2U,-6897049.5,3283874,8699299,6143459.31,1816897,6496400#JBRfLLPbqus69FA,343718#ahqTDGtNmF14MttwPc13ph8SwsdSMMmXL4wvcDY3vCYSbutl7TDy6dufvItYhHhJebviZSF97geEt,4946830#DPK9u6FEofdeek,-2478134,8985929,-1254640.660,3213665,true,-3450232,false,3927427,4942004#T8MgHwYpzvurzd,-6268638,6935577.4
945,2,1,51,6285434,4472200#xpMF9xWZlkx,725511.0,-9273791,-5837759,2906982.30,6186032,3773282#iEAVLoARqLzb1jI,5324120#OI0tzlqyFzAE9WIdA60Ohn5Aa5dkG4m5z39hPmsNfXOsrOkw63eMWkYcjbfFstlXpC5VvuHjlHU9q,802875#dBGgx3vM5ALDrT,2223301,4964759,1618279.210,-7028302,true,-5900225,false,-8182350,188438#ioQmLAVJjdscPM,7804901,4941552.3
946,1,9,17,630378,2187162#V44jSyiVNzc,8808950.0,7980727,3709075,-9152761.08,6251281,7914636#c8oxrTJiZ0rvIOb,5231274#sEYRTom8gKRd1q7xHFjNzwQcBEWsWEAv4TpQR2DZQltcCkqskwqIfclAhFqLTbhfZ08mzd3we13b6,2616397#Rhej70VEp7yxlV,-3841255,-199257,7011826.890,2674295,true,2998622,false,-3863543,8990700#sdlHFI6vD8yb0Q,2357720,7702085.4
947,2,9,38,-8624419,652322#HnrZ3WrgQkz,-47914.68,537193,812322,1262186.30,-1057082,5946990#ZXe35VrjFbFGsP8,9219690#Roijo1P9QwbRRVFwY2EZB4zhtmgELAs5arYPbPRKpbCm4f7gSo8CsmkAF5JgLT6tQqRPVlFE0pHPY,9098343#ts1L4npBcT00Di,4955480,-4743429,-6442807.130,2760716,false,-3987777,false,-5787607,9197255#ZSQdbckhfEMmeo,6540936,-4836148.7
948,2,10,9,-3985473,7939706#qcZw4as7QD0,6099148.0,1001444,7528655,566810.22,-955140,7377104#nQWHaMtpxNcQJOE,2352307#I01I73ZsU8Is07i7JNUepWqwEmjle0CAcjR2fr9cD1RGItQ3JaBdnv5XUf4M9t8mR4G51VLygtZPn,1295186#QWBfYZ2LB1CxCT,-9162489,-4091249,-8516006.610,-326112,true,3921044,true,-4632573,3619159#SjBS6cbMR9mVmk,2929997,2224023.3
949,1,7,24,-701915,5693307#VSOE3nNOSEk,7045224.5,3728290,5153545,-2864526.26,8380868,8626869#BbJPSnqAPFO1llW,2993198#VlctFGwSwMZt9CKAX5xMP3vR8kszQ9reuicMNajoEsM7AvuKL9BPZrzb8MaoD5tLoFQTp4Qv5Gmqq,3217585#y5Kuhwcs75oP85,3849562,3391667,-1957548.260,-4801735,true,6410146,true,-5662743,8777361#5FMCJiRSUMQnmF,-3675977,6696387.0
950,2,2,16,5637126,2801776#Adh8eh16irm,-403050.03,-716313,1576126,-7380963.19,6663131,4826774#3NXqJJPpUPpFFrd,3065983#5EjZHzYQKjMCHZUDYn2rGKZsmg8z3SvtjzffuD37bFx47qlZAPHMnuqC8Qvl7469BbknZSn5GK4Om,6427647#ap6w9BW2Bzxctw,-2652534,-4884114,-4350889.270,-309331,true,842811,true,-5485323,6614414#qwiSWwy6CNkADP,-5743271,1634430.6
951,2,12,27,3297285,7968042#qtdL1mqWOHq,8181286.0,7192360,-1635769,5960813.77,-7881444,7594895#uIhKx4h5uftZAQj,6560544#USZHuXQAT4StBfLC5NpkCtQk1sidzNS0CSNRonZOvrx0Qs46MZgrat0ExJEb9RLjPckEjM1IyOkRa,8157542#4ZEAg4ZuhVfaCk,6718375,4995518,-1014421.540,-7605159,true,263406,false,-8464000,8584914#1M2uGgfl1Wdtc8,5699477,4788050.4
952,3,3,52,-114190,2939505#l4GFvesM1DG,-8319648.5,-6488417,-6979762,-7794313.09,-4993946,4013120#jrq5EuO3Bf4GMU3,4309653#M9luGqVhnYg1fzD1SSBopxZ4pan0EAtlL4lI95PdUsnbfyarJ30hczKOt2tiWid3bgtkCswoAP3iL,1834201#rCHe8AYk1g8CUj,-3883849,7378632,7374403.430,9279601,true,-7409670,false,6322465,5706763#xjbnZ6z4yzhoak,5700513,7241337.9
953,1,4,9,-1255530,5179964#bREWJpLvnTZ,-7109608.5,1137570,-102251,-4866928.97,293656,8465756#GUQTTgf85fT2Hwv,5947455#bZaqee0eRFQ1lsKzZbToIGVTurY4DDsXcx8B9QEUVRZXv8WXmoF8b3zBMjNiVLjH9X8oXJBbXwkup,7238379#pVuqjoNdGNAE73,956052,2458565,1753525.650,1227627,true,5773917,true,831485,1133011#wFViIfePL08wrG,-7238970,-2615223.2
954,3,1,2,5223936,2579552#iUndsXOsJ1A,6742467.0,5420393,-2672739,-2134105.82,7000367,8097987#B7CeLLk3Vb07NNb,1100017#3H352RMXOHjrYtp6BGsws5gvVklmyCUlO3xl3jumk0NxYkl6rVoSInrpO11rsL5dSiERmq2OSqFuH,7838811#RHYME2CUDX6LKO,-5675740,-6220607,1776470.850,-8352614,false,1480410,true,-4271447,803483#1FnkGGi8FEIKk6,2784594,2415410.2
955,2,7,56,4845854,2811589#BWqWyvSDqWG,4362726.5,-8154129,4302872,-1431761.59,3583061,3866678#mE4o6080FH9Fzxa,9357063#gjcKth1o24xeaOIbEEGUzC0E5wUepd3awVEIbGEZ50MUji5umxq8DReJ2AXqTVQmpGNZsXilaGxz8,4561989#arSQ8MHqD37u2n,3849156,-4594208,1297909.060,-6546340,false,853017,false,-32010,1240350#vIaNx7LtIvr1rS,-5755051,-7268301.4
956,3,8,49,-5705507,171409#GbKlYbBHUvY,879631.0,-5879011,-9428815,-5722486.23,7270309,9352956#Tqh39N9Xmbz4osY,5567449#N7bjxufmQAKcRR0oFKuLjN5sWZRZR8IAWCPybZ82UE9gXHiFy8XA3XIYA8DOrPmZolpUOjDS0Ro4y,1904023#YMC4vNwaDFAO0B,-5301669,471422,71930.980,-8640076,false,-1846906,false,6668418,5290449#oI0X60lm9cfAvd,-1411499,3169499.8
957,3,12,6,-7895943,7187396#SxrsJc8bwGF,-6744671.0,-2113461,7874629,-3663834.99,1216651,4217454#vSzh2t8pkjNUM9F,6822704#aOutn5COVHRRVKnl9KewNKHVYvpIy5qkQkWu86F5xPKn6BBYw4GDfNAfsDl9GImYVEXD7dZUwdWsH,6506704#GHredBfeWggYiw,-1691593,-1810766,4506104.400,1827356,true,873195,false,-6067732,5768142#SJctsx8D1c5SVR,7788213,-3600698.5
958,3,4,9,-5266622,2758861#8VKeRjtDfBA,2747535.5,-6953856,-383511,-662606.64,-4525695,4761137#3KclnzhtZVLkhkU,2291638#OfYJddnDRrrAuUyGmYWsV6iIqe2E2D8kKtffhPeExAaIJLyHcdjEoAt8K1WnAvMR9vYbQKAXd9IAK,9065319#ocCZ68rCyDKF8N,-3797842,5770389,-8873008.940,-4720634,false,8316801,true,64985,7514700#sdlHFI6vD8yb0Q,-1234781,2649390.9
959,1,9,33,-8445297,4788323#oXxOXMyZY2Y,523727.78,8459910,1048836,3932754.14,-4086487,2951769#0VNXDjvmRtQAcP2,6890326#Ci6BApGrk9TQO81xw7qGAacoDUAfBqtNtQWWIjumCLChDXVP6Vq85Yo33XxJp5L6FCXXRo44OPh1Y,4729526#lPONwmO4m2g3Ha,-4917434,3423835,-9284295.090,2721668,true,244363,true,4081669,2999134#4wu4ldjk7TqLMW,-7166284,-3892462.4
960,2,9,42,-974150,5993786#pWuGe6q036E,-717199.44,-7059896,-7587796,-932427.02,766993,253076#EKRWJaUwbcaluJQ,733609#PaobbkDZScgOKxxWU8PEhvVFKPJIGfsGsU8L0XisyaXIjl10dWGfWyXB8e6u03I1wcPcT8lGh2RBJ,7298578#fDriPXQljfDAw2,9054184,682454,7599160.920,-3872268,false,-8484001,false,-2477509,5028441#NO3A78kOkJK4gk,391956,-6134916.0
961,2,11,8,4841740,2866697#Y3qx3Pkwl7e,-4532844.5,902969,-291127,9602536.02,-4752069,3489389#ESKWF2lrMkGeT1H,3129717#Arcwwi3B9jr2NtmQI93c0UznamnrgAKO9Ihz9GZIupPqewXXURAVLZIfeORwEQfR52KRVbsNsn9TT,7962843#5qUwlCO2IaosI2,616896,-6753272,7910256.210,-7782402,false,-1783536,false,7593334,7209328#70yOqoeVQOSLv8,-8401939,61138.2
962,1,1,9,2163880,8147618#v3q2krGTAWM,105498.83,-183867,-631764,-8436101.39,7020012,2593659#ra5WPoCqIkFUGqT,8087988#QiNBRAy8LiaKgTgWgpGOtK7HSMoEBpACeGNEVTh33o5AMM4XCidpDntUcTcqRlPDvqs6ArGwcQ3ao,3535935#vdwrL9FC0UNG9Q,5613534,-7282116,5778528.340,5083389,false,-9018223,true,-1889975,2037190#xwmQeRZ42heDY0,-7118133,2672395.8
963,1,3,20,-5518500,6487061#UvNa0Tw9jUT,2253173.2,5338322,4143125,1565442.67,-550970,706032#Vnvka4lYShLbyqG,9438444#uvaZ4WtJ8zK6KRUcAIfA11YwLO8G0GG8dFy8joa30LdmPBVzjMO5pxpzLuHBmIrwGCFDFBkcF6y0q,98379#pVuqjoNdGNAE73,-2582858,-5031700,-7015459.600,-7849301,false,3153974,false,-7478609,299354#MLCcQPh9Ml510Z,1162221,-128.1
964,3,10,53,667914,30287#OPR4eTiHw28,-7720910.0,5318922,-6083191,-7566774.74,-617420,8770028#9c5MPV3dDRVDBch,5871129#3aCJ26gxw26HQWzkWV6Yz4lyaaik8ylxSAI7nx5EjwBSmLFO0tBVQ1HR1htRyJEPFw74CsrV4eIV0,4966153#jnVGCe3ksGm9V6,-8887851,7312642,-3512699.330,8452639,true,-571123,false,4681357,4407114#8C4cMSfk2IF4wE,-6912615,5134219.0
965,1,14,49,-6696074,4189084#XpjY2iNqQKl,576907.94,7771096,-3442395,-929055.25,-7684543,896517#QqddvFagZHgseCZ,4866599#YkE65im2quuHaYH195cvVMZu0UPPhTe57FKEJERDrwT55tgNmT3YcxUSgq4rP3UsN1IGjIPnem1iG,5613737#V9lC4AoepGRoSB,3291873,6524441,3785936.950,-777252,false,814027,false,-4230232,4968180#poJaFJvUHJE1zp,-2697960,7875315.3
966,1,9,16,-2081362,9085506#QWte32x4TDC,-5512240.0,-4470589,-4559841,8640872.91,-1625237,1210153#X1FSRmVnGCyd0B4,9003277#SPegRdkpCVVu6fnU2Va042l8ukBBlHiwLHUx33soT9fXvYHb4LELkfH1jwpE5GJly6AtyaehnmiwU,5880992#nutAiU6OeJCHND,1196402,6281537,7053474.010,-8563628,true,-3234222,false,3808128,3354925#4ucmcerxKLtHPZ,-3078878,-2386564.2
967,1,11,42,-8628624,5426298#eHztLD8DhTA,-3935328.0,7062996,-1613863,3145368.83,5792244,7974486#AhkAkW1zevzT6kT,516519#GzFkf2kd3qnt4gXLkfcM3YTPR6M3bZtG2Pt9Rc5z3RimOMf2IYUTSElMvv9K3jK2kDvik7BMxDrEJ,2901863#lz2AQcEtBQSMO1,3232889,-7757047,-2187312.110,2993375,true,7649618,false,1618879,522319#JNiGgI7UVn0ZIq,-6002974,-2402339.3
968,2,7,47,-5860808,8072056#rX6n7bIZfyT,-6835399.5,5525459,-2948632,-2631720.32,-7480480,657232#z4lZP5OmqZ4coy2,3376683#7fKYGAHfCt9Z2DIfion1sQcWstnSOrabddJ9w3IVtYx6bQwJ4miAYSHXvOqvqQxIMGcpa7jYqJFo5,6617543#uBIZ4g8W7OTavI,-4803791,2760038,605752.180,4569548,false,4933308,true,38846,4679958#e8uzGMUt70qlk9,-6260357,153422.2
969,3,14,57,-3824669,4911509#akhl9i1qMuf,2505663.2,4913664,-3074075,4312992.39,-2042882,8587261#vIRXJrmInxEjOwi,4721203#IUkJkE2J51eCr9JDkYKQ2gC0HmFlHkbJNfjzQbY2yETn9ki8hqFFZNVjiDe8lVbI7zkjrk8TtW6IZ,6823605#kvnPISvHk4qWfT,-8525387,5069625,-6185821.930,-4932429,true,-4677930,false,-7033461,895720#xTLGz6QiDZDZ1h,-3588168,-2209461.2
970,2,12,11,-1503273,6604776#Adh8eh16irm,220949.02,3927602,-2809716,3647801.43,325496,6696674#eruINcoccmXj18O,537752#YZJBzhdNfT0vEeOOLKueVKT7A6jw2v7m9IJ2dlEAaWNXPckwvAhsyQmz7UxdWFGh1z5ZqUWcnE5rq,9086189#mf1bD1PapBUdik,-63864,6835364,9427469.030,6876195,true,2855006,false,9320758,1626117#rXFeOsTleihMjP,-9394694,-6374017.7
971,3,9,43,-7353178,3758874#Qc0tou4h8Rx,-5469220.5,-8676028,-9226719,-5657435.06,-5343598,3642284#ugHw0aaNJVsjHRg,3022675#OGARKgUM32gyIj502Mtt5yp0WlhzuOQf5x9yG0mEeDJweVL45lQpkgHvjK17lwlAvEm5cTdorm6VM,1933847#hKSqmPIgPY4tEj,-1579428,-5630282,-852616.500,669129,true,-5244140,false,4031506,4627021#MNKOMsV8HSheSi,6191499,-2219625.2
972,2,12,5,7152551,5439561#ftu4xRgCC9A,7468751.5,-7094941,9588287,2689837.16,6007513,7537137#3KclnzhtZVLkhkU,6549693#uAoefWG5HA6I8u6yQbzsKOhMTtyU5pZIWMrw5rbargoxN1HGm10nMgfUY8JWtlgEpHbjsrLjVkT2f,4519914#dj7HJKnvhOmpcx,-5046734,-2159314,-7312729.450,1358315,true,5562815,false,-7751028,3761426#sVOjQhFs6uYz5Z,3339375,-4152910.4
973,1,1,7,-6993129,7615601#v6D8E1b2pwi,-9359162.0,-6976007,7393759,7726186.23,-2082505,6089608#DoPS7eB2XNtmQgq,373783#SkV4woLVOgCwuEeaiX4lkIDneCLY5FN6lOd7Voizij54wGYTxlAneqJ5Msp7UEVHdJNKbnpI6uFpO,7059005#reCVFs7a4j4jVa,-791410,4904046,-7378938.910,680030,true,489866,false,-9320864,9356174#pSF21CEzUyIVz9,-3077900,-3011408.1
974,2,12,18,-5524226,5567935#5jAdtytly0I,-2111422.8,-3397959,-2964214,1965165.74,219084,1624399#0GFWQJRAYkR2koy,6751244#Yd8tsPNonUSol6smSXjMHlbTgvBTmHvZlw1QMqfZtSV7sA8Tuolujsh9FRTDkPEQE9g2LNVRISSse,2642335#gJ0q0nxcU4ND5W,-3764808,-3170745,9483357.600,-5211650,true,-6494197,true,-8961045,3822758#8YI5oMsxMzPLge,1209553,7149470.4
975,3,9,24,-7185510,3244189#IvxM1NaR6Zn,1672067.2,-2776619,1236258,-5212804.20,8861213,8148932#EKPRdmK2anPpE3F,7675553#tojdxboY8W6qIgQA4DxSrnAi1QW8KEWLHmfY4Wy9U2M6nCpL3IWeXC5VWfOvyLXUmREMWCIBqgPPj,4814268#NkQTrSzwjOsoQI,7799924,-992690,7216597.660,6100214,true,-8865528,false,8464899,9290416#6Zfy2fKEhNePky,2261947,-2211145.8
976,2,1,9,-786002,3100599#jYjljOVxLcc,-9690090.0,5604946,2879244,-8010825.20,-6757616,1961642#WTQJyahTPm6wAgq,1950029#XevIxFnTLWenCfh8LNgO8RY3O8edzV1TIHMRAEF7zE44J8dJvMdtlyevD5olvbK2gR6tWzdhBoZak,8967953#qNs14Y9DYpWXYI,-88958,-7207598,-5483142.740,-2550321,true,-3951913,false,-3087169,1948147#H7hu3Xb0O5YAv4,-4353412,936765.5
977,1,2,33,9593825,6705112#w4EnhGDVEBA,-7823243.5,-1134618,-7562328,-5903726.08,8646726,5328552#5CfXDfhSfxLGSaa,8576043#5i0wLQ9ZP9pUXu9j9kHlF5UtmYzXCpU2LQ868qUrZawzCwG0Tbo2BEnan7jtcfJGz47unZwxw5EJ4,7765371#cqhl2bNfEyZ7l3,8778529,8940688,-8416253.010,8564286,false,8509840,true,8966944,8900830#JVWjT4FnvPpL5I,-1131561,4530511.9
978,3,13,39,5236950,3786568#B64iK6aaTq4,9052230.0,-1138487,-7288379,4915436.39,-9680886,2590115#CdQxEEOVCwIKNiD,9042909#Jx4AgMNft1NRlf4BCqRgyQRruJrpYtb4mIkV22u1oDbdNOToUDf45lKdbuLio4h7RXWR82TnWmkmA,3383269#jbUmFnuK8SmDmO,-4191535,-1509734,-8186453.720,-3552711,false,8175216,true,8823735,538129#JXR6UcGI9bNxg1,-7062557,7984915.6
979,2,8,1,9492438,3439905#7yANKTkKQFw,2760754.2,4540109,5046717,-6638161.20,-7843932,1469307#EsNQ9yVFuyDaXPT,5379317#y8s0Pl9pwvCoj46fIE9j5ri5Yh8lanOvadFZJXBI0gBAUDaP9GCbpjGyPBecse8CXet65cydHltlu,7711865#VRKE4CsSHcuS0u,4299580,-1564022,-9670252.030,7332127,true,-5765863,false,-7366196,8227269#P4hN1HCURdDqrS,7499989,3323212.8
980,2,9,27,221185,9437682#bE11qGr5voV,-3658595.5,5759294,5931297,5399672.59,184453,4443189#IE5btw4iL0Y9wFQ,7752666#SCwaWMj4DGw4CrztTcaPkycxD30ChkAlxmpX1aNF4TzKlrNNLGPlJhtHWdpyDpO5AChorpxh0v1Tp,2566210#5kvE8e620BhmU4,-1917031,-8308157,7999551.140,-5620650,true,-2617381,true,6169503,8561559#mzX7ZnmlpnOFbL,5784002,1310947.8
981,1,2,60,8678030,6582782#p9OrtyZxxXd,-8864575.0,4908475,-1933274,124416.11,6399005,2236172#IXVyuCIITGTEg9n,6396103#5Fr9MHCY0vj10LltxnmFuv8Wuajf0iKEbp2t8osXEVnf5IS2QW2kJLzS1Lstv2uxl9jMxiVQhKMn8,9378723#x8TqBNzLSxiB3O,-5644149,-2555025,4947101.190,4270233,true,3372171,false,8990151,84557#A7rqhoNcxdvU0S,-5782756,-3763499.1
982,3,4,35,-2130967,7804393#l1mR1GKCyKw,-6718790.0,3605782,6119056,-6608707.75,508509,531670#4PvWKdwXnvmj94J,9149651#SDNJefRXZnPGRxCL0kuoQdGvpl2ZcMqhiFB6VxrXWvpfsiJesN8dNmgI9VwL3PZlL5ddZSNQKcgPw,1053635#VdRcFeDKvXdkzU,7689362,2997688,2686714.060,-5864162,true,-5728727,false,3648259,421340#ZjPBq65fPEVyws,-9212569,-7820906.7
983,2,7,27,9057161,5136495#qLxdzp8yFgN,4728050.5,-9188953,4068354,4340355.87,7124974,6398890#jpy5NedFU1CFRaZ,4800042#YZglSqsnyZt4ReptQDoQ21Wx3ByhpqKfnNVm89VkjJp1BBlnvX7csK7jfn7YOt7XSJteo1x6z5maS,4001244#K1a6w7Fx7wOFX6,-1429838,3478841,169559.730,2319920,true,-3463430,true,-6945344,517582#o0Mj0iTQM9P9RP,-8992413,-3119232.5
984,3,13,48,-398368,345887#3Y2IM5yeNMP,-6888341.0,-1672456,-759493,8809037.07,9083949,2138339#zU5aqCeX0ukJDEd,1473386#ZVEKqOpbsXTJBxJcG86sPMIBlQZVig0WSNLar0FwlsyVSUicYO9GOyaFRKrSd4SipUNAqQKiCxhX2,7672665#jSowgbvt00cENt,-8822188,-6307089,622317.870,3916905,false,-9448770,true,-6699622,7937474#rtrLMB3T94Vx28,-9053677,-6659352.1
985,2,1,55,-6362555,2140659#GJsfTt1iNY2,-6030997.0,-1306681,1550732,-5202074.89,8833750,1873798#rerHLZeXqkYpn0t,6169445#SOnQYbmjA6JFOlzVEZcvFIxaEYJ0lWmydbY3cKiUCgJst3041J8fd20QZuWm4QsAnBKDZU5asqn79,913128#Fsk3cy4Fb5W4kS,698930,2029827,-7184218.880,4393483,true,-8611455,false,1875410,1090625#CnALWScw4QjV6O,-1848681,2474779.9
986,3,3,14,-6583024,7158700#HEfv9aoK2c2,-4425559.5,-3120606,-1321282,-4955711.51,-7222949,7350223#MuHNDx5K1aw0zHk,9477664#vBcfCq2ChRal3BUhCIlaRtk9S78TzK7F0pt6WOZ9kKVc0NAdmGLX4IcyGOJs9ngjgdeDttOx2L6GL,4305368#q3iGGboj88PrN6,9521839,-1231081,7901281.750,-7935634,true,1330784,true,3087020,1175344#0koJwh0GNQh69a,8849926,1276076.2
987,2,11,18,1664589,7984217#HGUJK8FK2Ug,-176765.56,-9401310,3601687,1875170.23,5428620,4394335#8Fv8f2GKWyznhfE,7143789#qpquHvRfq5or88VND9bfX3za2K94m1pWBJP6JZE8g6iWVCA7TvbdC24iVcPuy3tq122JNUQpUY6HO,8839935#vdwrL9FC0UNG9Q,-6619994,-9294062,4026685.360,7515894,true,6473695,true,3477816,8182043#VThzr4d5xCpuHL,-2676248,2316567.7
988,2,5,35,7362345,7818274#XZb5aB63gaR,1682705.6,9681211,-4158953,5988191.21,2065936,8554474#bnYs4YLF9kUzJvi,3363897#RxjdDQU8LCwbmXS3M6DI8aYGvSr7oyQyiiDYPS8v9C49jFcqfwZtnw2DKZcYkCO3jfRadL6POZnPF,2535569#0WHcfmqWbfhBkw,867986,8740504,1139671.620,-6992546,false,9321162,true,4664640,2644152#ZFKVmuZeChJyWw,8350230,-5510834.0
989,1,10,59,-42645,4413632#DYv7tpsuTP9,-2180083.2,-1602019,1897029,-4541565.93,-8613703,4359774#3NXqJJPpUPpFFrd,3764758#QpjffjHOLgfVagfhuuXZ9hm5r5YGqccToXZyBnjyewPIFaghm7SbWyZ7QuR5pwLwkpbtV8XeFnO1U,2343306#gPWLBeJ9s9vr9x,3015000,3067154,-3095082.870,-588156,false,4716646,true,-3528360,6311427#FvqEpKl0T5g4hi,-8643219,-2827761.8
990,3,5,32,8798816,9727318#pcmbNZaJl7d,4116713.8,9492012,-515108,-1428017.84,250321,947762#eY6jJzxbYmQAJ9S,1389032#9cXhyLuaDn0JM7l0lWKAPfQBniw8GJrUsGmd9csoQYnl1RJfyGc4NaMkJHJfKcX3ijL2vM7cNWIiY,5176569#0WHcfmqWbfhBkw,-7231190,9445762,-631796.960,-2507853,true,231080,false,3019484,9348323#hokyVD3OcDAhLi,-9598893,-6126588.2
991,3,11,19,7129503,9787365#oE1sGXlQ2y1,-7776005.5,-8383361,-9509508,-5953110.55,-1507820,6022657#ed6SLafnoM5oULP,5056808#6POYBHygNYXXw83VaXa4RfmZGTFWC02BjJlFxCVZo97K8o8og5HPN1WlxoUzs1PjBBJMXluufGyuR,5327167#tKmGQaKlIYIAHJ,4568403,5562498,-9145468.410,1059400,false,-9513413,true,-3070629,239296#duNMtYGpBpGCXX,2900074,6887321.6
992,3,5,41,-7389777,1517359#CtcUXESnf8D,-2476146.8,3144860,5902305,246085.18,-5937682,473980#KoBwLSMMeiel7GI,8339888#HwfRuYGTucweogBdS347VTKhcYNBGdiGAd8d7hPnYISHVTyDC0aEYiSxyMlOcFAKcuBFKmkmXRSnz,2638198#hunF56sdnRjXVn,-6258462,6262590,3422537.370,3874956,true,-6532311,true,-1732872,965392#8vCN7Bp11jGjL0,-5968619,-8168604.1
993,2,7,10,9607204,2828329#2Qkk0y2Gdjm,4511909.5,-7165952,-1234300,3752847.84,9132936,2414346#acDoGTpRPAWxpeB,8729955#zp01otBjySirnqXYrShJfpElkA0WSMc8EsFPTdMZvrcHq6fGH3ohbaLeURyMPXS8aubzw4z6cVhF7,2242087#xWyeHIKPqJvzdS,3817327,388971,-386219.800,4986788,false,859434,false,5173508,2052564#CxWaDfOF9JHKvw,-3071308,-574280.9
994,1,2,5,689481,8379932#NR47PvPGA7o,-7262649.5,3458252,9160428,6468849.81,1912872,6840038#SEF5H6EZPdm9ms8,361637#Kws9wdApBvDxGtHugbjGWTNOqvzfy7rFkx14kBYo9q07nW1Xp8pgxfTWkn1TU6qcKBlGWfEVMyRZq,5208663#xyTP1i92NnQGS4,-2609822,9461552,-1321113.160,3384315,true,-3633155,false,4135202,5203286#aZyYO4j34fCoyk,-6600563,7302841.4
995,1,12,19,6618341,4708654#vmqGO9ILXvf,763911.0,-9764023,-6146763,3060814.30,6512807,3972811#MwWQYEf5VXxYebn,5605626#hdlUbX8dJxxQ6vvb4Rq7sYs0EwwJqvZ0valXlUhlSjBqWVQMbqba4dAzLmar0PzQHb7Zb9RXghLKz,844854#EtmTDEQ0KR5vRS,2340853,5227661,1703703.710,-7400502,true,-6211988,false,-8614937,198399#ICD5QlvQtVR7ab,8218005,5203472.3
996,3,11,37,663367,2302429#VzUes6OtIn6,9274550.0,8402062,3905154,-9636261.08,6581231,8332830#votESPAIoHYTCmR,5507495#vO6pM9XUSbTwAWfvlvCpD1CWybZAB4ajAkkdIqXcS9IN7oH4oh8j6EswXP79mO9SPD9qiUp9y5SVx,2754520#GJOAJT2cPWyqPX,-4044428,-209710,7382048.890,2816045,true,3156935,true,-4068143,9465470#ySVsHHoFTPiT4B,2482213,8109604.4
997,3,7,54,-9079756,686437#HniFX03HhJS,-50314.68,565889,855688,1329343.30,-1112632,6260970#gAbK1QKBOL4vtv5,9705990#jTXybPncpHSN88F5lUAsic5Q7xgOk33UE7JFiV3wxbH3MfEsjXGUBujUdtulWpMs0ppIXYlR3cZkw,9578354#zVzhd6NFTX8r8p,5216742,-4994276,-6782642.630,2905966,true,-4198199,false,-6093432,9682369#kQDXeg6gKSj3FV,6885775,-5091115.7
998,1,2,8,-4195853,8358034#SvhksodpfcW,6420748.0,1053945,7925748,597176.72,-1005165,7765796#t1ccajjjdKX9YTD,2475859#6FQQM1UMrvikRie8FRZFLyg1S572JwraYU7nrTYzNCqcFqHCOBynzd5taRU9F24ZwgUBwUIlBOSiF,1363050#V7ukyjxiU8hS6M,-9646250,-4306882,-8964743.610,-343787,true,4127969,false,-4876573,3809639#W1hczcsLAEsSNQ,3084553,2341727.8
999,3,1,24,-739013,5992750#pM0u1OcfN0e,7416424.5,3924428,5425555,-3015905.76,8822768,9081103#TcXpVE2jGYmnfMQ,3150787#LaN5A15NNQtMQyicNe6adF3NPTVLpzdPS3mcESMQUc6knk1euQHK8do1J65xFazyhGxgzlEbmTXKU,3386871#vaJLodJZ1ao1Ae,4052486,3569962,-2060228.760,-5054485,true,6747783,false,-5961243,9239489#tXupev5PNS26Gh,-3869814,7049216.0
1000,1,4,60,5933388,2949144#jvoyLeh9CNl,-423850.03,-754114,1658753,-7769203.19,7014331,5080556#DCGTBrMzVWzUiW6,3226949#X5GtK11D5ORoxKGV5rsejYHtvertSwNRtLXXH5d0AGcNHXveuzH9yCUzHgk8qsSrMh0pjroYGQfln,6765470#dV3KSKZhN3X41N,-2791674,-5141171,-4579562.270,-325806,true,886865,false,-5773823,6962281#BfHmv1TF8NCILx,-6045245,1720821.6
1001,3,9,26,3470803,8386483#drfIzrxr9ql,8611686.0,7570029,-1722210,6274065.77,-8295894,7994092#LcZNjrO9pHPtZzW,6904961#Ni5EYGemc6A4vI3k0oZRUDJgCxTEnNihRlYP97MRm92pie1GQiFoY1zBNc09vPTGv34vFZ1yCmmEh,8586295#07udt55d2Dqrfd,7071130,5257703,-1067854.540,-8005409,true,276970,true,-8908800,9036067#NMoIxqgH8moHsQ,5998830,5039858.4
1002,2,10,21,-120706,3093468#xMONMmGsiEm,-8756449.0,-6829237,-7346677,-8204043.59,-5256396,4223370#H8IqxEiiC7X3D3o,4535911#o0AYbD8rvgq6pyR4onS6hnynff7hYvt7hdrRJuIdyjGfYLPPDEPjKYAg6h8rdHSaSCaxlr6YIrl4t,1930188#7NUktGrrf3h7rO,-4088071,7766241,7762197.430,9766676,true,-7799344,false,6654315,6006100#PtHOY9MmUmm6uI,6000180,7621459.4
1003,1,8,27,-1321093,5451242#axGEpUi0lqD,-7482408.5,1196996,-108036,-5121973.97,309406,8909529#3BCcBBkpZ2lLygr,6259486#WDMQslelZeaW9eEgEmroU9hzEjTjT0QtYMYGRtcLyc1ImA2F4EZ8nvM0zL4V3TMIbD5fPsvAj9N8L,7618112#jwdWsWQHt1ffhv,1006333,2587460,1845183.650,1291752,false,6076537,true,875260,1191970#9i2QolViU1mno6,-7619084,-2752394.2
1004,2,10,25,5497989,2714481#zvQnQ8XyO8S,7096067.0,5704796,-2813051,-2246224.82,7367467,8522279#4xonKSB79CUJWSl,1157229#rFucbluaXNW9DsVCAqZiHDFaiSJXS7ceGBZzTDgfUpGVZPLmrvX47B8kiQYLICqD4j5VlRmbZBxb4,8249176#wSqkxwNqsejgNA,-5972989,-6546603,1870061.350,-8790564,true,1557667,true,-4494797,845577#X6ExIBJJnPEi13,2930192,2541592.2
1005,2,8,50,5099948,2958574#7GYC9CV1M6q,4591526.5,-8581078,4528403,-1506909.09,3770773,4069101#dCDzd0nYnGm49Q8,9846559#b6AV00P4QfdCqttW5TxGTuoOTLkZytji0qWmKbyaInqqCG20yZVYnYli4awNJdczTjwbVD45Tr4sf,4800435#gLGER9W6732UZO,4050919,-4834895,1365630.060,-6888665,false,898178,true,-33860,1305256#m0UZOVtDCZMHME,-6056126,-7648961.9
1006,3,4,30,-6003408,180233#PNmYGolpWgc,925231.0,-6186298,-9922354,-6021309.73,7650059,9841820#Xh7oek4GD6WAxyH,5858479#1YwIRX3UfJEJNndA50tQR5vsJW72KQWLsxeyld9BvqFuo6tBOFsY0gfnYxmDLTDYJlbLIDbVXaoSV,2003191#74SecuINnHeEho,-5579079,496456,76081.980,-9091526,true,-1942988,false,7017218,5567101#tIIq47k9Qd8T4W,-1485543,3335035.8
1007,1,7,50,-8308278,7562597#caNq9AyqI2L,-7096671.0,-2223586,8286565,-3854937.49,1280501,4437315#6WO5zt1baK3HWCF,7178717#Arcwwi3B9jr2NtmQI93c0UznamnrgAKO9Ihz9GZIupPqewXXURAVLZIfeORwEQfR52KRVbsNsn9TT,6846359#2g97RpmZX5IWxB,-1780115,-1905322,4741325.900,1922806,true,918487,false,-6385032,6069083#gV2aYnmS84HCfd,8195187,-3788566.5
1008,1,10,24,-5541549,2902694#heGMq5Vypaa,2890735.5,-7316424,-403268,-697397.64,-4761995,5009163#xXJ9JflZWpy4SZ3,2411176#swYK68SOEJ2C3kUVg6DfdAzyHi0LyfZU30PBD8tz3LyetV0dgISq1aCczh8RZI9MGxLRxGujz8QPf,9538224#04wIUaBEz8FTOX,-3996386,6072076,-9336404.440,-4966934,true,8750841,false,68285,7906677#jKhmDwZU9PJAik,-1299514,2788007.4
1009,1,2,52,-8885142,5037728#GL7DCbPJ1xh,550927.75,8900621,1103670,4138248.14,-4299849,3105632#N3KKrV2GUraxCFp,7249519#GzFkf2kd3qnt4gXLkfcM3YTPR6M3bZtG2Pt9Rc5z3RimOMf2IYUTSElMvv9K3jK2kDvik7BMxDrEJ,4975957#qqTXbtXZ3KER9l,-5174225,3602761,-9768654.590,2863643,false,256783,true,4294019,3155008#Kv9WusXufy1hGW,-7539396,-4095413.4
1010,1,9,60,-1025104,6305919#6dJYZV7KLWO,-754799.44,-7427224,-7983475,-980507.02,806793,265761#5GtumqwD0maUyVd,771504#53t94tmhncvbD8LpjoWCUGZ7sV6aIkSjCaq93lxlq33uf0pCWhcC7jWWTkQp1BIVJZcF1xMEPxqEO,7678547#U6hvYT9oqzTn2O,9525754,718484,7995358.920,-4073468,false,-8925633,true,-2606459,5290120#TUONBZjVnLC0ez,411985,-6453965.0
1011,2,9,4,5093352,3015641#ygRAwEL0F1l,-4768844.5,949780,-306584,10101927.02,-4999031,3670482#QtxU1bJxIliuBJC,3292437#gB6UUfLtT4G9G2B3TTX5FPk3HZZQkiszz0IByK6WnUMcYMpiQQX2rQoREuavoMFyrxymdrCi2fXyg,8376788#ulnvnP1OZBRInb,649435,-7104741,8321666.710,-8187340,true,-1876631,false,7988334,7584176#c8ozjpfj50YZ6S,-8839397,64726.2
1012,1,12,33,2275869,8570778#LxloW54cVdU,111098.83,-193328,-664483,-8874958.39,7384512,2728007#hXr0GBotCP3s2Ib,8508083#L4CkNubMdiY0tqRJW4nt6GoT1yE6irOgN7HGFvJ1dKqgkctvSAW3F1H4wVf9Hs2erjc5Mk8MU6bgi,3719321#XlYx69DBgyChVI,5905474,-7660529,6079249.840,5347614,false,-9487093,false,-1987850,2142992#XB4eLFYFdRzCwg,-7488510,2811003.3
1013,1,1,6,-5805049,6823830#gTbhdl2wTm7,2369973.2,5615705,4357883,1646242.67,-579620,742277#320xvgCx0KGLHdi,9928270#hbuDdozP4Iqx4Xvw0ltCdArjVNk6OkmsI0OOIrchyVhs8tyi7RBC8rddLFles5tbVvTUWfF8zpwDT,103185#SfLZuzpnjHLk9J,-2717052,-5293282,-7380225.600,-8257251,false,3318016,true,-7866834,314685#R30laSTKb0nmoD,1223014,-28.1
1014,3,14,46,703052,31469#3RQNXelWhW5,-8120910.0,5595214,-6398579,-7958758.24,-649070,9224860#h6dvGPBYIBuNRHw,6175629#Lm0fWZ1BqrF0zPHq4WlQxQgvPjE2GV6QYzpfErpIm2uTyxDr17LQdgpFRWXC33pAsuy5DeB1yP58x,5223676#3JNQIPhmEuxK5d,-9349066,7692118,-3695255.830,8890814,false,-600761,false,4923857,4635310#9NQj4VkRFiUp4K,-7271269,5400303.5
1015,3,6,41,-7043253,4405643#B9wLG1Ql4Ga,607307.94,8173565,-3620518,-976780.25,-8082468,942623#hGz5tlEMFFmr6va,5118616#VRT2YY40aRNjbtg4ZB1jkDdt0YcmaTi44JxkD5gS1bFGJPtFG119BppGaWnnSG8yd4OcAshDKD1b7,5904439#Nqim6tCF4MIa8A,3462513,6862941,3982126.950,-817302,true,856534,false,-4449232,5225226#j1t4uoF2TAqJQf,-2838234,8283302.3
1016,1,9,53,-2188746,9555358#F5bYSA1QwqR,-5797040.0,-4702356,-4795416,9087801.41,-1709237,1272600#oglzGOQHXzob2hW,9469065#0UGrdbztUntthLdHW4Qh6DwzdxsvjtcvQPs7yAEB28W89E6Gp9OVZ8BhrP8ej20ABCCEyjk50AFiY,6185358#wwc3wCXuTNZVvq,1258349,6606270,7418097.010,-9006703,false,-3401263,false,4005478,3528181#cGBjq0ztdeAnac,-3238541,-2510249.2
1017,2,13,37,-9074433,5706372#KtFBvym9sL3,-4138528.0,7427956,-1696827,3307669.33,6092119,8386790#hKvfN7mnEat0OvT,542724#qKYEbhmFiHlq3z4tPZKiss5AOyuBLLOaj8kyDlYFiD31UbsmsHiCw7YvyvqzqdDHhl49z3h1wqi0k,3051837#4msDtNX4qivVZw,3400092,-8157907,-2300863.610,3147881,false,8045174,false,1702379,548972#Pfmr65FyGeIvVw,-6313802,-2526050.3
1018,1,13,55,-6163954,8488592#rd3HN9VC5FV,-7188199.5,5810666,-3100808,-2767429.82,-7867330,690926#KDKjZ09kW3wXFRd,3550691#eRD5hhwbvqK0z8ModM05kXWZFJNSJoZQcap0Phs6akrYCGWZDBzt6iKyd8i0Y0gDgDvwuTK6hvAxQ,6959145#ugLe8FPcwWmdD4,-5052059,2902230,637128.680,4805329,true,5188321,false,40521,4921239#mSReR34Z3WPbjC,-6583234,161515.2
1019,3,1,20,-4022339,5164647#jtYG1I37o4B,2634463.2,5167241,-3232490,4535394.39,-2148388,9030335#8Fv8f2GKWyznhfE,4964541#f4ub9z6vZqasFHlSniZiBaxkXBP3PQoWPmd4Uht90PgTZ69ZSUaiLxxOccTCBFL2agO7YtC2flwWL,7175186#QWBfYZ2LB1CxCT,-8965125,5331529,-6504817.930,-5187041,true,-4919778,false,-7395936,941492#lgC9sPTzOHZfIU,-3773709,-2323780.7
1020,1,10,22,-1581145,6944837#HX1FbVVsOeN,232149.02,4130005,-2954656,3835649.93,341796,7041409#gjkRUbuAJKi8nGm,565439#yME3zletHHc71OBEPY9SL3jbLujeaWsPu0zeJDyxKCOLjEEhFE244qSlJFrHFWvCTNF66Mypiu1Zt,9554183#cn96uXiqVaqTKf,-67040,7187214,9913453.530,7230595,false,3002156,true,9801508,1709753#OzpVq7vLq310Po,-9878795,-6702328.7
1021,2,7,32,-7731533,3952051#txliOL4zzPx,-5750820.5,-9122603,-9702157,-5948883.06,-5618998,3829815#QRmbcKsR51XOGUN,3178073#r2t4aHYcRoo5hceYdsyMnioDbb7H5xL0DZoabhc0zu5dcyUrGJMWm1wMwRhkYBMzwJ9MUDakO3SYr,2032999#cIhRPsTeAXv88K,-1660567,-5919913,-896510.000,704029,true,-5513773,true,4238881,4864872#N5gqmEhI5uN1d2,6510044,-2334053.2
1022,3,12,49,7520005,5719036#ZP1GhemDgJC,7852751.5,-7459481,10081499,2828026.16,6316363,7924480#cqArmjJvzbl0bPp,6886549#znNRh50eEOvUQjUgJh2xKX7iXKDHNlJ2nK8Hb7513G9TiLvDfzKvaKGg7lriY9AwWG6IZHrajcJ7p,4752015#nBYL4PZLufLTcT,-5306778,-2270208,-7688391.450,1428390,true,5849189,true,-8149503,3954887#N25Un7xtVQPvQh,3511597,-4366927.9
1023,2,1,11,-7352903,8006841#SBTwXsQTGas,-9839962.0,-7334423,7773806,8123568.23,-2189361,6402101#dCDzd0nYnGm49Q8,392893#EH7hzZeVe6st6rVFpA62aQ2L9atx7E632EtZQVM8QrkRCahZUp28zQlgwUD4BuRU5xFsPx7TuWNd3,7421448#f3m0jixP7eylyf,-832066,5155711,-7758557.410,715180,true,514630,false,-9799964,9836891#0S8ixuNesCa6qr,-3236431,-3165966.6
1024,3,1,14,-5807687,5853749#v1ma1UXzSbt,-2219422.8,-3572301,-3116107,2065958.74,230509,1707703#mWbefotqgzBMLXd,7097607#14rlAO9vAzfdKeyYcJS8AOt3J8PTPeWsc9lyXmzv7GLeOIUGefSHgqd0uznd0kOrTAocswzKiCaRw,2777655#TAT0gcVlnaAvh8,-3957909,-3333997,9970088.100,-5479425,true,-6827403,false,-9420895,4018963#RExfrPUVvbqqQ3,1271486,7516346.9
1025,1,1,29,-7553772,3410335#Y0opx8fBPeo,1757667.2,-2919031,1299831,-5479935.70,9315288,8566561#Ywab2AlG3egLAGK,8068662#TC48wYoeFgvDdBiugqxN3AfOESUvsXNpPFZtiqQiMGwYPx5XS73FyXGY02ToVLw6yZwxt53iC4hg1,5060978#8SC2s4zubBwlxl,8200008,-1043592,7586834.660,6413064,true,-9320526,false,8899049,9766646#jMWFbSmuA0LPtI,2378123,-2324948.8
1026,2,12,34,-826752,3259189#IvxM1NaR6Zn,-1.018689E7,5891783,3026369,-8421530.70,-7103766,2062037#MUobHxdycWUkius,2049528#FpreEvlLbGRj4dUBQVvGKn0wMqWHKfSXqpGDwXKj9L1MKdNfOxrZDYh4EAj9D0akTag10Ket3RCZJ,9427114#zldVTUSNrUOn2h,-93799,-7576551,-5763933.740,-2681121,false,-4154189,false,-3245319,2047477#ifkMh1WHgvuk8D,-4576008,984970.5
1027,2,14,9,10085144,7047980#CgZ1p2C1FLI,-8223243.5,-1192259,-7949850,-6206234.08,9088876,5601188#opCfwKIP7bGjFvS,9014654#y2SqWWxOyGW90FQNBg042yLf84Td6Den58NIV7phOHnUUEc7oiwMYZv2cq3OQWvE1DXcqa4bGSUX9,8162678#vsqlpL2uVwq5GG,9227402,9398432,-8847222.010,9002811,false,8945575,true,9425419,9356117#rXFeOsTleihMjP,-1189585,4761925.9
1028,1,11,39,5504645,3980012#YxsntWwF0rg,9514630.0,-1196747,-7660639,5166977.89,-10175886,2722070#XQolFI1X03Xtk32,9504801#1z0i4vSdFSTeCIQy0a9N8pIvrkAczVC5BplKSlwZEvs43EISVWpJRCTjw6QCXFAlwDp0VchbQ76Uu,3555755#y1UFBWb7kZhWv2,-4405489,-1587171,-8605286.720,-3734361,false,8593243,false,9274835,565141#fNWo2coou68R37,-7423492,8392756.6
1029,3,2,52,9977271,3615296#0RfoWRqIEf8,2901554.2,4771580,5304874,-6976862.70,-8245032,1543893#kgGUgZ3P010WaPK,5653967#tdrsY3AGpJlE2qG3tPp8JWoQXuCnZ2fzp1FnZpJwFGJANwaIIKInYAroe9Hd2K4eoKlBBhyyz8v2V,8105490#xpykArhcIzLdYW,4519655,-1644114,-10164504.530,7706983,false,-6060361,false,-7742834,8647252#h1g6YtR3s5oHP3,7882886,3492949.3
1030,1,1,23,232800,9919094#YsNAxOfHspM,-3844995.5,6053307,6234316,5674823.09,193653,4669831#FswcdnngLrKONTY,8147857#5X2NzYR8iQ22KqBN0Fc7xF5whtq1mSVQ1LHxdjyeMMAIUK9gkKTSoG1hY3t7Lmee6DqjCahW6q7wM,2696915#UU7YSjuHuNB1Ce,-2015045,-8732030,8407905.140,-5907387,false,-2750464,true,6484690,8998329#q8RDAmT0q1d0Lj,6078805,1378114.8
1031,3,8,24,9120361,6917949#F8u9sEOwaZi,-9316575.0,5158456,-2032022,130278.11,6724855,2349659#ra5WPoCqIkFUGqT,6722077#zWNtjt5KCO1cJnNSKhEg1AKC7R1MJWpeKKZxGKbG4dvyGWMjxxT9lDfS8staAicEI5UXRYvWZUyRi,9856609#Oi2LZAbG630PnZ,-5932188,-2685680,5198846.190,4488083,true,3543710,false,9448801,88650#525yPOHjE8afsM,-6077261,-3955077.6
1032,2,4,10,-2239898,8201445#GnAmmU3NZ8E,-7061190.0,3789165,6430373,-6945617.75,534284,558589#FZ3F7PJc9nkYbnl,9615270#hbuDdozP4Iqx4Xvw0ltCdArjVNk6OkmsI0OOIrchyVhs8tyi7RBC8rddLFles5tbVvTUWfF8zpwDT,1106847#hKSqmPIgPY4tEj,8080391,3150033,2823782.060,-6163224,true,-6020313,false,3834059,442778#K1MfoeoF5w6L68,-9681207,-8219469.7
1033,2,1,15,9518322,5397578#n7PjXAizez9,4968050.5,-9656794,4275392,4561308.87,7487074,6724242#pfgqg8825AekdYk,5043704#aOutn5COVHRRVKnl9KewNKHVYvpIy5qkQkWu86F5xPKn6BBYw4GDfNAfsDl9GImYVEXD7dZUwdWsH,4204505#OfxapZK4cDfdQH,-1502661,3655479,178181.230,2437995,false,-3639424,false,-7298444,543628#yafU3fpxa0NNQQ,-9449763,-3278183.5
1034,1,1,8,-418738,363273#4KltA7E9GYL,-7238741.0,-1757383,-798207,9256903.57,9545149,2246792#XnMfjmFwrXgk7US,1547838#kHb6BOFJauKwNlTIjB36vDiHEt1cS4ECp8VWCUevwnJOCteDr5a814lK279KBwqhE6Pixn5ILtChg,8062269#jbUmFnuK8SmDmO,-9270190,-6628057,653950.870,4116355,true,-9928529,false,-7039872,8340789#Iksjd9aFMtfYwL,-9513782,-6998175.6
1035,2,11,15,-6685264,2249293#pPps35nXBib,-6337397.0,-1373133,1629347,-5466520.89,9282400,1968413#IWRhuLDDDr5eRGk,6482563#D00SRiurUAGw8aB9V1drDqTbEVgbDXMnBlYh4aTHAU30rptLid8urIpjN4T0Qmg6pAwRVJvTdJlvx,959465#ykYJBYDcGA9bmh,734146,2133154,-7549079.380,4616833,true,-9049019,false,1971097,1145480#8RyJ15GnxUKxqn,-1942137,2600561.9
1036,1,11,10,-6916496,7521503#89RM1sDC1Bc,-4649559.5,-3279049,-1388161,-5207348.01,-7589349,7722644#Ym18M73CBNyuk5H,9958039#YxmOCc9xzsaRXvvJV7LYVcHe4xNwfOAtIR1VctG39VAnkFhPjYlTWsgPxgB5xNWBk6LN4lImuWj9o,4523581#YuBDKt7UsOLus9,10004267,-1293504,8302344.750,-8338384,true,1398457,true,3243238,1234599#Ep6FIXjqmUic4V,9298690,1340366.7
1037,1,13,38,1748701,8388246#62HFvnFTowo,-185565.56,-9877176,3784205,1969916.73,5703770,4616689#ptUoaG9zKFi4G4x,7505680#2dhMiGURoEdrDka4dVbB40LOd6LRPkXBZSTFX61sALm24BylYZiT4yFY9EJlWCuhGOsUS9ji4FBLi,9287684#4i6rEOdy1gj9jt,-6955484,-9764773,4230261.860,7896819,false,6801418,false,3654091,8596456#haLeoXx1BFVCrU,-2811900,2433570.2
1038,2,8,2,7734855,8213931#3meAoqhRzdv,1768305.6,10171124,-4369895,6291454.71,2170811,8987229#wWDLZu9bjghccp1,3533961#Ni5EYGemc6A4vI3k0oZRUDJgCxTEnNihRlYP97MRm92pie1GQiFoY1zBNc09vPTGv34vFZ1yCmmEh,2663593#VFHuVVDK28frGz,912410,9182614,1197682.620,-7346321,true,9793359,false,4900803,2777842#Fl82b7HG7PbnYy,8772835,-5789475.5
1039,3,12,55,-44735,4636427#km4ERV7OBYF,-2290483.2,-1683113,1993195,-4770779.43,-9048803,4580120#jrq5EuO3Bf4GMU3,3954718#ahqTDGtNmF14MttwPc13ph8SwsdSMMmXL4wvcDY3vCYSbutl7TDy6dufvItYhHhJebviZSF97geEt,2461665#jSowgbvt00cENt,3167578,3222121,-3251475.870,-618206,false,4954854,true,-3707207,6630497#3PT2ls2Kzg28PL,-9080286,-2970908.8
1040,2,11,15,9243181,10218274#XZb5aB63gaR,4324714.0,9971550,-541438,-1500487.84,263159,995514#BjBs7TA8baaAt9H,1458742#3cyCjV7BsXVF2keh8d9pqTSmhD42d1Uvvxh1RMPkEeyn3YLKok3JHzpHdeELSoFsYTW89qo36qqRv,5437806#OsQbjW6G5lKumB,-7595948,9923178,-663561.960,-2634078,true,242831,true,3171759,9820283#LfERt9aTC4UKB5,-10083968,-6436389.2
1041,1,2,59,7489549,10281048#8YRIOOtYz8W,-8168005.5,-8806449,-9989553,-6253084.55,-1583670,6326375#cn2MybgIA3kppW2,5311653#M9luGqVhnYg1fzD1SSBopxZ4pan0EAtlL4lI95PdUsnbfyarJ30hczKOt2tiWid3bgtkCswoAP3iL,5595741#wQMNXBs8DmkM2u,4799378,5842711,-9607132.410,1112650,true,-9993628,false,-3225204,251032#xYGEnMgCANICzc,3046789,7234661.6
1042,1,1,14,-7762539,1593777#uiwQanysXfY,-2600946.8,3303479,6199391,258826.68,-6237307,497421#875jeYgfBBJ7Bns,8759932#c1X8p6c05biNxAzBSsEINLf32FszboSV1eL7X0R7GxGzTMyfpcq3BbXqiSAQ6i5VfeFpxtlkxUjBU,2770678#vsqlpL2uVwq5GG,-6573936,6578481,3595392.870,4069856,true,-6861955,false,-1819847,1013631#6S2SdTOqBtsego,-6269643,-8580770.6
1043,3,13,23,10091179,2970418#l4E4jXK9h9d,4739109.5,-7527115,-1296096,3941665.34,9592749,2535914#6xqQIWYy0kTtDOl,9169139#MQgXSfZkwPBwr4ibRBMu0IA0yX2LMKKoAHcQAH3C9ISZ5dvBIbh16OQq4jUKVmuMYIXbzzZ03NIIC,2354753#H2ryffjlgNc4Va,4009145,408473,-405846.800,5237463,false,902958,false,5433583,2155634#oFmCfEpNZivjZa,-3225631,-603615.4
1044,3,8,22,724310,8801423#XCZSYxEbJP2,-7628249.5,3632630,9621557,6794240.31,2008847,7183677#6tBxCAI9wnMgXEC,379556#uvV2krKfkxEWL4x1Q3ucCIXaysshsaksSM4vpb9tEkcp2ruAfYL9MnNOLS5lRCufVfxiMAkJFLaWQ,5470497#uU5z1OCCTryBRY,-2741511,9937174,-1387585.660,3554965,false,-3816078,false,4342977,5464569#fDIgZ72pqtWg6l,-6932488,7670105.4
1045,3,8,50,6951248,4945107#mA1LT7QNKzv,802311.0,-10254255,-6455766,3214646.30,6839582,4172340#BNFL979UbCV23eL,5887133#vAKN2eJNQ8jACsv5f31xZSIoysTpvOdNPnqqP1sM2bgNaHhklicnGJ8IJfhmhfRgghTGY6gu2HbWs,886832#4giShogO4Vb5y3,2458406,5490562,1789128.210,-7772702,false,-6523751,false,-9047525,208361#5FMCJiRSUMQnmF,8631110,5465392.3
1046,2,13,57,696356,2417696#kM7blqFSvLv,9740150.0,8823398,4101234,-10119761.08,6911181,8751024#J2voGelwxVQT44Y,5783715#HiBS9S7T4Q9C90kkHnnhnswUgpijXue9dbJDCFS89Pq1AUDtKmiERGQe8IEh0vKLKMKOo9teyO6Ua,2892643#nmnmXiLGgaoqET,-4247600,-220163,7752270.890,2957795,true,3315248,false,-4272743,9940240#iQXF6m5UllM4kV,2606706,8517123.4
1047,3,5,7,-9535093,720551#d9EgPsc5rGk,-52714.68,594586,899053,1396500.30,-1168182,6574949#ZJo9J5yoTbyQIxj,10192291#bMcliTNl2Bj6ctZDKtHAAbqHtPRrH1jBlS8Rq2a4eHRJg83U04RY0FSJkv62BwKMEBwuO0RDfGTnT,10058364#D1FHub4ccp5Lde,5478004,-5245122,-7122478.130,3051216,false,-4408621,true,-6399257,10167484#hWYsAFzLLMP7XJ,7230614,-5346082.7
1048,3,8,7,-4406232,8776362#OtL8z6PhL8z,6742348.0,1106446,8322841,627543.22,-1055190,8154487#YyaOjGKDOphWVzF,2599411#sF2QktWuvwXCF5Rt0epPLWJV1ZcL1LhHE5JPqhMKOK2GxzmznCu6zXX9BUuXfc5GLDujEDTBhYffx,1430914#dj7HJKnvhOmpcx,-10130010,-4522515,-9413480.610,-361462,false,4334893,true,-5120573,4000118#KiOHvd5BtxuSAW,3239109,2459432.3
1049,2,9,24,-776111,6292193#BJePb06JiOh,7787624.5,4120566,5697565,-3167285.26,9264668,9535337#m8yIgQaxF0ddyoD,3308375#XJFcubKewmFJkYE4A2owo5NFZ3O9dG6NIuETw4yVg6pcZaNqtaSmKJiMpXUHdbZRoQP9k3HmQDbQ3,3556156#wWwYgu6oAKXFDE,4255410,3748258,-2162909.260,-5307235,true,7085419,false,-6259743,9701616#PmLwYxvMM7qP2p,-4063651,7402045.0
1050,3,6,40,6229651,3096513#PA44z2vy0Se,-444650.03,-791915,1741380,-8157443.19,7365531,5334338#u83hDnM9iwr5Faz,3387916#DVnAc7l2xYfEk2I9esdC7UB84NL18cf6CKC0NkRIHXYhGMIdrJq9q7w9ZaXSlIzFAxKtwbbLCRx5P,7103294#r0fMWR9sbEj92w,-2930815,-5398227,-4808235.270,-342281,false,930918,true,-6062323,7310148#3ULzHYDKvhXmEx,-6347219,1807212.6
1051,1,6,25,3644322,8804924#OjlOPefl1Zn,9042086.0,7947697,-1808651,6587317.77,-8710344,8393289#t3hI09YJYDUveTd,7249377#OYV2JiPD7vLM9Klzt0bzWgVZMYDFmvyTqTjA4l4e23owHBjDqwQBqpDNE9nHNwweQwGxThe1RpRu7,9015049#aWErRgG0RGZ9CD,7423884,5519889,-1121287.540,-8405659,true,290534,true,-9353600,9487220#OsfopmKFn2l6cu,6298182,5291666.4
1052,1,3,54,-127222,3247431#7c0UG0RIfbX,-9193249.0,-7170058,-7713591,-8613774.09,-5518846,4433619#sG7ROHL8D1wFqHP,4762169#auA6A72BlTEC9OyUtmQn8EVnfnikeFXbvNW0Yugzve9UuMwISuTNENQ2zkGdH5aQt9xSZSjuAZs47,2026174#yl9crChLyv2si1,-4292294,8153849,8149991.430,10253751,true,-8189018,false,6986165,6305438#ioQmLAVJjdscPM,6299846,8001580.9
1053,1,12,45,-1386656,5722520#OXYGhINHwKA,-7855208.5,1256422,-113821,-5377018.97,325156,9353301#yiFG3cd8TQDHwLy,6571518#nRj8TpM9BXM97qq4UjH8fovCvWpox2O2obH6YoD6t0qNkSw78SsOHw8T9xopVfbdyMIUCo1oxHYJV,7997845#6fijSczIThoKQQ,1056614,2716354,1936841.650,1355877,false,6379157,false,919035,1250929#FA6q8EjlIDktfF,-7999198,-2889565.2
1054,3,4,48,5772042,2849410#fk1MJqvvurl,7449667.0,5989199,-2953362,-2358343.82,7734567,8946572#JcTjDGfVIg0JD7C,1214442#Jwp3MWg10tT4T8TzQdIGsdHRTjW2A9AmFgxWdHRoysF6qfvhxBsX5ZB4QhVEjbuXP6S2rfvw4WCxg,8659541#Kax2p5l3lMbhAT,-6270238,-6872599,1963651.850,-9228514,false,1634923,false,-4718147,887672#Q7tMIKTzSpi1Jx,3075790,2667774.2
1055,2,9,44,5354043,3105560#7BzHBodI6qU,4820326.5,-9008026,4753934,-1582056.59,3958486,4271524#2lHg6G18x8JyGiA,10336055#edfncysa18A4EWnqUTzdPL3ZMRVv4jBqSM1aUpIEucrEIjdvcUVdFSEx403mI2TTBv8HFcbCXiI0r,5038881#8OXgcdaRs2Ah3k,4252682,-5075582,1433351.060,-7230990,false,943339,false,-35710,1370162#3GQpiEtyCEir8D,-6357200,-8029622.4
1056,3,14,11,-6301309,189056#rX6n7bIZfyT,970831.0,-6493585,-10415893,-6320133.23,8029809,10330683#eQUwWZRoaUzmMez,6149510#dnylD771nRmVzrG8w07kpumfvYpLCLx5tvQUFW3xib1GGQ3qCF00chUH9ysXbQcxiSEXH3YUKZtXL,2102359#2g97RpmZX5IWxB,-5856488,521491,80232.980,-9542976,true,-2039071,false,7366018,5843754#QjBwJNa5peAAH1,-1559588,3500571.8
1057,2,3,31,-8720613,7937798#S6GlyBnhBAF,-7448671.0,-2333711,8698500,-4046039.99,1344351,4657176#P3qP9E2Gu8yHfHe,7534731#ApwTx9frzLUrjRw8qPlUWOqjOY6ZB3d0NfOyiLSjM5ma6Hw7MnvErougw0AfyzqUvo3XZpZmggCsP,7186013#FX9AkXNZqOq5kE,-1868636,-1999878,4976547.400,2018256,false,963778,false,-6702332,6370023#I4iya6k8HWFFle,8602162,-3976434.5
1058,1,2,39,-5816475,3046528#XkXzXWNqpLv,3033935.5,-7678993,-423025,-732188.64,-4998295,5257189#IE5btw4iL0Y9wFQ,2530714#wHICT5waLBKK8iDXEQPnfZI0YyCEoU3eAGl9oTK3v0PiP1lmh5prV6IDVQeJbUBRg0H2Ut36kB8JK,10011130#QMSdtTT4PV53Fd,-4194930,6373763,-9799799.940,-5213234,false,9184880,true,71585,8298654#htJbzjf6myxjey,-1364246,2926623.9
1059,3,8,8,-9324986,5287134#vkRvCeYno36,578127.75,9341332,1158505,4343742.14,-4513212,3259495#QVmQzHPqhipoVdK,7608712#lrKeNnEhjA8fkPuJYy3xokX9lTysbcyyg94X6qOu3ufdYtl7vivqcoJFF6BsPqELOQfO6tHFEz4am,5222388#cmgNgTIToGKtqg,-5431015,3781686,-10253014.090,3005618,false,269202,true,4506369,3310882#T7QgfqIcAhcnPW,-7912509,-4298364.4
1060,1,9,15,-1076057,6618052#03V4MbGZ5TO,-792399.44,-7794553,-8379154,-1028587.02,846593,278445#b8H66SBNgzsWtIQ,809399#IBD7eiin4OEkRHa5wjj7AafdwfcntgjlTxX5xJhfLtAccfqtj09XHWlM79Su6O394QX4DnMcTCOCz,8058516#vJKawqluN1K8iL,9997323,754514,8391556.920,-4274668,false,-9367266,true,-2735409,5551799#RDLNiVrY35sRR7,432015,-6773014.0
1061,3,7,63,5344964,3164586#VrXbDhEbP9A,-5004844.5,996591,-322040,10601318.02,-5245994,3851576#iGyjs5YALFVoYjx,3455157#c2Inz2NPZ3hY0iti665JU3cbzLfF20jyuyz4iiXV8LKNsZ5yzTAVv6u8JaRryfAQ2nCYu4SASs1hf,8790734#ThqftpoVfC7ar2,681974,-7456210,8733077.210,-8592277,false,-1969727,true,8383334,7959024#mPw9gxqwSankmv,-9276854,68314.2
1062,1,9,57,2387858,8993939#roCzo8QXtrZ,116698.83,-202790,-697202,-9313815.39,7749012,2862354#Ok8dlwPfsdTv9mA,8928179#3VupMEt1WkmDUk4sivkbQrXAb0X75LIUKwYnFAgavyvlGrdtc0axwf8f5Pz8ZPEPdCBkOCpj4sJN8,3902706#nVZPT7wGbDKmSH,6197415,-8038942,6379971.340,5611839,false,-9955964,false,-2085725,2248793#PnDUdUGFWwFEeL,-7858887,2949610.8
1063,2,13,55,-6091599,7160599#jYjljOVxLcc,2486773.2,5893088,4572641,1727042.67,-608270,778522#qvhHntnBxCTmNh1,10418096#bRWhyByXYRRFj6bJQ5fO43RoByE07zYUp6AugVKS1kYWNDPK53YA3QjpPbX33Rrw5cIz4V2vZIx4R,107992#nutAiU6OeJCHND,-2851245,-5554864,-7744991.600,-8665201,false,3482057,true,-8255059,330015#UTMT5Rck7Epz23,1283807,71.8
1064,1,4,39,738190,32652#LBn4V5pxj3j,-8520910.0,5871506,-6713967,-8350741.74,-680720,9679691#b7KWIVy91MxaEyy,6480129#3aCJ26gxw26HQWzkWV6Yz4lyaaik8ylxSAI7nx5EjwBSmLFO0tBVQ1HR1htRyJEPFw74CsrV4eIV0,5481199#JAcPjrVMXNpoaC,-9810282,8071595,-3877812.330,9328989,true,-630399,true,5166357,4863505#QCODOYMm1tKHc5,-7629923,5666388.0
1065,2,12,33,-7390431,4622203#7K0fieT7B5P,637707.94,8576035,-3798640,-1024505.25,-8480393,988730#lAWfq8nAL0EMA94,5370633#AdBWs0xWeAppqqsL7HxavHuPyeZEv3VFVTRZC56cC4CnaMcZ8wz1yDEMkMFKDkYMef4q0ChSc3jUk,6195140#Ex1GTRiwOYE1Gd,3633153,7201441,4178316.950,-857352,false,899042,false,-4668232,5482271#qwiOXa7P0JrEGA,-2978507,8691289.3
1066,1,9,27,-2296131,10025209#OJbGFiHz56C,-6081840.0,-4934124,-5030992,9534729.91,-1793237,1335048#JnUZf4oQZd4Jr1h,9934853#heHNOxtbAYpTuTCMoonnDCnLlDQwTF9LOpgUZpzEQMQiibBaxSM2N3jbdOnic2OnWYpi5fmfNByPn,6489724#3qtCnOdUpxF9dQ,1320296,6931003,7782720.010,-9449778,false,-3568304,true,4202828,3701437#Wee9zylIzBvfNH,-3398205,-2633934.2
1067,3,1,32,-9520241,5986445#GnAmmU3NZ8E,-4341728.0,7792916,-1779792,3469969.83,6391994,8799093#0WNRUvxUkfc6v1r,568929#eQNLepUh1hJlt68bCeb0txJd0cMgWTubHj7cV4MceOxMgk6VrWGVPolTGd3zAU8OcSSCMDXNvo8jZ,3201811#RHYME2CUDX6LKO,3567295,-8558767,-2414415.110,3302387,false,8440731,false,1785879,575624#qCDxUXcwKNjBku,-6624629,-2649761.3
1068,3,5,63,-6467101,8905128#uBBVw9yHiOR,-7540999.5,6095874,-3252984,-2903139.32,-8254180,724621#PM4cRtuHauoaRxb,3724698#S4jLcjzELb5dMgSyr3y9Dwf6OE06DG6YwYfULG45sjUp27jOTWhmjUjJhQslFYpuvREesjMqc9fx3,7300746#QFqqtil30E8YfJ,-5300327,3044422,668505.180,5041110,true,5443335,false,42196,5162520#yNqOkeWkrNTvP0,-6906111,169608.2
1069,2,2,46,-4220008,5417786#pWuGe6q036E,2763263.2,5420818,-3390906,4757796.39,-2253894,9473409#gjkRUbuAJKi8nGm,5207879#C9uBSo0vrJXsrPrD9Y4qsxxeLeUJtMvwb8IcdXsA4FFG1bJfezObdr5cW4fOqgk43C0IZW92s6XzT,7526766#3qW1kYKbqQD144,-9404863,5593433,-6823813.930,-5441654,false,-5161626,false,-7758411,987265#qPys6cPFpn5sEC,-3959250,-2438100.2
1070,3,8,33,-1659017,7284897#s9C6KPL46LI,243349.02,4332408,-3099596,4023498.43,358096,7386145#wGP82KOy4WbImgQ,593126#MyKNDFoc63v6KtPTWpWdATeoS0DY2Uy5XAesidjEvO4qA3SaazjpARblilxwNyIpGNz3AQcFQ8UOh,10022178#WwEu9oO7HxU9yd,-70217,7539064,10399438.030,7584995,true,3149307,true,10282258,1793389#GNYSzEVX8oxyra,-10362897,-7030639.7
1071,1,5,20,-8109888,4145229#mqTvMrb19EM,-6032420.5,-9569178,-10177595,-6240331.06,-5894398,4017347#XoHvGasXz3PIrtl,3333470#nBw9Hwhfhyc98cpH7rw1Xs0Rtn2LzUnhoUuqsBciamUF57hLKZMXoVjfLzUWJU6MFjjouGzqks3Qp,2132150#gbuUlrYW12wAxb,-1741707,-6209544,-940403.500,738929,false,-5783406,false,4446256,5102722#EhYpCSl3Gq4A8A,6828589,-2448481.2
1072,1,12,30,7887460,5998511#guJ8STxPM2S,8236751.5,-7824022,10574711,2966215.16,6625213,8311824#o8jC7v6FltYfRTU,7223405#ZJU2TvyB5Vj6foasB2XQjVldt0eupj4p1FZU4U9QZnqHv164pkjgZL5PjLivznJTVPLj7LYz7gOKK,4984116#w85SJF3pBuf8kG,-5566821,-2381101,-8064053.450,1498465,false,6135563,true,-8547978,4148348#ZsZUnhB722g6nl,3683819,-4580945.4
1073,3,1,15,-7712677,8398080#Cz7p7SRWcZZ,-1.0320762E7,-7692839,8153854,8520950.23,-2296216,6714594#65TCEIsngFSoOua,412002#RxJTBHnlQeeM0CkehlNMCeiU3aNzyA6QP4XcKr9JeAntkrHKk7KgLVRQo6oRGu30GRkYEpzQz25Tk,7783892#xIeJV1g7enbisC,-872722,5407376,-8138175.910,750330,false,539394,true,-10279064,10317608#CiLAxRDJjFf7o4,-3394962,-3320525.1
1074,1,4,11,-6091149,6139564#z0jNJ2j9rvD,-2327422.8,-3746643,-3268001,2166751.74,241934,1791006#rHSiX2r29D1T6nU,7443971#2DWiCAPV2KLg1aevZRderxMMcQOTfR1sZdISLHNs0uvJ3GaRaluZ6TnnwK6dVouiDWWR7s3WtUNKz,2912976#Bm7QjFKwpVzIZe,-4151009,-3497250,10456818.600,-5747200,true,-7160610,true,-9880745,4215168#T9v8MAvcEgtUdW,1333418,7883223.4
