1225,3141,10256302,2234613,9827482,398433.3700,-4462521,11077761#AGasXt3bD8H,7094112.66,153595#h2TGP6ZljtyihVQQWdU,5132979#aGPhGhNxvtow2bL9qjP,-11522302.3400
1226,915,8264861,1919505,-4188807,2756635.0400,7292996,8983780#xTqYycxDd9W,11370709.23,197672#bXsKeQUTrwFt7WKKrga,5722352#V4TeJ3j8O0ZU77IOjA2,-4268895.4900
1227,1153,-3188848,-5843358,-12195830,2911639.5600,1800534,6302219#4cbJbuQDpru,-9984227.83,6928504#lSH9wM74HxZl6QDsH01,12196113#1gXCW2kp6KFUabhjlzP,-11961120.8600
1228,1472,6337072,7362849,1842403,2031928.5500,12071482,5559090#RH8GBDpmMpR,6305018.67,1333806#gbn04t0xztqmqS4cOkN,9483987#lV7uer3eAKPODZOWHEt,248160.3500
1229,1319,4101207,4065986,-2687811,4178238.5300,11933059,10014768#QsyX1D0hUGQ,156743.30,9850617#WDrrf4zB2ZF2HQdgfrq,139281#sKhzOf3O5i5HYCnCUVj,10631398.1700
1230,2099,11713607,-452798,10330051,2969437.4000,-33060,10447214#QdMvzucn8Bv,-956360.63,8449567#b1Cg9E5nx8aa5ouzml5,3561044#jmy7ap9R43V9ar1I03d,1469285.0000
1231,1166,7496141,205515,-3186414,-2467878.1400,4041773,1533995#ql6YXo6ehBH,-6696483.10,7245530#Fbf8Ld0oV8id9lYMsGS,5715515#p2aQUbdzc4QKfW01vXn,-1039958.2100
1232,1692,9788693,2492732,-620727,-3108842.9400,8559485,701578#B61YxEkJ1j3,-4643547.03,11457141#b6iwrq4mBur2lDJf6ai,10803597#Oj729HgbQ2wAA6z4EGi,4024880.8300
1233,3106,11796106,-6803419,-8305645,-1402012.3100,-6876612,1187515#nP3L3WN5dhS,-6320705.14,9865541#DmQgt0XpCYaCPHYgRyk,833803#DoHBEiqrBV3ImZFtw82,-8436634.7600
1234,1827,-6195926,-6427338,6657634,-1455417.9200,4760062,9209178#uPFlCKhhVL1,-1634389.64,7918564#bMRguelN5b7OQtjhyND,11912283#7evAckgjfZyqfbXfHAT,3376981.5300
1235,1042,-7306924,-4222591,7363804,-3248663.0400,-6451172,922378#Ug4seH21I5D,-4043942.04,2443077#LgowPy5Osi4as2TD8z6,4980993#DHnUot6QTNkRbO5DmMb,-2937311.3500
1236,692,-6925025,12054162,-9982916,-1772901.6300,7158887,8040415#YHcOgGbZZZW,3938769.59,510741#DC7D3jaoHlKBorAA9J2,4845225#9NOm1poIfmepUkOqq6W,3272538.0200
1237,2531,-5504520,10275050,-11256719,961215.9900,10303557,11827278#HEyEAQAguo6,-9257176.75,11448577#MMxf4WQULTvqKaJGOl1,10824272#Yxc9yBGg4jkGKchtyVN,1549414.1600
1238,185,11788538,218130,11975867,4371786.1200,-4284974,1375742#ZzphGVamH7d,8939971.64,8915195#JwSdS5s2KVdnDKXhUye,8658757#4NBMYW6a2YLJO2QxPeo,-11638868.8400
1239,3075,8548559,-7700220,7660264,-3276447.3100,-3222082,4681304#Bu9op1i1Vow,2367660.55,11154424#3eOHHzSi1eEkkmhxWhN,5308050#X1eD8FNRdI8FibLsAPj,1251284.0100
1240,249,9947999,8090103,-1911832,2568886.1600,6826161,9697578#B61YxEkJ1j3,419619.91,8254578#OVHdTZF8P8swAfUWmcv,8280592#rFtKhTzLrGjQyo2G7k3,6954160.8400
1241,1607,3927038,999311,3993164,4455149.7600,2682955,3855608#xiBGzdNcj66,11427310.68,8318132#R8VCHd82GKFqW112ej5,3363354#SoQkcEqxCbyCkheS3lj,-9619551.7900
1242,182,-2014201,-4634478,-11995864,-802773.0100,9013860,3291384#zB1o9gmpW3u,-2893847.73,805954#RDWBzmue1qjyErJvR0h,7932515#p2aQUbdzc4QKfW01vXn,-5423083.8500
1243,2485,-11861397,6794363,11451895,-3255165.9200,7312295,11424788#jUIhh7sKpQQ,6367923.47,11018673#ggDgM7UE8zgV8a3sVvc,4139327#YRjeThrzcZicy8JD4AW,5106407.6400
1244,824,-2923652,7909691,6507398,-372868.3300,1999719,2064062#Ww2QufNqQzE,-11057669.60,9727295#S71p8heApWs75i8mXdw,4863627#XblxWzonsXWv1tt00JH,6748761.2000
1245,1358,-5843340,12365684,-7761367,3314364.2200,-7679973,4383814#fyj3DMjLSTC,-4379187.34,10311514#X1gBm8slLDcJqpmE0tb,6843356#d0MYygtiJpG6RVaERQV,-452419.6000
1246,198,8037963,3701085,-4232842,3688801.6600,11949520,5204995#ql6YXo6ehBH,11980495.77,7705018#IZZLdaDy1Vypo7GOPXO,11160844#uvJ4GHIO9BldrhZhNsF,-716760.4000
1247,3174,-7445474,-5164852,3089030,1549069.6700,12289727,2863039#ujEZcYNq6i5,-3454342.48,7342111#y7H95SlZTUH75zZE6Jq,4192244#Peo6hhVad2OxvWM6201,-8885824.1500
1248,3074,3086709,6180540,-2566845,3424949.3500,-618268,9230340#IILoWLzGPpY,-8571575.19,1574180#PxMBl1n0PDjoAM7ydiw,10777630#l6zrj6GXJdcdBARsG7E,6240010.6700
1249,231,-4631014,5149522,9588119,3964968.1400,9193733,5077669#dp9o1hDw0XI,-12251373.47,3350891#ELonzaPJ87EVYnvQEjo,9839996#36eazMpIvNbxk6N5481,-11587209.5900
1250,275,-11474538,212218,-8683333,-3774760.2100,-207669,10252203#1nkTqKCaZJd,-567244.02,9282027#q5VYn2mS90toA8Jpdpz,6522863#wSQytug75XYRgGmpstF,-6777313.0700
1251,2694,9172827,-4215517,10463213,-3451343.0500,3683408,6448842#rA281NjuuwT,3837075.32,1961879#xq3nrIXeqZTHf72Rvmn,5404123#W2YcDvg68mjTcUwJRjj,2815874.7300
1252,2304,10783272,-9271008,-5555240,4253768.4300,10143606,11622397#iFpA2ayENgV,-1033438.65,9350124#Xi2uUV6NjLrzsyxkKRm,10073879#QiiXSljLCQ3wv8gH93o,2713965.6400
1253,368,-9921552,4288410,3179227,-52219.2100,1827489,5696223#fbhFpBr7k9b,-1646349.93,649735#XEcVTp5m9qskGkOzVdL,7956873#OatOudjNhOXrpwLcc3m,-10476691.4200
1254,2345,10245942,9297746,-3700242,4299138.7600,-4058359,4044099#w0EPfp6s6S9,2985290.62,11710767#rIleFbw5bMIlHtORVKE,2426493#Hcxbj5Ja4nPShyFsp0T,-3903339.5700
1255,891,4537311,-4385909,-5694275,-3728776.1200,4906041,7671738#TSHTJ6tpxgI,10898407.53,3917388#w7TL5k7vxvucNExdciO,11156066#d4LjgZOzAGEszSjuqjY,11269155.9900
1256,1545,3841754,6653826,9465226,-3677535.5500,-5124454,512664#tuRwO0HfUwh,9124501.23,8029876#p1E7f1Vc6RUCUftvPl8,10995201#qRUhd8VYKAUPHcN01no,12045594.3000
1257,2318,-6629060,-2074637,-9425372,2043514.1500,-1174122,12346230#u5GhpjkidRZ,-9323674.71,6157333#48tmgInoVZTfVxGfGc3,6907258#8XfE8s0UVkt1vHJ3m8z,8630436.7200
1258,2658,8589505,3296187,-3729350,-1385956.3900,12189011,1799811#dsl5b08p8vs,7504762.51,5760309#jAiF0XvGCQs9JDqm9EE,797884#RCTtY62txYSK91FLLQ3,5782349.4400
1259,2376,-2582876,-10492048,-10112304,-1052744.3600,-6314757,6340796#QVhh96l7zCA,3254596.66,761472#GZvc12AF2hM4n5szKaX,10990498#VCzEy43qlTD1y3fegen,3971303.5900
1260,14,12043884,-11272267,-6609305,2463236.0400,2320674,1506964#fzsH8rTIhgF,12353205.62,8185276#ZdIZKA9H6JlOHOZGjru,8994451#h2CNQeiukITpURk1hBR,-6171309.7100
1261,259,1888533,11405246,-5486422,1451517.3800,7747057,10586349#VIwskp7fj4c,-1573143.12,10086802#0tmOKhZCNzjaF7QwdIO,8472619#kiSwD2lPGDkVbt446vA,7640903.9300
1262,2967,10355463,-5601401,-3091686,-2918879.5400,-1823454,1661310#WXwgj0YI6Wl,-5470448.16,4628806#gbn04t0xztqmqS4cOkN,2226595#CwBzMWkPVYnv596G881,-6538417.0900
1263,1547,-10650399,1449767,5835009,4337282.2500,-5571381,6079509#wDwzzsqbAIp,6548736.99,4705907#Fne3Qu8ts7T6Z1slAaD,1379194#cewKmjqzSRYM6zsCguJ,-1044203.0400
1264,2647,-962725,7098408,-3071287,337660.9900,-2589393,5242408#vjF3ESF6snK,8179040.91,12329978#suDeMN9goX8yYOLNror,7959363#1MXpboMUU79lsfATjfU,4218780.2300
1265,26,7315909,4218785,-4297432,1818519.5400,-6793312,1063188#W0Sb6D5KySn,-6683007.59,163663#3jimTyzsPskvKUNJwvo,11372661#llTRzVne5mulGS6II8K,6457630.7700
1266,2191,3005789,5757632,-1721037,349053.6700,3300790,1538365#QZwsAzusVgJ,10750270.96,3826847#X5Is5wNnQMxqlmmgWKg,12308425#Vr1CZJ78PQOOxxbRT0G,-8694098.0400
1267,1361,7367439,-7323434,-12505656,2487871.2900,-9783206,5258566#UVIpq2ZHEIp,-168575.75,8626151#JbbKl1UecbWruGKjeqZ,3948079#c4NqZYf3JZhvFNDFRaM,-6748489.5500
1268,824,7433594,1396571,11803976,-3975003.1800,-9406088,3814567#N0zJLNNyypK,-1975461.20,12160461#VBYSbXUiijSfF8zymOm,6925394#Vry9kereL8G3tT4q28q,8626556.1000
1269,2323,8913649,-2981824,3695913,-2678092.0900,-3343156,5955932#etdu3PW02CJ,-3590923.92,505188#8fmKCmb91SEzBd2cBZX,955158#jtplkd2usOPUaMQujeO,-2340127.7700
1270,1046,1078098,-10130662,3437359,3691453.1600,-3391661,6689948#PR8hVADJLUW,-4968677.53,7549413#FRjxoDfwsKuYHk40FfP,2695672#ACDi6aPFe4qEuFbOf5V,-6031602.6900
1271,2705,-5496969,-3723183,-4900190,2016014.0500,12518196,4435208#fSNFkRgMdQY,-7544841.05,12616323#q1vndGe4plzMKdlqCF7,5764892#lYFMMBtpEEVhdaHmbFg,-1614943.1700
1272,2465,6384117,2687982,-11512542,-3779464.6000,-570088,9033173#BY0SCxGuJAi,8490906.88,1206300#5YHKTlVMdBJipbOhC1w,11029724#C2LeXJ7HRdOA6WUcazU,-9800703.6600
1273,2746,-10978001,-5091248,6406754,80018.9300,12113938,10359570#rWD2fnWOCRr,-4887924.95,4215393#U1olPrPxexoItxP6nHk,3289021#hNMcmDJMPw6eojzdOMJ,-10292797.6100
1274,2308,-1182620,348628,-2338004,-2225841.9600,8255250,9128#kbDApRfBZqY,4661967.35,711315#2iVngXiA2zBFifmcpxV,10072939#sJR4ZBX3ZZpupm3pOBR,-6963985.3000
1275,3041,10674745,2326088,10228319,415054.3700,-4644764,11529911#U0AIgaKWAeu,7383738.66,159484#HMVfEE8YJXlDtpA7zJd,5342413#Mpb5IvWusSHLabTRYMx,-11992529.3400
1276,3165,8602205,1997655,-4359407,2868863.5400,7590546,9349867#cECf7y9IQqm,11834828.73,205513#QBC5XpPe1Dq3wCyZM53,5955535#mjkI3jPWcVE2i2BGB7e,-4442739.9900
1277,1853,-3318537,-6081146,-12693130,3030185.0600,1874247,6558952#U5UvswBeM1n,-10390773.33,7210501#chDTkluyKpiYfLJNqih,12692802#ggmypSx2uaCbcWfd1c2,-12448371.8600
1278,2397,6595471,7662430,1917703,2114606.5500,12562932,5785243#Zy7eyLJOcRc,6561908.67,1388068#3r7aO9x0gNfgBhZRpw5,9869855#JX3l0SF94yuJGgQrpSA,258091.3500
1279,3050,4267990,4231661,-2796986,4348479.0300,12418384,10421978#4tv7t5k8pOB,162991.30,10251347#ZNF4FZDiaRjbOJWQhCG,144903#L68q1Rtzbr3z8MiIua2,11064313.6700
1280,336,12190150,-470898,10750014,3089920.9000,-34588,10871716#N3CSuRf8pj2,-995611.63,8792886#YeukXlHnWJFI2V98oWa,3705604#0Fokh26WF4FtiCv7BCE,1528764.0000
1281,2741,7800625,213715,-3316039,-2567972.6400,4205912,1596210#tReam1qh2oX,-6968622.60,7539491#9VjymVz33JhJBDFPZ02,5947527#f4WfI0bzuu1In9haoYO,-1082483.2100
1282,1904,10186191,2593891,-646205,-3234755.9400,8907060,729927#mqcagi8hcR1,-4831731.03,11922027#q5VYn2mS90toA8Jpdpz,11241912#Jvk4pVh2pVq1OzeOGHw,4188291.8300
1283,831,12274801,-7079244,-8642661,-1459028.3100,-7155362,1235335#E7hIesSv4u9,-6576968.64,10265404#yg6GfQiNTgHfHc7laHG,867495#76WXfsbG6IOzVCLpFCO,-8779153.2600
1284,202,-6446934,-6687788,6927159,-1514336.9200,4953237,9582183#exLkmy1bPhr,-1700341.14,8239008#cq5AgyXg6VwNMqwN5W7,12394577#IulzMJcVuI6RigmwMqd,3513561.0300
1285,2442,-7602402,-4393166,7661579,-3379936.5400,-6712459,959370#eOWfQKMgKJL,-4207682.54,2541658#nvoRvKSq6yLaVog4yaO,5182512#1nlcgNtOebo2EtXIFiz,-3056028.8500
1286,1642,-7205505,12541574,-10386928,-1844446.1300,7448512,8365454#IOTREFHReYw,4098478.09,531296#L56wwhZAaaK7186gf5q,5041121#d4NN1ws8zBhRXBTvThK,3405013.5200
1287,618,-5727368,10690225,-11711525,1000331.9900,10720157,12305235#9i5JAEPghJ0,-9631660.25,11911150#z8aiJWHwTuxpAUEbQuz,11261760#LQxokcBMWbXSvb1nxlH,1611693.6600
1288,1560,12264900,226580,12459492,4548639.1200,-4458074,1430920#FJIiiBdwz9z,9301085.64,9275134#KiQfeFBCNqLADzaroHB,9008366#FgEo6JLb1qTPZ5S7Wzg,-12109263.8400
1289,375,8893275,-8011054,7969639,-3408663.8100,-3352203,4869924#wzfPFD6PQtW,2463491.05,11604348#c094l4lQPo4hevmI34C,5521973#UFQX1dZZhw5yGVNTXiA,1301809.0100
1290,1174,10349375,8416503,-1988982,2672579.1600,7101484,10088216#pDnb4RSPECP,436326.41,8587223#qcQM2OF4b2JqtmVAkAv,8614197#kwOciCATYjCuqhgne9r,7234399.3400
1291,1732,4085291,1039949,4154423,4634881.2600,2790942,4010789#mC7tLIe5Mh0,11887813.68,8653170#RvHwYYtZQMDCVq6wCLY,3498496#NLgxKbDB9Z39wfYuV3e,-10006928.2900
1292,132,-2095305,-4821253,-12478789,-835310.0100,9376344,3423716#N3CSuRf8pj2,-3010527.23,838340#qlgNQvlkqmmiNjSgv3s,8251624#YHr1e1VLCerxD3qEaBa,-5641243.8500
1293,723,-12338203,7068013,11912567,-3386123.4200,7606462,11884102#0C30Z07ADd8,6623975.97,11461822#QDSNojWJ18Lr0uC6yTL,4305526#XjHB4esvgQGQijYz7Vh,5311888.6400
1294,949,-3041355,8227666,6768885,-387628.3300,2080094,2146796#QVhh96l7zCA,-11502022.10,10118222#J1jsKpNKkBA8e7ySq6r,5058770#KiDsoCFJ0DRVi3t6Glg,7020302.7000
1295,558,-6077908,12862584,-8072717,3447267.2200,-7988763,4559599#ppgonqMqGWu,-4554693.84,10725325#IapeHudOIfWPLzQrsoT,7117837#Db6TooJPkmzsBCniLAp,-470376.6000
1296,1248,8360139,3849385,-4402304,3836954.6600,12429188,5413696#BfmGibnckcY,12461169.27,8014007#sn8YHHrLa1TjDNeOrnP,11608351#Uw8GbcZVZ0pb6W0ADZ2,-745714.4000
1297,3074,-7744159,-5371846,3212539,1610850.1700,12782324,2977560#bedp4S044wB,-3592484.98,7636339#Owg9xr7HwWFJeNgRjAl,4360107#xzYM2UBZGPMzAUnZpCr,-9242406.1500
1298,1724,3209986,6427955,-2669920,3562516.3500,-643118,9600024#kACqVEmylbU,-8914925.19,1637247#BTvfeF4RbVdZoBCGQzL,11209124#10K1taIcZqW7MqVYKvT,6489913.6700
1299,3006,-4816298,5356022,9971619,4124033.6400,9561396,5280593#DxsTvhs6uSs,-12741917.47,3484768#rVjjZfvpRk5JLG6GHvl,10233568#k9gMLKXjky3IJrNfoGz,-12051164.0900
1300,2525,-11933516,220668,-9031020,-3925522.7100,-215984,10661958#OX4JH6gI8Ey,-589944.52,9653046#rqOc6izm0EFl43hEpcH,6783443#KSpEyRnmvVFq6kyhNlG,-7048233.5700
1301,144,9539277,-4384092,10881763,-3589528.0500,3830983,6706328#qd9PE1fOWMA,3990318.32,2040141#b6iwrq4mBur2lDJf6ai,5619867#QpitDmnOXnuJOLENxZv,2928389.2300
1302,229,11214025,-9641605,-5776858,4423592.4300,10548531,12086352#nwZJtLdpcnQ,-1074612.65,9723425#Ngprw9SzR9qxVdUZPFK,10475988#a5B1ZTj1Ry7Vi67wIKs,2822376.1400
1303,2343,-10317476,4459864,3306189,-53943.2100,1900101,5923320#5Px3mIseJOM,-1711910.93,675348#c094l4lQPo4hevmI34C,8274201#qRUhd8VYKAUPHcN01no,-10894855.9200
1304,1120,10654591,9668218,-3847492,4470310.7600,-4220423,4205346#RWwtrmRazxc,3104505.62,12177308#dL7yB4xEVOYxiXOpCW1,2522943#gyaHoyRTYZUfqbtHd5C,-4058577.5700
1305,1681,4718292,-4560422,-5921375,-3876976.1200,5101860,7977173#BY0SCxGuJAi,11332676.53,4073357#3Fs0sx9V0OK2eOoljf1,11600191#f0vDZ2sHcvjUbbxh8Sx,11718333.9900
1306,2720,3994733,6918626,9842057,-3823781.5500,-5328348,532729#Tjxofiz5sbd,9487413.73,8349182#2XeN2XFcpzYRWJwFqYU,11432835#7Hesa1GtteIbVl3BvIc,12524852.3000
1307,243,-6892780,-2156799,-9800147,2124904.1500,-1220434,12836994#B3o48laE4qI,-9694180.21,6401918#5ltRr0fQtxrqvj0ry6S,7181840#8DlEwFOboAwdexU42U2,8973618.7200
1308,1708,8930854,3426937,-3877726,-1441247.8900,12673461,1871018#xSdNmPguBlZ,7802717.01,5989068#3r7aO9x0gNfgBhZRpw5,829260#WzYMjyeG3RBmIhzO0g6,6012005.9400
1309,2501,-2685137,-10908723,-10513566,-1094392.8600,-6565294,6592454#IOTREFHReYw,3384208.66,791668#QgvdObLhoB6yoMdIBFz,11426811#zPxPhxVogSUmb2FamO4,4129255.0900
1310,389,12521867,-11719942,-6871355,2561328.0400,2412612,1566647#vnV9VBUNJx1,12843479.62,8509911#RheJBNMmJPWAw3KmxCi,9351170#58ewH21YuxDoEgGjH1w,-6415988.2100
1311,1984,1963165,11857296,-5703922,1509447.3800,8054582,11005882#42x4yGTTjcW,-1635546.62,10486370#kc0JMgQGhHnVi911Hlb,8808421#cpRLDpRchjunommnuy3,7944246.9300
1312,1048,10765374,-5823001,-3214011,-3034732.5400,-1895822,1727114#GtbX7cgoUEo,-5686941.16,4812108#qn4jgk9jBYT4FK8sSEn,2314649#YJ6XutSboaakCj7b2oK,-6797264.5900
1313,2860,-11071730,1507280,6065809,4509093.2500,-5791931,6320059#fPXoKEGy0Ti,6807861.99,4891973#vgAuMX86c8LkDlKZcko,1433463#YTOny7HdOeB7tPNDA5P,-1085440.5400
1314,972,-1000570,7378933,-3192687,351004.9900,-2691818,5449670#fA6R8eUgpRW,8502256.91,12817558#jOb8krEAldcGNCNoSlk,8273930#4bJVtlvTvhIYTBfijFr,4385817.7300
1315,1976,7604936,4385560,-4467257,1890640.0400,-7061437,1105190#1rPGaGsWDoN,-6947050.59,169901#MDAAwIVgNp7dmWIDpjH,11822006#EC3CI4iXjdLheQ4o21C,6713215.2700
1316,104,3124797,5984682,-1789112,362935.1700,3431253,1598916#eFOyIFt5dVl,11174880.96,3977815#K00VMtWMro7nIAikOlQ,12794391#61nvVeThc0NVFQtQsYu,-9037519.5400
1317,1773,7658000,-7612059,-12999391,2586037.7900,-10169565,5465997#3wvJYopqQh7,-175409.25,8966553#BW6mofkCIUnNX3O6UsQ,4103554#ieYwv3Ka32rUGhFmzkQ,-7014680.0500
1318,2212,7726863,1451771,12269538,-4131671.6800,-9777026,3964623#rS4a1if8dFj,-2053145.70,12639585#PD5HbiBqIDJkDiPiwNT,7198166#aoUQ5MVa5ljnnmpwGAL,8966494.6000
1319,1648,9264655,-3099124,3841488,-2783346.0900,-3474499,6190519#EvyEo6zgGiM,-3732594.92,524726#dR3Q9VoMa9fMAuSswWs,992590#mBZ6FuB943AlD73gg89,-2432653.2700
1320,555,1120554,-10529749,3572553,3836445.6600,-3525536,6953234#S0KmgcBhwLC,-5164263.03,7846575#zshRojtmecqb8cezZRb,2801612#8iLnsXcbygJEiq4L3FR,-6269458.6900
1321,1624,-5713037,-3869696,-5093252,2095075.5500,13011034,4609629#Bncuh6SOd6M,-7841311.55,13112602#PORhhqvrkKbrK15UdP8,5991612#8iLnsXcbygJEiq4L3FR,-1678446.6700
1322,3240,6634868,2793673,-11964767,-3928140.1000,-592863,9388158#puzWSkXUvRR,8824630.88,1253581#H5VJMpNMArGUEIzB6kM,11463016#983CniOjmPw9gHheHTC,-10185966.1600
1323,1484,-11409470,-5291223,6658154,82796.4300,12589401,10766149#2sYH9805EK9,-5080016.95,4380696#BUI81oubVU0D6cBHRFi,3418123#W2YcDvg68mjTcUwJRjj,-10696895.1100
1324,1071,-1229094,362153,-2430107,-2313480.4600,8579350,9467#pkHa052Sj13,4844549.35,739029#EdnxOIEGOxKj4wweKyK,10467924#T0VDhE1Yh3gaF2qms93,-7237590.8000
1325,2941,11093187,2417563,10629157,431675.3700,-4827008,11982061#GhT1qeOionr,7673364.66,165373#KDvP77RtBKyMboLSE59,5551846#OZMy2F1GIdlN9Fkoo6z,-12462756.3400
1326,2140,8939548,2075805,-4530007,2981092.0400,7888096,9715953#IhtxiKDmjeG,12298948.23,213353#CWoUADMRWluEvG9naUa,6188718#SlV3fcgalAoefZSRHXQ,-4616584.4900
1327,2553,-3448227,-6318933,-13190430,3148730.5600,1947959,6815686#NnuS0THkmU6,-10797318.83,7492498#cvBdWu0g0SeUOBGtXNZ,13189491#yzLjx092nK0373Jv5Lk,-12935622.8600
1328,47,6853870,7962011,1993003,2197284.5500,13054382,6011397#iFpA2ayENgV,6818798.67,1442330#88akLiRj28qNGuIKQc0,10255723#xPeuOpecYZfpNTj2VDV,268022.3500
1329,1506,4434772,4397336,-2906161,4518719.5300,12903709,10829188#W0Sb6D5KySn,169239.30,10652077#LgowPy5Osi4as2TD8z6,150526#XjHB4esvgQGQijYz7Vh,11497229.1700
1330,1849,12666693,-488998,11169976,3210404.4000,-36116,11296219#4cbJbuQDpru,-1034862.63,9136206#Vr9UVjWu8rzdeXRW5pg,3850163#sirrTBhQKOJUqDxLcsh,1588243.0000
1331,1041,8105110,221915,-3445664,-2668067.1400,4370051,1658425#UzvDCU2qaWM,-7240762.10,7833452#uf8VNCIznVw3qldwNQM,6179540#e4dsyTXuu09xJkKMJIW,-1125008.2100
1332,2117,10583690,2695050,-671683,-3360668.9400,9254635,758276#hOA4hNDJ3YO,-5019915.03,12386912#vKYgLrUVaxDUtovtaTm,11680226#kWi14W5lw5iZSKFOCDi,4351702.8300
1333,1831,12753496,-7355069,-8979676,-1516044.3100,-7434112,1283154#xNtxRVERtZm,-6833232.14,10665267#TVvUwdlgBcURrCuU2V1,901187#ruZmt7PEsilhvUReTC0,-9121671.7600
1334,1852,-6697942,-6948238,7196684,-1573255.9200,5146412,9955188#W0Sb6D5KySn,-1766292.64,8559453#g3VNUr8uFKDWqwR7UGY,12876870#Fk45tYFPIe2hS0csFI4,3650140.5300
1335,567,-7897879,-4563741,7959354,-3511210.0400,-6973747,996362#z0xTXQm9y6D,-4371423.04,2640239#6Co0IVmnzboSJwGqiQW,5384032#EzATTZ69TqIvoyRK2Hz,-3174746.3500
1336,2592,-7485985,13028987,-10790941,-1915990.6300,7738137,8690493#RPNwJWg2g4W,4258186.59,551850#6qI3h6kjfkgcTWE677r,5237017#T2H1f8omslam75VzCFA,3537489.0200
1337,1981,-5950215,11105400,-12166331,1039447.9900,11136757,12783192#TjGnpaNtUzi,-10006143.75,12373723#1tecB8uert8avSKvuKG,11699249#Ytz2LdAVi7pHCZRnNFb,1673973.1600
1338,2935,12741261,235030,12943117,4725492.1200,-4631174,1486097#sXoORT43oiq,9662199.64,9635072#3SAyQYF0MVxpnaeIgI1,9357975#daR77aAH0ltktgTqPjL,-12579658.8400
1339,950,9237991,-8321888,8279014,-3540880.3100,-3482325,5058543#fmdCAKM3bkC,2559321.55,12054273#iociwSulKSKdeptJ331,5735896#7GPZPPrFWqwuNqMuUoH,1352334.0100
1340,2099,10750751,8742903,-2066132,2776272.1600,7376807,10478854#3m513Jv4JMr,453032.91,8919868#maV3NnODQrKj3860N2p,8947801#W8qJjZVFWesPzCcmmpb,7514637.8400
1341,1857,4243544,1080586,4315682,4814612.7600,2898930,4165971#1gHIvrvEpmH,12348316.68,8988209#rk4L7pnuicqBYK2ilGC,3633638#8NIn0iQxwn5QcH7qmsm,-10394304.7900
1342,82,-2176409,-5008028,-12961714,-867847.0100,9738828,3556048#m35vU2cnhNN,-3127206.73,870726#dR3Q9VoMa9fMAuSswWs,8570733#EHdVuNdvu61XT56JDyZ,-5859403.8500
1343,2235,-12815008,7341663,12373238,-3517080.9200,7900630,12343417#tpVhS5Dd0t0,6880028.47,11904971#kJvTmCQGxWoc5HNEh4g,4471725#7t6JSFFbWt2KxjLU8W8,5517369.6400
1344,1074,-3159058,8545641,7030373,-402388.3300,2160469,2229530#yQ97TMsz8cU,-11946374.60,10509150#z8aiJWHwTuxpAUEbQuz,5253914#N3O08UfOmBYAGewmYCN,7291844.2000
1345,3033,-6312477,13359484,-8384067,3580170.2200,-8297554,4735384#zB1o9gmpW3u,-4730200.34,11139136#gr8ltHqLSiaL8mUlaD6,7392318#srHAanWkZDS0sfGODLq,-488333.6000
1346,2298,8682315,3997685,-4571767,3985107.6600,12908857,5622397#iFpA2ayENgV,12941842.77,8322995#q6XKwXGhy26fGFtgDeB,12055858#IbI2SAA0WK6qXt4QRNT,-774668.4000
1347,2974,-8042844,-5578839,3336048,1672630.6700,13274920,3092082#JUwLR3vywQ5,-3730627.48,7930566#39brg5ilC9SO7YGqRmP,4527970#at2Gg25BsTAlXsgFKJI,-9598988.1500
1348,374,3333264,6675371,-2772995,3700083.3500,-667968,9969708#56xF90xxiid,-9258275.19,1700315#2iVngXiA2zBFifmcpxV,11640617#eOGDMvflMHigqP2M5I4,6739816.6700
1349,2506,-5001581,5562522,10355119,4283099.1400,9929058,5483517#AXYqyZuReWh,-13232461.47,3618646#hEICjj7RsmJOaymRAFc,10627139#xH5WQEDmd9IxLuXANv9,-12515118.5900
1350,1500,-12392493,229118,-9378708,-4076285.2100,-224300,11071712#4uTpAaufStv,-612645.02,10024065#e9DLe1357RUcrATR1Fu,7044023#g9pR0m4U9LuhZt34Rfc,-7319154.0700
1351,869,9905726,-4552667,11300313,-3727713.0500,3978558,6963815#nkzggLnrncw,4143561.32,2118404#yg6GfQiNTgHfHc7laHG,5835611#HnbvO3tuhZMgYt3XpkK,3040903.7300
1352,1429,11644778,-10012201,-5998477,4593416.4300,10953456,12550307#iTG23CZi8Pm,-1115786.65,10096725#qlnIUTmeHddoWDVEHna,10878098#zkf1nVVZUEFUe90AxfH,2930786.6400
1353,1043,-10713400,4631319,3433152,-55667.2100,1972714,6150417#tpVhS5Dd0t0,-1777471.93,700961#GoYIguI2QyjNMjBVJO4,8591528#jKnMYb7CoR7VCNvrhVn,-11313020.4200
1354,3170,11063241,10038689,-3994742,4641482.7600,-4382487,4366593#DxsTvhs6uSs,3223720.62,12643849#0eRrT8tROGrb2q7nTi3,2619393#qmoK5Bzwm6YyUnsm0nI,-4213815.5700
1355,2472,4899273,-4734934,-6148475,-4025176.1200,5297678,8282607#fT3ksOZ3Kc1,11766945.53,4229327#DzG19ZvQx0XKRvA2FzI,12044316#s1ktbWECld8PuvhUfIR,12167511.9900
1356,620,4147711,7183426,10218888,-3970027.5500,-5532241,552794#8MOKRwCwsVr,9850326.23,8668488#CxDc3A7sYC73Fheu0I9,11870469#rAnYVtgkenM74FHCSRs,13004110.3000
1357,1443,-7156500,-2238962,-10174922,2206294.1500,-1266747,13327758#4kh8iEQu9b8,-10064685.71,6646504#lSH9wM74HxZl6QDsH01,7456422#acgQFfEMtqXfd0Zjxeu,9316800.7200
1358,758,9272203,3557687,-4026103,-1496539.3900,13157911,1942225#ohwhzfVAvMR,8100671.51,6217827#gUCQwEXy5uvyExOO80M,860636#hGnTCN7Ti42DZM8MdUl,6241662.4400
1359,2626,-2787399,-11325398,-10914829,-1136041.3600,-6815832,6844113#qcgzDRF0YiA,3513820.66,821863#9DUSyRWaPRreJGDaP2L,11863124#10K1taIcZqW7MqVYKvT,4287206.5900
1360,764,12999849,-12167617,-7133405,2659420.0400,2504549,1626329#VTxM109Kwxv,13333753.62,8834546#nUkW5o1JNx4lc6lqZgy,9707888#3BmcvWSc0b80rClKUh3,-6660666.7100
1361,434,2037797,12309346,-5921422,1567377.3800,8362107,11425415#YHcOgGbZZZW,-1697950.12,10885938#uMevmd6E6Y9MZTUEaUJ,9144222#A0arcqyVG6fjIP4nUGw,8247589.9300
1362,2404,11175284,-6044601,-3336336,-3150585.5400,-1968191,1792919#rKrwtz1HLTi,-5903434.16,4995411#Jd841oKaFQPh4mcYr62,2402704#wQeeZMiTIoq0uCxf3og,-7056112.0900
1363,897,-11493061,1564792,6296609,4680904.2500,-6012481,6560610#TBf1l5H5qZ7,7066986.99,5078040#qKaEv3cNlhz9vmshCTM,1487732#vMhFvsz9LItkuooVAyE,-1126678.0400
1364,2572,-1038415,7659458,-3314087,364348.9900,-2794243,5656932#etdu3PW02CJ,8825472.91,13305138#wF8W12g7fc20XkPAu9h,8588497#ox9y1c9i0ZbYzzgWIpf,4552855.2300
1365,651,7893962,4552335,-4637082,1962760.5400,-7329562,1147193#iLMIufgQ1lO,-7211093.59,176140#lTwiv4LnpqvFJlcmPUf,12271351#Uw8GbcZVZ0pb6W0ADZ2,6968799.7700
1366,1291,3243805,6211732,-1857187,376816.6700,3561715,1659466#LgXUdaT8bSV,11599490.96,4128782#tiIpEKsdZGlfatdY4Yq,13280357#cnWn1PMYVNn73sMUSoA,-9380941.0400
1367,2186,7948560,-7900684,-13493127,2684204.2900,-10555924,5673428#zVuW3SMjxb9,-182242.75,9306955#plli4bB1dCPZdGPd2a2,4259029#j7qxmyHx5bt6mpyahKj,-7280870.5500
1368,324,8020132,1506971,12735101,-4288340.1800,-10147963,4114679#TFWDms0axq5,-2130830.20,13118710#I0npMTozgcPpKZL7mX8,7470937#B7fhACQsw9veiyjU4oi,9306433.1000
1369,973,9615660,-3216424,3987063,-2888600.0900,-3605843,6425105#LmojTundgNp,-3874265.92,544264#HJoWwuaq6pxr7EBO63Y,1030023#g9pR0m4U9LuhZt34Rfc,-2525178.7700
1370,64,1163011,-10928837,3707746,3981438.1600,-3659411,7216521#ODq7bXavYTm,-5359848.53,8143738#6lBUdj4dIHkMLjnMlfQ,2907553#M7vT9mSwes5B9sljH0F,-6507314.6900
1371,542,-5929104,-4016208,-5286315,2174137.0500,13503871,4784050#Df8o964tTgx,-8137782.05,13608882#GNKfDXN6cujWCxHTppc,6218332#EJuhu9DNsjViobFyW3m,-1741950.1700
1372,740,6885620,2899363,-12416992,-4076815.6000,-615638,9743143#Duy5HRbCCUy,9158354.88,1300863#9DUSyRWaPRreJGDaP2L,11896308#vl0azRYrPxEJraknBlj,-10571228.6600
1373,221,-11840939,-5491198,6909554,85573.9300,13064863,11172729#Tjxofiz5sbd,-5272108.95,4545999#DIzEpFemYtopfqN3JKN,3547226#kWi14W5lw5iZSKFOCDi,-11100992.6100
1374,3108,-1275569,375678,-2522210,-2401118.9600,8903450,9806#2giTchSHzG7,5027131.35,766744#CDPIq8xlr5328Klvt6B,10862909#ml4tbCpj0At3SttxJzx,-7511196.3000
1375,2841,11511630,2509038,11029994,448296.3700,-5009251,12434211#PccwIvUnSuW,7962990.66,171262#wy897k5VQ6oh2j2ECgU,5761280#JLO5r1zvmFQY7PY8ew0,-12932983.3400
1376,1115,9276892,2153955,-4700607,3093320.5400,8185646,10082040#CbLmehXHwXz,12763067.73,221194#6AMx6kkLDMaZmj25v3h,6421901#2BAbIQmwDGlFjaTpmh3,-4790428.9900
1377,3253,-3577916,-6556721,-13687730,3267276.0600,2021672,7072419#DYzonXmvKJq,-11203864.33,7774495#6GpuHoPOq3daXC8Yb7H,13686180#l3XOnQoOzSwtizdnyTB,-13422873.8600
1378,972,7112269,8261592,2068303,2279962.5500,13545832,6237550#mjd8JtysoWY,7075688.67,1496592#cRT1MaxaK9Vi65mLZIl,10641591#qt5wuoUNXM6r9B8GrtK,277953.3500
1379,3237,4601555,4563011,-3015336,4688960.0300,13389034,11236398#jXSFEa8svEE,175487.30,11052807#4Vc2sddlCFL8DHyfkeq,156148#mBBZtOD387zyZQLQfGB,11930144.6700
1380,86,13143236,-507098,11589939,3330887.9000,-37644,11720721#gGXT0idQ8iw,-1074113.63,9479525#WiWMDa5zsVetC0ag9C3,3994723#xPeuOpecYZfpNTj2VDV,1647722.0000
1381,2616,8409594,230115,-3575289,-2768161.6400,4534190,1720640#43TlHxm29GN,-7512901.60,8127413#FRjxoDfwsKuYHk40FfP,6411552#lcIy4GaHkQw6Ui5Y7Ec,-1167533.2100
1382,2329,10981188,2796209,-697161,-3486581.9400,9602210,786625#2mR0Oj9F5d2,-5208099.03,12851798#nGfxL9TKRvl36ATKASl,12118541#OUYQdWiN6rlBYihhk9o,4515113.8300
1383,2831,13232191,-7630894,-9316692,-1573060.3100,-7712862,1330974#uxDJmBG6TW9,-7089495.64,11065130#DAq5ciuhLNdYZ4ufIL5,934879#QiiXSljLCQ3wv8gH93o,-9464190.2600
1384,227,-6948950,-7208688,7466209,-1632174.9200,5339587,10328193#iLMIufgQ1lO,-1832244.14,8879897#Xs3M8zDeJRMyKEoa2YY,13359164#tZhshXU5dU19JQvfjsE,3786720.0300
1385,1967,-8193357,-4734316,8257129,-3642483.5400,-7235034,1033354#QpOWVZgEEYk,-4535163.54,2738820#EFzufq89kCj44DcPs1H,5585551#toaMsYcsSHEgwMpHzC2,-3293463.8500
1386,267,-7766465,13516399,-11194953,-1987535.1300,8027762,9015532#y4f1UiSIxIS,4417895.09,572405#H6yPexxkiHAVz52ObUI,5432913#huyaixiG7nqdpPFJd3S,3669964.5200
1387,68,-6173063,11520575,-12621137,1078563.9900,11553357,13261149#2sYH9805EK9,-10380627.25,12836296#L56wwhZAaaK7186gf5q,12136737#Ib9JZuC9nKKcE0Rleue,1736252.6600
1388,1035,13217623,243480,13426742,4902345.1200,-4804274,1541275#yIvUCI20ZxB,10023313.64,9995011#8uE5uLDYbLlCSzJy8Zp,9707584#zzIJo6x8QzlTeeRBCBN,-13050053.8400
1389,1525,9582707,-8632722,8588389,-3673096.8100,-3612446,5247163#cFbH11YPrRr,2655152.05,12504197#QpLNrl6PEGPlz2dqiQq,5949819#MnDDMkt44Y2gM0WCbNy,1402859.0100
1390,3024,11152127,9069303,-2143282,2879965.1600,7652130,10869492#46yVMZUbBoL,469739.41,9252513#QBC5XpPe1Dq3wCyZM53,9281406#lTW8g2yeQadP58l1P0O,7794876.3400
1391,1982,4401797,1121224,4476941,4994344.2600,3006917,4321152#aDKYHxFwUnu,12808819.68,9323247#BTvfeF4RbVdZoBCGQzL,3768780#TWoIRHpkcGrRgFUWoN7,-10781681.2900
1392,32,-2257513,-5194803,-13444639,-900384.0100,10101312,3688380#YKGVTnfpC3f,-3243886.23,903112#nKn8tIQK91XhDhcw1hH,8889842#UNR9ncTnMFmujeapxah,-6077563.8500
1393,473,-13291814,7615313,12833910,-3648038.4200,8194797,12802731#VW9AfsEkBVb,7136080.97,12348120#Tkd8ppKHsZPAusOtSo4,4637924#T0VDhE1Yh3gaF2qms93,5722850.6400
1394,1199,-3276761,8863616,7291860,-417148.3300,2240844,2312264#FGZo1pbKR6D,-12390727.10,10900077#LgowPy5Osi4as2TD8z6,5449057#K8JtQzQsfkm4xtXIC9t,7563385.7000
1395,2233,-6547045,13856384,-8695417,3713073.2200,-8606344,4911169#wLD6EPNxWA4,-4905706.84,11552947#r6zOipYLhnzKi0O8qmp,7666799#6QYoLsLDJXsF7pMnlTK,-506290.6000
1396,73,9004491,4145985,-4741229,4133260.6600,13388525,5831098#HmDOWyLFJLO,13422516.27,8631984#4MOguhZLFhHV0djdtzP,12503365#fRmAAa849hPfX39kQEb,-803622.4000
1397,2874,-8341529,-5785833,3459557,1734411.1700,13767517,3206603#6CuyXcsrbnQ,-3868769.98,8224794#Af3qf0qpyFjpGYRAxNK,4695833#NON31yvVaejiIXbAzbl,-9955570.1500
1398,2299,3456541,6922786,-2876070,3837650.3500,-692818,10339392#DWFu4TDNb1N,-9601625.19,1763382#kwwb3Frb9tqBnsG14pV,12072111#cEFlrinc7lFp5SVZv0z,6989719.6700
1399,2006,-5186865,5769022,10738619,4442164.6400,10296721,5686441#uPIAY16Ux96,-13723005.47,3752523#xsyM75GiDQBxVCWfq4I,11020711#mSiUAFxuQ8TmFhRyiEE,-12979073.0900
1400,475,-12851471,237568,-9726395,-4227047.7100,-232615,11481467#pkHa052Sj13,-635345.52,10395084#1KvuBGQrOXJ5LJC97ik,7304603#CovEgyy6XkqVQhWJ5Xg,-7590074.5700
1401,1594,10272176,-4721242,11718863,-3865898.0500,4126133,7221301#nl0D6fGF2Vm,4296804.32,2196666#XC9Uzqwl0k1XSfpkxls,6051355#63LetZ28eWH2cr7eGmE,3153418.2300
1402,2629,12075531,-10382798,-6220095,4763240.4300,11358381,13014262#BTW5oq9daPg,-1156960.65,10470026#QiKsKC6Z2CsoPPJytt0,11280207#2oqfcQmGnOG0STgP9w8,3039197.1400
1403,3018,-11109324,4802773,3560114,-57391.2100,2045326,6377514#lH9CqMdfw0B,-1843032.93,726574#MI6hmRG0F4jm2ZWn9xk,8908856#bmfWYx2iEJ6zaka3AsL,-11731184.9200
1404,1945,11471890,10409161,-4141992,4812654.7600,-4544551,4527840#ljORMOdvFNo,3342935.62,13110390#XtSRUgm9Qg0Jwxeeehz,2715843#4adXRKgxqZXCF5fDUQ8,-4369053.5700
1405,3262,5080254,-4909447,-6375575,-4173376.1200,5493497,8588042#pp5U19poMQy,12201214.53,4385296#L56wwhZAaaK7186gf5q,12488441#9zFgHEIBYHN5LGnE608,12616689.9900
1406,1795,4300690,7448226,10595719,-4116273.5500,-5736135,572859#oRseEZmAkYA,10213238.73,8987794#Af3qf0qpyFjpGYRAxNK,12308103#o4CytQDPRz38FKKVjig,13483368.3000
1407,2643,-7420220,-2321124,-10549697,2287684.1500,-1313059,13818522#GT8csqY8dUI,-10435191.21,6891089#9c0uGzCxZ2qXWkMfn9P,7731004#JEQwhRYNxkV12PcEUXT,9659982.7200
1408,3083,9613552,3688437,-4174479,-1551830.8900,13642361,2013432#psgM3y43RBG,8398626.01,6446586#jskPEzavzOg4HMUw7zp,892012#mUddlfOKX0Z5GHbnrNf,6471318.9400
1409,2751,-2889660,-11742073,-11316091,-1177689.8600,-7066369,7095771#MikviGyZt9R,3643432.66,852059#2Gkj5iidytwQeiTEdwV,12299437#Gi63rNMU6rS21UJ1tum,4445158.0900
1410,1139,13477832,-12615292,-7395455,2757512.0400,2596487,1686012#CoAKhm3RBGT,13824027.62,9159181#jEBPQLmpAKYK9ZbKVIU,10064607#4DVMoYQqnn2m8LxEbWT,-6905345.2100
1411,2159,2112429,12761396,-6138922,1625307.3800,8669632,11844948#PR8hVADJLUW,-1760353.62,11285506#zVbPAvOV9ky6EDtlHKs,9480024#RblvpKxW3AAeiwpMJdO,8550932.9300
1412,485,11585195,-6266201,-3458661,-3266438.5400,-2040559,1858723#D4dXrTOi5Of,-6119927.16,5178713#OvUpH2TmjmLvuxT97gz,2490758#LthPGaZjy5t0M7juUsx,-7314959.5900
1413,2210,-11914392,1622305,6527409,4852715.2500,-6233031,6801160#OedV1Bs2z4o,7326111.99,5264106#6kw45EdPP6Qq8z1pTd1,1542001#QF0VNKCH8ipmKJdigjB,-1167915.5400
1414,897,-1076260,7939983,-3435487,377692.9900,-2896668,5864194#sHxqYuEbA6m,9148688.91,13792718#CDPuJZTZOFZpDmHqDs2,8903064#FliHR4iVvsmuUvTlSBs,4719892.7300
1415,2601,8182989,4719110,-4806907,2034881.0400,-7597687,1189195#aZgqFtHwdqI,-7475136.59,182378#V07YL5SenMcQpLNlV8P,12720696#ATqyl85KjjBP5mbsAh4,7224384.2700
1416,2479,3362813,6438782,-1925262,390698.1700,3692178,1720017#B2aWL3zSaOO,12024100.96,4279750#iwUcAZeqKQNcHKdn0Zx,13766323#KboN9Lp7xxMDivH9tlU,-9724362.5400
1417,2598,8239121,-8189309,-13986862,2782370.7900,-10942283,5880859#oRseEZmAkYA,-189076.25,9647357#3Fs0sx9V0OK2eOoljf1,4414504#pgYYqqxjdVkDkWbMvB4,-7547061.0500
1418,1712,8313401,1562171,13200663,-4445008.6800,-10518901,4264735#sjsotY1j6VV,-2208514.70,13597834#35GcbHe9jxanUG1jrde,7743709#tGCY1ueThIzIR4B6YY2,9646371.6000
1419,298,9966666,-3333724,4132638,-2993854.0900,-3737186,6659692#84rnbBLhf9Z,-4015936.92,563802#0tmOKhZCNzjaF7QwdIO,1067455#BK4uVOSHrrJN1dx7qtI,-2617704.2700
1420,2848,1205467,-11327924,3842940,4126430.6600,-3793286,7479807#FY4dPQOWHIe,-5555434.03,8440900#FfxBJHoKzu4NrKR0xZV,3013493#Hcxbj5Ja4nPShyFsp0T,-6745170.6900
1421,2736,-6145172,-4162721,-5479377,2253198.5500,13996709,4958471#05xobPb5Cph,-8434252.55,14105161#wIUtGaKoSciRie3HrwV,6445052#171xL7AD9wAJLUSy72o,-1805453.6700
1422,1515,7136371,3005054,-12869217,-4225491.1000,-638413,10098128#kbDApRfBZqY,9492078.88,1348144#EZKaPuj36DewcFwyVGv,12329600#N0IM4fsJn3aSXYPch6j,-10956491.1600
1423,2234,-12272408,-5691173,7160954,88351.4300,13540326,11579308#f90ZXcEHlVL,-5464200.95,4711302#FUcZrUCRkhsIkflX9eX,3676328#App74RVa4We6SDSI084,-11505090.1100
1424,1871,-1322043,389203,-2614313,-2488757.4600,9227550,10145#BrJO5PyfGfo,5209713.35,794458#cfsp1OV5LWX719D4ZbK,11257894#yrhV6q6mFvXcXDsNwZY,-7784801.8000
1425,2741,11930072,2600513,11430832,464917.3700,-5191495,12886361#anMTD6KZKky,8252616.66,177151#JbbKl1UecbWruGKjeqZ,5970713#M6NH8LKYKcHXTJy16fa,-13403210.3400
1426,90,9614235,2232105,-4871207,3205549.0400,8483196,10448126#a25X6rBddtR,13227187.23,229034#fXa6kKbldyo9MSEKKXC,6655084#PlLllS9VU8vxgMqr5FI,-4964273.4900
1427,678,-3707606,-6794508,-14185030,3385821.5600,2095384,7329153#9f3AKse1IKB,-11610409.83,8056492#VyMWdxqUSj9i88aBL9k,14182869#z3E7cd16zTb8eHck6JT,-13910124.8600
1428,1897,7370668,8561173,2143603,2362640.5500,14037282,6463704#g64fgtu06t7,7332578.67,1550854#OJ9DNJKKVACbetM0nsd,11027459#4nOdrSWm35lD5WPcWRs,287884.3500
1429,1693,4768337,4728686,-3124511,4859200.5300,13874359,11643608#xiBGzdNcj66,181735.30,11453537#e1iWFoaz3zXUwhdHpSv,161771#83lTW03qH2ljvzaJNpU,12363060.1700
1430,1599,13619779,-525198,12009901,3451371.4000,-39172,12145224#FOVcB1ClYQt,-1113364.63,9822845#TQVfTvWOebNjwgwhF1D,4139282#WS8Sg6hTxiE9YnA1hCE,1707201.0000
1431,916,8714079,238315,-3704914,-2868256.1400,4698329,1782855#09ozqeTcUt0,-7785041.10,8421374#JNjGmvfvG756pOJWmol,6643565#pftoo1SOjPsxPIfM7ne,-1210058.2100
1432,2542,11378687,2897368,-722639,-3612494.9400,9949785,814974#uxDJmBG6TW9,-5396283.03,13316683#FAD2s0Is0YANUbBeQD1,12556855#JX3l0SF94yuJGgQrpSA,4678524.8300
1433,556,13710886,-7906719,-9653707,-1630076.3100,-7991612,1378793#jPMtj6RARDS,-7345759.14,11464993#sTv8MGOzHr3Ya9l9k6W,968571#jPxq8CpuXIxbtIam4xv,-9806708.7600
1434,1877,-7199958,-7469138,7735734,-1691093.9200,5532762,10701198#G2ijy2WBOAC,-1898195.64,9200342#gj6gHEX4j73ksggXxzA,13841457#AcW65NQ12NeJb397HN3,3923299.5300
1435,92,-8488834,-4904891,8554904,-3773757.0400,-7496322,1070346#RWwtrmRazxc,-4698904.04,2837401#GDfHYiXVV9ygn5A9u00,5787071#UwgpX80xzhVAaVMKNTo,-3412181.3500
1436,1217,-8046945,14003812,-11598966,-2059079.6300,8317387,9340571#AJEBfuxRu0B,4577603.59,592959#UYG6U79F1Wg71YTONrN,5628809#iXPBjHuZOLCiJhHXRWG,3802440.0200
1437,1431,-6395910,11935750,-13075943,1117679.9900,11969957,13739106#cShuMq1TSPL,-10755110.75,13298869#5jgQVSV2vdREH9Z3BQj,12574226#kWi14W5lw5iZSKFOCDi,1798532.1600
1438,2410,13693984,251930,13910367,5079198.1200,-4977374,1596452#7CnHT705DFk,10384427.64,10354949#MnLnw0vclTeejULILFh,10057193#MMXhJxI7HfNrRrY22tp,-13520448.8400
1439,2100,9927423,-8943556,8897764,-3805313.3100,-3742568,5435782#CYKNpNMRKkM,2750982.55,12954122#McN5kaboqw9bq6YiYIj,6163742#cXrJ1jZdMq0AiVwwuwE,1453384.0100
1440,674,11553503,9395703,-2220432,2983658.1600,7927453,11260130#Nrni6DyhGsE,486445.91,9585158#JHuZlDfDtyVWspFxSu8,9615010#86P2SbvsbcJ0qwMKWC4,8075114.8400
1441,2107,4560050,1161861,4638200,5174075.7600,3114905,4476334#kYPGlS1zbOo,13269322.68,9658286#l5sM9AotAPSypy7qFFX,3903922#QseFLaMG0KlS1hcjN5W,-11169057.7900
1442,3257,-2338617,-5381578,-13927564,-932921.0100,10463796,3820712#4uTpAaufStv,-3360565.73,935498#cvBdWu0g0SeUOBGtXNZ,9208951#xPYShNW7sRkEXHub36S,-6295723.8500
1443,1985,-13768619,7888963,13294581,-3778995.9200,8488965,13262046#uOnptub7flT,7392133.47,12791269#7U3rBLsdFGT6fD1zLla,4804123#W2YcDvg68mjTcUwJRjj,5928331.6400
1444,1324,-3394464,9181591,7553348,-431908.3300,2321219,2394998#fSliw8rVmgY,-12835079.60,11291005#ZKiPAyfGmNj9ZjgLExl,5644201#qRUhd8VYKAUPHcN01no,7834927.2000
1445,1433,-6781614,14353284,-9006767,3845976.2200,-8915135,5086954#zNcjlKU3GXM,-5081213.34,11966758#zyl6Fu4zuAuTTluP4PE,7941280#JLO5r1zvmFQY7PY8ew0,-524247.6000
1446,1123,9326667,4294285,-4910692,4281413.6600,13868194,6039799#bE8PyJ8KqXp,13903189.77,8940972#uJRKeYdvQZW7xCNvAF4,12950872#P6hPqXxAkusXgsWrziV,-832576.4000
1447,2774,-8640214,-5992826,3583066,1796191.6700,14260113,3321125#GGccr3brVkl,-4006912.48,8519021#IzAmSIbYrbL4CXev1Cm,4863696#ATqyl85KjjBP5mbsAh4,-10312152.1500
1448,949,3579819,7170202,-2979145,3975217.3500,-717668,10709076#8KwgGFPVeV1,-9944975.19,1826450#DMcRQnYy5SozgATwW55,12503604#0Fokh26WF4FtiCv7BCE,7239622.6700
1449,1506,-5372148,5975522,11122119,4601230.1400,10664383,5889365#QZwsAzusVgJ,-14213549.47,3886401#GDfHYiXVV9ygn5A9u00,11414282#WS8Sg6hTxiE9YnA1hCE,-13443027.5900
1450,2725,-13310448,246018,-10074083,-4377810.2100,-240931,11891221#dEGaXYaQE5g,-658046.02,10766103#yL2klqTDVmRmKqaw8tM,7565183#zGDxW66iiiXWs8652Qj,-7860995.0700
1451,2319,10638625,-4889817,12137413,-4004083.0500,4273708,7478788#jUIhh7sKpQQ,4450047.32,2274929#iTLMMByzxWOsa8aKt9M,6267099#VSJW3kgvR9kmZd06ewq,3265932.7300
1452,554,12506284,-10753394,-6441714,4933064.4300,11763306,13478217#sqf3B6jFTba,-1198134.65,10843326#GbepsuXD6MRMP8rz7HR,11682317#X3dJ1FIRRECrtGl7VL1,3147607.6400
1453,1718,-11505248,4974228,3687077,-59115.2100,2117939,6604611#JCNGF1a5dmA,-1908593.93,752187#4nOVETXv75Zu5RoxCET,9226183#zGDxW66iiiXWs8652Qj,-12149349.4200
1454,720,11880540,10779632,-4289242,4983826.7600,-4706615,4689087#r0CEp1gtioz,3462150.62,13576931#0P17r4ghPrUMkAPbYFe,2812293#8g76QqBuXJLFzFzP0bw,-4524291.5700
1455,778,5261235,-5083959,-6602675,-4321576.1200,5689315,8893476#bi10deNe1aZ,12635483.53,4541266#5iRs5WxM4a7HB0Au32G,12932566#1MLhoHFmGFcmQYaqdy6,13065867.9900
1456,2970,4453668,7713026,10972550,-4262519.5500,-5940028,592924#wzfPFD6PQtW,10576151.23,9307100#986PAz74JsfWpKhBJQw,12745737#Ib9JZuC9nKKcE0Rleue,13962626.3000
1457,568,-7683940,-2403287,-10924472,2369074.1500,-1359372,14309286#P9GI9UG765O,-10805696.71,7135675#qb1wa4hcJ6cHGi1REHP,8005586#EDVw80ExRypngqb5aX0,10003164.7200
1458,2133,9954901,3819187,-4322856,-1607122.3900,14126811,2084639#9XuI3cOefrM,8696580.51,6675345#hYukNb1mj6hA3qQdurR,923388#foOPdnmWVRyczNtwWkj,6700975.4400
1459,2876,-2991922,-12158748,-11717354,-1219338.3600,-7316907,7347430#YBlOEa0y67F,3773044.66,882254#iaqyGOOyZTi6jzz63xD,12735750#mCVPqjASqBbR2cDVbBN,4603109.5900
1460,1514,13955814,-13062967,-7657505,2855604.0400,2688424,1745694#dlzl2sLLPE3,14314301.62,9483816#t4lU0vystStY3ruYgxV,10421325#mFFOnEupd2LR8ck6xqU,-7150023.7100
1461,609,2187061,13213446,-6356422,1683237.3800,8977157,12264481#f6rniAEaG9y,-1822757.12,11685074#Mqr2ugYMnGwj6X50sKc,9815825#OqeQHh8ttLSWEFcszxJ,8854275.9300
1462,1841,11995105,-6487801,-3580986,-3382291.5400,-2112928,1924528#MYYVV6cfA9a,-6336420.16,5362016#zCGuyWu0Ya6RRfZiN4o,2578813#4FnnGg3ehcC0ZDLsil0,-7573807.0900
1463,247,-12335723,1679817,6758209,5024526.2500,-6453581,7041711#qCOLkGIgYVY,7585236.99,5450173#FENq6ALRfbFLGc85UTh,1596270#pylbjaxUldnMe14CyPh,-1209153.0400
1464,2497,-1114105,8220508,-3556887,391036.9900,-2999093,6071456#YCAPr7Kf7uC,9471904.91,14280298#ngu8oUJuV89IOOGvZaj,9217631#iQJDYBXP6hCqrCiZ5Zm,4886930.2300
1465,1276,8472015,4885885,-4976732,2107001.5400,-7865812,1231198#G2ijy2WBOAC,-7739179.59,188617#WDrrf4zB2ZF2HQdgfrq,13170041#x35Dn1gmICOm9LOmbOx,7479968.7700
1466,391,3481821,6665832,-1993337,404579.6700,3822640,1780567#N0zJLNNyypK,12448710.96,4430717#48KsglvGI98nBuB90BC,14252289#n5aea8xKBVYXXQ7Ysro,-10067784.0400
1467,3011,8529681,-8477934,-14480598,2880537.2900,-11328642,6088290#y5IHL3OXzzx,-195909.75,9987759#nUQY5FLNeZyWXTZ3vXP,4569979#aGPhGhNxvtow2bL9qjP,-7813251.5500
1468,3099,8606670,1617371,13666226,-4601677.1800,-10889838,4414791#DWlCeuHjEbt,-2286199.20,14076959#UYG6U79F1Wg71YTONrN,8016480#y6PDiH05E8T1QHpXiSq,9986310.1000
1469,2898,10317671,-3451024,4278213,-3099108.0900,-3868530,6894278#HEyEAQAguo6,-4157607.92,583340#qlgNQvlkqmmiNjSgv3s,1104888#3BmcvWSc0b80rClKUh3,-2710229.7700
1470,2357,1247924,-11727012,3978133,4271423.1600,-3927161,7743094#MmCHs5PgvVT,-5751019.53,8738063#QUPVC0EsoLvXnevGlh0,3119434#wlHxs324b1Gb8Tyz5qd,-6983026.6900
1471,1654,-6361239,-4309233,-5672440,2332260.0500,14489546,5132892#XjZaKQOM4pO,-8730723.05,14601441#ZKalFGKaU7IKS6CTg1o,6671772#ajQoTdUpBgSCp97Zbjm,-1868957.1700
1472,2290,7387123,3110744,-13321442,-4374166.6000,-661188,10453113#qcgzDRF0YiA,9825802.88,1395426#gHtjPPgLqRt29dB513d,12762892#lYFMMBtpEEVhdaHmbFg,-11341753.6600
1473,971,-12703877,-5891148,7412354,91128.9300,14015788,11985888#NgoWjcwug9D,-5656292.95,4876605#GAHLpPTdFadhovfS8kX,3805431#yJJg9A2kFkIErgPEAvW,-11909187.6100
1474,633,-1368518,402728,-2706416,-2576395.9600,9551650,10484#QzOK6VYXbBE,5392295.35,822173#FENq6ALRfbFLGc85UTh,11652879#QiiXSljLCQ3wv8gH93o,-8058407.3000
1475,2641,12348515,2691988,11831669,481538.3700,-5373738,13338511#dYo3DcfG7J4,8542242.66,183040#qKaEv3cNlhz9vmshCTM,6180147#CQPa3CGyu1mDz8u0Ojl,-13873437.3400
1476,2340,9951579,2310255,-5041807,3317777.5400,8780746,10814213#IKA5iSm4mQ3,13691306.73,236875#Tg0VuaSCwJbPEqEdDcw,6888267#0UB5jvVclBA4vCYDlX4,-5138117.9900
1477,1378,-3837295,-7032296,-14682330,3504367.0600,2169097,7585886#UhCmNRmvhit,-12016955.33,8338489#3fRXQde0AxkQfFKmDL4,14679558#UZuhNO1v5YSg6PCx11P,-14397375.8600
1478,2822,7629067,8860754,2218903,2445318.5500,14528732,6689857#OBMCOgAw2mf,7589468.67,1605116#ucg2ukfjXkp30xr2ne5,11413327#YRjeThrzcZicy8JD4AW,297815.3500
1479,149,4935120,4894361,-3233686,5029441.0300,14359684,12050818#KfkPoKARnBW,187983.30,11854267#TVvUwdlgBcURrCuU2V1,167393#qmoK5Bzwm6YyUnsm0nI,12795975.6700
1480,3111,14096322,-543298,12429864,3571854.9000,-40700,12569726#tLhIn0W7WYd,-1152615.63,10166164#OU9xSNf72fEIGW6enRM,4283842#UNR9ncTnMFmujeapxah,1766680.0000
1481,2491,9018563,246515,-3834539,-2968350.6400,4862468,1845070#1CPlhferUfL,-8057180.60,8715335#gVyF8CIEveXttzsvgl8,6875577#IulzMJcVuI6RigmwMqd,-1252583.2100
1482,2754,11776185,2998527,-748117,-3738407.9400,10297360,843323#ng3IyWE7jp1,-5584467.03,13781569#dxJJtRaa75qibX82zXj,12995170#58ewH21YuxDoEgGjH1w,4841935.8300
1483,1556,14189581,-8182544,-9990723,-1687092.3100,-8270362,1426613#B6U2vrnKOER,-7602022.64,11864856#B6vgaS7k9P4OB8xOnTM,1002263#7s53PsQCo20G9JuqR1K,-10149227.2600
1484,252,-7450966,-7729588,8005259,-1750012.9200,5725937,11074203#1nkTqKCaZJd,-1964147.14,9520786#pdQGrCYncOvMTEHwesE,14323751#7Ad7X2RVq1aY4KEiVfn,4059879.0300
1485,1492,-8784312,-5075466,8852679,-3905030.5400,-7757609,1107338#FZ72Tfel88U,-4862644.54,2935982#CmrYvSkMuk5Gybrw8np,5988590#mBZ6FuB943AlD73gg89,-3530898.8500
1486,2167,-8327425,14491224,-12002978,-2130624.1300,8607012,9665610#TBf1l5H5qZ7,4737312.09,613514#X1gBm8slLDcJqpmE0tb,5824705#7msWOyUEHMccJ0osKqN,3934915.5200
1487,2793,-6618758,12350925,-13530749,1156795.9900,12386557,14217063#LksxlZZZa7e,-11129594.25,13761442#rrPZ67uRqKFjhv7I2PE,13011714#Ulrvu24L7CodjZTjY60,1860811.6600
1488,510,14170346,260380,14393992,5256051.1200,-5150474,1651630#jTsEhE5anZj,10745541.64,10714888#1TARruMzQ6e1nGPFJ63,10406802#ggmypSx2uaCbcWfd1c2,-13990843.8400
1489,2675,10272139,-9254390,9207139,-3937529.8100,-3872689,5624402#MAAucThyLJe,2846813.05,13404046#rqOc6izm0EFl43hEpcH,6377665#iwmz3Z7R886aks3xMKP,1503909.0100
1490,1599,11954879,9722103,-2297582,3087351.1600,8202776,11650768#QsyX1D0hUGQ,503152.41,9917803#13tU7BAosJc9WdmsSrJ,9948615#WRhjsN8e7UiP47pVzGu,8355353.3400
1491,2232,4718303,1202499,4799459,5353807.2600,3222892,4631515#nP3L3WN5dhS,13729825.68,9993324#oEPzuNQ3dwvVUPyJW7W,4039064#FliHR4iVvsmuUvTlSBs,-11556434.2900
1492,3207,-2419721,-5568353,-14410489,-965458.0100,10826280,3953044#Qh6c6iJfur4,-3477245.23,967884#dDtdAYwpujudTVoJZpX,9528060#MwPC6FUHjZaS9xRe8em,-6513883.8500
1493,223,-14245425,8162613,13755253,-3909953.4200,8783132,13721360#ubsHG0E9pR4,7648185.97,13234418#m6249NkaPfVchZv5G7C,4970322#e3B5Per19VzFmCSa6as,6133812.6400
1494,1449,-3512167,9499566,7814835,-446668.3300,2401594,2477732#LL6IMdkCsN5,-13279432.10,11681932#uf4hic3IdBETho0fxD4,5839344#ATTZKbRiTRIZuahDApu,8106468.7000
1495,633,-7016182,14850184,-9318117,3978879.2200,-9223925,5262739#bOWpSsAt4Nq,-5256719.84,12380569#dxJJtRaa75qibX82zXj,8215761#El6z4R4wsBmAhIXt2hb,-542204.6000
1496,2173,9648843,4442585,-5080154,4429566.6600,14347862,6248500#l9Gd47OHA40,14383863.27,9249961#GoYIguI2QyjNMjBVJO4,13398379#fINieZwQcIdwfVtFbGw,-861530.4000
1497,2674,-8938899,-6199820,3706575,1857972.1700,14752710,3435646#0SF2FuCFAbY,-4145054.98,8813249#9sgELfET7IzoEC5NYzU,5031559#Zmd87xkyks5LCvOYHXQ,-10668734.1500
1498,2874,3703096,7417617,-3082220,4112784.3500,-742518,11078760#jtK2vomi5Lj,-10288325.19,1889517#LSgRVkaGQuDLTGC4LxU,12935098#zkf1nVVZUEFUe90AxfH,7489525.6700
1499,1006,-5557432,6182022,11505619,4760295.6400,11032046,6092289#zasXmoK95qr,-14704093.47,4020278#dYdtJG04JIyFmnGAZPc,11807854#SUKdN1DXbZQ2kJyZbmz,-13906982.0900
1500,1700,-13769426,254468,-10421770,-4528572.7100,-249246,12300976#1VUr42K2JCQ,-680746.52,11137122#McN5kaboqw9bq6YiYIj,7825763#vDCKu7hUgytNMTzEFhl,-8131915.5700
1501,3044,11005075,-5058392,12555963,-4142268.0500,4421283,7736274#cxxQ8yDQ4Qb,4603290.32,2353191#syCIkwPvKqrPGnIBRbo,6482843#4adXRKgxqZXCF5fDUQ8,3378447.2300
1502,1754,12937037,-11123991,-6663332,5102888.4300,12168231,13942172#ziSw1ITN8Yw,-1239308.65,11216627#J3sUBvOyOHN9av1EuJk,12084426#byANykinVGZZHgNnYOJ,3256018.1400
1503,418,-11901172,5145682,3814039,-60839.2100,2190551,6831708#56xF90xxiid,-1974154.93,777800#SzZCgeLYyW4J4F1Yihv,9543511#wvOtCOXVHQsCcUxrVEt,-12567513.9200
1504,2770,12289189,11150104,-4436492,5154998.7600,-4868679,4850334#kYPGlS1zbOo,3581365.62,14043472#GZvc12AF2hM4n5szKaX,2908743#5rBdlND5uURmRrr7lhk,-4679529.5700
1505,1568,5442216,-5258472,-6829775,-4469776.1200,5885134,9198911#U0AIgaKWAeu,13069752.53,4697235#SohMoZqjQWs53teGy30,13376691#nHsXdxJfpEn8OPrEH6u,13515045.9900
1506,870,4606647,7977826,11349381,-4408765.5500,-6143922,612989#SMnvXBW0BJs,10939063.73,9626406#4IkHhvmb2PT88UlwXWy,13183371#WK9V9633YmKYr6ddkN5,14441884.3000
1507,1768,-7947660,-2485449,-11299247,2450464.1500,-1405684,14800050#Df8o964tTgx,-11176202.21,7380260#2XkSfERoPYwSkisv9rE,8280168#BS0p1az1cTZ2kanWJpR,10346346.7200
1508,1183,10296250,3949937,-4471232,-1662413.8900,14611261,2155846#LWIG7PedbLa,8994535.01,6904104#V1Kz43Kzo6bap06h4hK,954764#ofBced9i6S3N8q88iAR,6930631.9400
1509,3001,-3094183,-12575423,-12118616,-1260986.8600,-7567444,7599088#i8L5Bg7qA4y,3902656.66,912450#DMcRQnYy5SozgATwW55,13172063#ZDoSZVNH7eLiuYet6a4,4761061.0900
1510,1889,14433797,-13510642,-7919555,2953696.0400,2780362,1805377#ImqO8sYlPTM,14804575.62,9808451#TJxePoWyBZKFje6SU24,10778044#jmy7ap9R43V9ar1I03d,-7394702.2100
1511,2334,2261693,13665496,-6573922,1741167.3800,9284682,12684014#4q5FhWKp2Ax,-1885160.62,12084642#LzOHNVIF2mo7BeEweNG,10151627#XblxWzonsXWv1tt00JH,9157618.9300
1512,3197,12405016,-6709401,-3703311,-3498144.5400,-2185296,1990332#uZ83cjZRxek,-6552913.16,5545318#AuwVzNvbj6hEqKv4Bo4,2666867#QpitDmnOXnuJOLENxZv,-7832654.5900
1513,1560,-12757054,1737330,6989009,5196337.2500,-6674131,7282261#YHh6UyW3A8s,7844361.99,5636239#6Co0IVmnzboSJwGqiQW,1650539#O6NgfZZGO7TMI8Gmv0V,-1250390.5400
1514,822,-1151950,8501033,-3678287,404380.9900,-3101518,6278718#uIFEjnvgufb,9795120.91,14767878#QcGrm9UcrxkrUHQHNxQ,9532198#sg8LSrQYBGyugXzJqw9,5053967.7300
1515,3226,8761042,5052660,-5146557,2179122.0400,-8133937,1273200#OfGZjbov5fv,-8003222.59,194855#9x3ePOnMtfS0QDhI2IY,13619386#ZI3oy17ILAO0oXeJ1jW,7735553.2700
1516,1579,3600829,6892882,-2061412,418461.1700,3953103,1841118#wwU9Tu49zqN,12873320.96,4581685#poPBQxqxLm2HhJglmvc,14738255#ihm9XqZ3tEZwWBuaaRn,-10411205.5400
1517,148,8820242,-8766559,-14974333,2978703.7900,-11715001,6295721#gGXT0idQ8iw,-202743.25,10328161#wIUtGaKoSciRie3HrwV,4725454#KszD6d5e4ewCGTiPg2G,-8079442.0500
1518,1212,8899939,1672571,14131788,-4758345.6800,-11260776,4564847#QxoALz5FlpV,-2363883.70,14556083#0Diyjg0EA5izmq4QVo1,8289252#o2cTX9oW6Omar6GU6yS,10326248.6000
1519,2223,10668677,-3568324,4423788,-3204362.0900,-3999873,7128865#UOfSJExHTm4,-4299278.92,602878#QcGrm9UcrxkrUHQHNxQ,1142320#yjcCpVyq2Xj72Ua6YjM,-2802755.2700
1520,1866,1290380,-12126099,4113327,4416415.6600,-4061036,8006380#YKGVTnfpC3f,-5946605.03,9035225#sOErnTgjzOYlJYHC1lH,3225374#kCvtwSNrQh6JYphe82e,-7220882.6900
1521,573,-6577307,-4455746,-5865502,2411321.5500,14982384,5307313#El0xgCRBGJ8,-9027193.55,15097720#QBx4bnS6wc2YFkxgYDu,6898492#9ThipsS20gdmpWOEq8m,-1932460.6700
1522,3065,7637874,3216435,-13773667,-4522842.1000,-683963,10808098#HmDOWyLFJLO,10159526.88,1442707#or93NcUFtkrmZqm6Dt0,13196184#dvd0fjEyy4DI6722IAJ,-11727016.1600
1523,2984,-13135346,-6091123,7663754,93906.4300,14491251,12392467#pkHa052Sj13,-5848384.95,5041908#lzzWM8gqMzbZUzZ5USF,3934533#6FSKVbSg8xVemvNeiZj,-12313285.1100
1524,2671,-1414992,416253,-2798519,-2664034.4600,9875750,10823#9knlWwWapJE,5574877.35,849887#m0oQWfkEySFmpik5G9e,12047864#u42euhx62vBQX9BGc8o,-8332012.8000
1525,2541,12766957,2783463,12232507,498159.3700,-5555982,13790661#fuRJLMjHABM,8831868.66,188929#iTLMMByzxWOsa8aKt9M,6389580#Haz0otLKowvqDxm5GGj,-14343664.3400
1526,1315,10288922,2388405,-5212407,3430006.0400,9078296,11180299#UezNKZPP8BZ,14155426.23,244715#DBRwVPL9zW8QljVdkVM,7121450#3jAHHfCd3CJThSKgXyf,-5311962.4900
1527,2078,-3966985,-7270083,-15179630,3622912.5600,2242809,7842620#JhXG1uV7CF7,-12423500.83,8620486#sYLuT1bW89UEutSXp5L,15176247#8WRn8hSsLyTC1lf6wqB,-14884626.8600
1528,472,7887466,9160335,2294203,2527996.5500,15020182,6916011#EDv3xINg1wq,7846358.67,1659378#V07YL5SenMcQpLNlV8P,11799195#kvP8vvLqGYyTxibe5HJ,307746.3500
1529,1880,5101902,5060036,-3342861,5199681.5300,14845009,12458028#GAPEgoupQf0,194231.30,12254997#CrLubosQvDtdcwfoOyj,173016#983CniOjmPw9gHheHTC,13228891.1700
1530,1349,14572865,-561398,12849826,3692338.4000,-42228,12994229#JNzsqJacqUr,-1191866.63,10509484#HMVfEE8YJXlDtpA7zJd,4428401#XdQNsyV8NuMvx5obS53,1826159.0000
