1313,1969,1917,3,12,43,269,9064199.4700,-10820532,-1979880,6821089#hBNg2hkJF5Z5K2g387H0dXO1mRUwkScazcu8jp,-12354412,7466225,10015936#tSGr5KdYB2PARFJjeK7Cib4GHtefx,1761109,-6081193,-1590686.75,-1335370,-5137263.0,3088835.94,12790973#uyzfIgwlLuOVl0fFQbYpSiu9RR,6488222.44
1314,1701,147,2,1,54,2446,1239722.2200,3799452,5963844,2685390#INXl1CottdCYjxVfrr1mFBfMHhIoO7pbLsbTlt,1110102,9793751,6879130#TgmC5beFl2yy4CJ7B3wkrqEsDiZK0,-10887059,11399096,-7309679.17,-5052490,-4916405.5,-8740.90,3551703#5RxAAs3yYS25GGax4kObLEkoE9,4406666.93
1315,659,1370,3,7,56,32,-10277189.0300,2440395,-1117633,5870137#1MZqdDT2qxPXegZVcafAJgchIlJU2ahVDD4j58,-6825512,-1851454,8670649#1IvadLy2b8FEwPsTXi4eu7qyIT8QP,-12818893,-357559,6302124.1,10786516,7136466.5,12495942.24,12682695#Vqmfk2FxB2pXOGITvYYoXWvqNK,10369409.44
1316,1416,1026,1,10,57,108,4032410.2700,2256432,915538,7935222#Yf9U5ccfVz9LNhBwxuMqaFuajJdRa0LIMbzK42,-10039925,-122779,8569513#mVWy19ziHhk80W5VWXDksf4GWUCtI,-7240126,-3990538,-1.142630277E7,7818257,556674.9,9283838.49,7872044#brzTl1oSWNECuUC3KBSjGGyJeZ,-10366204.15
1317,1728,488,3,12,17,2044,10562435.8100,1213624,-6931496,7323497#tEKs5fCulEDLavQi1PI4or0MsiSGUrLF2jFVAq,4374991,-8563771,5499105#eV139VVa5lFqyXPc97XOGiZ6L5gNX,-9912298,-7374926,-1.243383262E7,-9269893,1.0330719E7,4813983.49,2746987#FbvB4cbAkJK6YH4L1w46QZXDWG,12204573.18
1318,141,1070,3,3,55,2560,3578550.1500,-9146182,-5115335,6719074#IHIt64XFtJFeJlMA9udb6ZbeQV2naOX7M4LCtA,11178163,-3473005,12440009#7JasBSlMsm8bYZ8bMWb38GBLptVOE,-3821787,-9869349,1.223869534E7,-11598932,1.2946024E7,-8241977.30,10073015#iv8ZQxGcsWgq34yic7AwskOho3,-2466624.82
1319,2517,225,1,1,28,1058,2933296.6500,-4946333,6653702,12744451#gGsfDg2kQmaXgHHe2QeNdRKniohVOa6f9FLPf9,-395617,-636479,8212889#xqV20iyAMTbxKnf2ipj1zmMG58k0y,10629092,-10696695,6971540.7,-701359,-7160677.0,13163241.20,9018054#TUpz1OAeVtki7e0deHnAGoyyxK,-7253503.29
1320,1019,1454,3,4,27,2320,-6008736.5200,-1188066,10798052,2245413#HDvvvqXoqtN7kAWd3FKcxKMV6aDQLY3O6PQTBt,-3172348,-10099245,3936303#H3PMDCd1IOk0Btj9ki6mmB7RYNqmR,11076566,11490960,1.095584479E7,-3207871,-2818733.8,3036908.70,13126897#iseRW4ZZWXrxPYwc2IjSTYtcjk,-12698136.58
1321,2672,795,1,5,55,2090,12805126.3500,5590240,-2241665,12215329#k1z9w23kUokyTSBZijlxWtlp6iputu5Vxlll0O,-3135590,4748695,10470178#h9tMDU5VNqbvrYFqvipWbtJd0F9IC,6406705,5948017,9436281.3,-6456933,9642824.0,12475456.49,12343630#ExLkBHh7mFVcV3jf8dLjUqgZB7,12981984.85
1322,794,184,3,1,13,969,-5843573.4800,-2278540,6598271,7351974#s5VT2uqoQfkc7MgdbZwFL4bKEMrpMFJW0PNlcJ,-1559241,7849422,4731402#TRVp2QLhDZnpp927MHU6pivzjBI04,-6339375,-2114726,1.01099283E7,402677,4915331.5,9085717.09,6745266#kZudOuRNxYSySXENd2DkVdu2sb,-1976894.01
1323,2006,66,2,3,43,51,2715968.9200,8736316,-395218,12149089#hBNg2hkJF5Z5K2g387H0dXO1mRUwkScazcu8jp,12835005,-7427736,4896279#pXyiIJ6uJDQwbA4sCW66p6JmKESlG,8513445,-1335188,2409021.05,-8416917,9478025.0,12528563.82,11042422#QewcwJbBOpwntZkLq3A8oQ6IG4,10950115.74
1324,1172,322,3,12,51,1550,10884439.6000,10191900,-8983191,939342#jilzr1GmeyU3mPbfDxJ5wtFDTWMNk0nkMF60es,-10272660,9483499,8547951#BdSLdH5VdinYpmJzEDH0RNclaxdf4,2415383,2127882,4521057.63,12011859,-2304944.8,11529983.46,4870274#Bz1YO21nK4Wg8DEPLVRku6JreE,-6668313.10
1325,174,2070,3,13,57,2039,6403121.1000,9280069,11927844,11510576#x4UNf1KY1yS1YrUdqXgsOqoLoJhHQbBeURPlpw,-8736789,-11934839,6288973#aTsUOj9Pu1wDnaEGJJvpRO3SIIgmn,-3882596,-960664,-1739449.33,10306864,-7756511.5,-7589154.10,2586632#WNnr5Du2sFvUPUsZ5B3pUoBrtc,-10661532.17
1326,2895,1773,3,7,57,807,-7618980.6100,534696,3145675,9198315#5lh0MBqzTgpJ1d2ZuM5Nz23vLlHeG83V4WvMZE,8705574,-7024588,907860#dexCN3E1B68qjU7aN1Yd3nA63JMSy,-2318637,-12176151,-3769414.49,-10944576,-7850892.0,-9059043.26,8636854#3EFJ5tsR7qYbyz3t5RU5a8R5w1,10631818.49
1327,64,1624,3,8,20,57,3118793.6700,2329367,-5402803,12011244#4gpzobthK6hbbPsOhxrIw95Vd3o2Lg2e6qyiRY,9250578,-10637191,12400307#s9QOkLsEmqgd5dfbVSqrnEmOmhmlE,6679030,-1558004,-9019547.21,-5025808,1.2756779E7,7995853.98,6866317#Ojkp6DHbWwsN6EqNXBQTig2iiV,8823928.92
1328,3243,2182,1,9,28,2497,-11577359.1200,6905407,10393677,12644070#orsezc15UBuX4mfGj2FrEQ49ir38TvgDiOcWzz,9179148,-4235070,3022588#fGw7iTuUt4IxdQg6Lx7T5NTX9d0IW,-6324094,-3827823,-8540352.71,-321419,1.18427E7,3367524.55,4269434#4EyQoPN5JEbDc4x1ZWXe2ZJTWc,4790698.43
1329,2459,1151,2,4,35,496,3697763.5400,-8620558,-12225958,7313557#98MnlVGqUTejzeTmuKvYeNBqkTfR2SEwarIDwd,-7057001,-4785917,11344931#cpieAZHPeuAXpv1RzUO3lQeAti5cW,-5926877,6004456,-874499.2,-6652248,3680761.2,-12783802.94,1431401#59e5WkOEwQQ1615YB2eiZkaI2I,-3046396.58
1330,166,102,3,9,41,2643,9273313.2400,-9694665,11489627,9625415#oceBFsuAU46iBL1pnSfxgW8mCTkPbb62hBZ7wy,-2402063,9402325,11725382#LMgLdILvGIyt3i2KX9jT50NidJG50,-129991,-9473168,-5935084.34,-6557891,6748719.0,12938132.56,1100797#mbxqfLpILpnGDWMJkKkHUsGdEv,-12660131.50
1331,1355,326,3,8,43,626,-7126588.3100,-4532307,-6102563,7737810#YDsfFylEtDz8h8fmIg0U2YWQa9NX5dnLVqTlOC,-546827,-6308699,13240307#s9QOkLsEmqgd5dfbVSqrnEmOmhmlE,-2279801,11759933,1.155023367E7,11528192,4716257.5,2503208.36,4773904#eh91N7l9ceaCgymfHgdPM8VOkh,443003.21
1332,2979,994,1,2,1,995,9409012.2300,-12439416,-6110198,10241242#GDhNLy6XMMiZtYPFjXozT0MgIl47U1bKf9sM1P,3292979,6912979,9920205#1qHeGm2KHPZf2WVYEbYSXEuOPCceO,1181492,-12548615,1335497.38,-9272508,1348638.2,7605531.42,597860#vUnf7D0ioDkB5O9Na5Wjh4h25g,-10308384.63
1333,1390,733,1,7,19,2284,4516008.2700,5577048,3535412,10187347#fKtatcrOzYIVud0zO6UUW9zTUH1C2W6JGwTpBK,9513279,-2250739,8935962#J5O0qjeNEST8UNZm5NXHxb7y9j404,-5009734,-8398163,3926100.76,2957692,1816652.1,-1729453.51,8644385#MrEGqE1Ow8cdaYTjxOiYDHJAQ8,1066476.29
1334,1416,139,1,13,16,1564,13225416.3500,-12459783,149687,65016#UT8wJmqWFYiNNeW4J1sRrbJtqlxJgd7e4no6T1,11448251,-2925092,2577288#es0xDHRATnTmTE7gNRIUmyeusTnhQ,-90065,2415416,6987062.7,11681133,-7573555.5,-10284394.30,2855782#KymGNJh5MJxOch4i3zoKXVFq1h,12884514.25
1335,666,105,1,5,44,400,-6278129.4500,-7695036,-8419653,3803077#gt0Z3syEy5LXVZqP6l1aHggS5WuMBDVcQwP5X5,6028110,-1599168,10041369#FtBHs4iTIryUUC2fpBru7wGkHJzam,3401633,2034212,-4449916.7,-12002463,111133.81,8150209.83,2330203#V3G52pUYCZeEWaida6t3Fd5jPy,-11997446.50
1336,2033,428,1,2,1,488,4072373.2800,-10819101,-12959017,4549043#aLlDbg07MMeWd3QVDYG5BIuZ8pbgWTENMg20gw,-6657593,-2400337,12854984#l5C6uxN9DSj10MizqVwcu3Ea08Px6,11389643,12719196,3129544.55,-12245535,238970.66,-5884246.74,2904836#loD7nBPC50bR0nwbCmmvm0Q5f2,-6415257.23
1337,1581,963,1,3,42,2476,5168623.6800,-6006456,-11372959,9336081#tP2wF8QaZwX4FUogS1RVDdRj5f794HxZEyT8MS,5044909,-6079547,8909196#oyidbai8n2W8Ld5l4z7kjj5l5Mk99,3955814,-7420160,1176104.84,-4294090,-7441616.0,12834562.38,11015506#nsl4IMXCV4k7JNpa5hFhFJ63if,-8814812.65
1338,439,1025,3,4,50,2406,-2080364.2200,-5242187,5361030,2149452#xwf8zNOLeBZq5CyOTBBuMbGRLqLUvaIphicCQm,10274179,-12734076,3556775#oc2LAdKocARV2lMXqo27hOcp4ILlz,4801926,11144616,1.235888233E7,4394158,-6617497.5,-7475985.08,3317817#U0P9v12To4JuqSPtjWwHFNm69k,-2595405.00
1339,677,149,3,13,26,1228,-6529817.7700,-13279426,-8299082,10875044#nWLSPTkIg6Ms75HaJjAED227X3Wdq02FzOjvaZ,-6439146,5808389,9150598#wKkZqAbWGR5XAZRGuZskIhpVXcmtJ,1110002,-2742109,-9017979.79,-276641,7783800.0,4305274.73,1374383#Nus1pvTdoNhlkA43szcTSsLD0H,5581512.85
1340,1901,808,1,9,41,595,-9258129.3000,-7394059,-6046405,8849451#gGsfDg2kQmaXgHHe2QeNdRKniohVOa6f9FLPf9,-242451,-7347248,5321366#RMcLVIyo1ZJl73nRt15EXVj2GIBkp,10734988,3302124,6548138.56,-11586297,6300391.5,10671270.99,8368916#0eGEQEWRcSkED1EqDb2CAQcoSY,-9243642.99
1341,1243,1343,1,2,17,1676,3978398.0100,9828739,4910273,4895629#qLagbzgrqWV0XUFm0HIn5IxDIuWQSqgYKTX7B3,6476599,10118920,9802562#167QIh1X6jIPOUKyfavuwLdRrAO4d,5367919,-5254632,49863.9,954848,4898963.0,8691757.01,6596716#PtBmUtmkGwK2XvUItmYSAXfaOS,-83861.76
1342,3157,1381,2,12,40,757,-6479013.7300,4299101,8966709,174639#SHwnXnH1AhF7C8xr9ApRgz15CjmtFTr1asEiJp,-8494137,105689,935193#5XbN9dBl9Jn50MHNZ4i0A8zMFxfA1,-4339713,11279561,-1.015161805E7,9701507,7359642.5,-7052179.05,2260274#Bz1YO21nK4Wg8DEPLVRku6JreE,5513100.57
1343,3059,128,2,5,45,1632,-8320402.2200,12325580,-8940886,9760513#K4Z8Zy5W9ymr9wJui1ssGnt62HnmhSFJt0HOFN,2931300,12943229,7263817#MmII1hWZY4gQb0WIuCR39LhIYDaHN,6430853,-2633344,-1090697.76,3268516,-2951636.8,-3222479.93,3384988#F9aqNRvl9jmFADsEVRSksZ2uWV,-4101793.66
1344,1229,1970,3,4,62,227,4643209.6900,-6167542,-5350625,12581332#hFUInVdI98Tx8EHwh4Rlu25hBsVKz6XtJVvpWY,-9153907,-2632026,1510140#b5lIhbtIE6fj5pOFcKGuJ1lz0M6X0,-5435556,9154988,1208947.75,12715897,3619708.5,-3486255.15,13045560#Ts005ucFisJgu0Jv9DjYGGaXCv,-1794777.70
1345,2797,718,3,3,21,2546,-1327745.1000,5581041,4715682,704770#51eONwdsSB3WFFQiS4mFGuCFjn4MpVHbJvsGK3,10674301,-8236873,2234463#B3aKuiqiG5MHXr0bdYwYtb7KYctT7,7252465,13143852,1.111201087E7,-6829918,5248566.5,-12231570.85,12776435#sJTaVNUNVFYJAEVPamPVsW6hdn,-11440274.89
1346,525,684,3,13,41,376,-7200329.3400,7645586,216632,343941#rsxPjbIKXTj1hrqM4IUv5dg0SEMpdCvt5xxJB0,107907,3396999,3661024#ckHZKW2XEBW7ivELS4tluQnEPZxHH,-11744505,-9470995,-1.247514825E7,-5512542,-9311515.0,11128950.52,769423#Df5AyZ0Q2gQOuXBsiWH3LqMzHb,-5711797.15
1347,549,442,2,10,50,220,-3429431.6300,-5160778,-2522115,50372#KkZv9TiZimdDwEYhoDWeXqPePUprb3voAAJTrw,1728247,4052857,8345949#b5rqN0gFh4UK35s4VZdSYpbN9Fjr2,-4543371,-5842110,-6201013.78,5646765,-9000220.0,-11121787.31,9184708#GOUVx07yefgAw5cYrBzdCHMxE4,-12067136.71
1348,2652,267,2,5,44,1795,-3162120.4000,-11876115,4640578,351648#FMs52POM12l1KgWJkPDdDHtasiVLJ6zKtMdIPT,4099460,12337341,5049691#lQolZDdBOmrezzHzxrnGcoU4MxFrJ,3557444,7445939,1.024071107E7,12962247,-1.3128322E7,2627863.05,5803067#qhPJvD2B0UT4ZYHE5O7nWFG04b,13109369.12
1349,1728,1378,1,12,21,2109,-8844784.4000,994078,458056,765773#uypxi5iyfjtHPiS2pthH6R4wxXVmmmfpmoncnk,1729452,-6018611,11315517#u54RD6nBJdUvrIW8b74276ltIfeKV,-3837323,7570045,-5315693.54,4345191,4727028.5,-6181186.47,1275431#6iKptdNKyrJftQteBf6dLb74dX,7989683.51
1350,1654,35,1,1,60,1440,10983567.3200,8666787,-3833428,775550#ALDEusYNBUAp0YdMqb9L1JNvipLiEXwtsWlGXB,-12519758,-7323019,11312803#wr04fDvamuwVxIf8JZk3KtPHus22x,2996452,-10901651,-1111395.54,2379504,-8113008.0,5276818.65,9515277#ODFd4m10WztX0kEMvx6Hhqrqw2,-13205061.74
1351,2106,344,1,10,10,1992,-4755629.1800,-10784475,-2112631,12671318#7O6g2sFNtAXygeXwTSkTQU3VVFsl72CL9YhSQH,-11429980,5049275,10646029#a1ac9aMcu8CBgEkCfNFnxUm2nIqWu,1385337,1385078,1888814.49,205161,786715.3,-3845925.14,5882139#dTnZd20YNoFlphW7F2s2aO7ASZ,-3953476.50
1352,613,1348,2,7,32,2615,5818881.5500,-4270563,-5367485,297770#51eONwdsSB3WFFQiS4mFGuCFjn4MpVHbJvsGK3,6546912,8581318,7559703#pNq3VPci6KH1o1hVo1DPK9Z3XEKeV,-948284,-10990045,-6605244.56,8683851,-1.1557019E7,2387592.13,3615343#SOiuscVblfHmeck97cbsHuP27p,-11814973.47
1353,1610,83,1,4,44,873,-114879.0800,4573572,7125043,11432693#tISCumJOf8snnosjmkcYuhee67OAAFTjvlgmbs,-352215,7966706,5588688#jVPsVmKMBfl6TWR3M1MsAytoHaBlc,-4602249,-9398921,125445.52,11470462,4544661.0,-5349125.63,1108064#aN2KgMd0L0871RZstoloLsEnE1,4282031.25
1354,3167,1830,1,9,21,2621,-6340129.0400,-10156234,-2626340,804290#O7rZs92zyoREjLCHXcSLqpUG1beHf20EE3AS4X,218139,9665789,504667#PVRBLomOwwCCoKuwC89XgMri3qbzJ,-628007,2539609,1.039098443E7,-2474269,-4394563.0,4001463.52,516872#GrxsnkHqP7eBKhoAQKZBwxx1dX,8929059.43
1355,303,1195,3,9,45,127,-4740157.2100,171066,-8998013,13535349#lLYoV6XI1biKGgzA0jNxT8oP8fEtwVYTmsEoLE,-2971370,-9883671,2352374#aVuEv6gF4kNGsRepIi9DhVSHDd8tZ,-9251688,248731,3789661.34,-6171101,-769.78,2018296.04,4432401#59e5WkOEwQQ1615YB2eiZkaI2I,8988482.42
1356,2999,1949,1,1,49,152,11518790.9200,1654169,-3690843,5015780#c0lE4yuMsbMXJaySFekGAcHc4yMtC2ldJakesX,12797796,-9964608,12224353#3JBtKhUeXVcy9eO9ujXpA8OQEapCH,9540225,-6196327,-1016289.72,-241286,1.0979829E7,-8995073.57,1111762#8U0RdvKFTzmvrWnw2CpZ2CdLpe,-10618744.32
1357,2112,710,1,3,27,934,-8526956.8500,-10681352,-9363238,13362775#6XDRZrPrunEzEJNmx5HFxwNZ53z3oUdRJQ6l48,8636077,-11677810,5971233#mzlWdFsdYGsjhbk8pZ4Lh2PHrU7dl,3761227,-4279409,-453330.75,-3386749,1.1550953E7,9434288.07,13094974#SqcZH5IY0hShrpLgSpq0DPDNV3,-7416941.04
1358,519,1622,1,4,11,1647,7311859.0100,3864047,9611734,4965124#o6m055Mk9TToAncMzAony09zexQmx12TqZPBoc,-10318168,-2296711,2245817#MmII1hWZY4gQb0WIuCR39LhIYDaHN,10071052,-10994108,-1760701.05,6875755,-5243225.5,-8350921.11,8631074#JhwP0epN3XlHjwZaNvCNMP4PeQ,2810376.07
1359,2784,1102,2,4,9,2525,-8613599.2700,2415291,3001501,13315572#7PJmbQyI3HnjRnaY701pJG5eDIAfBAxKCUdXKT,-13341005,-11302214,3391176#bHplSaY9UtyVBFC4o9qDWlxvOoIXG,-10871586,7116049,-9586508.22,11148008,-1.293458E7,8570687.33,7582039#fvM931LyyH28LqXIwcBOlv6lPA,-10221331.36
1360,979,866,3,10,32,1759,-7946909.2200,3693632,7752133,719969#cTzPLHeLtG9hW10vSbSj1IROMpBIfCgXTgWI24,-6136810,28028,666027#g36NWs9vQ6XNVD6dPXlDRM24KVLpZ,7069012,-2784233,1.14828435E7,7566489,8874808.0,11653037.25,13168538#rBsI4rqWNTL6g4x8I40aCADCGQ,-1438830.36
1361,2355,1111,1,7,38,1372,-8249977.2700,-4329044,-6494859,7962309#xT0mw1SwNqgM8ymxv0Qo5x0PcEwnj32SkkT73O,6455390,-7858439,6323647#VnS3Uxi6yDONxB46ajbWwswUbHN7Y,-10750297,-4787151,-8077561.7,4557264,-1.3572689E7,10750356.19,3001019#UYGdxnWCTt6Pz1s1pwOR5auMTv,1571269.26
1362,308,1342,1,1,11,1523,-4830808.6300,12986676,6412690,6240926#JukIxiOzp2zg04GUIAkXLwB3b7zBucE10JpPay,-8471286,13572339,10629274#Q4sgiNEnhOxThCP0SgnDggPekwvCH,6797958,216112,4404592.58,1494799,3568689.8,-2471545.13,1823903#RAV3Gf0m7nQkayUztUz55nl79u,-1158694.48
1363,1955,47,1,7,44,1007,9409541.9700,-11232219,-2055098,7080469#8AgZ3Q921M4xzOdydpVQnX8VJ9cCiuk09rwqtz,-12824504,7750464,10396984#l5C6uxN9DSj10MizqVwcu3Ea08Px6,1828302,-6312593,-1651486.75,-1386045,-5333263.0,3206141.44,13277771#2DJwFW3F3woho3LW8xaCYS6gls,6735120.94
1364,626,2136,3,13,54,1991,1287029.7200,3943927,6190598,2787302#rDlvSZFY1A0oU2ocpXHLdreonJ84L6JSaj7nZ0,1152216,10166429,7140697#HNbOIkXj5oheUsce9sW8VLxZucmMM,-11301432,11832821,-7588079.17,-5244665,-5103605.5,-9411.90,3686810#6kyM5n05vPtNWYSuHXMRN4o47Z,4574201.93
1365,2571,1652,2,14,24,144,-10668232.0300,2533006,-1160180,6093251#mEy5VFVhAESIydSSXtQxdll2omyOwTf1yIkO6G,-7085357,-1922048,8999953#qd9cgHKgc2cj4r80BMREQYNAq7EGW,-13306444,-371439,6542124.1,11196523,7407666.5,12971251.24,13164828#AhMTqG0l6j7xID0sHyv4yhwC1M,10763883.94
1366,2541,725,3,8,46,1241,4185517.2700,2342307,950096,8236487#qhKZOPk8QDZiyeYgsKFtxRjKze6ZmfPjsW8s1I,-10421197,-127770,8894726#uJueTvPhFjMkMN0ZqTpXxJITIrgH8,-7515320,-4141938,-1.186070277E7,8115303,577474.9,9636201.99,8171047#QKL3cfhUFnilxuYZpyVy7633Fl,-10759866.15
1367,353,993,3,10,39,850,10963102.8100,1259921,-7195013,7601507#Iyn2qs9vPW7mCwfZJSgfoKsdcnY18GUoeCxBnp,4541263,-8889129,5707700#H63aiZrnW3keSgOVaZQCJgQhg1H36,-10288481,-7654826,-1.290583262E7,-9621931,1.0722719E7,4996759.99,2850987#FbvB4cbAkJK6YH4L1w46QZXDWG,12667734.18
1368,216,417,1,7,23,48,3714573.1500,-9493317,-5309398,6973848#gxytgQjj3sSmhDGzdse3CIaeVFJTdK5xXCHz9s,11602452,-3604396,12911880#55k4jFmJao3dZ665gw1FvsQdGYnRR,-3966474,-10243869,1.270269534E7,-12038857,1.3437224E7,-8554962.30,10455001#TIttM6g5UgHsLFWCngYm6Bwsgq,-2560432.32
1369,3203,2104,2,4,27,2505,3044662.1500,-5134033,6906223,13227359#wmEcrhvwSe9lfURwrywS1S3VTjBYGEP0nJU29I,-410490,-660795,8524167#eN9kkZhIoz6xDqmOwzoBKGIViH8WU,11031908,-11101870,7235540.7,-728296,-7431877.0,13662218.20,9359898#b4o6XwgkWLfc6jpelJhxisxU6l,-7528755.29
1370,3106,981,1,8,48,769,-6236162.5200,-1233316,11207421,2330109#Z6CzPnRuVGKPi0fnAawXEBcIxV0zw8Qjaoeh2E,-3292591,-10481524,4085376#Vzr8YpIi4U743pPSVBidD3RF8pyUl,11496255,11925873,1.137104479E7,-3329521,-2925133.8,3152133.70,13624089#TFfQmjEF0r4g3LilQOhGpxZO36,-13179222.08
1371,1059,1141,2,11,10,1157,13290080.3500,5802002,-2326605,12677533#ctCbJnbn4Wg8G2DpeLsWc1zIzbMrQ1gt2Kigqc,-3254110,4928456,10866449#DEYvYJR5IDCJHvIqEDnA71CJGcBNI,6649367,6172970,9793081.3,-6701233,1.0007624E7,12947704.49,12810558#krzAUhqRgGjxFHXy0lWe9C5XJb,13473171.35
1372,1969,955,1,7,35,1890,-6064937.4800,-2364890,6847840,7629825#nxWFDH0dH2F5j7NHERMCy6G5KNOcEfblrLvlHe,-1618056,8146278,4910292#bR9fmNw7dk3s1AhiwsJWanVCfgo0C,-6578778,-2194536,1.04923283E7,417902,5100931.5,9429206.09,7000094#x1s8Ni8Eb2uTqg7QdF6L1rc3nn,-2051341.01
1373,1199,49,1,3,59,1566,2818679.9200,9066328,-410240,12608123#Znsl16zu4rH9BGh6jtZeV7jecxAC3YMvNDhzLj,13320023,-7708551,5081065#O1DL4Ahix6iTgX8JabFozN0VZgHpr,8835101,-1385869,2500221.05,-8734817,9836425.0,13002067.32,11459702#QLCXVHOgQcofAQdAZnH8QF8hTb,11364149.24
1374,2597,1820,3,13,19,1610,11295602.1000,10576525,-9322355,974634#GLYYPAJ7vv1HnH6oHbe3pa9SPR3sz6Albceo7a,-10660242,9841402,8870388#pjYjbNCoAKSFb4zbrsQFP2gT6RvFa,2506642,2208282,4691457.63,12465334,-2392144.8,11965558.96,5054154#Rssmli1hKGhawMpwubkbiICagK,-6920425.60
1375,224,931,3,13,14,1715,6645000.1000,9630294,12377960,11944845#n4yNB8Qh0kHuBxABikG4ghZHHnBgFIeBAQtkij,-9066186,-12385133,6526144#F4BfWs2avcTPa6vHE3romZE5YzUID,-4029041,-997114,-1805049.33,10695614,-8049311.5,-7875302.60,2683871#LT8X9VFKgVA3JhseeYJNqGlW2Y,-11063591.17
1376,2970,1862,3,11,18,381,-7906178.6100,554821,3264610,9545082#iTxvzouRzvlqeIKJ3fOnJQJUtaagTJZpqpOWkf,9033884,-7289427,941728#uRdo4Ox6jsIJKdQP02H1g4Iis0ubH,-2406110,-12635532,-3911814.49,-11357214,-8146892.0,-9400985.26,8962485#cEUuJLYrszsR3nZq8Pcq4CmhcU,11032524.49
1377,95,89,3,2,55,1487,3235969.6700,2416792,-5606105,12463800#qC3KIA69AJtgaDxoKgglTnk8A191fVy4Jl6zbP,9599039,-11038251,12867280#XgdawlUReh9OUtvGPcgffauRhi01J,6930931,-1616554,-9359547.21,-5215120,1.3237579E7,8297345.98,7124982#DIJOMvnRdHEs7e93iqN0H0tG0a,9156337.42
1378,2918,1924,1,12,28,612,-12013069.6200,7165294,10784867,13119838#elmfc0wah5FDEGDGjBH4VzxaLRotVqUlEQls5L,9524965,-4394714,3136364#S91FXB5VB9YdEbmQMEUTN6VRBtEIa,-6561969,-3971948,-8861952.71,-333669,1.22883E7,3494559.55,4429910#UdTsqyHFI1PtpJhGRURiZJ32nE,4971445.43
1379,2574,631,3,11,16,1107,3836663.0400,-8945033,-12686066,7588353#7BoblP4duDHNCHHGB72R3NRUCMXTnbXAPipNSP,-7322300,-4965915,11771585#ykXU4r0KjyEbNh3B5z28XrHNHk7uT,-6150234,6230675,-907299.2,-6902735,3819161.2,-13265069.94,1485097#KocJ5T6rugDH15FAuC7XrBqdpX,-3160949.08
1380,2891,327,3,3,57,1261,9621878.2400,-10059340,11921253,9987123#Znsl16zu4rH9BGh6jtZeV7jecxAC3YMvNDhzLj,-2492555,9755697,12165926#OmPL74nysOZn8m3m8Oj7rFnuqE8jg,-134581,-9829393,-6158284.34,-6804266,7002319.0,13424290.06,1141921#zNqlbwvUKj5AeFQkMzGMavma7t,-13135717.00
1381,1887,1351,2,10,45,2352,-7394144.8100,-4702332,-6331799,8028344#2chKn0QfPuI91pZ3dPtrwkzuYKSRo89U9E4bnK,-567012,-6545676,13737510#QdLAJATRCym9hj3DudhCOhCzy2fCX,-2365757,12201733,1.198383367E7,11960942,4893057.5,2597444.36,4952881#WV20JDmVmJjoxG0FTMAz9HU81Q,459313.21
1382,29,405,2,11,32,1432,9762079.7300,-12906166,-6339814,10625660#uLW6MnpOGC2i91U48HVi7LX3tS3pDGzLZW7N72,3416434,7172645,10292458#y7e7HspWXmiPTCjc4gwQ05hXNjEhY,1225762,-13019490,1385897.38,-9620645,1399038.2,7891354.42,620017#cnrRpyJ0FM9chZbVvFY06bjvkV,-10695530.63
1383,1958,1503,3,9,48,2609,4685027.2700,5786173,3668290,10569124#o6m055Mk9TToAncMzAony09zexQmx12TqZPBoc,9870207,-2335518,9270911#VD2TBLGrWYnZ8fMzV4lvmvF3Y3Exk,-5197449,-8713538,4073300.76,3068323,1884652.1,-1794539.51,8968540#J188asXn7lgm9Z0dsMKCnwyKuC,1106155.29
1384,1866,1078,3,8,50,658,13721467.8500,-12927046,155006,67150#wgdNU8I7K5ok31sM9fXcJbu9a4xyiYqm40B9gQ,11877045,-3034508,2673608#Mkbq05FDR7HPOXdLNXt7tkODSVkFN,-93666,2505928,7248662.7,12119171,-7857555.5,-10669515.80,2962775#sHmppVTuSDv9iuUv3GoybxETyw,13367345.25
1385,866,657,3,2,9,1527,-6513348.9500,-7983186,-8735298,3945428#cu5XfvJ6OdY2FG0rIDfKrPFj6k8SQUSkjqjzIF,6253813,-1659150,10417184#N0j3o6ft9gQN8zAR2SjIqilUAzv8B,3528921,2110187,-4616316.7,-12451838,115133.81,8455162.33,2417195#bUFli43cmxkEaoRB7jK8JTt2W8,-12446822.50
1386,2433,694,2,3,18,1023,4224862.7800,-11223926,-13444246,4719228#4Mwf0Bu5V5hDQlY2Umw4HFyHc9MVpmEvEX2Q3s,-6906845,-2490417,13335953#qd9cgHKgc2cj4r80BMREQYNAq7EGW,11815542,13195071,3246344.55,-12703772,247770.66,-6104727.24,3013337#PGrzesUA9bj6DiX0oTsegRHsNi,-6655448.73
1387,1281,395,2,5,52,1710,5361911.6800,-6231406,-11798038,9685067#23TnqVs67TT8nv05DDfFs59fgF93vAwxs6Zadq,5233510,-6307210,9242178#h9tMDU5VNqbvrYFqvipWbtJd0F9IC,4103987,-7697747,1220104.84,-4454890,-7720016.0,13314303.38,11427172#37M8py1Rw24txxj1ftJrIncYBt,-9144175.65
1388,102,1990,2,12,10,15,-2157946.7200,-5437949,5561274,2229759#6NIkMI181I2bUMPG1833Z5QaQg80pewJK7Del9,10657832,-13209752,3689488#jIjTMb1eFmEReNvVfSX8Y1SFEqvPQ,4981056,11561354,1.282048233E7,4558058,-6864697.5,-7755273.08,3441752#2Tpxu2PVW2qZKhIi6YBzRUrlQ8,-2692653.50
1389,45,1222,2,10,59,954,-6773730.7700,-13775514,-8608972,11280773#uypxi5iyfjtHPiS2pthH6R4wxXVmmmfpmoncnk,-6679914,6025167,9492181#9p1iqRhiKJ34ZhFy42PBvSLFYAwu3,1151226,-2844206,-9354779.79,-286916,8074200.0,4466101.23,1425534#D15bA6gIV551C2lTxL5ZEOzbAE,5790294.85
1390,2407,611,3,14,3,703,-9603806.3000,-7670227,-6272389,9179300#FK71qrYcOpw8Yfn5Pb3j2MT2NBqAeJ2XYFwza9,-251295,-7621605,5519895#uREE1fHQZqt9ZiP4yBjxZgs4Y8VLe,11135305,3425424,6792138.56,-12018822,6535591.5,11069174.49,8680961#kYFNyQirmGeXXjGmQ6YNIHy86t,-9588273.49
1391,3180,110,1,7,19,656,4127092.0100,10195179,5093297,5078036#xQZl3D33EVs0nkGQr9R047dSXMXKjsrTi3hhWj,6718086,10495885,10167707#vazGa2NDLegfkvbehEKgVMyWVkUHT,5568235,-5450282,51463.9,990273,5081363.0,9016024.51,6842532#W44LKh7bCqXT8aXWA4ZEmefafM,-86923.76
1392,3132,284,1,13,18,925,-6720273.7300,4459251,9300999,180828#WRuFpIH0B3eg87TkfNP200XRFeRYfmuEPjEPLH,-8810699,109882,969667#PVRBLomOwwCCoKuwC89XgMri3qbzJ,-4501497,11699736,-1.053001805E7,10062994,7634042.5,-7314768.55,2344467#kBWvfyLubSrLK02Thnw1wf5ffc,5718362.07
1393,2609,2182,1,14,55,2314,-8630149.7200,12784518,-9273708,10123821#tNIBdLfIZA2GuV38DPNIXeHED9TBfeWGZaTauz,3040784,13424979,7533943#b3soKFAr09emaW01Dz30s0QXy1vo0,6670032,-2731069,-1131497.76,3390191,-3061236.8,-3342152.43,3510777#gAzTqWTcQjJ8DbVMcsRlKcIhWy,-4254680.66
1394,2479,595,3,2,43,202,4815866.1900,-6397354,-5549407,13049343#Gj5dvRebMONFU5mMMJBmY96OBDejsPKmtwQMno,-9494250,-2729721,1566047#b6GmS1rMVE5ehsIqmFJzU9Mui5kGc,-5637626,9495876,1253747.75,13189150,3754108.5,-3615944.15,13530643#aKIHAgTzkQMHSXh6UfUv3MCiI6,-1861574.70
1395,1453,1864,2,3,35,1345,-1376938.1000,5788391,4890665,730689#1TwmW3ixKlaxMkUW4iXZ9xr5snSBRlimTFlqJq,11070961,-8542894,2317322#L93JEruWM1O8t1QVbnve7mGckJ7Ln,7522078,13632772,1.152481087E7,-7083521,5443766.5,-12686040.85,13251357#NVAAEGS74Ac2wpqXY5bp35A7o1,-11865519.89
1396,2031,817,3,10,26,1704,-7468095.8400,7929386,224410,356418#r5tgAjNEMF36eqR9I7Zq1SvImdI66S876fcnmA,112212,3522836,3796947#EmXXZuFXgkCc7tzdwITLOv02lJyul,-12180591,-9822758,-1.293834825E7,-5717648,-9657115.0,11542329.02,797877#PJ8pswL9UO6OjwwOUwn1eVMtrD,-5924198.15
1397,2099,1280,1,4,22,1008,-3556742.1300,-5352253,-2615870,52206#PpjTnFk5Dk3kjmQr9lUJeNEoXyFTdb8oFJE7xq,1792154,4203485,8655733#YD9n90xlm30M3qsoadG11sJ9LnQoi,-4712321,-6058910,-6431413.78,5856340,-9334620.0,-11534336.31,9525566#VMFlHPwCtFXIBZzuJLjykjmxmL,-12515068.21
1398,1702,1148,2,6,25,308,-3279126.4000,-12316686,4812654,364612#Q4bWcyEYUbOSKX1jDGANkXMfv2GhI2i2KQwUrm,4251736,12795069,5236695#SLMWX5kNhsISpkV4UPkp3bd5CKklH,3689440,7722239,1.062071107E7,13443122,-1.3615522E7,2725584.55,6017953#Kq6mppcuo1PJS2nO7nQPpPbKrj,13595422.12
1399,2278,604,3,5,59,414,-9172277.4000,1030703,475217,794134#rkkrdts6LPQoKb84yesSzgqEjt2ywy7EiFZESX,1793549,-6241720,11734798#h70bNIzcLcwDYMNGtyCbsW7tdZiv5,-3979210,7850670,-5512493.54,4505916,4902228.5,-6410403.97,1322507#KioL5xu7OzA7NK3KN5cpCEnPHm,8286057.01
1400,79,1237,3,14,26,40,11390118.8200,8987712,-3975304,804227#iI3jKPqxkKxdWNRqrArsX1kENOcOHhHdW7tnTS,-12983821,-7594137,11731709#rqHQWPesBvY3gr8CRzx7I8OGjWmTI,3107640,-11305201,-1152195.54,2467866,-8413808.0,5472593.15,9867430#CD0fGYLW0FPGMfGwv1X894daod,-13693846.24
1401,1618,144,1,5,30,1967,-4931642.6800,-11183900,-2190857,13139972#SfWuhu0Bve2HE6I265XxjB2kIB1voWogJq9F75,-11852945,5236380,11039834#SajogdTuv8Ytyl2AieUkf2mBnh4So,1436426,1436678,1958414.49,212711,815515.3,-3988207.14,6099828#AhMTqG0l6j7xID0sHyv4yhwC1M,-4099557.00
1402,1488,181,3,13,24,1321,6034221.0500,-4428788,-5566226,308576#x4UNf1KY1yS1YrUdqXgsOqoLoJhHQbBeURPlpw,6789057,8898926,7839213#RkH5FfzPGvtAupnRWcVKkOZoOTxge,-983673,-11396795,-6849244.56,9005294,-1.1984219E7,2475616.63,3748924#pMrSkKNs2AqBhuADDo9OcYyawV,-12251755.47
1403,1019,1695,3,12,9,700,-118880.0800,4742547,7388495,11854995#tes35IIfLX7eRlMO0IJ3e4r36QptiAWXsscdgT,-364944,8261331,5795018#M57JrJY3T21rPCbmEl95O2MYNZNqW,-4772558,-9746346,130245.52,11894349,4712661.0,-5546616.63,1148979#X1LOwTPo7InF8WPRVHVryCcrn6,4440040.75
1404,3210,1357,2,3,2,1774,-6574029.0400,-10531128,-2723625,833830#pkUIS2zvEjHvj41dKXW4sH6qq0DAchNFktf7MW,226114,10022670,522996#dLzoy3bBWR0SCmnq6qdFUzpkZmwnx,-651173,2633234,1.077498443E7,-2565744,-4556963.0,4149068.02,535673#Fv3UDm4LlanPSzxvnZqgtT6Qpg,9258486.43
1405,1228,705,2,11,45,1122,-4915108.7100,177341,-9330040,14034634#GLYYPAJ7vv1HnH6oHbe3pa9SPR3sz6Albceo7a,-3081015,-10248094,2438934#N7Y2RJbxV9X4B9UWogJ3VPDpxcyOo,-9592917,258169,3929661.34,-6398638,-769.78,2092590.04,4595840#rmo36vP0TEZwKnesUR2EQBM6vW,9320273.92
1406,1649,17,3,2,34,586,11943367.9200,1715369,-3827253,5200641#uzHrojsi6WJq2op6qqr5HfHHg8qUFRwBkKhvxJ,13269768,-10331682,12674743#xsxfmpkzKw19X6fR2Z8v9lwhFFz89,9891884,-6424552,-1053889.72,-250073,1.1384629E7,-9326796.57,1152448#EX47HyeSpUl3EyBqdt9cagzNgE,-11010309.82
1407,100,1728,2,8,26,2421,-8841095.3500,-11075124,-9708296,13854802#hLKcQ8kXpK5ORwNkKaicVLnupFdZGZXaB68baY,8954482,-12107873,6191157#LPsOsOgRGUMVh961xLAY8tBVGftOZ,3899474,-4437259,-470130.75,-3511749,1.1976553E7,9781660.07,13577276#CB4jYBVLLXrSqbh5JWRncicnGo,-7690172.04
1408,3194,786,1,4,40,2282,7580729.5100,4006635,9965688,5147759#6NIkMI181I2bUMPG1833Z5QaQg80pewJK7Del9,-10698104,-2381137,2328192#hLwAUOL3kUPP8XgGMqhUcI8OERXSC,10441616,-11398633,-1825501.05,7129005,-5436025.5,-8658679.61,8948585#Ezjyz2D5CpDTjjkN2VnZDLQkJc,2913657.07
1409,484,2133,2,13,15,1913,-8930243.2700,2504416,3111568,13805442#hK86PXzePdnAFSjW7olRPhrXVzwlHiV2DWAcSe,-13831961,-11718201,3515578#Ijq5xOeBiGh8nWR1nxYN0c1hkJ4tx,-11271498,7377924,-9939308.22,11558133,-1.341058E7,8885867.33,7860993#05OKYXxiwAYNaKGUle0OkqIFPm,-10597415.36
1410,1929,100,3,9,1,2476,-8238915.2200,3829282,8037024,746372#KkZv9TiZimdDwEYhoDWeXqPePUprb3voAAJTrw,-6362493,29350,690453#qfkNVpMJ7w9Uxt8YyCE8ySSxsznXx,7328696,-2886908,1.19052435E7,7844689,9201208.0,12081217.25,13652509#KYviLvfFUBoxpaVznxSaAkBSTC,-1491714.36
1411,1273,304,3,1,60,1154,-8552954.7700,-4488219,-6733125,8254603#s8h4s0kdcKXly3xlXsAS2EfbHAvJyzL2LXzfFi,6692359,-8147146,6555884#aqI2c1r7OdcGN9TCEEGfA7NQQ2vuZ,-11145342,-4963064,-8374361.7,4724926,-1.4071089E7,11145111.69,3111213#Ck1kFJSbrHztp9nEFmAS9W62TI,1628770.26
1412,2215,417,2,7,24,1188,-5007958.1300,13463288,6647862,6469885#rOlPMF2W7iaWv0Dh8rcscuJgUenpS0Mbg3I4gu,-8782341,14070626,11019407#DIJqwWPZywXL0UzDRrH0oA7xhg9gV,7047822,223883,4566192.58,1549999,3699889.8,-2562431.13,1890533#HEt2waGPBNrzDCtKrRsmKZSjwr,-1200887.98
1413,1940,391,2,2,45,1746,9754884.4700,-11643907,-2130316,7339849#eCzU6avwX1xmmSl4VdgCpl9Wia19qLDqZYLHNz,-13294596,8034704,10778033#L3q2g7jYyKVy9xOyJhNuQ9BzWzPoC,1895495,-6543993,-1712286.75,-1436720,-5529263.0,3323446.94,13764569#OvHBzYUVXK9UekhVyyUxX5yeRt,6982019.44
1414,2826,1910,1,11,54,1536,1334337.2200,4088402,6417352,2889214#N9tInRmPZAuAxh5q9IWVCMgI9xFNa3HeaESr6C,1194330,10539107,7402265#O44FSzEpAOhZk7OnSIPo3d3wcK2uI,-11715804,12266546,-7866479.17,-5436840,-5290805.5,-10082.90,3821917#RMH5pOadgGLq7DhHxPP4vPasMf,4741736.93
1415,1209,1934,1,7,54,255,-11059275.0300,2625616,-1202727,6316365#2tVyaF9f2wKyj0qLtM7GerA5E1wLqzZhK3H3cX,-7345201,-1992642,9329258#rwtCrcclx5ODcxLQFbEbWQiWUyfYp,-13793995,-385318,6782124.1,11606531,7678866.5,13446560.24,13646960#DW1IsLsgZQh6YepMoOsvxSir8X,11158358.44
1416,391,424,2,6,35,2374,4338624.2700,2428182,984655,8537751#WY9RYdvp34tlKjj80g3PA6T8hp5Y6ELCQD4wdH,-10802470,-132760,9219938#XpAtwPKDfrJPuaBk8L1Nx0NhgZe5g,-7790515,-4293338,-1.229510277E7,8412350,598274.9,9988565.49,8470049#E6NLdz0KgG7HpaQYQPGs1iczJC,-11153528.15
1417,2253,1498,1,8,61,2329,11363769.8100,1306217,-7458530,7879517#4Ra8PEX6oUWQbv2TnZrYPtZheNcTDvlylkRoPG,4707535,-9214488,5916296#FrIZUqVdZOO2r5LKRjwIwZyGWZX9E,-10664663,-7934726,-1.337783262E7,-9973968,1.1114719E7,5179536.49,2954986#t7S7FCRQ5AWLqrHlKdLXMbTPMr,13130895.18
1418,291,1978,2,11,53,209,3850596.1500,-9840452,-5503461,7228623#XE7hFUPtYvzAuPcElCgK7ovduxwxF7vvmeZNcd,12026741,-3735788,13383751#sL8Off6C5SbucRxY2dMDz8agXDVWG,-4111161,-10618389,1.316669534E7,-12478782,1.3928424E7,-8867947.30,10836988#F9aqNRvl9jmFADsEVRSksZ2uWV,-2654239.82
1419,613,1769,1,6,26,1280,3156027.6500,-5321733,7158744,13710266#Pu6QG5ZcDgJLjpzfJpe3eCdMbbrleED1uJQHL8,-425362,-685112,8835445#9F6EgePNXIbXx6iI5P4pdLqvGPOjz,11434725,-11507045,7499540.7,-755234,-7703077.0,14161195.20,9701743#J7zUqpYkErEtm6irHKBaPUgZui,-7804007.29
1420,1919,508,2,13,6,1891,-6463588.5200,-1278566,11616789,2414806#otz3uDnaXcOYtyvdPnY1u1xwdOt5XCqU1QpQ1w,-3412835,-10863802,4234449#DEYvYJR5IDCJHvIqEDnA71CJGcBNI,11915945,12360785,1.178624479E7,-3451171,-3031533.8,3267358.70,14121282#GNhM15jub8m7CywdPEchegsrFB,-13660307.58
1421,2722,1487,3,3,28,225,13775034.3500,6013765,-2411546,13139737#CpV76JzblQluS9G93IF1F1VeHhmZiVJ7vNc2ie,-3372629,5108217,11262719#sakQL738yT9ioPbcyyErO9dxmhTuf,6892029,6397923,1.01498813E7,-6945533,1.0372424E7,13419952.49,13277487#67hMD5sUuS5E5g8DvfE01D3f9Y,13964357.85
1422,3144,1726,1,13,57,138,-6286301.4800,-2451240,7097409,7907675#hybQUfQcetXwMCimfOow6ixYycmZ2Ud6eiOkLG,-1676870,8443134,5089182#Dd8nAzEI0WdVp0SqJrSyTQng1NG0Y,-6818181,-2274347,1.08747283E7,433127,5286531.5,9772695.09,7254922#D6guRrGMb4GsLRgO2Y3Yuv34qK,-2125788.01
1423,393,32,3,3,13,408,2921390.9200,9396341,-425262,13067156#RvQOOKs245u6xDjH9LCwxh2Eqwb0zchtD6aYVk,13805041,-7989365,5265851#WNrtIG3xK3WBGyvS4ncs3Q4XDJ97P,9156757,-1436550,2591421.05,-9052717,1.0194825E7,13475570.82,11876983#sxswKB676Db9abttlRcU698wje,11778182.74
1424,747,1104,3,14,50,1670,11706764.6000,10961150,-9661518,1009926#JukIxiOzp2zg04GUIAkXLwB3b7zBucE10JpPay,-11047823,10199305,9192824#zeuf38ioGyoCY2pRUlO8NiswPVY5u,2597901,2288682,4861857.63,12918809,-2479344.8,12401134.46,5238034#4v0zrlTfY0F1VYMrzwAVSOKfAD,-7172538.10
1425,274,2006,3,13,34,1391,6886879.1000,9980519,12828076,12379113#lxgTWYRKuvSANtVR6XgLja1FN332KPKBzpKrjp,-9395584,-12835427,6763315#vWOpDFftnOiM2tZLgxEckEdJU4Uxd,-4175486,-1033564,-1870649.33,11084364,-8342111.5,-8161451.10,2781111#rbjR6zxQjx6fpCRggfx6jkY8If,-11465650.17
1426,3045,1950,3,2,42,2628,-8193376.6100,574946,3383546,9891849#eCzU6avwX1xmmSl4VdgCpl9Wia19qLDqZYLHNz,9362194,-7554266,975596#L3BXhBaw7nK1xX4efFBDvS3Mwugw7,-2493583,-13094913,-4054214.49,-11769851,-8442892.0,-9742927.26,9288116#Udb8wqOjOO7UvDuGwbGp5LGLKj,11433230.49
1427,126,768,3,10,28,244,3353145.6700,2504217,-5809407,12916356#r1jNxItcVO6xVjQQwsG3PG0M0D6ygO4hwOBa7O,9947500,-11439310,13334254#woUQshl07or1Eogh2NHdEa0FDlUAH,7182832,-1675104,-9699547.21,-5404433,1.3718379E7,8598837.98,7383646#Od69rRFY3C0cqPM3eWgl4qoWtW,9488745.92
1428,2593,1666,1,1,28,1400,-12448780.1200,7425182,11176057,13595605#H1ad0yyBNFCojTNF9jJlfb3LClIlIZUISWoh3M,9870782,-4554358,3250139#9zfd7gnMKfRVeJbV08QN1A7xQD23p,-6799845,-4116073,-9183552.71,-345919,1.27339E7,3621594.55,4590385#MrEGqE1Ow8cdaYTjxOiYDHJAQ8,5152192.43
1429,2690,112,2,5,59,1718,3975562.5400,-9269508,-13146174,7863149#wzQ5F1yz7ygXVNoy1qBxWPPOaHJoghQd1e3v3Y,-7587599,-5145912,12198239#cU6SwpeyJPLhnNjSqYkwhDUbbXgdy,-6373590,6456893,-940099.2,-7153223,3957561.2,-13746336.94,1538793#TODYxSQ5CrC9iLp6r1eqve8YD8,-3275501.58
1430,2341,552,3,11,10,2553,9970443.2400,-10424015,12352879,10348831#tLeqKXu4559TNPr8iFGD7W048bG2g57Wk4OLdm,-2583047,10109069,12606470#D10QZ2oj2XT2fbdr9USZwv2iDiF75,-139171,-10185618,-6381484.34,-7050641,7255919.0,13910447.56,1183044#brzTl1oSWNECuUC3KBSjGGyJeZ,-13611302.50
1431,2418,161,3,13,47,1405,-7661701.3100,-4872357,-6561034,8318879#opLFmDRQhvpLwTgjmz2h1hadbt0j4RDL7gVWgm,-587198,-6782652,14234713#9H0jWLHcrQSNv2I9r8KaUORHLKUKa,-2451714,12643533,1.241743367E7,12393692,5069857.5,2691680.36,5131859#zTlwL9RtDjZMLSOruJFyquIaNu,475623.21
1432,354,2031,1,6,63,1869,10115147.2300,-13372916,-6569430,11010078#kNf70wB7CfEVBWkWsU9PxsYqc7v14QQ9vQz7QM,3539889,7432312,10664711#yvRHZTaDa5k77CcqkyBhg9CP7KSsI,1270032,-13490365,1436297.38,-9968783,1449438.2,8177177.42,642175#saRqu2yJ6q7ri8iVeQUKs68ep4,-11082676.63
1433,2527,59,2,11,14,261,4854046.2700,5995298,3801168,10950901#g36EVsofgS85j4T36HCVHXs1o1aXvsglKn14pO,10227135,-2420296,9605859#SbXA95VgteYxJ4dqTuY44b2wsvzU4,-5385164,-9028913,4220500.76,3178954,1952652.1,-1859625.51,9292695#Vqmfk2FxB2pXOGITvYYoXWvqNK,1145834.29
1434,2316,2018,2,3,21,2425,14217519.3500,-13394308,160325,69285#uWJigHEtlY4BmDVOnpXUQui6rlsreKE66T9ONk,12305840,-3143925,2769927#HNuvRxcbMxYYPrw2NFlMZsfo6OrwT,-97267,2596441,7510262.7,12557208,-8141555.5,-11054637.30,3069768#QCRBX0dFNAVGtPCw4rXEvkiUGO,13850176.25
1435,1066,1210,3,13,37,2654,-6748568.4500,-8271336,-9050944,4087780#c0lE4yuMsbMXJaySFekGAcHc4yMtC2ldJakesX,6479516,-1719132,10792999#5GtHoPy26pKCAYwXygveNnEbReY8a,3656210,2186162,-4782716.7,-12901213,119133.81,8760114.83,2504187#U8SzCgcML7byy8GLSGRHQqsAD9,-12896198.50
1436,2833,960,3,4,35,1559,4377352.2800,-11628751,-13929474,4889413#HDvvvqXoqtN7kAWd3FKcxKMV6aDQLY3O6PQTBt,-7156097,-2580497,13816923#BUjLNqGGtvHbgmwY5n6wi5AfbeeIl,12241442,13670946,3363144.55,-13162010,256570.66,-6325207.74,3121837#TizPUeYehQU1w7tTPO9XdfR5ic,-6895640.23
1437,981,2042,1,7,62,944,5555199.6800,-6456356,-12223116,10034053#TiattX6HwLQVlZcCp6CZklC7BkhJapfk6G0FI7,5422111,-6534874,9575160#2hsCb2lNiICaM4cJtIr2PwZiwO4SQ,4252161,-7975335,1264104.84,-4615690,-7998416.0,13794044.38,11838838#zGNHQl4BOnc7M2eZCSBxw533JM,-9473538.65
1438,3039,741,1,6,33,298,-2235529.2200,-5633712,5761518,2310066#2CqrpC3PexG00rZ6AB2wIZszRi4zahROQyj47G,11041484,-13685429,3822201#GlmiYdBaOZmuLnOHUSrOYRRMs5XVm,5160185,11978091,1.328208233E7,4721958,-7111897.5,-8034561.08,3565688#3oAFsuM0t22zzgbybpwKTX37Kw,-2789902.00
1439,2689,80,2,8,30,679,-7017643.7700,-14271601,-8918862,11686502#oKPSistVRDmYO0G0m5ti3qIXZ12WpofGSkeHL2,-6920682,6241944,9833763#AYEQfgI2P75719Bmt1XzhAapNNAjk,1192450,-2946302,-9691579.79,-297191,8364600.0,4626927.73,1476686#vXHI15oewh3W7xYHyQlp0BD1Sl,5999076.85
1440,2913,414,2,5,29,811,-9949483.3000,-7946396,-6498374,9509149#wzQ5F1yz7ygXVNoy1qBxWPPOaHJoghQd1e3v3Y,-260140,-7895963,5718424#wNtOEFxTvkBxxf5dKTJ9Pyacgjbzs,11535622,3548724,7036138.56,-12451347,6770791.5,11467077.99,8993006#eNfFdCoyaJBY8LFIs8PI0wBvQL,-9932903.99
1441,1843,1090,1,12,21,2308,4275786.0100,10561620,5276321,5260442#hK86PXzePdnAFSjW7olRPhrXVzwlHiV2DWAcSe,6959573,10872850,10532852#6etKCHshjy7gmEPmWnldXAcnL3qLa,5768550,-5645932,53063.9,1025698,5263763.0,9340292.01,7088348#OPPtq6lhvafwsmcbKNvab25OPt,-89985.76
1442,3107,1400,1,13,59,1093,-6961533.7300,4619401,9635290,187018#dFgN3kJkTHXFhZSGoLKnxXatm4DfW9MfCVNzjA,-9127260,114075,1004142#6U9xLNXKTqM6HLcNtPcPbBUMATRcE,-4663281,12119911,-1.090841805E7,10424482,7908442.5,-7577358.05,2428659#7nRCjQlHwpQUd61HhGfC5zIPcd,5923623.57
1443,2159,2022,2,10,2,323,-8939897.2200,13243455,-9606529,10487128#t8oPWnMCGsU6WfaZGNr99E8LUzvx2ALAkkbohQ,3150269,13906729,7804070#egXosHKciAmw8R1ITzjIqh8ycLa1d,6909211,-2828794,-1172297.76,3511866,-3170836.8,-3461824.93,3636567#zbpD4TxfwRWPJgKtqdQvlRQXFE,-4407567.66
1444,454,1435,2,14,23,177,4988522.6900,-6627167,-5748189,13517355#t35VUgdFFHwOepJsmeVv39qrlbqlKZESFmwBDf,-9834592,-2827416,1621953#qd9cgHKgc2cj4r80BMREQYNAq7EGW,-5839696,9836763,1298547.75,13662403,3888508.5,-3745633.15,14015726#y4e7FjyihVW1UDZoiGuHQ0GGlV,-1928371.70
1445,109,796,2,3,48,144,-1426131.1000,5995741,5065648,756608#USzZoOgfNixNdp4HOeh6XniiJFUfljaNj0sFbf,11467622,-8848916,2400180#TxwZ6K74vMh0zEpqxMDmP1oFaDdbp,7791691,14121692,1.193761087E7,-7337124,5638966.5,-13140510.85,13726280#wIMqIgNYYUTt62lgvxUbXrF5hE,-12290764.89
1446,262,950,3,6,11,359,-7735862.3400,8213186,232188,368896#C8GjgkC6aUrnVxrcr57E1J9fj7JZuFIqxTF3TA,116517,3648673,3932869#M2tFBbbTXNSmK4dzJnmEzbIEnRTaL,-12616678,-10174520,-1.340154825E7,-5922754,-1.0002715E7,11955707.52,826331#nmdPqWpYM5piFgZ6XNsg4E4PU3,-6136599.15
1447,374,2118,1,12,57,1796,-3684052.6300,-5543728,-2709625,54041#C221S8rMdf3lrLnssQYIE68cnelCS9AQx63Bke,1856061,4354114,8965517#u54RD6nBJdUvrIW8b74276ltIfeKV,-4881271,-6275710,-6661813.78,6065915,-9669020.0,-11946885.31,9866423#Df5AyZ0Q2gQOuXBsiWH3LqMzHb,-12962999.71
1448,752,2029,3,7,7,1494,-3396132.4000,-12757258,4984730,377577#i0t501V3M4ab0Ncn9LQqn7rS5uCiersMIvik9r,4404013,13252798,5423699#TlmdrdFINDLBQafNeaIUf9OZzqeeW,3821435,7998539,1.100071107E7,13923997,-1.4102722E7,2823306.05,6232839#KZgd83KUyayNQPwxp0PmPVOsjp,14081475.12
1449,2828,2044,2,12,35,1392,-9499770.4000,1067328,492377,822495#GXI7hqH0bgZd2enGttje4kUJuSaRyRMp3c9mmE,1857646,-6464829,12154079#aVPC3uKgLYflDNEbV8LuCADwCyM5o,-4121097,8131295,-5709293.54,4666641,5077428.5,-6639621.47,1369583#tg5EloRjKi6h00yF0wl99FMaYF,8582430.51
1450,1779,225,2,12,56,1313,11796670.3200,9308637,-4117179,832905#7e5YzbLAH7ElLiaIC35vpFvsoUMAMGNHuhZecG,-13447884,-7865254,12150614#6VzjpSq1oeaLVBHidi0V9RxHnNCr8,3218828,-11708751,-1192995.54,2556229,-8714608.0,5668367.65,10219583#tg5EloRjKi6h00yF0wl99FMaYF,-14182630.74
1451,1131,2158,3,14,49,1943,-5107656.1800,-11583325,-2269082,13608625#DhRNwWtNgUWnqCo8jlVo638ES52sVnaOmKWZA7,-12275910,5423485,11433640#eX5U0dg6PCBj3d6V7r3HxMpuy8ePX,1487515,1488278,2028014.49,220261,844315.3,-4130489.14,6317517#cHmlgugVQrletYn0gYpHpQjsUd,-4245637.50
1452,2363,1228,3,5,17,26,6249560.5500,-4587013,-5764967,319382#XkAKkLCR3oYlS8ESrr8lQUjaYU7EvA8T4OTRYI,7031202,9216535,8118724#HDlwaR91cTrdAs9T5Rpp8WK0TbxMl,-1019062,-11803545,-7093244.56,9326738,-1.2411419E7,2563641.13,3882506#nsl4IMXCV4k7JNpa5hFhFJ63if,-12688537.47
1453,428,1093,1,7,38,527,-122881.0800,4911522,7651947,12277298#MnWzGh3VnjC8EjMIe2sWsZn8ccKT5lxc8AaCIV,-377674,8555956,6001349#r8vyFDSKPjdJEDJXuAgTNL4nCXrhl,-4942867,-10093771,135045.52,12318237,4880661.0,-5744107.63,1189895#Jtod7exNQT1dHELotbNOO9XN5C,4598050.25
1454,3254,884,3,11,46,927,-6807929.0400,-10906021,-2820910,863369#YPJZ4P17uLD7CaiJGSvh7t9cIahBftteZd4AdP,234090,10379551,541325#1Csvr3GMMK7ensHnHbHyAh6uSJm9r,-674338,2726859,1.115898443E7,-2657219,-4719363.0,4296672.52,554474#RxzSC3Ll9iYJfQFsJuEBUMvIS9,9587913.43
1455,2153,215,1,13,46,2118,-5090060.2100,183616,-9662066,14533919#pAecOb5MCL9DFs6qBHgkRAhEHZ0i8YGeCBTUhS,-3190659,-10612518,2525494#Q982rDBRqqdwbJCqbB7x60NIPlFA9,-9934145,267606,4069661.34,-6626176,-769.78,2166884.04,4759280#wIMqIgNYYUTt62lgvxUbXrF5hE,9652065.42
1456,299,300,2,3,19,1021,12367944.9200,1776569,-3963663,5385503#M5Kw7kEypX6IuJqi8wnXwzcBKNN2mtH0jB2dAf,13741739,-10698755,13125133#pnsC2d2hped9BABaGkPqt6tEe8Lq3,10243543,-6652777,-1091489.72,-258861,1.1789429E7,-9658519.57,1193134#9qsyvFi2cQTtgSodsizpTUqOtb,-11401875.32
1457,1362,532,3,13,25,1235,-9155233.8500,-11468895,-10053354,14346829#jcRN5gU5MXX83pqwLSdDkO33pGM86KKPTW3jMO,9272888,-12537936,6411081#nQp5JdctCJShQjYMmtpuopzyYu6DV,4037722,-4595109,-486930.75,-3636749,1.2402153E7,10129032.07,14059578#09u3rRTqaDxtbuec7jrzQ8stl6,-7963403.04
1458,2594,2163,1,5,6,243,7849600.0100,4149222,10319642,5330394#DuUJFKirZ71X4TYqo2hWoC13t9NBcip3IdGPE9,-11078040,-2465563,2410567#BfYsqocv9rZwZHU5EZGAYnRCvuoRJ,10812180,-11803158,-1890301.05,7382255,-5628825.5,-8966438.11,9266096#GYH5cNdxqLjMSxR4rkDXZQFnnw,3016938.07
1459,1459,950,3,8,21,1301,-9246887.2700,2593541,3221635,14295312#0ZMcN01YxKpYAe8WJGuwLUJ2GV7yy74QB4YC3r,-14322916,-12134187,3639981#4BPOHnKfI63Oa8X8FLQLDimlvbaFZ,-11671410,7639799,-1.029210822E7,11968258,-1.388658E7,9201047.33,8139947#1HN68TOg2TMSsYawM7lWTNvPzj,-10973499.36
1460,2879,1548,3,8,34,520,-8530921.2200,3964932,8321915,772775#6XDRZrPrunEzEJNmx5HFxwNZ53z3oUdRJQ6l48,-6588176,30672,714879#dsw2cYLKRl4hi0ZMki6yQ1bldt7HK,7588379,-2989583,1.23276435E7,8122889,9527608.0,12509397.25,14136480#qBOek6uKgPL1OQf8hFkuZHIXdu,-1544598.36
1461,192,1710,1,9,18,937,-8855932.2700,-4647394,-6971391,8546898#G9kErtBb0u0alXn43vFSzQgI8EwqVcZgxiQMmB,6929328,-8435853,6788121#jFKnsBctPJfesEc9NpyvSfPu149Ew,-11540386,-5138976,-8671161.7,4892589,-1.4569489E7,11539867.19,3221407#vTqDAbkZguB1Zdbw4XJKlLKQcp,1686271.26
1462,847,1705,3,13,37,852,-5185107.6300,13939901,6883035,6698844#XO83wWrebKtJfsBlYq49Elhfbo6HXzv4oAMkrt,-9093396,14568913,11409539#Wu2ZpdTT3jfQ5mh81pjK1dgOLDFOz,7297686,231655,4727792.58,1605199,3831089.8,-2653317.13,1957164#AtF4uc4g0RvetepYY0906pxRUT,-1243081.48
1463,1926,735,3,11,46,2484,10100226.9700,-12055594,-2205534,7599229#9DmjT7dmeAsDp4rtPnbxcTVYI6LXYta5Ax6N0G,-13764688,8318943,11159081#nQp5JdctCJShQjYMmtpuopzyYu6DV,1962688,-6775393,-1773086.75,-1487395,-5725263.0,3440752.44,14251367#meUNmqGRc7VhWQMhrt7ahrHnj5,7228917.94
1464,1751,1685,2,9,54,1081,1381644.7200,4232877,6644106,2991126#2yIjrDZdTNYOIgXj6KR2DmnQTuKEtcpKP6jUCZ,1236444,10911785,7663832#zEDXK3eauSmfHHHZdMZofvlYdabcK,-12130177,12700271,-8144879.17,-5629015,-5478005.5,-10753.90,3957024#inrhQSszraokULGPsGOtui6OXB,4909271.93
1465,3121,2,3,14,22,367,-11450318.0300,2718227,-1245274,6539479#gPG2VPEhVZAUlJ9A0Wuglu9WgpgE2WlsNohK3g,-7605046,-2063236,9658562#167QIh1X6jIPOUKyfavuwLdRrAO4d,-14281546,-399198,7022124.1,12016538,7950066.5,13921869.24,14129093#OiuQoFZrcuhZquBxjYdaQlEzUf,11552832.94
1466,1516,123,1,4,24,834,4491731.2700,2514057,1019213,8839016#UT8wJmqWFYiNNeW4J1sRrbJtqlxJgd7e4no6T1,-11183742,-137751,9545151#ZE3MYo7oNzpqN1ZU6tnI1laa4qQsb,-8065709,-4444738,-1.272950277E7,8709396,619074.9,10340928.99,8769052#z8iTynwOgCsN98i1R3clmSuoBw,-11547190.15
1467,878,2003,1,6,20,1135,11764436.8100,1352514,-7722047,8157527#PMglWQMjG967fD6TVjmmSHb9GUjbClWojIP0l7,4873807,-9539846,6124891#H36VS5hx53N1YpYuKOddxUrEKEDqs,-11040846,-8214626,-1.384983262E7,-10326006,1.1506719E7,5362312.99,3058986#t7S7FCRQ5AWLqrHlKdLXMbTPMr,13594056.18
1468,366,1325,3,1,21,370,3986619.1500,-10187587,-5697524,7483397#kN67sgmWrJT8YAh5dFIcmQZzK210Oekz0Ica3q,12451030,-3867179,13855622#xdXfiHB5wfUpjwSFVfJc5pPEhl369,-4255848,-10992909,1.363069534E7,-12918707,1.4419624E7,-9180932.30,11218974#SqcZH5IY0hShrpLgSpq0DPDNV3,-2748047.32
1469,1299,1434,2,9,25,54,3267393.1500,-5509433,7411265,14193174#OFW8jMTIdzyV0Cml88KvyKEC2vDHuoeJ602NRl,-440235,-709428,9146723#UKN7slCHgynelr0jBPBij7y4gLXyu,11837541,-11912220,7763540.7,-782171,-7974277.0,14660172.20,10043587#B8aeNj5De62yejFHblYS8DtWtg,-8079259.29
1470,731,35,3,3,27,340,-6691014.5200,-1323816,12026158,2499502#oKPSistVRDmYO0G0m5ti3qIXZ12WpofGSkeHL2,-3533078,-11246081,4383522#uAsGqKauJLH53xbbU4WwSM21vVJ1z,12335634,12795698,1.220144479E7,-3572821,-3137933.8,3382583.70,14618474#RxzSC3Ll9iYJfQFsJuEBUMvIS9,-14141393.08
1471,1109,1833,1,9,46,1965,14259988.3500,6225527,-2496486,13601941#rsxPjbIKXTj1hrqM4IUv5dg0SEMpdCvt5xxJB0,-3491149,5287978,11658990#Z3pjMoDuazTClPSiNlHmpqwNSNcq9,7134691,6622876,1.05066813E7,-7189833,1.0737224E7,13892200.49,13744415#c4o0mMYz0Tl8sUecnkj5L7m1yi,14455544.35
1472,1044,283,2,5,16,1059,-6507665.4800,-2537590,7346978,8185526#isOpVleng8BnZY7fiyShy7Tv91BTZzPRH1T4dJ,-1735685,8739990,5268072#1d1nOrIPo5FwR0bI5c9HTi5NUmS4x,-7057584,-2354157,1.12571283E7,448352,5472131.5,10116184.09,7509750#q2mCv1s85m6IwK02fcf4dXiKgM,-2200235.01
1473,2861,15,2,3,29,1923,3024101.9200,9726353,-440284,13526190#ML2XKHIoJLvmqbyGmcG7Dsa09e1i0Ar1FLzYpp,14290059,-8270180,5450637#xthXVOFWwoPTPQIAnQxhEQGJ8uXqV,9478413,-1487231,2682621.05,-9370617,1.0553225E7,13949074.32,12294263#zoy7mKgyyV4iyaKdiOwuaufhhz,12192216.24
1474,2172,388,3,1,18,1730,12117927.1000,11345775,-10000682,1045218#cpOsIBrPB9tIgp9rZo63KyVrxGj3uFOrh8FXb2,-11435405,10557208,9515261#AdWSsBNg3XgwvoWJs5ujjXusH4udQ,2689160,2369082,5032257.63,13372284,-2566544.8,12836709.96,5421914#jSuJraPSomvxHYkxscZ8oIPPxW,-7424650.60
1475,324,867,3,13,54,1067,7128758.1000,10330744,13278192,12813382#XkAKkLCR3oYlS8ESrr8lQUjaYU7EvA8T4OTRYI,-9724981,-13285721,7000486#HLs7eRHrir3oB5KZDr1fZFrPTwbrT,-4321931,-1070014,-1936249.33,11473114,-8634911.0,-8447599.60,2878350#QRKcjy6Raro7LLSzux2gRRytkW,-11867709.17
1476,3120,2039,3,6,3,2202,-8480574.6100,595071,3502481,10238616#xMjTg7dW6cOHVRgDGLV5vqEBuVhGZyDD1kzWfw,9690504,-7819105,1009464#96iust1kP0MtQ8sSc9EmL31JY3AiE,-2581056,-13554294,-4196614.49,-12182489,-8738892.0,-10084869.26,9613747#T0L773a0CmvwuoUU1yK0nZ79Or,11833936.49
1477,157,1447,3,4,63,1674,3470321.6700,2591642,-6012709,13368912#MfqcOGvjXm1mAIIsNoeZNxAWtoQxdObHTo9JAv,10295961,-11840370,13801227#F4PWD3MgteAylNx6PRVzYjcvjRo1z,7434733,-1733654,-1.003954721E7,-5593745,1.4199179E7,8900329.98,7642311#tCqvKx94VQkOw5N0RtLbkmHnup,9821154.42
1478,2268,1408,1,4,28,2188,-12884490.6200,7685069,11567247,14071373#UTqftV9a7xBBk5dCk5rf9QGVKUaxAHSlFaiZRD,10216599,-4714002,3363915#irtxoOdG8CYhwgx4mqSO8xxbBtcff,-7037720,-4260198,-9505152.71,-358169,1.31795E7,3748629.55,4750861#fwK5JpZHe7pEbpeO03xcROKD3h,5332939.43
1479,2805,1806,3,12,40,2329,4114462.0400,-9593983,-13606282,8137945#bwDTOILhpJCKAkPFOSrSvYWbvnlDpGfo32U0e6,-7852898,-5325910,12624893#oe3laXI9YRMzLFlKP1ro6zQVcxkc6,-6596947,6683112,-972899.2,-7403710,4095961.2,-14227603.94,1592489#Znt8ghXVVGTNP5omGcGPg8Grgg,-3390054.08
1480,1791,777,3,5,26,1171,10319008.2400,-10788690,12784505,10710539#aWDt4HvkFloH99W83Huf48OOa6yyn3a1DcH9ll,-2673539,10462441,13047014#tVp41CZpXSy71Bg36hczSSB0YOWQE,-143761,-10541843,-6604684.34,-7297016,7509519.0,14396605.06,1224168#dsjJ7TNALKp3OX4TWg7QcLtthC,-14086888.00
1481,2950,1186,2,1,49,458,-7929257.8100,-5042382,-6790270,8609413#HDvvvqXoqtN7kAWd3FKcxKMV6aDQLY3O6PQTBt,-607383,-7019629,14731916#zxXCeXOsobHrl6iELC6ajOG7v00RX,-2537670,13085333,1.285103367E7,12826442,5246657.5,2785916.36,5310836#loD7nBPC50bR0nwbCmmvm0Q5f2,491933.21
1482,679,1442,2,1,31,2306,10468214.7300,-13839666,-6799046,11394496#ySleLQxplk88IGvOmg9Hf2sDSTzRHyYxyMFLNm,3663344,7691978,11036964#1Km2pnUP83BkpP5M0so761upAqw6u,1314302,-13961240,1486697.38,-10316920,1499838.2,8463000.42,664332#yTo8mwXG8hwUZSumdPWsCD7YwW,-11469822.63
1483,3095,829,1,13,43,586,5023065.2700,6204423,3934046,11332678#fB6Rj9gXa1UnxIKeVn2wvY7GyWwU7FA6KFZkJA,10584063,-2505075,9940808#MRjEpodn9KoUQikfc6dkUpdNCbrTy,-5572879,-9344288,4367700.76,3289585,2020652.1,-1924711.51,9616850#aIqbXMqrTjLtmPpLihY0roVJfa,1185513.29
1484,2766,743,1,12,55,1519,14713570.8500,-13861571,165644,71419#CO3pL4Q4bsimhvm1hIqQNpjK71amTiz3VrLf6t,12734634,-3253341,2866247#nOlazFuHRqKxxiRcrn4pVcZChuwTI,-100868,2686953,7771862.7,12995246,-8425556.0,-11439758.80,3176761#74Ppi7xjRixfxSInjst3Ci4Jsq,14333007.25
1485,1266,1762,2,10,2,1108,-6983787.9500,-8559486,-9366589,4230131#E9lNDIWGdSjQlbnoD4MuXPXQjB7Q0tNWN0F5HO,6705219,-1779114,11168814#Ry14YVFJ1VoVQywEmknkD89mCQ89k,3783498,2262137,-4949116.7,-13350588,123133.81,9065067.33,2591179#QHwUtBgTMkzsZRuhQsdp91kw1P,-13345574.50
1486,3233,1226,1,5,52,2094,4529841.7800,-12033576,-14414703,5059598#MBliT8zANWkKYhlTZvQgT0FLjSfBwAYpBx1iej,-7405349,-2670577,14297892#nNJCUqlOUmewuGyVvP2ooXFsGvboT,12667341,14146821,3479944.55,-13620247,265370.66,-6545688.24,3230338#lvOyXdc4nihDwInm31sJNtX4Pa,-7135831.73
1487,681,1474,2,9,9,178,5748487.6800,-6681306,-12648195,10383039#XYatiGBf0fQEiSarvrGPfrojch8WUBA8YtKyDv,5610712,-6762537,9908142#6U9xLNXKTqM6HLcNtPcPbBUMATRcE,4400334,-8252922,1308104.84,-4776490,-8276816.0,14273785.38,12250504#16qNEn7kLs0AXTBG5vuhMwHgwp,-9802901.65
1488,2702,1706,3,14,56,580,-2313111.7200,-5829474,5961762,2390373#UTqftV9a7xBBk5dCk5rf9QGVKUaxAHSlFaiZRD,11425137,-14161105,3954914#iJyJHd9iSya7FYL5JJsE3stGYhLYU,5339315,12394829,1.374368233E7,4885858,-7359097.5,-8313849.08,3689623#4v7KEThE6slubjRiwcn9FLKA3Q,-2887150.50
1489,2057,1153,1,5,63,405,-7261556.7700,-14767689,-9228752,12092231#YrP2j2B6WXmtNUjwPB35noCoGi3LByWqoB622e,-7161450,6458722,10175346#3vmRsj2EhlOxiCZOFsTj4kbOP92Fb,1233674,-3048399,-1.002837979E7,-307466,8655000.0,4787754.23,1527837#TizPUeYehQU1w7tTPO9XdfR5ic,6207858.85
1490,144,217,1,10,54,919,-10295160.3000,-8222564,-6724358,9838998#qY8JZIyfxMiShkuXWgaxbdkQx6uKk26lm1MRbo,-268984,-8170320,5916953#qd9cgHKgc2cj4r80BMREQYNAq7EGW,11935939,3672024,7280138.56,-12883872,7005991.5,11864981.49,9305051#Z8UEcYXTpaU4oQLiBeLuhNnjTk,-10277534.49
1491,505,2071,1,3,23,1288,4424480.0100,10928060,5459345,5442849#eCzU6avwX1xmmSl4VdgCpl9Wia19qLDqZYLHNz,7201060,11249815,10897997#VRAuhb0wxPrveaq7w5HKtMCXZslNS,5968866,-5841582,54663.9,1061123,5446163.0,9664559.51,7334164#AtF4uc4g0RvetepYY0906pxRUT,-93047.76
1492,3082,303,3,14,37,1261,-7202793.7300,4779551,9969580,193207#TbGzFjs4R1ApfA7t4GjXsHLP1v8bc94JqMqLAU,-9443822,118268,1038616#gJejTsXHueJh3eAFEd5N4qs1WZD1h,-4825065,12540086,-1.128681805E7,10785969,8182842.5,-7839947.55,2512852#ksNUWChczLQKwmK5wG3n2Moke0,6128885.07
1493,1709,1862,1,5,12,1005,-9249644.7200,13702393,-9939351,10850436#ev8vQPJ4JzXQ9G6zbGhg3zdhJGWyUQLmGTSwFl,3259753,14388479,8074196#oyidbai8n2W8Ld5l4z7kjj5l5Mk99,7148390,-2926519,-1213097.76,3633541,-3280436.8,-3581497.43,3762356#yU48k423V51SaFtY6ERz8DfKBm,-4560454.66
1494,1704,60,2,12,4,152,5161179.1900,-6856979,-5946971,13985366#y3Wwyk571L0g06m1yfaedwtSmylbcqW5D9IJO8,-10174935,-2925111,1677860#dexCN3E1B68qjU7aN1Yd3nA63JMSy,-6041766,10177651,1343347.75,14135656,4022908.5,-3875322.15,14500809#3BpRV1CVUDoHDxANhOY85soTTd,-1995168.70
1495,2040,1942,1,3,62,1616,-1475324.1000,6203091,5240631,782527#PMglWQMjG967fD6TVjmmSHb9GUjbClWojIP0l7,11864282,-9154937,2483039#289ItTjaCYFFgXvcldlwzZcUqUnf8,8061304,14610612,1.235041087E7,-7590727,5834166.5,-13594980.85,14201202#pFOygoN06DypqxQz9AoaY1gtdo,-12716009.89
1496,1768,1083,3,3,59,1687,-8003628.8400,8496986,239966,381373#UTqftV9a7xBBk5dCk5rf9QGVKUaxAHSlFaiZRD,120822,3774510,4068792#QgjgJRoNQ8fP0qccq4Fl4iuetSrka,-13052764,-10526283,-1.386474825E7,-6127860,-1.0348315E7,12369086.02,854785#Qs7NM6TdtVLeyLIghM69TTeWa1,-6349000.15
1497,1924,742,3,6,29,2584,-3811363.1300,-5735203,-2803380,55875#G4a6hOPraNHXitShK6MDCVWZlPgWFQpXpAM7sH,1919968,4504742,9275301#O7oMJ8jftB8EWjDpgpuC1YzCNsDma,-5050221,-6492510,-6892213.78,6275490,-1.000342E7,-12359434.31,10207281#n9s0b4IVTDFq7E3X2iISoFcnc1,-13410931.21
1498,3077,696,3,8,51,7,-3513138.4000,-13197829,5156806,390541#4BFwFwN73rOYY7BhS09EXj39pJ2icogwmQ2pdy,4556289,13710526,5610703#pNq3VPci6KH1o1hVo1DPK9Z3XEKeV,3953431,8274839,1.138071107E7,14404872,-1.4589922E7,2921027.55,6447725#79YMaiu3daR5OM7ek6k2gsGwoD,14567528.12
1499,103,1270,1,5,10,2370,-9827263.4000,1103953,509538,850856#7ePRhkaZOj2IG4u5TqWGBVyzi15C5zC3SM9RDb,1921743,-6687938,12573360#lJljzPiAkdgtymLMNkjimUy2wF9Qj,-4262984,8411920,-5906093.54,4827366,5252628.5,-6868838.97,1416659#7nRCjQlHwpQUd61HhGfC5zIPcd,8878804.01
1500,204,1427,1,11,22,2586,12203221.8200,9629562,-4259055,861582#lHq5FUb1Ru8YR6trKX4GuF7EBKsgVRR8wjGZ9v,-13911947,-8136372,12569520#Nz8G3phWChpaiNLuO5CGMTuAvSCDb,3330016,-12112301,-1233795.54,2644591,-9015408.0,5864142.15,10571736#h6XUY0Vukb5NyoxYAiG3N5Elou,-14671415.24
1501,643,1958,3,9,6,1918,-5283669.6800,-11982750,-2347308,14077279#D9E83ffDDRf2Rl6FUp8tjFWLC8EQOSbQxYEGi2,-12698875,5610590,11827445#9F6EgePNXIbXx6iI5P4pdLqvGPOjz,1538604,1539878,2097614.49,227811,873115.3,-4272771.14,6535206#UTwi5hRNLM0Ntlrq6pRy66ILb7,-4391718.00
1502,3238,61,1,11,9,1405,6464900.0500,-4745238,-5963708,330188#2QqeoOXla2bkb9gwta9ZK5Y9hpVsgkj2X6FmCZ,7273347,9534143,8398234#AOhtQYssw5q4EgzxAbVJ2ikB3vgQX,-1054451,-12210295,-7337244.56,9648181,-1.2838619E7,2651665.63,4016087#b9CdVj1yEiwy2ek0JkesWHFl1y,-13125319.47
1503,3112,491,3,1,3,354,-126882.0800,5080497,7915399,12699600#ulG9vyZtVamOAufBke04u6QShZVLRcAPN4IJIW,-390403,8850581,6207679#59B0Cp5hYPl5Yxje2iuRttQUHsgHj,-5113176,-10441196,139845.52,12742124,5048661.0,-5941598.63,1230810#6kyM5n05vPtNWYSuHXMRN4o47Z,4756059.75
1504,22,411,1,5,27,80,-7041829.0400,-11280915,-2918195,892909#TSys0TqchPKFkO6UetMb4KKLdwBeZ2cEYwEd6Z,242065,10736432,559654#sM6YKyBrbNoqxtxQITlSser66wlSN,-697504,2820484,1.154298443E7,-2748694,-4881763.0,4444277.02,573275#N6AADKx9kUH7UiOO9kSmoSjv3M,9917340.43
1505,3078,1939,3,1,46,440,-5265011.7100,189891,-9994093,15033204#RCKvi5MorgWD3YhCLdW0n1Wjd7yVUPH6W8k58s,-3300304,-10976941,2612054#2a1MFynhwTxsFvrhLZmfBvTk3y33B,-10275374,277044,4209661.34,-6853713,-769.78,2241178.04,4922719#H7B202rGyCWZHV9B4wEHWPUkn0,9983856.92
1506,2224,582,1,4,4,1455,12792521.9200,1837769,-4100073,5570364#l94FGJAWxYutoQrLt3G5Jod03YM2fpj1pkFez3,14213711,-11065829,13575523#RAr170vlDNjh22sT8FFQjAfdrQ3lF,10595202,-6881002,-1129089.72,-267648,1.2194229E7,-9990242.57,1233820#ypUVlpfbAha0gzQQej5QzRswRZ,-11793440.82
1507,2625,1550,1,4,24,49,-9469372.3500,-11862667,-10398412,14838856#7ePRhkaZOj2IG4u5TqWGBVyzi15C5zC3SM9RDb,9591293,-12967999,6631005#Dr0w3RXFgQ2HiQud8IHo60bUiOOU8,4175969,-4752959,-503730.75,-3761749,1.2827753E7,10476404.07,14541880#jf6rCaeJKCKt23lBbQf9dTQJtE,-8236634.04
1508,1994,1327,1,5,35,878,8118470.5100,4291810,10673596,5513029#1z9pqfwUfSARaBiU5m2PJK6eUZZKqXGok0HrUY,-11457976,-2549989,2492942#OEkTClbOZV8WmpGyD7lTKKWdpZ0sT,11182744,-12207683,-1955101.05,7635505,-5821625.5,-9274196.61,9583607#4MqO3Rmt8jBspZi6xEYEfbaF8i,3120219.07
1509,2434,1981,3,3,27,689,-9563531.2700,2682666,3331702,14785182#o71wifWJmmAVy9e5Fgxs0mn8PHkTsctwzCwfyt,-14813872,-12550174,3764383#pd7eKnhwPuDcEu9NsnoLjrQYsiJ8g,-12071322,7901674,-1.064490822E7,12378383,-1.436258E7,9516227.33,8418901#nTy8ceEU4pSO1A7uXNRIo8IYis,-11349583.36
1510,554,782,3,7,3,1237,-8822927.2200,4100582,8606806,799178#VrlG3iLmlcbDrrU9I6oIa2YyIBu6z4DbPg2b50,-6813859,31994,739305#AFhiHLJI735CuB3QsI3pg0owemNb7,7848063,-3092258,1.27500435E7,8401089,9854008.0,12937577.25,14620451#DoCqNDbQ6a8XUHgZnkOA9qpgw8,-1597482.36
1511,2385,903,3,3,40,719,-9158909.7700,-4806569,-7209657,8839192#nv3GADNXhhhu8iAomQy3ZZyw3cRij1ElUXVS6G,7166297,-8724560,7020358#I5RNWyfTijPB4bUwjQm6cKnWaRIfk,-11935431,-5314889,-8967961.7,5060251,-1.5067889E7,11934622.69,3331601#en1XEZgDpsaiJvjWfS29oSy69e,1743772.26
1512,2754,780,1,5,50,517,-5362257.1300,14416513,7118207,6927803#cQfMsfqGeNU6V8fbwMCnLgnRnzSYIojlAE0PNF,-9404451,15067200,11799672#bjyab8cTzjj3EpDjGO3UNGHOGLqv9,7547550,239426,4889392.58,1660399,3962289.8,-2744203.13,2023794#e7KT5ndWDVA4ITzam6QK8Af9Vd,-1285274.98
1513,1911,1079,1,6,47,550,10445569.4700,-12467282,-2280752,7858609#P3sphhSQmRyCYdLWQdI5FN10Dojb1ABk3tmROG,-14234780,8603183,11540130#TgmC5beFl2yy4CJ7B3wkrqEsDiZK0,2029881,-7006793,-1833886.75,-1538070,-5921263.0,3558057.94,14738165#gluqbhfSPMAbEv4yR1GyDuo9tC,7475816.44
1514,676,1459,3,7,54,626,1428952.2200,4377352,6870860,3093038#5YdRrehnN3J21sS5v1MjD4V1ComYWu0wX1fJQG,1278558,11284463,7925400#bU0FNYUiyXX4ttpkLd7WwfDooasmm,-12544549,13133996,-8423279.17,-5821190,-5665205.5,-11424.90,4092131#bAUouTm4v490aQERw3Jsm7Ucp9,5076806.93
1515,1759,284,2,7,52,478,-11841361.0300,2810837,-1287821,6762593#BhNqurQ9eYjOBaKYfVtRWPYJ78kAR9SsAAlO19,-7864890,-2133830,9987867#WS7MY8gyg4MBAX7AuLQEJdypgkQNV,-14769097,-413077,7262124.1,12426546,8221266.5,14397178.24,14611225#3B6Qa4GcHo6zpPvrF7uNGwHFxk,11947307.44
1516,2641,2036,3,2,13,1967,4644838.2700,2599932,1053772,9140280#6yNunby4c77pwG7tSjEFuZOb6viCG1jjerfX8J,-11565015,-142741,9870363#S7DAzWpOdMNevUt6Fi4V8IdtX1MnC,-8340904,-4596138,-1.316390277E7,9006443,639874.9,10693292.49,9068054#TUpz1OAeVtki7e0deHnAGoyyxK,-11940852.15
1517,2778,294,2,4,42,2614,12165103.8100,1398810,-7985564,8435537#68Z9sqg9yPwB3oJkaJ4C3wx5vTrGvmCkaxG0RK,5040079,-9865205,6333487#8CzZDIkdYfwZV4lIRRN1iB5J9aYMo,-11417028,-8494526,-1.432183262E7,-10678043,1.1898719E7,5545089.49,3162985#Vk5yeQGCygjjsR1PJYUkr6eoEQ,14057217.18
1518,441,672,1,5,51,531,4122642.1500,-10534722,-5891587,7738172#nuBa0viad2ui0jTQa7qWwD6FlXifYuZDxXLoTR,12875319,-3998571,14327493#sEblUBRHsUftigkyPuKtdYrdTS57C,-4400535,-11367429,1.409469534E7,-13358632,1.4910824E7,-9493917.30,11600961#kYFNyQirmGeXXjGmQ6YNIHy86t,-2841854.82
1519,1984,1099,1,11,24,1502,3378758.6500,-5697133,7663786,14676081#tP2wF8QaZwX4FUogS1RVDdRj5f794HxZEyT8MS,-455107,-733745,9458001#aHsbqSNK2QRztS96GQrfehP0chSKW,12240358,-12317395,8027540.7,-809109,-8245477.0,15159149.20,10385432#3uh5MDxUmBwCUkLrPWKIfWyMTm,-8354511.29
1520,2819,1776,1,8,48,1462,-6918440.5200,-1369066,12435526,2584199#NJUSUBG9etck1pf6ZC1tqnL44yNWOxKMS9510q,-3653322,-11628359,4532595#iHn0Rp0jmM5USkfQW2dl1YRJay4H9,12755324,13230610,1.261664479E7,-3694471,-3244333.8,3497808.70,15115667#SNQOPF7ltfpyV3oY8j1UtgSCZs,-14622478.58
1521,2772,2179,2,1,1,1033,14744942.3500,6437290,-2581427,14064145#xctoCfCSbs3gOmt4bQ6XxRrexDTHGo3SXgPMYj,-3609668,5467739,12055260#XaOvVwbGPX1bsQbQB7S4eSowJd4ud,7377353,6847829,1.08634813E7,-7434133,1.1102024E7,14364448.49,14211344#GG2q0KOp4JmRArHM9UZKj9dV3e,14946730.85
1522,2219,1054,2,11,38,1980,-6729029.4800,-2623940,7596547,8463376#qqL4x5rRwHXKrHQlF6F2DgT5t71fubFzssIYTW,-1794499,9036846,5446962#J5O0qjeNEST8UNZm5NXHxb7y9j404,-7296987,-2433968,1.16395283E7,463577,5657731.5,10459673.09,7764578#09u3rRTqaDxtbuec7jrzQ8stl6,-2274682.01
1523,2055,2212,1,3,46,765,3126812.9200,10056366,-455306,13985223#H7ooI9Vrg8VfL9oyTU397RrmH4cdngSjeb0rGK,14775077,-8550994,5635423#4HwoH7Wg2qN1c9aqBKHdrLBraJSmB,9800069,-1537912,2773821.05,-9688517,1.0911625E7,14422577.82,12711544#lcTvuQu8wQYAhXxGS03ccX9sVW,12606249.74
1524,322,1886,3,2,49,1790,12529089.6000,11730400,-10339845,1080510#PGF7izOnLPHQjFUDaa3IeMv7u7hUsaDJr1dpIl,-11822986,10915111,9837697#HNbOIkXj5oheUsce9sW8VLxZucmMM,2780419,2449482,5202657.63,13825759,-2653744.8,13272285.46,5605794#e7KT5ndWDVA4ITzam6QK8Af9Vd,-7676763.10
1525,374,1942,3,13,11,743,7370637.1000,10680969,13728308,13247650#g16tc049AGCymqquTP48FTCZEyqhfXM8Zb4n8M,-10054379,-13736015,7237657#4oIiBd1YiqoWYSCMBh0dNyi2pD6Qe,-4468376,-1106464,-2001849.33,11861864,-8927711.0,-8733748.10,2975590#AoSJr7lC8q6Is73SDuGBaz5lgM,-12269768.17
1526,3195,2127,3,11,27,1776,-8767772.6100,615196,3621417,10585383#OJyJ2bGf2d4ojYiFib0ggxPzJjijpLi7PPpTgE,10018814,-8083944,1043332#vpVSeVgUhkaxZ8nj2yveGPIG5Ucts,-2668529,-14013675,-4339014.49,-12595126,-9034892.0,-10426811.26,9939378#f4SyzHe7ot7B8fUElNUkMnhzvk,12234642.49
1527,188,2126,3,12,36,431,3587497.6700,2679067,-6216011,13821468#TZDHZjjk1ia9FPrWC88057ehQRFn1ZZEWbklX7,10644422,-12241429,14268201#GlmiYdBaOZmuLnOHUSrOYRRMs5XVm,7686634,-1792204,-1.037954721E7,-5783058,1.4679979E7,9201821.98,7900975#IToT7BaynYvBKl3tPVeQEEcDl4,10153562.92
1528,1943,1150,1,7,28,303,-13320201.1200,7944957,11958437,14547140#Uo4kztQZ4agRgRAlkzpuM3mAgZvGHDoolEFtS0,10562416,-4873646,3477690#YvtiNXdgASuwTLeuFSFdMqsjkecUV,-7275596,-4404323,-9826752.71,-370419,1.36251E7,3875664.55,4911336#fEERKtOuyk9yHQIpgDZeOxOmJ2,5513686.43
1529,2921,1287,2,6,20,267,4253361.5400,-9918458,-14066390,8412741#W7UvYgvHBdDX58qPkFXm0i8GL4kOYZpnydIMn9,-8118197,-5505907,13051547#oG4VpgcN3gr8xLkHk3essbROJfsUK,-6820303,6909330,-1005699.2,-7654198,4234361.0,-14708870.94,1646185#QtyloMBQAROfbCDjmHRHHhHJWz,-3504606.58
1530,1241,1002,3,13,42,2463,10667573.2400,-11153365,13216131,11072247#lLGOwbTTmrrdLE6i9WdWble6VyiklZveVIhrwY,-2764031,10815813,13487558#zrmGbToFFmDTWl1Bhb96h93PI2Uuu,-148351,-10898068,-6827884.34,-7543391,7763119.0,14882762.56,1265291#kdkQUjI3XBMyQMR78R86vOtm4q,-14562473.50
1531,206,2210,3,4,51,2184,-8196814.3100,-5212407,-7019505,8899948#sZ0nZebeuRqJGhF6eNy5TXUjBv5HSYtujeedXm,-627569,-7256605,15229119#f8LUWKfQAGUJApm9LKYgew60BP6Be,-2623627,13527133,1.328463367E7,13259192,5423457.5,2880152.36,5489814#5ZIJ8uAPUcrnlzoFk0MnzYUJMD,508243.21
1532,1004,854,1,10,62,70,10821282.2300,-14306416,-7028662,11778914#OWitfTjZ92fboi92Xzcjrpc6ysf7qK0ihYXHM1,3786799,7951645,11409217#4S7oKDfMYTcwAC8ppsbUDIjK5eWuL,1358572,-14432115,1537097.38,-10665058,1550238.2,8748823.42,686490#ME4ivF4H1mRHywo16NifLl1kDP,-11856968.63
1533,389,1599,3,1,9,911,5192084.2700,6413548,4066924,11714455#uEif57pdANvMY9OSCaQqFr5vPLw5E8bE0Stt2J,10940991,-2589853,10275756#UeqReg257KajMl3EthUlmyTaOvVzh,-5760594,-9659663,4514900.76,3400216,2088652.1,-1989797.51,9941005#XCrCyDHm6kBwvCUmLAhuC5Qf54,1225192.29
1534,3216,1683,3,7,26,613,15209622.3500,-14328833,170963,73554#ilZnTIUQXyMmfJndGBKQp6dnwumM1QhHlqbKLP,13163429,-3362758,2962566#ZyKe9DuxN0JufQZDlIpkK1D0Dsrcz,-104469,2777466,8033462.7,13433283,-8709556.0,-11824880.30,3283754#t82hQwzSDaU7qyKemFLpY3qrXd,14815838.25
1535,1466,101,2,7,30,2235,-7219007.4500,-8847636,-9682235,4372483#SXs2H2r5xLAg2gd4RI1dMWoKh5acuOwbdLWqNu,6930922,-1839096,11544629#c692puUyD6IRr2RgP8DvnAqiKFiw1,3910787,2338112,-5115516.7,-13799963,127133.81,9370019.83,2678171#C130i3GufaCk3LwME5lAWTrVkI,-13794950.50
1536,358,1492,2,6,6,2630,4682331.2800,-12438401,-14899931,5229783#sk0iLZnGj8T2TcofLeXpaBxT4bA8tR3swmzh5u,-7654601,-2760657,14778862#SrbF4vJkxqrZ23htBLy0m9ltDodGB,13093241,14622696,3596744.55,-14078485,274170.66,-6766168.74,3338838#zGNHQl4BOnc7M2eZCSBxw533JM,-7376023.23
1537,381,907,1,11,19,2085,5941775.6800,-6906256,-13073273,10732025#30qbcOPRxOtg4q39B8ISK0oaYshfedQRTsYJfY,5799313,-6990201,10241124#1lSD10Ti0FmWMicAFB5NYx3rjnVqj,4548508,-8530510,1352104.84,-4937290,-8555216.0,14753526.38,12662170#3SLKXVajCLgWJxTR2pL6nSD5CX,-10132264.65
1538,2364,457,2,8,16,863,-2390694.2200,-6025237,6162006,2470680#qNTbk3CfjTvWhcmRzaXLQs1hGx9bxpx8JCrlvf,11808789,-14636782,4087627#J87kGZlAbCvJY03mHNHuh0h5p8TAC,5518444,12811566,1.420528233E7,5049758,-7606297.5,-8593137.08,3813559#J6WyGIUn6X3VbHovWf2BlZg5ok,-2984399.00
1539,1426,11,1,3,34,130,-7505469.7700,-15263776,-9538642,12497960#pvnpsaJAi7MDdVkZ7t9GdtQi792ewu12BptaIc,-7402218,6675499,10516928#irUkkJcN1ZQeWLgQwsN4UCAe8yPNM,1274898,-3150495,-1.036517979E7,-317741,8945400.0,4948580.73,1578989#4b76amNbiAEi1wa6L7cV22YeIp,6416640.85
1540,650,20,3,1,17,1027,-10640837.3000,-8498733,-6950343,10168847#ogYXL41AFGzvdPSNsxvbxLxEHDHeeXwHWNfM7q,-277829,-8444678,6115482#luXC47X5pibS4Ke0EyVjrFNSNjl7D,12336256,3795324,7524138.56,-13316397,7241191.5,12262884.99,9617096#GYH5cNdxqLjMSxR4rkDXZQFnnw,-10622164.99
1541,2443,837,1,8,25,267,4573174.0100,11294501,5642369,5625255#QtWjJIPP0YEYESJVTJXaFflnHYgvLlw7Xfp97c,7442547,11626780,11263142#6U9xLNXKTqM6HLcNtPcPbBUMATRcE,6169181,-6037232,56263.9,1096548,5628563.0,9988827.01,7579980#ek35IQ2DPuKVsCtlkgpCLXlaab,-96109.76
1542,3057,1419,3,14,15,1429,-7444053.7300,4939701,10303871,199397#kN67sgmWrJT8YAh5dFIcmQZzK210Oekz0Ica3q,-9760383,122461,1073091#aMXLWI6VCSV6ykVFnS0C19saiHcoj,-4986849,12960261,-1.166521805E7,11147457,8457243.0,-8102537.05,2597044#brzTl1oSWNECuUC3KBSjGGyJeZ,6334146.57
1543,1259,1702,2,1,22,1687,-9559392.2200,14161330,-10272172,11213743#i8bHgIoKf0yKbDSdt7sf8xfZn3uLzmqG0wxL3Z,3369238,14870229,8344323#J4p3UImOB8CcUOBHzjhc0hAxd8EpT,7387569,-3024244,-1253897.76,3755216,-3390036.8,-3701169.93,3888146#LOJEKlVkH5LRJNEWKLY4fOyHm8,-4713341.66
1544,2954,900,1,10,47,127,5333835.6900,-7086792,-6145753,14453378#ujTK6ahBuHWFWPdXk8PbsmwhMBv9aIJLyYpfya,-10515277,-3022806,1733766#cU3KTuBzY9W5J4F0Bj6oAq9LbYzhm,-6243836,10518538,1388147.75,14608909,4157308.5,-4005011.15,14985892#OTvHCVTpTKeLdP656o4DHnkrRU,-2061965.70
1545,696,874,1,3,12,415,-1524517.1000,6410441,5415614,808446#Csx0juBMtKkc4tNfx6tWkm9i7015xZhSBUj56n,12260943,-9460959,2565897#ksVIbMTfoEQEX8Cw1vO5NyqpOVa9j,8330917,15099532,1.276321087E7,-7844330,6029366.5,-14049450.85,14676125#h8oUdNsk9UNpbgE5V77CaPaps9,-13141254.89
1546,3274,1216,3,13,44,342,-8271395.3400,8780786,247744,393851#sxMCSrVk2UGhQX4ECKFLgNnQyhWqcGJDewmMTp,125127,3900347,4204714#l9HGHZ8n65EAv7ijqEcCLkObHmkQw,-13488851,-10878045,-1.432794825E7,-6332966,-1.0693915E7,12782464.52,883239#RchJdtNOwu9UaaOhl2OOSiZuaX,-6561401.15
1547,199,1580,3,14,1,699,-3938673.6300,-5926678,-2897135,57710#0BCxDmnyx4ecIGqvrcWCzp9Vlk2u1VDOA7PGI1,1983875,4655371,9585085#14jGX64b5EYkPw6gjUgfVshw7BAky,-5219171,-6709310,-7122613.78,6485065,-1.033782E7,-12771983.31,10548138#9QYJs1gxLmERyf003kcpVd0F8o,-13858862.71
1548,2127,1577,1,9,33,1193,-3630144.4000,-13638401,5328882,403506#Cit3pcudV0wtxW031zBUO0utBb37N5aivP24z7,4708566,14168255,5797707#vazGa2NDLegfkvbehEKgVMyWVkUHT,4085426,8551139,1.176071107E7,14885747,-1.5077122E7,3018749.05,6662611#f3mb2FtGVVgGmG6DtsJXeR7dOc,15053581.12
1549,653,496,3,12,49,675,-10154756.4000,1140578,526698,879217#nCTNAOUAuJj6qwyeSq9b3WGpakSCSN0AkJ6ejm,1985840,-6911047,12992641#tdKBh5vCbJItZcviQqo8mDuqwvVRh,-4404871,8692545,-6102893.54,4988091,5427828.5,-7098056.47,1463735#4thn5GVZtUYFcC5KcE4EewKF5x,9175177.51
1550,1904,415,3,9,52,1186,12609773.3200,9950487,-4400930,890260#FRxs5Xl27SawBtY7tuw4NiRZEWxoZeHQkkxtSO,-14376010,-8407489,12988425#YquFeB2CXnPUNWrmz26v01rCH3dAM,3441204,-12515851,-1274595.54,2732954,-9316208.0,6059916.65,10923889#XttfE3WJozWX4q3U0xyLsEIKUW,-15160199.74
1551,156,1758,2,4,25,1894,-5459683.1800,-12382175,-2425533,14545932#NXgr20wYmDWgq0mCQHpsAou1yrAfSZT9kZKIcr,-13121840,5797695,12221251#UfdVHYvcEiDCEF6AI4ybcc0Bea0ca,1589693,1591478,2167214.49,235361,901915.3,-4415053.14,6752895#Jtod7exNQT1dHELotbNOO9XN5C,-4537798.50
1552,838,1108,1,3,2,110,6680239.5500,-4903463,-6162449,340994#MeLsz98JWYBoZmQYZVSkuGB2du03sNyNm4hZZ0,7515492,9851752,8677745#AKUy7f8N8rtldjoSfEpLh9BxPqGSR,-1089840,-12617045,-7581244.56,9969625,-1.3265819E7,2739690.13,4149669#wjdcliaNX2A6T4aNdqJNPuyFem,-13562101.47
1553,2521,2103,1,10,32,181,-130883.0800,5249472,8178851,13121903#WHXQsCGIBmllp1Gv2UL7TQs6ISg8yKyCpbwBBC,-403133,9145206,6414010#1hh7nFYfF9JEOsGA7X1EfaTjbj9qA,-5283485,-10788621,144645.52,13166012,5216661.0,-6139089.63,1271726#y4e7FjyihVW1UDZoiGuHQ0GGlV,4914069.25
1554,66,2152,2,13,8,1906,-7275729.0400,-11655808,-3015480,922448#WYq5qh0D46LlgA7JWwJEenbezaAjcBuR6nsiqz,250041,11093313,577983#dWtKy1VG9nUShy2dZ0wSfbZv6DJXA,-720669,2914109,1.192698443E7,-2840169,-5044163.0,4591881.52,592076#KPKehJIcmb9164AfPSRsp2k7hM,10246767.43
1555,728,1449,2,3,47,1436,-5439963.2100,196166,-10326119,15532489#5zXgvgZ3RLFxp57paOBtrgOfG2DyNRDgiKMEVP,-3409948,-11341365,2698614#6VzjpSq1oeaLVBHidi0V9RxHnNCr8,-10616602,286481,4349661.34,-7081251,-769.78,2315472.04,5086159#SCbTwpb4xu9DytbwFaTuRuu79w,10315648.42
1556,874,865,3,5,52,1890,13217098.9200,1898969,-4236483,5755226#ZkPF5de0d5H0YMfz3yizV1PzXo5pmFUmObp0xC,14685682,-11432902,14025913#Y7jx1t2aczYgoazRsbmTJqL1KqPMy,10946861,-7109227,-1166689.72,-276436,1.2599029E7,-10321965.57,1274506#nsl4IMXCV4k7JNpa5hFhFJ63if,-12185006.32
1557,612,354,2,9,23,1536,-9783510.8500,-12256438,-10743470,15330883#GztkINh4M95iTAnqgJjceB5Cck0BSRcfcvNUNM,9909699,-13398062,6850929#ovCCPZUbGiT2NN6S5MKY7M4pUSNqs,4314217,-4910809,-520530.75,-3886749,1.3253353E7,10823776.07,15024182#ZmzrVTin8Azj1gh7leRbfhrrXG,-8509865.04
1558,1394,490,1,6,1,1512,8387341.0100,4434397,11027550,5695664#fUFkIQjdnkU6nMNetWXl44TgzpVF4rU8VHDHiF,-11837912,-2634415,2575317#dguJQIMty9Q3SimxuWXxaZd3cBS74,11553308,-12612208,-2019901.05,7888755,-6014425.5,-9581955.11,9901118#HL0IiiNc1KI7uiUqXZhk8FykBW,3223500.07
1559,134,798,1,12,33,77,-9880175.2700,2771791,3441769,15275052#WiDWFyBakqYOl0eArfcwUspbStDQc2F8YYCoEU,-15304827,-12966160,3888786#3KMFIiU4L0BGHRQn6galPnSLx5YX6,-12471234,8163549,-1.099770822E7,12788508,-1.483858E7,9831407.33,8697855#5TY8vB5a0GwmS4F8dtCeEDlsLv,-11725667.36
1560,1504,16,3,6,36,1954,-9114933.2200,4236232,8891697,825581#KTExpwt18Q7NDIfi7KRVCAyP2JI2qzyk6RCgox,-7039542,33316,763731#ZiNg82OJ3hAcA1sF1YrJxqZZrsW5p,8107746,-3194933,1.31724435E7,8679289,1.0180408E7,13365757.25,15104422#QewcwJbBOpwntZkLq3A8oQ6IG4,-1650366.36
1561,1304,95,1,11,61,502,-9461887.2700,-4965744,-7447923,9131487#qhKZOPk8QDZiyeYgsKFtxRjKze6ZmfPjsW8s1I,7403266,-9013267,7252595#iHn0Rp0jmM5USkfQW2dl1YRJay4H9,-12330475,-5490801,-9264761.7,5227914,-1.5566289E7,12329378.19,3441795#9Ozvw2PEaMqlTDRwbNKPOmiiHg,1801273.26
1562,1386,2068,2,11,63,181,-5539406.6300,14893126,7353380,7156762#TNg0n4X9yeSPia02uKSPjJpi4dAzwsrEoX6Jr9,-9715506,15565487,12189804#qfrD5TEQ65KxEEqH5g4e8YAq3FX0v,7797414,247198,5050992.58,1715599,4093489.8,-2835089.13,2090425#vBdpr8XaVdgz5f6gZmygmb1Hhw,-1327468.48
1563,1897,1423,2,1,48,1288,10790911.9700,-12878969,-2355970,8117989#UQErKOcaXupq27IlsY5jxQ3rt9boK2ZA5UaluR,-14704872,8887422,11921178#h9tMDU5VNqbvrYFqvipWbtJd0F9IC,2097074,-7238193,-1894686.75,-1588745,-6117263.0,3675363.44,15224963#0m64bMRio2vx1ZgA5JfRYQ429n,7722714.94
1564,2876,1234,1,5,54,171,1476259.7200,4521827,7097614,3194950#W8MtP5w0HDvAdayvvuSbC6HHg2RQfnNvAKGogg,1320672,11657141,8186967#OiDIv74cbv4ZGnQYUjjWRXH4bVibK,-12958922,13567721,-8701679.17,-6013365,-5852405.5,-12095.90,4227238#Px7QBV9UIjD9BBir7JquL6Eq9w,5244341.93
1565,396,566,1,14,20,590,-12232404.0300,2903448,-1330368,6985707#LRLjaRaoperevuCYuAuegmnMWOaBwm17AZ7sGS,-8124735,-2204424,10317171#BbDU06cDDltSqABrDj1coOcpcppWB,-15256648,-426957,7502124.1,12836553,8492467.0,14872487.24,15093358#8PZnin4ubxpnJwejmFS1Fg3t7B,12341781.94
1566,491,1735,2,14,2,427,4797945.2700,2685807,1088330,9441545#07Pw405McXHbvhGcCeiwuGzzFAPXeu64IlvAud,-11946287,-147732,10195576#QdvrDYr12EU9cPMeXnTHNGjFHxCQN,-8616098,-4747538,-1.359830277E7,9303489,660674.9,11045655.99,9367057#IrAYNM1FNxpVAij4XUnPQcn9Cu,-12334514.15
1567,1403,799,2,2,1,1420,12565770.8100,1445107,-8249081,8713547#Rz5evFTVPtXOlrvjSRE72DAnDj0Jpkhv3VMAJi,5206351,-10190563,6542082#IasAQ3Y2JDTmlAoDAOVfSOdaZpHZw,-11793211,-8774426,-1.479383262E7,-11030081,1.2290719E7,5727865.99,3266985#Vk5yeQGCygjjsR1PJYUkr6eoEQ,14520378.18
1568,516,19,2,9,19,692,4258665.1500,-10881857,-6085650,7992946#JXtRBU6uGwKGtJEEMi1nzIjuJsgTwLOoVxElR0,13299608,-4129962,14799364#S91FXB5VB9YdEbmQMEUTN6VRBtEIa,-4545222,-11741949,1.455869534E7,-13798557,1.5402024E7,-9806902.30,11982947#1HN68TOg2TMSsYawM7lWTNvPzj,-2935662.32
1569,2670,764,2,14,23,276,3490124.1500,-5884833,7916307,15158989#UQErKOcaXupq27IlsY5jxQ3rt9boK2ZA5UaluR,-469980,-758061,9769279#pXyiIJ6uJDQwbA4sCW66p6JmKESlG,12643174,-12722570,8291540.7,-836046,-8516677.0,15658126.20,10727276#CB4jYBVLLXrSqbh5JWRncicnGo,-8629763.29
1570,1631,1303,2,12,6,2584,-7145866.5200,-1414316,12844895,2668895#BrBjRN9PFWihM5HL9mQ9NOssty6pWtxq6jzKtg,-3773565,-12010638,4681668#j0joCYOcdNJ08YBb3Bs9WbufrjBMW,13175013,13665523,1.303184479E7,-3816121,-3350733.8,3613033.70,15612859#zTlwL9RtDjZMLSOruJFyquIaNu,-15103564.08
1571,1159,311,3,7,19,100,15229896.3500,6649052,-2666367,14526349#lLYoV6XI1biKGgzA0jNxT8oP8fEtwVYTmsEoLE,-3728188,5647500,12451531#HVdsbMDGO9x5kLMa2NrQL1LNGFzwq,7620015,7072782,1.12202813E7,-7678433,1.1466824E7,14836696.49,14678272#QSgTB1HupuB91T07wmoUrOjzD6,15437917.35
1572,119,1825,3,3,60,228,-6950393.4800,-2710290,7846116,8741227#iI3jKPqxkKxdWNRqrArsX1kENOcOHhHdW7tnTS,-1853314,9333702,5625852#6etKCHshjy7gmEPmWnldXAcnL3qLa,-7536390,-2513778,1.20219283E7,478802,5843331.5,10803162.09,8019406#wkx3VRzccseFcZI36nsrBwLsDJ,-2349129.01
1573,1248,2195,3,3,62,2280,3229523.9200,10386378,-470328,14444257#JfWg4NqRg4qr8FoTCNTPaI8bODDJIzGDfc1eEO,15260095,-8831809,5820209#9YBsFvWbfw2RE0AE5hDrYEPnO8WAd,10121725,-1588593,2865021.05,-10006417,1.1270025E7,14896081.32,13128824#jP2hvfpnhEWXiRrTm1JFvJUDth,13020283.24
1574,1747,1170,3,3,17,1850,12940252.1000,12115025,-10679009,1115802#hLKcQ8kXpK5ORwNkKaicVLnupFdZGZXaB68baY,-12210568,11273014,10160134#kyveVMx0DmTSylMnnAXqSfcq6FjLW,2871678,2529882,5373057.63,14279234,-2740944.8,13707860.96,5789674#EWBr7U0QYGwfqtLRLaKzsd7V9B,-7928875.60
1575,424,803,3,13,31,419,7612516.1000,11031194,14178424,13681919#pAecOb5MCL9DFs6qBHgkRAhEHZ0i8YGeCBTUhS,-10383776,-14186309,7474828#4ujfClV7ClzyxODuUVESZTqmds72Z,-4614821,-1142914,-2067449.33,12250614,-9220511.0,-9019896.60,3072829#F2TbbinedP72L6tznAXu8JTxXt,-12671827.17
1576,3270,2,3,1,51,1350,-9054970.6100,635321,3740352,10932150#wgdNU8I7K5ok31sM9fXcJbu9a4xyiYqm40B9gQ,10347124,-8348783,1077200#Tfksh304XT6m7nPlbwaJ6XEa2ISYI,-2756002,-14473056,-4481414.49,-13007764,-9330892.0,-10768753.26,10265009#NpQFA0oKtqPaJelGPfnW3YcxR5,12635348.49
1577,219,591,3,6,8,1861,3704673.6700,2766492,-6419313,14274024#ydb7tUVaD82pz2GPsqDnkXx32NS3oMTyS4dV6S,10992883,-12642489,14735174#yrueXBP3vfWkfhCQLOAF4pEmRK8rY,7938535,-1850754,-1.071954721E7,-5972370,1.5160779E7,9503313.98,8159640#UWiZM6gNNIpebbuAHURhU51uvY,10485971.42
1578,1618,892,1,10,28,1091,-13755911.6200,8204844,12349627,15022908#DyDXwPwzyDp8damDSEnw8YI0FUqZlKfiRF8lZk,10908233,-5033290,3591466#zZAQEG6oX1KyJgWD6XGjo9rXUVvRs,-7513471,-4548448,-1.014835271E7,-382669,1.40707E7,4002699.55,5071812#hBUXnuolnIHLazkCoL75ayZnwB,5694433.43
1579,3036,767,3,13,1,878,4392261.0400,-10242933,-14526498,8687537#68Z9sqg9yPwB3oJkaJ4C3wx5vTrGvmCkaxG0RK,-8383496,-5685905,13478201#GlmiYdBaOZmuLnOHUSrOYRRMs5XVm,-7043660,7135549,-1038499.2,-7904685,4372761.0,-15190137.94,1699881#WV20JDmVmJjoxG0FTMAz9HU81Q,-3619159.08
1580,691,1227,3,7,58,1081,11016138.2400,-11518040,13647757,11433955#0JFJ2hVjCrjitLkXUZzFQKhnwQM5r35p4aFEiT,-2854523,11169185,13928102#2y0KL76NRJHHPsCZfEFHXOqLMNk20,-152941,-11254293,-7051084.34,-7789766,8016719.0,15368920.06,1306415#c4o0mMYz0Tl8sUecnkj5L7m1yi,-15038059.00
1581,738,1021,2,6,53,1237,-8464370.8100,-5382432,-7248741,9190482#afAVDT4v2yVYLeB7mXcPxNn3PugqChNFbm2p8m,-647754,-7493582,15726322#L93JEruWM1O8t1QVbnve7mGckJ7Ln,-2709583,13968933,1.371823367E7,13691942,5600257.5,2974388.36,5668791#JEfnmHH8io8KHdqRF1HF0XgkmI,524553.21
1582,1329,265,2,5,30,507,11174349.7300,-14773166,-7258278,12163332#hFUInVdI98Tx8EHwh4Rlu25hBsVKz6XtJVvpWY,3910254,8211311,11781470#D10QZ2oj2XT2fbdr9USZwv2iDiF75,1402842,-14902990,1587497.38,-11013195,1600638.2,9034646.42,708647#7EGUf393QDaZPLtafu8MnmE0LX,-12244114.63
1583,957,155,2,3,38,1236,5361103.2700,6622673,4199802,12096232#E9Ir8HLEYNNBW8T7EHbzp7shfoqc9AfEthZ7pa,11297919,-2674632,10610705#qV4PSuhfXs9O2NC1DXSBibkxZ7jRQ,-5948309,-9975038,4662100.76,3510847,2156652.2,-2054883.51,10265160#pLgsShO1zgoczrwbPA5088vTrg,1264871.29
1584,391,408,2,2,60,2380,15705673.8500,-14796096,176282,75688#TG8iM17MTs7Ozz76RkgJgMujluU3wcqWzmEDH7,13592223,-3472174,3058886#dquUziUQbs1A72zjCcmjZ4y7ue6rH,-108070,2867978,8295062.7,13871321,-8993556.0,-12210001.80,3390747#T0L773a0CmvwuoUU1yK0nZ79Or,15298669.25
1585,1666,653,1,4,58,689,-7454226.9500,-9135786,-9997880,4514834#tw676Tx2lp8D2AD5zkqHqeIPYwyEZqdDB3SFNS,7156625,-1899078,11920444#ZCg93f3yR9CkePKe1YCmfUTai6P8j,4038075,2414087,-5281916.7,-14249338,131133.81,9674972.33,2765163#OW4UzsQl1vZkisp0fA7pHZKheg,-14244326.50
1586,758,1758,3,7,23,492,4834820.7800,-12843226,-15385160,5399968#pgP1BIcs7LsA0nmDC19FkqNCttlOahueXYJ22E,-7903853,-2850737,15259831#0BmJMGYz5uba4SrcJkNRCXEMiE4FG,13519140,15098571,3713544.55,-14536722,282970.66,-6986649.24,3447339#1Igmt3YJ7ZnFNbMWLIQ2ZMXCuS,-7616214.73
1587,81,339,2,13,29,1319,6135063.6800,-7131206,-13498352,11081011#DY1tIHEMY82OVlLoYM0CHYeDRY8qeoZ75ZwIPn,5987914,-7217864,10574106#QQfR2gZuWj7vQylCYXf8KZWnAItEh,4696681,-8808097,1396104.84,-5098090,-8833616.0,15233267.38,13073836#loD7nBPC50bR0nwbCmmvm0Q5f2,-10461627.65
1588,2027,1422,1,2,39,1145,-2468276.7200,-6220999,6362250,2550987#peFw48okHJxIrrIM9QqTdrzdNb2XF2UkgvYk4I,12192442,-15112458,4220340#9GqCdMqiM2w0k9uJVJ28jYcuF4MKf,5697574,13228304,1.466688233E7,5213658,-7853497.5,-8872425.08,3937494#tK56IwDddtMSGeMqlIeBcgL36G,-3081647.50
1589,794,1084,3,14,4,2529,-7749382.7700,-15759864,-9848532,12903689#1TwmW3ixKlaxMkUW4iXZ9xr5snSBRlimTFlqJq,-7642986,6892277,10858511#niPngrPF6h0Fn279j19WM3DjWXSdY,1316122,-3252592,-1.070197979E7,-328016,9235800.0,5109407.23,1630140#pIMAMCy8Ab7pJ7DYNmU8wSNmSG,6625422.85
1590,1156,2037,2,6,42,1135,-10986514.3000,-8774901,-7176327,10498696#xh9qPmZ1n6KL47DPWFBoiwLOvOOM32a4oDfeiM,-286673,-8719035,6314011#W83Mo8cgU3KMSf4CczkbHIhCJIqCW,12736573,3918624,7768138.56,-13748922,7476391.5,12660788.49,9929141#tTAU9WEOdmdKzGaPDwZjQ4eyYG,-10966795.49
1591,1105,1818,1,13,27,1920,4721868.0100,11660941,5825393,5807662#rmu9sMOa0VRg2YWQ68TKTtLuytfAsMsdo7OxbK,7684034,12003745,11628287#KFeRNHKrhqmzK4uCs7M7UC11YeSlE,6369497,-6232882,57863.9,1131973,5810963.0,10313094.51,7825796#qDHVbW4aLg57XZV1u9t3Xtde5j,-99171.76
1592,3032,322,2,1,56,1597,-7685313.7300,5099851,10638161,205586#AM27cXARyE6rRJe9yXi1Q8ehplnaoYSIqJDhFH,-10076945,126654,1107565#NK3oYX58uyqIDt9fhyLcrx7YDetjR,-5148633,13380436,-1.204361805E7,11508944,8731643.0,-8365126.55,2681237#jckOSezgikZ3DBBSZepuJVk2bB,6539408.07
1593,809,1542,1,10,32,2369,-9869139.7200,14620268,-10604994,11577051#SqiwXRIWt2YbhFv7vJQNqQDFwCzEVnahpvs9nf,3478722,15351979,8614449#DEYvYJR5IDCJHvIqEDnA71CJGcBNI,7626748,-3121969,-1294697.76,3876891,-3499636.8,-3820842.43,4013935#Icp0sX469cvFjCcVkDFLvCMfTM,-4866228.66
1594,929,1739,1,8,28,102,5506492.1900,-7316604,-6344535,14921389#mfiHUkTc9JHA3tqPRwvHxx06cIbvo9m2brIWnA,-10855620,-3120501,1789673#rKe4C0ihAUeVQsqiIpFMM9WnVdOTL,-6445906,10859426,1432947.75,15082162,4291708.5,-4134700.15,15470975#IToT7BaynYvBKl3tPVeQEEcDl4,-2128762.70
1595,2627,2020,3,3,26,1887,-1573710.1000,6617791,5590597,834365#2tVyaF9f2wKyj0qLtM7GerA5E1wLqzZhK3H3cX,12657603,-9766980,2648756#UeqReg257KajMl3EthUlmyTaOvVzh,8600530,15588452,1.317601087E7,-8097933,6224566.5,-14503920.85,15151047#QKL3cfhUFnilxuYZpyVy7633Fl,-13566499.89
1596,1505,1349,3,10,29,1670,-8539161.8400,9064586,255522,406328#c4pFMG1pxcR2ljC0Xhr68JzBP0BlHUqBwXsAHr,129432,4026184,4340637#xthXVOFWwoPTPQIAnQxhEQGJ8uXqV,-13924937,-11229808,-1.479114825E7,-6538072,-1.1039515E7,13195843.02,911693#SJ4Z50iDydiA8ND8HAzZW6dMjE,-6773802.15
1597,1749,204,2,8,36,1487,-4065984.1300,-6118153,-2990890,59544#gYAwnfGePC2X7V2B9PnHewAb0Sb1HK8tdXp5s8,2047782,4805999,9894869#M2tFBbbTXNSmK4dzJnmEzbIEnRTaL,-5388121,-6926110,-7353013.78,6694640,-1.067222E7,-13184532.31,10888996#4ko7COBt5BvfT7UEPmmajFRUq4,-14306794.21
1598,1177,244,1,10,14,2379,-3747150.4000,-14078972,5500958,416470#bZ9nV2obJOukVFKpFyG0xP5kL4Sborqm192EmQ,4860842,14625983,5984711#yvRHZTaDa5k77CcqkyBhg9CP7KSsI,4217422,8827439,1.214071107E7,15366622,-1.5564322E7,3116470.55,6877497#pDdbZFQ1G7toA55X3gHDH46l4m,15539634.12
1599,1203,1936,2,5,24,1653,-10482249.4000,1177203,543859,907578#Q5hk0WH53PlYV5oQY4g2lok7F0HWh9iX5hLRXK,2049937,-7134156,13411922#KuCDWKd4oGtSOlJTLQ6VTIxpwMB2Q,-4546758,8973170,-6299693.54,5148816,5603028.5,-7327273.97,1510811#nW9mjlQ1RIMOTi0OSU8f3xxq3M,9471551.01
1600,329,1617,2,8,18,2459,13016324.8200,10271412,-4542806,918937#DdbUA0tYl8qaQ162xZ01g6VbxSR56YMl3dteUV,-14840073,-8678607,13407331#tb39n2yOzPKAeVWKtfbqeSN0WPVxB,3552392,-12919401,-1315395.54,2821316,-9617008.0,6255691.15,11276042#QqdpHN5ETuuvtOEFKx4YUp0tMx,-15648984.24
1601,2943,1558,2,13,45,1869,-5635696.6800,-12781600,-2503759,15014586#AM27cXARyE6rRJe9yXi1Q8ehplnaoYSIqJDhFH,-13544805,5984800,12615056#MUgMISb8VHHbrPOsCkTZAWPbzkKOe,1640782,1643078,2236814.49,242911,930715.3,-4557335.14,6970584#3yhilBpIHD8UCfR1Y9k4m54Tk8,-4683879.00
1602,1713,2155,2,9,57,1489,6895579.0500,-5061688,-6361190,351800#qC3KIA69AJtgaDxoKgglTnk8A191fVy4Jl6zbP,7757637,10169360,8957255#LItdQvFEgWrxsjKuCjONClmaIsOXN,-1125229,-13023795,-7825244.56,10291068,-1.3693019E7,2827714.63,4283250#uQzIHmLn4t4IE2FWVHHgHv57xF,-13998883.47
1603,1930,1501,3,4,60,8,-134884.0800,5418447,8442303,13544205#ErCgcGwgByntK9FgJG0drYqjPGZ83ZYmP3Afhd,-415862,9439831,6620340#9GqCdMqiM2w0k9uJVJ28jYcuF4MKf,-5453794,-11136046,149445.52,13589899,5384661.0,-6336580.63,1312641#eTY8BnFTAG42rU4uyLtteUK2jx,5072078.75
1604,109,1679,3,7,52,1059,-7509629.0400,-12030702,-3112765,951988#kERneM04xeV2MAhHesxPW763TJ9kZKl0nnaoaW,258016,11450194,596312#YYzjbFwNlBHDcDDY80JWK7CnlOmUN,-743835,3007734,1.231098443E7,-2931644,-5206563.0,4739486.02,610877#PJ8pswL9UO6OjwwOUwn1eVMtrD,10576194.43
1605,1653,959,1,5,47,2431,-5614914.7100,202441,-10658146,16031774#qOfdlgK28LQJtUmgSanIdIopsRFCRHXgmRCcYQ,-3519593,-11705788,2785174#yrueXBP3vfWkfhCQLOAF4pEmRK8rY,-10957831,295919,4489661.34,-7308788,-769.78,2389766.04,5249598#T6chTgHVgRH2xBTWsESworNInX,10647439.92
1606,2799,1147,2,6,37,2324,13641675.9200,1960169,-4372893,5940087#IOgjllyOhKjM9w6AYAYpZ1MMx998i7LvCRFaF2,15157654,-11799976,14476303#H3PMDCd1IOk0Btj9ki6mmB7RYNqmR,11298520,-7337452,-1204289.72,-285223,1.3003829E7,-10653688.57,1315192#dmbsjDMN8GkQO5ZDv0AFIn4lxX,-12576571.82
1607,1875,1372,3,14,22,350,-10097649.3500,-12650210,-11088528,15822910#WZzlCX3Ooc4IKsnJCSSEFYmWdHKpLqOBu0ujPV,10228104,-13828125,7070853#ctelpTUFKN2yUyvhX1rWvIkIlcmwg,4452464,-5068659,-537330.75,-4011749,1.3678953E7,11171148.07,15506484#4gCcf8j2EdoQ16DKPmIcQvucht,-8783096.04
1608,794,1868,1,6,30,2147,8656211.5100,4576985,11381504,5878299#6K9LZIySVJ7sXK00YIZn2ZqYx4bgrOhsqNcqwZ,-12217848,-2718841,2657692#2VnocfkegitT4ViDGJOKBNvc4Aye9,11923872,-13016733,-2084701.05,8142005,-6207225.5,-9889713.61,10218629#saVIyBPS3NO31tIUMs56fJ4CnN,3326781.07
1609,1109,1829,1,7,39,2138,-10196819.2700,2860916,3551836,15764922#sGUZBDp1t8eqmG65mS8gY4tl2bGGR3dTZh7xag,-15795783,-13382147,4013188#5otGw41gcukIFQUuyJKIrzyF13lVz,-12871146,8425424,-1.135050822E7,13198633,-1.531458E7,10146587.33,8976809#3BpRV1CVUDoHDxANhOY85soTTd,-12101751.36
1610,2454,1464,3,5,5,2671,-9406939.2200,4371882,9176588,851984#HifNlb2GFzzn7CtOpUlp3rO2RCSs9U8lqBwhCH,-7265225,34638,788157#LPsOsOgRGUMVh961xLAY8tBVGftOZ,8367430,-3297608,1.35948435E7,8957489,1.0506808E7,13793937.25,15588393#aZK4SRFkkWhpwhwx6vDHTgMRD9,-1703250.36
1611,222,1502,3,5,20,284,-9764864.7700,-5124919,-7686189,9423781#mt0crvM94flgqTir6osfTEdtkUG6pFeZmp7Frf,7640235,-9301974,7484832#zEDXK3eauSmfHHHZdMZofvlYdabcK,-12725520,-5666714,-9561561.7,5395576,-1.6064689E7,12724133.69,3551989#4b76amNbiAEi1wa6L7cV22YeIp,1858774.26
1612,18,1143,3,3,13,2519,-5716556.1300,15369738,7588552,7385721#wztLJFA1xsarjbXeltU9lyYcvZ4n88SPxZflTa,-10026561,16063774,12579937#Mkb7c1Z6DRxjIs3gqahGEdcDlILr6,8047278,254969,5212592.58,1770799,4224690.0,-2925975.13,2157055#6cS4KkdjCWe6RY73alsH6mobF7,-1369661.98
1613,1882,1767,3,10,49,2027,11136254.4700,-13290657,-2431188,8377369#YPJZ4P17uLD7CaiJGSvh7t9cIahBftteZd4AdP,-15174964,9171662,12302227#F4PWD3MgteAylNx6PRVzYjcvjRo1z,2164267,-7469593,-1955486.75,-1639420,-6313263.0,3792668.94,15711761#74Ppi7xjRixfxSInjst3Ci4Jsq,7969613.44
1614,1801,1008,2,3,54,2389,1523567.2200,4666302,7324368,3296862#SPQxVS9WnWJvtuTfQcG6qcGySClCnjNbvKY4rg,1362786,12029819,8448535#PPaAvEhRbzNarJGZSjo2TWTZEI5ol,-13373294,14001446,-8980079.17,-6205540,-6039605.5,-12766.90,4362345#nxilb3eplSX1xd0JLwDKcKvsO4,5411876.93
1615,2309,848,3,7,50,701,-12623447.0300,2996058,-1372915,7208821#tNIBdLfIZA2GuV38DPNIXeHED9TBfeWGZaTauz,-8384579,-2275018,10646476#N6Qm8Hm1BQp0adumqsGDNq0oKtSMa,-15744199,-440836,7742124.1,13246561,8763667.0,15347796.24,15575490#ME4ivF4H1mRHywo16NifLl1kDP,12736256.44
1616,1616,1434,1,12,54,1560,4951052.2700,2771682,1122889,9742809#n4nMgUxnzTwSuEz4iNB0Hx1GTDflh96hHAc3ut,-12327560,-152722,10520788#AAc5AmJTqxyA7nW43bHoEKIwpBSeO,-8891293,-4898938,-1.403270277E7,9600536,681474.9,11398019.49,9666059#IOgLvHiuzo97sQoa9NFR9f5VzW,-12728176.15
1617,28,1304,3,14,23,226,12966437.8100,1491403,-8512598,8991557#98MnlVGqUTejzeTmuKvYeNBqkTfR2SEwarIDwd,5372623,-10515922,6750678#YPZE4rqlCQh0Z4IbzODnzvspnSNud,-12169393,-9054326,-1.526583262E7,-11382118,1.2682719E7,5910642.49,3370984#YFqrRkclNiI9LENnjzfrLf3Pg9,14983539.18
1618,591,1580,3,13,49,853,4394688.1500,-11228992,-6279713,8247721#wztLJFA1xsarjbXeltU9lyYcvZ4n88SPxZflTa,13723897,-4261354,15271235#HcJZuOEsPjKc7dTyfE6tKYmqhWcNK,-4689909,-12116469,1.502269534E7,-14238482,1.5893224E7,-10119887.30,12364934#y52gzFDTDLDgboyWoZxbiucCeV,-3029469.82
1619,80,429,1,2,22,1724,3601489.6500,-6072533,8168828,15641896#C8GjgkC6aUrnVxrcr57E1J9fj7JZuFIqxTF3TA,-484852,-782378,10080557#lS50na2Ofp1bGNCwO6jHlACswch2t,13045991,-13127745,8555540.7,-862984,-8787877.0,16157103.20,11069121#XstizR6OmiE1NOr63twBCsfALi,-8905015.29
1620,444,830,3,3,27,1033,-7373292.5200,-1459566,13254263,2753592#pY3kKsZUkr9DIZbiIDjFNyM1yyCGBrlOgZ9UY2,-3893809,-12392916,4830741#vr2jkBp5g9mOOVazgyQBrSq29W0Au,13594703,14100435,1.344704479E7,-3937771,-3457133.8,3728258.70,16110052#z8iTynwOgCsN98i1R3clmSuoBw,-15584649.58
1621,2822,657,1,13,37,1841,15714850.3500,6860815,-2751308,14988553#sE0W2jAVIKEk1zy0633DhrNoeAfRspR4K6QMWc,-3846707,5827261,12847801#EOOLcHTsXvAFfXi6rbeVw8anl8DB0,7862677,7297735,1.15770813E7,-7922733,1.1831624E7,15308944.49,15145201#wFukvD4TPSe8t6gtObbpmuAjMh,15929103.85
1622,1294,382,3,9,19,1149,-7171757.4800,-2796640,8095685,9019077#gt0Z3syEy5LXVZqP6l1aHggS5WuMBDVcQwP5X5,-1912128,9630558,5804742#vquWZSsuuHhrJXZrY0CExIvOylmmR,-7775793,-2593589,1.24043283E7,494027,6028931.5,11146651.09,8274234#XHNclgOj3ZFuuOcqzvoZRHrmQa,-2423576.01
1623,442,2178,2,3,16,1122,3332234.9200,10716391,-485350,14903290#O7rZs92zyoREjLCHXcSLqpUG1beHf20EE3AS4X,15745113,-9112623,6004995#QPh6NxIYuAfpO21yviKt1sTyp33c1,10443381,-1639274,2956221.05,-10324317,1.1628425E7,15369584.82,13546105#XCmBIWg4jXROEfjXhsyhW63ddL,13434316.74
1624,3172,454,3,4,48,1910,13351414.6000,12499650,-11018172,1151094#aPzWz09u9HhPoxZJlBqPiZplt2Qd8QS8KAC6mQ,-12598149,11630917,10482570#xiZroRDlfivUpdXdm0m6BNIG3FYaW,2962937,2610282,5543457.63,14732709,-2828144.8,14143436.46,5973554#qURmtLPlv7gPFqGUIIBivtO0aa,-8180988.10
1625,474,1878,3,13,51,95,7854395.1000,11381419,14628540,14116187#jObAYMm4uKBkEYkUylQY5IykQDsfkNHvMUSl0C,-10713174,-14636603,7711999#5GtHoPy26pKCAYwXygveNnEbReY8a,-4761266,-1179364,-2133049.33,12639364,-9513311.0,-9306045.10,3170069#LEgfrIcsCRQtB4AKeL8EsQl3Ys,-13073886.17
1626,70,90,3,6,12,924,-9342168.6100,655446,3859288,11278917#qAhTr9qaHfQUSdaxKIONbNDqxvxSiggeVps6jI,10675434,-8613622,1111068#tHD7fmEwfBB0gDuBgB3CG1mVmWcMV,-2843475,-14932437,-4623814.49,-13420401,-9626892.0,-11110695.26,10590640#UWiZM6gNNIpebbuAHURhU51uvY,13036054.49
1627,250,1270,3,14,44,618,3821849.6700,2853917,-6622615,14726580#2cGGmqh26ypAjzMp2pT8mnyN1s4joacaBCurTK,11341344,-13043548,15202148#OZSS2JEyRp3UMdxPqywAYEKxjtxxD,8190436,-1909304,-1.105954721E7,-6161683,1.5641579E7,9804805.98,8418304#R9imAg2Pk7RgWsPF7howuGY959,10818379.92
1628,1293,634,1,13,28,1879,-14191622.1200,8464732,12740817,15498675#hybQUfQcetXwMCimfOow6ixYycmZ2Ud6eiOkLG,11254050,-5192934,3705241#vkKmBU7kFBmdrSDvtV4gUa3cLbgKk,-7751347,-4692573,-1.046995271E7,-394919,1.45163E7,4129734.55,5232287#ThM4Mwz8jToST1lJ29XX2fqxg3,5875180.43
1629,3152,248,2,7,44,1489,4531160.5400,-10567408,-14986606,8962333#Jzxm33K56MrEPrgS81x47x4HCEsL6QL1WWBg87,-8648795,-5865902,13904855#ACN4ss4Ic5M8zPS3IeYPd9nEj49dS,-7267016,7361767,-1071299.2,-8155173,4511161.0,-15671404.94,1753577#viWdCR8tOb4zzG9ucDlEVhh72A,-3733711.58
1630,141,1452,3,1,11,2373,11364703.2400,-11882715,14079383,11795663#CozpmDPlVVLy3Ndt3h6gY8Aqndl1cifyu8YvAi,-2945015,11522557,14368646#QgFAfrPDlWknb3i5xxDxuGeyPL6o3,-157531,-11610518,-7274284.34,-8036141,8270319.0,15855077.56,1347538#rBsI4rqWNTL6g4x8I40aCADCGQ,-15513644.50
1631,1269,2045,3,9,55,290,-8731927.3100,-5552457,-7477976,9481017#yvDt9TifYEWYk9ZXz5EZRavmYpUeQ2ZcJDEZqz,-667940,-7730558,16223525#Hu599sHzfGe8tzlLNsHTEru5a9PcS,-2795540,14410733,1.415183367E7,14124692,5777057.5,3068624.36,5847769#wtKB1HGIsxDAkHLSAo4wXZT9Ta,540863.21
1632,1654,1891,1,14,61,944,11527417.2300,-15239916,-7487894,12547750#8ZjhgPU77NQXUkF1ym4JHN50JjQYXc70y7NhY7,4033709,8470978,12153723#UKN7slCHgynelr0jBPBij7y4gLXyu,1447112,-15373865,1637897.38,-11361333,1651038.2,9320469.42,730805#O0yaxs0n0vbw6rlBLHWt043V04,-12631260.63
1633,1526,925,1,5,4,1561,5530122.2700,6831798,4332680,12478009#O9qJrk11y5kGDe9HlJsCBfVyzclB2c0dGV6267,11654847,-2759410,10945653#VsrgmXhNqfS44lzverqxfu9kn9Wse,-6136024,-10290413,4809300.76,3621478,2224652.2,-2119969.51,10589315#YwHYtLVifosWULxLUS7RdRAQr1,1304550.29
1634,841,1348,1,11,31,1474,16201725.3500,-15263358,181601,77823#e4rJG4FXHtZzh6VIct8lYtIBP3hRnLPeBIVrJp,14021018,-3581591,3155205#1qHeGm2KHPZf2WVYEbYSXEuOPCceO,-111671,2958491,8556662.7,14309358,-9277556.0,-12595123.30,3497740#VEFI3dDpZIzIXtNJxyMdgcXCsA,15781500.25
1635,1866,1206,1,1,23,1816,-7689446.4500,-9423936,-10313526,4657186#1zWP9MNye8AaBFIXbFqfpbUbI62R8onkmuzTWO,7382328,-1959060,12296259#y7EvK3P3Tm5aRS0qVVmyrcsDz1pYX,4165364,2490062,-5448316.7,-14698713,135133.81,9979924.83,2852155#pakxr1cC3yG972CrATVoFNMZqp,-14693702.50
1636,1158,2024,1,8,40,1028,4987310.2800,-13248051,-15870388,5570153#mUOAyJPLNjx7LbR3pkQdgg8ZoWuXMLcGC4ViWB,-8153105,-2940817,15740801#EOOLcHTsXvAFfXi6rbeVw8anl8DB0,13945040,15574446,3830344.55,-14994960,291770.66,-7207129.74,3555839#KZgd83KUyayNQPwxp0PmPVOsjp,-7856406.23
1637,3056,1986,1,1,39,553,6328351.6800,-7356156,-13923430,11429997#FJA9I3krnseWLZlCmMj97oONDqz4gnE3KQM7Bf,6176515,-7445528,10907088#k4crheNtht8p0iLtpzXG046Ncl6xH,4844855,-9085685,1440104.84,-5258890,-9112016.0,15713008.38,13485502#XCvEIYlahUJVo0LwmDvfQx986I,-10790990.65
1638,1689,173,3,10,62,1428,-2545859.2200,-6416762,6562494,2631294#iUQWhJ0gOrBA8uSYzRjhjNxOCBpWGPi8Df1yNR,12576094,-15588135,4353053#C4SFuRBIMPvzYem2aELzZYnmBGite,5876703,13645041,1.512848233E7,5377558,-8100697.5,-9151713.08,4061430#CD0fGYLW0FPGMfGwv1X894daod,-3178896.00
1639,163,2156,3,12,38,2254,-7993295.7700,-16255951,-10158422,13309418#r5tgAjNEMF36eqR9I7Zq1SvImdI66S876fcnmA,-7883754,7109054,11200093#WEQgVHbJQHRl7bRrdg5GMWSlmzn05,1357346,-3354688,-1.103877979E7,-338291,9526200.0,5270233.73,1681292#taXfy8CCwOFIrStxxDtQEy44gQ,6834204.85
1640,1662,1840,1,11,5,1243,-11332191.3000,-9051070,-7402312,10828545#07Pw405McXHbvhGcCeiwuGzzFAPXeu64IlvAud,-295518,-8993393,6512540#d4vPPaaHmYLY9jq6v5sIo7VGr7HAQ,13136890,4041924,8012138.56,-14181447,7711591.5,13058691.99,10241186#SaOeHOZXxITgppxgDKtaMCEd7E,-11311425.99
