248,913,807,1177,-1929115,2404163#FwazkVzoSx1aNaptHFrCv,1597698,-1549728,2042662,665569,2181503#Ri4yn5ENJ5Gy4VhyUr04t0FXZ3DeN5WHFbDY7
249,1919,313,2218,-1496269,642560#x73rn0FEDhUOo8JJ2QJCa,-1366075,-459380,1980015,15705,16225#7vsspZZQOuuXCXdpcpctjGzuphU9yPsmBRkZy
250,1629,1183,991,1669722,2322411#GEattOQY61l9Y2ZofsvJW,-1382837,-1353578,-142136,426378,434415#7kapDR6lemb3SC3FZXGF4mzUA7LpvoX7Y82Db
251,1653,1308,1652,1072684,2099806#2S1KN9WENHUeLpqyhxyHi,-603717,2200143,-894093,-208939,54123#VKlR0r3mfbeaWWj90mi1rgbt0NrymD0mcIkxe
252,1102,461,1373,2337977,107063#QpkHwfUUv4QMfzoxpXw97,2376757,-270026,-1605783,1590429,2229632#zu0MK0RwAeacYdBkLSVbXUz8pnr6vRIiW8mG9
253,840,873,2034,-376804,2090353#4KEQ2ZnSpoiKKdW8Pmis1,1758520,2010748,-1401264,2261,2031669#tmXBl9XWYk5AgoMKbIi9XH3tACZIjYuJahRe4
254,1925,776,2157,103378,2404245#tJpPQqOy4NnjkYDU1vtVI,-1109370,-903596,403124,1088030,418253#qzzYKfht3BbNsWQIEUz9sOaGktXMREouNXUXF
255,1815,24,1984,88133,1021968#K3k1NusJNazcpyGnYkoYK,812503,-301193,174537,-562082,875438#rR7BhWmsUeMK5Exhxuzj9oMPcQwqn2qURiTqK
256,18,972,500,1941463,1164207#S4Xdk8D2Vmbl43gVHrgFs,725983,-1838728,236859,705757,1882745#JEiLGjUjciI6IWScS2nhZ1ZqNoBsQkSIHMwzh
257,745,504,1970,1109929,2268115#KVlAVOAlV83lU3wEbYc6s,-2439582,-2332131,1399030,107240,1362258#QFdY5b2MSdSgp6Vp3OgBhjwvMnn7MN9wWWahf
258,576,248,254,709184,1238569#w5R0GTFWTBYtQBKIUDGBZ,1413124,86975,-304590,-1091501,242116#vqxvzOwx1sBEHad7QbRSQIBCQ39lzS1NtuMIh
259,1592,376,2209,776666,1777064#WOPJfiPdxlvQZWPAvmeOR,-1492955,-2200354,1663447,-1616785,1116532#Nb4KgzGwC5Ft6G8H7R8t79PWdK9oEcV173c3x
260,1301,686,1191,1960838,2410416#Ru0a31QGK9wR5Bp5Z1967,2363271,-2036603,-2550071,-2470762,2413450#Ck1foGy8c44oLeu0NuGxhL9NjiMOcJVVx1iN3
261,604,348,1118,977615,1043165#WNgInrmZJniiMvcORpr9d,-1785778,-630047,1217726,1484531,996315#B5gHRvZpF1kpQR5xslLeDx6qsFJ8B3PyoG4t4
262,1607,729,2155,833985,2400679#JwcqzqKP0bbkgEB2MvgkM,1080811,579715,-709596,-230832,1067614#li2jgJaynrUICVBXlHIgDmvC00Q1yURBVPgLl
263,762,578,532,-2461145,1342442#Ag9OvsDqPpihEwIQiRne9,-1479948,1974002,-2253319,2174607,590262#uHVwTn4TseBa8fVuGxj3UWCGc6nMt1HejtdTv
264,160,216,2120,2237308,2518246#3E25Vsrv9pbCTDrLD5FHZ,1950647,1563562,-1283852,304947,1430220#10cYvFLYIoAvp0YbBEEwbEv0GyA2jnSNZvkT5
265,1590,299,326,-242522,2458999#RU4WV5Dqq4wtwj7s4JFLJ,2324295,1763988,-2253778,-86993,1374190#5X7FmRrlokewnrpel3l522R961WaxDO3mpkoy
266,1911,239,166,-1780605,249772#auA1ifgWqzrVbcSFgfzQa,1970984,-2659490,1801584,-1995326,881870#gXlBs2sZOst8A2q9qx6J54ekCkZ0mC0wwATVe
267,1116,466,511,-1030438,398432#lLhCxww8P77RI3fOSxoE9,-1318527,-624616,1322161,-226091,1765636#uGVFhsLip5PEBORcTM7ntVwrtxcfn3EtgbMuP
268,730,313,322,2455700,833545#gfIiSmuH3QyvEUXxrp9py,1428213,-2163783,-1737361,1578867,1770010#vR6JGWZZZXseSAdP5ymbcpEhcDhmUPmJVLnbq
269,1769,607,1505,2258957,1918529#JXI4v5p2AHW9oFMhhyssa,707493,-1169563,-2205470,-1382095,2420948#aJivXTdyLxqFCglj2dsjFuibyvns2cSFggSFG
270,1846,526,321,-1533363,488299#wK5DHPOw9N6wGCzbn5ibl,-2132094,2614426,-1710150,87883,378900#O5z5PIpjAR5mBfghDJkVOyhT91lp5NMVcKrgY
271,1491,272,39,-1526692,154370#oUzzfUJWjYJHfmI52s4WC,795817,-1525860,1531851,1860824,296853#RB7BGEGR0EpgfrTvZUYmKibG0RhP5Mc5hWmA3
272,613,173,954,-1522681,2025657#2VNWTPvMKFcGT3919rW5t,-1541775,-1748923,-2573956,2012451,835116#vqxvzOwx1sBEHad7QbRSQIBCQ39lzS1NtuMIh
273,1411,781,1382,2417196,252340#jBDsw0NoMus0vN99Mrbs5,-1080974,-1301417,-2704896,-649025,1514835#2RPjI7Pdx0Ck5i7PDuzYBiQ08LZBCyId8V0TE
274,2000,1142,15,-2635923,1887312#EKN8yAE0y1fZXHHDJeJWS,-712807,-2329061,1118246,1928932,2600886#IeeOdbSiatqT7f6b3m8GC3VLUMdccXMkco8q0
275,837,409,579,1159830,16927#w5MYeGeQM7gD9c09lQFko,-1118216,-756775,-2324255,-2537394,291306#wxAh6hH1uLxIGFffqQnxWHecPnFtPnPAUpf0H
276,1584,107,1964,-720856,1574185#cnKWlOUBPzJI3mtEaxtvC,31716,273512,-363424,2405373,844591#OzcUkq4LNL4vPLv8t9fpMumFGnktyhxI3SV7a
277,1523,12,1543,-571798,2109440#3nysX4besKycZoCa50EEx,1568589,93525,-462750,-622839,1366293#wqmSUg9IVdHpDnu3OupDgsjW8Y1CzgaKb0n0S
278,737,6,412,-2306415,1027707#DdePb9gtzBUOnt5zke7Z8,1461681,-1498001,1131221,385433,2254653#fvuqXMhdKJzMxSKefZmV9moHt9gviJy8kcdya
279,990,441,2040,-2144852,1165416#Ru0a31QGK9wR5Bp5Z1967,-2700568,-1184671,1802257,499370,122131#1X5FU1lxt9VOmOZGhv0avKBoBbqSlZjqxfihe
280,1074,1099,2150,-224542,247202#IrO3CKIFYtISrsgwOdR0n,1567149,1486884,-1369809,1947480,629673#HZbv9gujsLPefboNpm0u7a2W4B2hqd4hWt9dl
281,944,124,937,183625,1653810#3RGpn9cuZNzKs469P6VU5,-1454410,143066,1733723,-144122,678511#9Dq0ZlO3CbIxXTLwnsD1wr8oWKhjwwJ7u6v1G
282,120,294,795,-864853,1704819#Q4CPMjpm0ljw4X23X0grB,2298463,13869,-1521934,-2001634,1275280#cHwSs8PzpAKNrkJkuyjvbzdKXbNm84FfB9bex
283,824,1214,1764,-1702596,300725#MjG3HKkgFqTJZtPHsP4uM,2174344,1671476,-294340,2282257,2035311#nI55hEHacGsBfCsuEkXgLyK8uPWsrfx7Fweod
284,1752,430,203,240362,994725#MjG3HKkgFqTJZtPHsP4uM,2641394,-2748574,1461858,-2572885,1506225#7vsspZZQOuuXCXdpcpctjGzuphU9yPsmBRkZy
285,876,714,1351,-455936,2318262#FhJfFeDDPr0E7UGMz9VuO,-2110318,118942,-2061014,-609960,952609#8RAJDcn3Y4g7vSoWniTr8JxScdDIcZKrMm9GA
286,1765,29,925,-2598977,472223#gyCjz1F9hKufhHzRnDBb2,-755722,2185648,1298991,-212689,2290813#CBuDMTpa3jyHikrv3eG7aE52LZPIfFt5p3qls
287,586,415,1872,-629395,2242324#yBSwFyTyNoU3wKyhbKqZX,922206,-1455579,19229,1231479,1633475#SsFh9AD7P0ChHwqivAnhkvl4KmwjIX6w448Xc
288,216,952,190,360453,1227396#Xvhp2rXG899dmdHTqW6Fa,969408,-1527711,-1962073,-587491,1000017#HswiH9WFvoLshibDPISt3QxnoK9vXpndH4AMz
289,1417,977,1785,1652989,339068#OEsq3BeAvSVNTIUgFz7B1,2157991,598847,-2895602,1473085,721978#ZXv5b0XBuaykIRZlvsiuYBeYnmp23bQCvLiWG
290,1162,1275,1137,-613926,1045192#ye8WYmnsbf2imfwxZRsNA,-2535352,-296809,-551201,-1528461,1827577#0jSbEqfJQuVgWRlU2Moxbnm5Q6Un3ASlb8ZpZ
291,979,1276,55,2286241,1269365#zsUgKc0LvARKdWxJR3nwz,-160898,-2535673,-889953,-1098328,780805#yR50tAY3RsmlDnrC36JCReJuKWhiqOXnNusFl
292,1901,1117,2179,2076687,264417#MyVak6ZFR9WOdQWzahNds,-1524038,2572174,2198228,-1084693,2735430#MyX9WFvWHzoxcGpOdpiW6neCcJt4pWJE6XnWC
293,880,8,2071,-2035742,2854587#nWs0LZ9otbov5MZPEyrt7,1224993,-1462995,-2640665,-341540,1323910#6R0C1HDcOHc2rn1n2tBYrQyMHY7j1pK05GI7c
294,1186,1051,137,2618612,1958077#VQlzNxVjum8bZAx1NL8BJ,-466118,905502,-2762280,-2731660,1250370#jMqAihzuoR5KvYTTK5XIdl1ppQ239Hd38DNrA
295,1593,675,711,2609714,1663068#OEsq3BeAvSVNTIUgFz7B1,1776351,-1359550,-2500055,564606,658166#fFazqXG9N7P8AMmArhMTucIcyT0XhV7xFbHM9
296,2017,983,617,-1986331,1722984#DacJ9066HQ2aU5jH6NVmY,-1487637,-2105497,-1239439,824906,1219377#Gl0a67XKeA7c0JOSQbsUmcdxsJZXs0N4f9k74
297,1459,732,95,1985021,283342#tO8PZ63y0if5e7T7MVuub,2756869,734255,988471,639413,981989#ak8Vt2Emi3BadMLf59jevmy6kWhfd809JdbTe
298,1539,755,1779,-2319646,2887354#Qkk40NHORAgGzQyOdgJQk,1919685,-1862362,2455037,799894,2619671#OkEnhA1f5g0BZaoX4eEN0TCGT8QLMAHrg9bPc
299,1087,21,1559,-1796456,769720#R7ZFqv0LeqXZ9o3blb6bk,-1641418,-550724,2378089,18708,18507#3JQm2gVc9HPMAOCgnQvpdksjMpjXgzMbsMbuP
300,379,1240,680,2004408,2785798#fTEQ25kRAQ7TuYF9ar8jK,-1659487,-1622324,-171626,510403,519805#yR50tAY3RsmlDnrC36JCReJuKWhiqOXnNusFl
301,1000,803,1462,1284851,2516883#oLaLNcEkFOPTb2UEtq62P,-725748,2639009,-1071143,-252351,63592#hkLnCnPB2CZAhalanqnCn5tspnBnfnjgK9Xop
302,1118,1161,1215,2800061,127160#dVwe3AMBHE9RGbg2CzneW,2849019,-321974,-1926293,1907179,2670125#oXEOnIS4mlcHaI2rmFLhtCSFsDLYykus9Ye9I
303,295,842,712,-451980,2503435#qSReGdjTquclp0pb4ZXD4,2107395,2409442,-1679990,2911,2431759#uLY4O4kPNohr8R3u2ZkNGA2G7fshfo2l97Hv5
304,761,44,780,123596,2875930#ClsWH3nOqJhKaldT0FUXp,-1329558,-1081699,481468,1301464,499168#NRAY7vDBZVE4inHezwcogVpqDFM5vWtiJP1Br
305,473,873,1310,107373,1222184#8VQjJjNOr7vdITwq0ozeA,971340,-361420,208057,-672632,1047078#OpdGVWY2z0y4RJkoSiBdv96fLCroupzYFJsAc
306,921,1181,1372,2322260,1390244#Is3iMkYHLVHwUYRUjHsX4,866845,-2195988,282314,844270,2250091#23VUBrV4rpNecAWCnJdSyEkcs4yuc4n2JIFTN
307,1185,1177,694,1327498,2708974#f8uJvkrxpjRYtcfHTFQar,-2913032,-2786991,1671308,126865,1626613#WWrwgzprpxWov7vcQhTwdcnAP8gJWaAlS9vC5
308,1586,1039,1665,845175,1478329#JfpmFhcvmI2xP71dbmNT0,1687262,103665,-362463,-1302651,287409#YcvK4BJBCxBzO5bP2nfGUYyQf5iaYk91cpBeg
309,328,1126,1030,927231,2118512#cKZkei4bgzs9lyxMmoRjM,-1781305,-2623298,1983907,-1927223,1332025#RPgiWMFLUI7C8EcK1L89RAIobGMJrJHcuZHYX
310,1572,334,731,2339070,2872150#eWfOwGeJv72ugr9hwKgyV,2817783,-2429390,-3038907,-2944030,2876177#HwrMattP8VhZR8HiZHOIyFUQUzBEaWtZyBs1b
311,1150,137,153,1163718,1242135#J88CEOIGFa6h0CF65Lvx5,-2128578,-750251,1449773,1769831,1185372#rF8ubBck084rI1fB01vrhA6QlHU04T66Cl1OF
312,1581,715,1166,992048,2858171#vhOdeYaSXnOLQCWZCPj4k,1288724,688575,-844014,-276207,1270149#LZoHo49g5ttP7C6cd0H2GCtQb32nAiMoKb15z
313,673,482,564,-2930009,1597220#yIYONEJs4YtbrC2HetM08,-1760186,2351000,-2679806,2589182,702033#GAH701zvmOquQbGuA3cqssXeMSsSWr5FSkATj
314,814,917,145,2660000,2993895#zCYd3rQ2bdQuTKXdN1PUs,2321722,1859717,-1527444,362047,1699291#giywUQLfHlLUMSFa5o1zsJR46efziSIws5DaM
315,790,937,1096,-288882,2922361#pUBL5YmYAabyfboaK8TwH,2762595,2095621,-2679628,-103084,1631869#jnBu1w9MN4BHKoIjBfbNldvAfXqMINtgHWpOJ
316,550,295,495,-2116687,295408#QDy6JRmi3qNKIKGYX9nDd,2340059,-3158997,2142083,-2370901,1046246#ipI2U2wcMUO3s5ndmEC6SMag5sbGkX1eOTSJh
317,1535,1021,177,-1222853,471338#hZLNbofqfjr2gahheVr92,-1563802,-741766,1569732,-270116,2094640#fgmL2SRUvbL4NOG2qSbuqPK9cSFppoP60auBy
318,811,1222,1949,2912811,987571#PeONFqIFmtuLREzhvzekP,1696175,-2566622,-2061091,1873555,2098496#doxkRfj2S3zBv921jTn4rvaDul3DHFKElHTdO
319,1444,594,1079,2679684,2274581#mjE9n4llmxUC1XLGVaFc8,838240,-1388103,-2615911,-1637683,2869688#U2tk3qXE1htrAaKlj2QsGXFq92dpLwEqPOe7X
320,612,907,1275,-1818721,577824#W1ohK8Hd0CUQBaV4ZzHEs,-2526094,3100197,-2027072,105108,447715#55qm82Kud8tVRhafPV3ZYLAOqxuBfwMXdtDcm
321,564,280,395,-1806535,182355#WUB6CMmO1eKoiLtXUnt20,942617,-1805877,1815386,2202499,350127#FGaFq2i6XlKxwRGfHjlsmbocwYmC5rYsuD7nU
322,264,1252,115,-1804289,2396533#wQJyV8TwGFAk3A0Unq9qP,-1826025,-2069381,-3046641,2382954,988010#vR6JGWZZZXseSAdP5ymbcpEhcDhmUPmJVLnbq
323,1744,938,1904,2861021,297597#7ZkXg05iJfOHcpeR1ozCj,-1277711,-1541240,-3201157,-767675,1791254#aKtaLryTo0IwfuYWA3EnJ1hUelMUFdQsfJEXl
324,68,302,1142,-3116846,2230573#8q9wkGpqeg6RCfP1hMQCu,-842807,-2753211,1322183,2280049,3073988#oGWiy3kxZxTd2EXI2M5bf8hUWn5pUTZBrPzi6
325,1309,440,2189,1371437,18505#V94D128nHlEP4HHhLdXbO,-1320834,-894360,-2746262,-2998919,343863#45xIIgoY9eGw7cfcqAekJsrE672ICtyOzJDF5
326,1662,530,795,-852752,1858860#h6mda1OjMH92ZkUUNgIlL,36860,323978,-430196,2839711,996434#cPWLKz63CbE3hp29cLGv3DmB6cKZALnzmyksb
327,1945,816,713,-675401,2490141#TK8HrFI3skRKINnHf51eq,1850989,108741,-546899,-734314,1611246#ipI2U2wcMUO3s5ndmEC6SMag5sbGkX1eOTSJh
328,560,245,673,-2720966,1212024#IgWsqjzgc2gNdbi1KtMZN,1726281,-1767941,1334725,453858,2659584#OTpmeGNcuGhuCbn6XVuovDtz6agcSwuVUOwdE
329,1181,690,2125,-2530235,1373598#2H52Yi2Usy3HuxR2EjxUs,-3183668,-1397529,2124843,587570,143117#bKISua7FYf1y5jGJRwdCfKwYYPlLInVuM4bEz
330,1446,257,1886,-264491,290614#F6BVdpOrtnfOxaXgp06Yq,1848299,1752804,-1613730,2295968,741217#ViQ7YmDVqbpHUrqQCfJ0UYQ9r6ffTlr1cjCEz
331,1427,911,1131,217102,1947037#y7n4DJ6iIf3wBd1YcokNF,-1714797,167461,2042782,-168192,798999#EahjPghNgX4YPwBZl3EF1s4FWdIuVG3E2Gw8y
332,560,1229,687,-1018629,2006076#QFqYtdzh2zprELAWDRfOr,2704511,14878,-1791096,-2355034,1500165#fQSkRIuXcxQzaBSPI7Uz7ga49dBRsmcUp5aRC
333,1195,599,2207,-2001845,353768#bfqhIFkqxp2nMmPiiT7o1,2556819,1967865,-347996,2685382,2393335#fIRfqd90IhiOe1U1T7eZteqHSVjJKHF2l0Hdg
334,1588,1012,674,282704,1169727#44Uv8FGkU8fwqU8emRsvc,3105094,-3233015,1719724,-3026135,1770581#SVZY0VixJohxMA8RNZ6lL6bJGE9PbYRXhexl8
335,466,1245,969,-537173,2724487#cNnwVEWtX0r3MP11lPfqw,-2481368,141201,-2421217,-716760,1118245#hK87w5BXlUSP5fToR8qOLO5PAND9TjRzE4iQg
336,1223,266,225,-3053932,553959#0jcmQpVIidav7TOVfHBUw,-886172,2568020,1526730,-248295,2689994#Fv6PFHuMCEjhaHQHi1PbToYRLJMlE6uwBrMLp
337,386,617,904,-739287,2631886#l4v9f6LEr84LJ1ksQHU7S,1082756,-1710167,22730,1446804,1916744#Orrd96WOqY1Xw89zPtS5xGQiHlPagxVCziaZQ
338,52,2,1249,422805,1439329#JfpmFhcvmI2xP71dbmNT0,1137958,-1794596,-2302254,-688366,1172886#IeeOdbSiatqT7f6b3m8GC3VLUMdccXMkco8q0
339,392,287,1702,1938655,396890#3fLvFfRagW0HTrQRwXOtZ,2532241,703442,-3394879,1728035,845200#4WgQvdlafjLlCZV1xIJZO5hQ0TNglJTeU1Gwk
340,1907,277,1732,-718570,1224027#jhHFfCUmLOJI2laL3ANML,-2971627,-346746,-645025,-1792398,2142123#VKlR0r3mfbeaWWj90mi1rgbt0NrymD0mcIkxe
341,704,439,1478,2677817,1486150#eWfOwGeJv72ugr9hwKgyV,-189273,-2970136,-1042511,-1287578,913991#QGn14Rqkdj6wA5Xyjs6Gux2seD7t0Dg5auTSZ
342,1906,691,1999,2433812,308774#xiUFZF4npC5thzdOjThSe,-1785401,3013732,2573081,-1268993,3203004#xSZLjPMewxle7AGjx5u0NbnmvxCq4rxbXVuVq
343,1577,599,667,-2383083,3340223#gyCjz1F9hKufhHzRnDBb2,1435593,-1713614,-3091737,-400921,1548927#0TsgagrPOAgSUtsCZcWxw7Tt0TJT0JH8N89vu
344,62,777,461,3063994,2289673#cSpZabrehmQxStfml9fdQ,-546043,1057954,-3230602,-3196460,1462576#oHT98OKd2YB2QhUfSFhbkfoKbxi7jxkET81Ci
345,612,446,1949,3053524,1944842#VUlFooSpkR1zctgdmyXZq,2077076,-1589315,-2924490,659081,768067#qER35TA28bEQsWStM9PqJlWUfWD6oYSf70vGs
346,1512,213,581,-2320500,2012571#PeONFqIFmtuLREzhvzekP,-1740137,-2459648,-1450486,965106,1425206#KNK9Fq8EiM0mk6frYwd8HDL2Cga7jwTkSAMRL
347,2030,1124,1178,2318086,330252#b0qYaww3isV1EOOgdkSdW,3220619,859083,1154329,747151,1145980#pfCmp7R5X9jeiKlSLEZfCk4UTD6GuqhL5LBRP
348,102,703,145,-2710178,3370545#gfIiSmuH3QyvEUXxrp9py,2241673,-2174996,2867412,934219,3057838#uDfoGK3fCatTqXV8D6V5AXG1n8eTYe6Uj7JTc
349,254,1043,900,-2096644,896880#rSYqviPphwryQ4xp0CZ93,-1916762,-642068,2776162,21711,20790#i2Ef57T8xozWcdLT99O45o2ZOrGQFfKWvNfDY
350,1192,1297,368,2339095,3249185#cnKWlOUBPzJI3mtEaxtvC,-1936137,-1891071,-201116,594428,605194#EUbTPZeG8jNXyDVvbOUKcwoDMdTuOtMlqcDB8
351,347,297,1272,1497018,2933960#Bdd2T80HK9Lj0H45q8HkC,-847779,3077875,-1248193,-295764,73061#NPE6qpwrI9TfhtMV3W5C2yRqqOTdksk2Py7se
352,1134,546,1056,3262144,147257#NqtktKvN5hVJcemQFA33l,3321282,-373921,-2246803,2223929,3110617#q7DscToTjaOsSjhMU6Jcm3qlQm61q2p3Etg2a
353,1812,811,1626,-527156,2916518#6QGoqh8r5tVz3cWr5nCWk,2456270,2808136,-1958715,3561,2831849#HEEiFOFGEZ8kBuMMC4E0zg2CXs9z83tfj2TWN
354,1660,626,1639,143814,3347615#5D0Rldc1eVm8d3K4IqiOV,-1549745,-1259803,559812,1514898,580083#1eavBCSRaDusw0qd7wgiPvdopQSLzchYK8j76
355,1193,409,636,126612,1422400#tizJKN1mV2COEEbV33E00,1130178,-421647,241577,-783182,1218718#rqM1lZFTxHAnlT9SZuwa3Adkt2DVDybLWgeFm
356,1824,75,8,2703057,1616281#PdZj4dWPfzwvUEXCrKm1O,1007708,-2553248,327770,982782,2617436#gpGftGOGw6ZUgRULkQDcyRGtjlKv8TDl4KwML
357,1626,536,1653,1545067,3149834#AxpNAS4rsOZlsmTnaAjjs,-3386482,-3241850,1943586,146490,1890969#qhA4hwHmycsWIAR2yXL7sVmfNL7Z57unTyWxc
358,533,516,840,981167,1718090#e0TDh8suLa1Dekr36GLaW,1961399,120356,-420335,-1513801,332702#4rQvgexWFAweGi2Gq4QIRkELW9bKssAQMFZGM
359,1126,563,2087,1077795,2459960#Bdd2T80HK9Lj0H45q8HkC,-2069655,-3046243,2304367,-2237660,1547519#MsNj9kIcfGnoLyvVn29SnPP4rHPAXr0ZhsyI1
360,1843,1297,271,2717301,3333884#X68P9ppBuGM3Uewi4jLgH,3272296,-2822178,-3527743,-3417299,3338903#euipONxX9LdECFqzDbxUQriqKnOSy4elo7PRh
361,1695,1240,1424,1349822,1441104#AY9OpCLEct7ZL9fCbVYre,-2471378,-870455,1681821,2055131,1374430#MyX9WFvWHzoxcGpOdpiW6neCcJt4pWJE6XnWC
362,1555,701,177,1150110,3315663#OmNFwFogRTXCWmC4baONF,1496636,797435,-978431,-321582,1472683#27FfWSYtcmoW3NguUcAWhBCRDENnRmtcKvD5G
363,584,386,595,-3398872,1851997#pRBaGuUbrIsA56QYH9Tgg,-2040423,2727999,-3106293,3003757,813804#0C4Q8i9b6iA4Xu7YrJXDQUVh4VncfZUYnjdi8
364,1468,304,407,3082691,3469544#qhtaUYMEAhQyMNnmVPBxm,2692797,2155872,-1771035,419147,1968363#BnNxkjUiUvfbUWBLiH2uLaiTynCuyLckpF8Rs
365,2053,262,1866,-335241,3385722#WSmji7Fza7C5xZ4FrydQH,3200895,2427255,-3105478,-119174,1889547#NWTXG2jMxB8QSmN3falcAZnVSZAjiDOVWUvJ4
366,1252,352,823,-2452769,341044#0zKogLGTIcvg6q3hjXP7L,2709134,-3658505,2482581,-2746476,1210621#6crNbDgJ7wMwqB1yIkNKHBF8DlxnYEvGtszMf
367,1954,262,2079,-1415268,544243#WBzJlsV3wOIL02TGlQo5m,-1809077,-858916,1817302,-314141,2423644#5U6zYgH0dXQuyLDVQUSTsEF9xaE9HIRX5bg7k
368,892,817,1340,3369921,1141596#3GunkwX3RHL37H8CXVfky,1964138,-2969461,-2384821,2168242,2426982#MIdrcasIcdsk7aiBsHSeWGUNqnEuUj7nYoSgU
369,1119,581,653,3100412,2630634#5pq6dEIOnOJlN2yRAUqLC,968986,-1606643,-3026352,-1893270,3318427#lAwKddoZx55nypBfQQvTDos5yvny78xEHeZhH
370,1441,1288,2229,-2104080,667348#FxqzxMnGJ8WMCexpGUgJj,-2920094,3585968,-2343994,122333,516531#9rI1yCZ0ttuYOECrSvoETlzDJFHeDWz6LIVsK
371,1701,287,751,-2086377,210340#jBDsw0NoMus0vN99Mrbs5,1089417,-2085895,2098921,2544174,403401#NydL8kHWBKfT3zZMU2P8OzwpG9FXG00Rnt0kF
372,1978,1017,1513,-2085898,2767410#U7eex9SGvPxvm01llmbBs,-2110275,-2389840,-3519325,2753457,1140904#M2gvO8mTeyfotvCggn8kmaMWddYZbywUAsQJY
373,14,1095,191,3304847,342854#Jk6o18wRjexF8nWY1lNGU,-1474449,-1781064,-3697418,-886325,2067672#OlGqBf9ddHRl7Y99guIBIU7mnuSF76zmhtazG
374,199,775,34,-3597769,2573834#AxpNAS4rsOZlsmTnaAjjs,-972807,-3177361,1526119,2631166,3547089#srNQnvJMc0BZiFjBcqtkemTb7AuQaRjhrpgdL
375,1781,472,1563,1583044,20084#1FB1TczoErF5hDg9Naqfz,-1523453,-1031946,-3168269,-3460444,396420#qbsGTOJ3JcTlcgXkowRtNDL8a2YOatsDOniyg
376,1740,953,1862,-984648,2143535#fHKs1s8wb2NqFYtX0M148,42003,374443,-496969,3274048,1148277#BdwfAe0HbYjNa1LCtrAxKFP6ukQreInNGLx1i
377,304,306,2119,-779003,2870842#VUlFooSpkR1zctgdmyXZq,2133389,123956,-631048,-845789,1856200#4WgQvdlafjLlCZV1xIJZO5hQ0TNglJTeU1Gwk
378,383,484,934,-3135518,1396342#tO8PZ63y0if5e7T7MVuub,1990881,-2037882,1538228,522283,3064515#NtqwOhOtAK0j82scNWW2IlumXlFLBuhrCtwLt
379,1371,939,2210,-2915617,1581779#bCF1UBKQnOWMfGu3xSoDs,-3666768,-1610388,2447429,675770,164103#E6j86I7Jt6ACuA4txReOqnYQ1AMYg9HcAyeLn
380,1818,728,1623,-304439,334027#jhHFfCUmLOJI2laL3ANML,2129449,2018724,-1857652,2644455,852760#e71QDJNmnrNFnpfAR7GPAUH83yRnla1yZfIDn
381,1911,384,1326,250580,2240264#Z0xk9dwnZ3uYZTZTlmClJ,-1975185,191855,2351841,-192262,919487#M3cvA6EdEmNeaMCIT1cnvUvQuSozatOfGGMVQ
382,1000,850,579,-1172406,2307332#ECDykN4KxdO3Bq49mUNin,3110559,15888,-2060258,-2708434,1725049#y5GFA60VN29wVm1gXJsB77hMi95c8Iu0lDgol
383,1566,1297,414,-2301093,406812#mQSa8zrE3xF2cUfAciXzT,2939294,2264254,-401653,3088507,2751360#REEBw6iQ5mraCMOC8i8a62q4k4Lju74wMTxyW
384,1424,280,1145,325047,1344728#JBLQtIAod7cAyFWWZNY4N,3568794,-3717456,1977589,-3479385,2034937#LwXXCh8PUwYFZDYaQqOGrqnfpydiLUOnu2JcI
385,56,462,587,-618409,3130713#EHg1amDxgrEIOgwGA2dGP,-2852418,163460,-2781420,-823560,1283882#wYk2MuAVPZeq0ZJFf50mhZAVlgptFLSnN1oCz
386,681,503,1761,-3508887,635694#G0ngwONXH9mdqTARogEde,-1016622,2950393,1754469,-283901,3089175#Q2S60e3givYEDmIz9CPN5pmCaDp4g2IL42rSU
387,185,819,2172,-849178,3021447#Jsf2IEkzMO2fT499cORwL,1243306,-1964756,26231,1662129,2200014#c2zkzs1LOBVq14uznLFaJPQ0m42HhoYnRFTy9
388,1951,366,71,485157,1651261#bIbuzf9KIbxYPmh1ANEvo,1306508,-2061482,-2642436,-789241,1345754#Ah5SyLxpMxrWnQAvgVdwqZc9V1cwtT08vfnXT
389,1431,911,1619,2224321,454711#3LJEf4hUTXPFBZpZT6byu,2906491,808036,-3894155,1982985,968423#AMlBkt6CQPPUJUB8hK4C60LQuVSa09Oa3A7pL
390,589,592,92,-823213,1402861#CcNqGPcoqolxXDfs3S8Xy,-3407902,-396682,-738848,-2056336,2456669#tmXBl9XWYk5AgoMKbIi9XH3tACZIjYuJahRe4
391,429,916,665,3069392,1702935#08dused3oBpn5Gu3KatF2,-217648,-3404599,-1195068,-1476828,1047177#HwrMattP8VhZR8HiZHOIyFUQUzBEaWtZyBs1b
392,1911,265,1819,2790937,353131#lSWdHddNYZfttOkEPFeSt,-2046763,3455291,2947935,-1453293,3670578#lkZ9oX1M8kdG6xBEb1zAaipxDWu6A7kFhmxht
393,211,1190,1498,-2730425,3825858#dnsx9k4fn36E1S10jOzjv,1646193,-1964234,-3542809,-460302,1773945#ydmIy8dJDcMJW2K5RYLHQznlTDgnoxDOO7udF
394,1001,503,785,3509377,2621270#rmLAzl3qDYsQoTL7mjsSb,-625968,1210406,-3698924,-3661260,1674782#cAjaARsbKqqnaD3z5o5UHpSptXfAQ9njegk5B
395,1694,217,952,3497334,2226616#PIBxFrnKoehDmed132mqf,2377801,-1819080,-3348926,753556,877969#qhA4hwHmycsWIAR2yXL7sVmfNL7Z57unTyWxc
396,1006,757,545,-2654668,2302158#SjEEdC3IX4YKjOnqrdOgt,-1992637,-2813799,-1661533,1105306,1631035#vZjE0jWR11PGWtwiW1SRrEYprCaa7u5Zssko2
397,538,202,25,2651151,377162#rhtGh0tlARS4GZQOqXjM6,3684369,983910,1320186,854888,1309971#K2w1nJVY6xGryqMXYPvA1DG3LR0wke2aXzDHJ
398,728,651,747,-3100709,3853736#OvW6Os3bMvmTpWSBP39qw,2563660,-2487630,3279787,1068544,3496006#o2VW5eLCmRRBbBwH1wbphAX622DQQ2rDqi8ZR
399,1485,751,241,-2396831,1024040#GOqvzFgGh2u52USbyCxq8,-2192105,-733412,3174236,24714,23072#9KzYhpMtrBSo4CVo1xGGmQ50FT69bsHlWwgvs
400,2005,40,57,2673781,3712572#q2ZjxEnt8mjoQwh1moz0H,-2212787,-2159817,-230606,678453,690584#OTpmeGNcuGhuCbn6XVuovDtz6agcSwuVUOwdE
401,1757,1106,1082,1709185,3351037#y7n4DJ6iIf3wBd1YcokNF,-969810,3516741,-1425243,-339176,82530#TsBddBbnMrHSxAmrE9eNCQp3ioGjwdYsNK8oT
402,1150,1246,898,3724228,167354#Qkk40NHORAgGzQyOdgJQk,3793544,-425869,-2567313,2540679,3551110#xllleeZ6olGqa0r9eaCeBj8pplAbfGvKGmj8H
403,1267,780,304,-602332,3329600#vG5ikadavdlUIK50VVw5y,2805145,3206830,-2237441,4211,3231939#E16jbl28IrL24cuJYJ3X42OQX60bihBYL5P3v
404,496,1208,262,164032,3819300#oNdcBPh0fnT4sVEOFNrtK,-1769933,-1437906,638156,1728332,660998#LXfZ2ys9nM0KG0WWXATOo7iuxpa9M8M7tM8Vt
405,1914,1258,2198,145852,1622616#PIBxFrnKoehDmed132mqf,1289015,-481874,275097,-893732,1390358#07Ba24HEdgWVZPpgopa8Ud0NEOWut1kwhV7hi
406,664,284,880,3083854,1842318#HJQEHomOoQdqKWEuJaJHi,1148570,-2910508,373225,1121295,2984782#cAjaARsbKqqnaD3z5o5UHpSptXfAQ9njegk5B
407,3,1209,377,1762636,3590693#o0xoMIJCbYkcz4ltGeXX9,-3859932,-3696710,2215864,166115,2155324#17IQE4vWBzPPVnwCtXIkRqdONmjU6Lpvyejku
408,1543,1307,15,1117158,1957850#EmPF97dDFu8Ezwv4PQRCR,2235537,137046,-478208,-1724951,377995#KsFxEc5XlhzxHWfCU9qbWcFMTZp7DJOYR6uMj
409,1925,1313,908,1228360,2801408#QDy6JRmi3qNKIKGYX9nDd,-2358005,-3469187,2624827,-2548098,1763012#Emi23MButbf4uDKKa1F6IC6nXOfF9gnzYNHWY
410,51,945,2047,3095533,3795618#oUayApHmpOSTzYGk2pGbl,3726808,-3214965,-4016579,-3890567,3801630#acuY0CdxjxfJt9ySbYPxdRbWUam7DZcg5Lt0M
411,178,1029,459,1535925,1640074#z2tzKSV0mopGA0zrEhLTx,-2814178,-990659,1913868,2340431,1563487#M3cvA6EdEmNeaMCIT1cnvUvQuSozatOfGGMVQ
412,1529,687,1424,1308173,3773155#skKnIBmlXAP2Ei156SWv5,1704549,906295,-1112849,-366957,1675218#dWWpugmfoa2UFF3CsvtcilNYPz5drLB3wjFgY
413,495,290,627,-3867736,2106775#DTvod8PnjzNoSnzSkL0vR,-2320661,3104997,-3532780,3418332,925575#oIaFdZDYqUhk6Jtye4VdSXi8HKE7MReVZog9F
414,59,1005,668,3505383,3945193#OdrH4UFE3RnIcUcnlhCUa,3063872,2452027,-2014627,476247,2237434#cPWLKz63CbE3hp29cLGv3DmB6cKZALnzmyksb
415,1253,900,400,-381601,3849084#1FB1TczoErF5hDg9Naqfz,3639195,2758888,-3531328,-135265,2147226#Xe8zud9sKyfWI3bRoj8teTHBmJuIdxNLRQHSU
416,1954,408,1152,-2788851,386680#JjZQTZ0SUxo60jk40kURR,3078209,-4158012,2823080,-3122051,1374997#QyOpSeAsMT5lM8yLshznYv59DkKK074MLQkVF
417,310,817,1745,-1607683,617149#jrwc2OFpx8sGzo19GYcr0,-2054352,-976066,2064873,-358166,2752648#pTkxNw1YCNcrHj5OIrCOf65GuBFY9abqCUhXx
418,973,412,731,3827032,1295622#VxzvKGzdUWu7gwF0GuA9f,2232100,-3372300,-2708551,2462930,2755468#qqJzGIJLT6xGTwD8ul9mGiqF35MJ71NRoFzyE
419,794,568,227,3521139,2986686#c0mvr218dy3zZ0VhSJkON,1099733,-1825183,-3436793,-2148858,3767167#nNFUiI0o8mRXCA0mZPdjIKE6En1x9LeWhdUD5
420,207,355,947,-2389438,756873#b6DQQcXUpUt1MZNUSNS8i,-3314094,4071739,-2660916,139558,585346#Jvpg1UZxOdfglmpojNrzZnkYWhp2ooauzNqmk
421,774,295,1107,-2366220,238325#xnVVjKDRi5bvEGMbrF3W3,1236217,-2365912,2382456,2885849,456675#SPJu2wE2XWFGGGW64SxbdhdgMctYgW6b1h6wK
422,1629,782,674,-2367506,3138286#xCRQ77DOgyoTWhq39D38I,-2394525,-2710298,-3992010,3123960,1293798#TOp5aKLn5cauFXTMiC5AdaRRDTtWcISNFxI6K
423,347,1252,713,3748672,388111#ad0TOJVawdq3nKYIPSNzS,-1671186,-2020887,-4193679,-1004975,2344091#23VUBrV4rpNecAWCnJdSyEkcs4yuc4n2JIFTN
424,330,1249,1161,-4078692,2917095#sL5wuVjyyUtRaZcvQJ5pZ,-1102807,-3601511,1730056,2982283,4020191#ULFpWePQRhQpK3dethT5YQM5t1qm1cKkq5QIT
425,190,503,937,1794651,21662#QzbQsRDWvJByfbcFNG010,-1726071,-1169531,-3590276,-3921969,448977#IhVx3BQxK7nc453B2bWBLS5JWM44W76NfnGbU
426,1818,62,693,-1116544,2428210#2BCPszPz3syBM3mQzaTw4,47147,424909,-563741,3708386,1300120#h8DCRb86jKu4uWz8KEPExYGs7P3CWBWETa1rA
427,726,1110,1289,-882606,3251543#wzcMfshlApHqggmabD5nj,2415789,139172,-715197,-957264,2101153#j4r0ZSfCGJEMKx669aKnRMbrJPWm6ACAoNNTw
428,206,723,1195,-3550069,1580659#hmB3raLIHrkphnZETJTNo,2255481,-2307822,1741732,590708,3469446#0ZnUFPQ1zloqFniQWWaHxFVZf4eIriXq6IWnv
429,1562,1188,59,-3301000,1789961#zqDmM03ThgBtgImgS2qWy,-4149868,-1823246,2770015,763970,185089#srNQnvJMc0BZiFjBcqtkemTb7AuQaRjhrpgdL
430,127,1200,1359,-344388,377439#vPMZOwDhyHHijUclj95MZ,2410599,2284644,-2101573,2992943,964304#WWgu6K72pgRYkEfSDP5UGOM1uuWlQBRHvwtN6
431,331,1171,1520,284057,2533491#5hDWJa90KifoSZNDBW3lF,-2235572,216250,2660900,-216332,1039975#RbBfcqbWkBNYW8U7OqVtWelhIECShqM9cW9MJ
432,1440,471,471,-1326182,2608589#U8F3VQTMPxQ6S1Pjx8WCB,3516607,16897,-2329420,-3061834,1949934#ogGGUMHR8gAtXEgfE762BSXJPPUfZ0R5yS6jF
433,1937,682,857,-2600342,459855#1UYhOS0WF5UBx9Pdh97k1,3321769,2560643,-455309,3491632,3109384#Zwh8nJVOajFRPkmWcEwxGygUUh16QyA5Y42B0
434,1260,862,1616,367389,1519730#kFhJv07h9r4DKYRXgUeRh,4032494,-4201897,2235455,-3932635,2299293#wqmSUg9IVdHpDnu3OupDgsjW8Y1CzgaKb0n0S
435,1709,993,205,-699646,3536938#q256ZZquRPryOy5iqJTNP,-3223468,185719,-3141623,-930360,1449518#c8ZOHlG0IZUAGhljMIVDXuY5phGMo2jmnv4Hd
436,139,740,1061,-3963842,717430#fopcuP14lljm8ORHEl9vR,-1147072,3332765,1982208,-319507,3488356#hRSiOGS3E5AvePfPjLu9HR0y8JZoUSZzNsa01
437,2048,1021,1204,-959070,3411009#07kb1zZX3eoVcqHMLSNqx,1403856,-2219344,29732,1877454,2483283#6sUUJbfYNtuHMC9y6OC6g7KuSETwaXKMXDurn
438,1787,730,1130,547509,1863194#REFy0VCzX9icTLSuQIFlP,1475058,-2328367,-2982617,-890116,1518623#1wzkFD0miGwavTYPrlLubXMDiLhPhAc2YEjdg
439,406,221,1536,2509987,512533#wQJyV8TwGFAk3A0Unq9qP,3280741,912631,-4393432,2237935,1091645#Xw7nxo5NlEFI14zkKruNtLamjp7nwvZWzeJ2k
440,1334,908,687,-927857,1581696#29ivnnLbIEauI1IqOyyvT,-3844177,-446619,-832672,-2320273,2771215#7UAmGLcI3CTlNz2PTTXAaghkmbEVKQmiQvcTn
441,154,79,2088,3460968,1919720#R7ZFqv0LeqXZ9o3blb6bk,-246023,-3839062,-1347626,-1666078,1180363#BnNxkjUiUvfbUWBLiH2uLaiTynCuyLckpF8Rs
442,1916,1153,1639,3148062,397488#JPshIpfy4hz12jPTjNZb4,-2308126,3896849,3322788,-1637593,4138152#9c9eQDyLVwbBGCMkCEudB3fRMn22qxYF8db3Q
443,908,467,94,-3077766,4311494#dUM7KLRcc5FxV0GfLjV9g,1856793,-2214853,-3993881,-519683,1998962#YmEEcY4kGZeC0U1sNYdYPsXm6Z8eWVMWaObo5
444,1940,229,1109,3954759,2952866#gouJXCEkuij39FXMc8V8z,-705893,1362858,-4167246,-4126060,1886988#oGWiy3kxZxTd2EXI2M5bf8hUWn5pUTZBrPzi6
445,713,1302,2190,3941144,2508390#kORMheYBwuQGdTyjXhSem,2678526,-2048845,-3773361,848031,987870#gXlBs2sZOst8A2q9qx6J54ekCkZ0mC0wwATVe
446,501,1301,509,-2988837,2591745#tXlNJbaJMWyMKyoI9CXhG,-2245137,-3167950,-1872580,1245506,1836864#poypNSrE21OUl5vPGiBkQXK0m0LaHMWpnpCB4
447,1109,594,1108,2984216,424072#dxwDcblDOEZSIWfgL47b2,4148119,1108738,1486044,962626,1473962#YmEEcY4kGZeC0U1sNYdYPsXm6Z8eWVMWaObo5
448,1354,599,1349,-3491241,4336927#w5MYeGeQM7gD9c09lQFko,2885648,-2800264,3692162,1202869,3934173#nuABl0mVg7pkPRXQnPafAdr3Vgux7LE84y46s
449,652,459,1818,-2697019,1151200#5WduVVvU1at7xDytxoi62,-2467449,-824756,3572309,27717,25355#UlteNNN2V2XerNeU05HcsDfuL3DFq58i7j9HO
450,755,97,1981,3008468,4175959#0jcmQpVIidav7TOVfHBUw,-2489437,-2428564,-260096,762478,775973#mG15PLsHSAZHYo5B5H5FjCfd8ctfoIHlose0h
451,1104,600,892,1921352,3768114#x4tkvPdsJD9jFADg5cRET,-1091841,3955607,-1602293,-382589,91999#EahjPghNgX4YPwBZl3EF1s4FWdIuVG3E2Gw8y
452,1166,631,739,4186311,187451#M1z86EMYl76QNtMYyEdT8,4265807,-477816,-2887823,2857429,3991602#it5ZfEb4aDVl4x2Pie0EmRZgTlzTkYqIVe1co
453,721,749,1218,-677508,3742683#GpW7AvefAgnNoDqD2C2YZ,3154020,3605524,-2516166,4861,3632029#NakuiVVQs3b3NZgiCt1ViBjMa8hxMroQtIysm
454,1395,476,1121,184250,4290985#gHB3zN1UtpJ61IN9Mw9zo,-1990120,-1616010,716500,1941766,741913#PTi6kTcwh4ndr3cOLg4dW3VC7NfWlj37cbvfk
455,571,794,1524,165091,1822832#6HRoHY77qRqc9duLv3RFx,1447853,-542101,308617,-1004282,1561998#LXfZ2ys9nM0KG0WWXATOo7iuxpa9M8M7tM8Vt
456,1567,492,1752,3464651,2068355#WUB6CMmO1eKoiLtXUnt20,1289433,-3267768,418681,1259807,3352127#FGaFq2i6XlKxwRGfHjlsmbocwYmC5rYsuD7nU
457,444,568,1336,1980205,4031553#JgCMbusjPcmeaYmbf5P0u,-4333382,-4151569,2488142,185740,2419680#gnd7JS5D6yYEbZVHvpDUs7acMoLhX3Eu5Bxcb
458,490,784,1426,1253150,2197611#FeMJwgBicse01ybcEdIrP,2509674,153737,-536080,-1936101,423288#OmMksD8BwtLnElMWXllUvzMkNetzp0baeEmyF
459,660,750,1965,1378924,3142856#51ZSQdRWc4Efr0W1PEXPC,-2646355,-3892132,2945287,-2858535,1978506#z39F6bEBBMtA8XiyO6YshQlR5NcbUWMzZDa6Q
460,322,594,1587,3473764,4257352#5hEyFcAuo0y03uAiDb0KY,4181321,-3607753,-4505415,-4363836,4264356#hRSiOGS3E5AvePfPjLu9HR0y8JZoUSZzNsa01
461,723,818,1730,1722029,1839043#JKof2x0qFwpSJ9oGPCLPF,-3156978,-1110863,2145916,2625731,1752545#7F44pVWDKKZQiOAMROf0uhhqCOJu3g4O9Vkq8
462,1503,673,435,1466235,4230647#FFNtuyCTDPcLH7GWdo4c4,1912461,1015155,-1247266,-412332,1877752#E6XG84DNmydZzCLdr4zt6REEyMeTzDv820sdb
463,406,194,658,-4336599,2361552#ORhJli79bLy5EoEBuzWrO,-2600898,3481996,-3959267,3832907,1037346#Jvpg1UZxOdfglmpojNrzZnkYWhp2ooauzNqmk
464,713,392,930,3928074,4420842#VUlFooSpkR1zctgdmyXZq,3434947,2748182,-2258218,533347,2506506#z39F6bEBBMtA8XiyO6YshQlR5NcbUWMzZDa6Q
465,453,225,1170,-427960,4312445#QwNldjonpwOUKSwaPaE1x,4077495,3090522,-3957178,-151355,2404904#M2gvO8mTeyfotvCggn8kmaMWddYZbywUAsQJY
466,593,465,1480,-3124933,432316#mK6vtk733n2gLLQP3Dpmj,3447284,-4657520,3163578,-3497626,1539372#rF8ubBck084rI1fB01vrhA6QlHU04T66Cl1OF
467,729,58,1411,-1800098,690054#7YVG2Ykx7WdWszvlDSYh3,-2299627,-1093216,2312443,-402191,3081652#XJWouxw1yqQSlCNFj1bv3oJoIZ3F8RRKial8h
468,1054,7,122,4284142,1449647#FFNtuyCTDPcLH7GWdo4c4,2500063,-3775139,-3032281,2757617,3083954#wOZGBliZuiV9ZR9I2OdUBImgdEJiIPoSAYwIY
469,469,555,2037,3941867,3342739#zdQnuCi2LV7D7SErz1Yoh,1230479,-2043723,-3847234,-2404445,4215906#TXP9zLYqls26tdEucgQT1Rg5hGTaYfoHoQH76
470,1036,736,1901,-2674797,846397#A1wJ7xqaFtsz6EIJGK8PU,-3708094,4557510,-2977838,156783,654162#gNZd8gySCN5F0b2wRLRzGEFhJwIc70HfRmZmK
471,1911,302,1463,-2646062,266310#Eo08j6IcWKp8wzvh9n849,1383017,-2645930,2665991,3227524,509949#6xEoIOs1To7A1BTN1nrA9ogovmw6xQl3Cqv5U
472,1280,547,2072,-2649115,3509163#FwazkVzoSx1aNaptHFrCv,-2678775,-3030757,-4464694,3494463,1446692#zBIDF9POBfi4AyffYBfbDDu8AKJamwDFOEDZK
473,680,95,1236,4192498,433368#zxLQ5YpQ16gjPwh7idY1g,-1867924,-2260711,-4689940,-1123625,2620509#Sy56lzZ2aZmhX13CeyNEg5ppVZVj9NJ6IkBbf
474,461,408,53,-4559615,3260356#56qIvAKZxZE7qaerc0uWv,-1232807,-4025661,1933992,3333400,4493292#EP40hUWGVj7gbGf1MM5tikppUP10WjbINMVeT
475,662,535,311,2006258,23241#tP1cAvakyz6zUpPnwe77R,-1928690,-1307117,-4012283,-4383494,501534#n1t2seUwucag0oxma4I3nRbq1tPU6n31qRXem
476,1896,485,1760,-1248440,2712885#q95GWegWBgKxQtpRSsiaL,52290,475374,-630514,4142723,1451963#kl1UWaTQbsOqU3OBv2jUHnplYrT2EcoMp1WuN
477,1148,600,459,-986208,3632244#Is3iMkYHLVHwUYRUjHsX4,2698189,154387,-799346,-1068739,2346107#Vr2mFmUi2SLLLaceZBsYxka5reRSDdzwlpz95
478,29,962,1456,-3964621,1764977#yGlPOoPRqcA8SELcEAnhI,2520081,-2577763,1945235,659133,3874377#Gl0a67XKeA7c0JOSQbsUmcdxsJZXs0N4f9k74
479,1752,123,144,-3686382,1998142#gclc8kXOdt2r1AlnSHnyP,-4632968,-2036105,3092601,852170,206075#GNmMOBKrLHtP2tcOIclBKdM7piaMyrPXxEVpn
480,499,357,1096,-384336,420852#a6CxhKirSLrXm5kXT3Ag3,2691749,2550564,-2345495,3341430,1075847#mL4WBYsPzI2ugeU3mMUARmWnm5AAXJUhYMLYf
481,815,644,1715,317535,2826718#jZnCF8H79HG7MC2vyhOzj,-2495960,240644,2969959,-240402,1160463#hqPPoy3nF1PD9mPXH8JBcjc2XzKFMSljimajS
482,1880,92,363,-1479959,2909845#MJQNzzLkXeANz4eDHAV96,3922655,17907,-2598582,-3415234,2174818#nFvhT606vr20X3Eb5IKBpCQpU6JEh1CeqYPqK
483,245,66,1300,-2899590,512899#pKnn21nJY2thf1OMideB5,3704244,2857032,-508966,3894757,3467409#YcvK4BJBCxBzO5bP2nfGUYyQf5iaYk91cpBeg
484,1096,130,2087,409732,1694731#aaJw70ZA8hbt8W37TYtti,4496194,-4686338,2493320,-4385885,2563649#li5XYfM2VhnYRRrXFyoUIaJJ9t5k3zR0R3R8N
485,1299,210,2059,-780882,3943164#naXwtfh1Dby2lH9g1y8qn,-3594518,207978,-3501826,-1037160,1615155#IR0KgEFzDVDSzt7QXNWiAlHO2eXhcN8DwjsLV
486,1660,977,361,-4418797,799165#WNgInrmZJniiMvcORpr9d,-1277522,3715138,2209947,-355113,3887537#KOpoEDEZLcKx8WETwRMjBrv6Wu7KML4xEp78I
487,1847,1223,236,-1068961,3800570#Jwfk1PruYuDxmUExt1KgR,1564406,-2473933,33233,2092779,2766553#1N4wafMWguATuvIyYz5uEibcp7ZzCIzFb1dVT
488,1623,1094,2188,609861,2075126#LjxfKDqS2a7YlVw9cQLe0,1643608,-2595253,-3322799,-990991,1691491#5rwIHCC59IQXVxtWVMKXFMMzNHAN1DqSFbUL7
489,1445,845,1453,2795653,570354#Qkk40NHORAgGzQyOdgJQk,3654991,1017225,-4892708,2492885,1214868#XzKluuabJPf4yJytBlLsuwPGuzSh4JURK9JUx
490,16,1223,1283,-1032500,1760530#chiMBjDsYau2UCtFQtYos,-4280452,-496555,-926495,-2584211,3085761#1FC2tasISvnMwWyVamPycpJLAAcUfC5RHbX1Q
491,1942,556,1275,3852543,2136505#V94D128nHlEP4HHhLdXbO,-274398,-4273525,-1500183,-1855328,1313549#Qa95ZiTVzlOIsAMnoZBhUrd6LhCTIGfFel0ud
492,1921,727,1459,3505187,441845#MJQNzzLkXeANz4eDHAV96,-2569488,4338408,3697642,-1821893,4605726#66I7qEPmOxYZd2gtXECrVt3TiQjT7UYu9rcFJ
493,1605,1058,925,-3425108,4797129#pC2p4uYbHmXdZjovYcmao,2067393,-2465473,-4444953,-579064,2223980#pfCmp7R5X9jeiKlSLEZfCk4UTD6GuqhL5LBRP
494,816,1269,1433,4400142,3284463#xkxTd00jZiq13uySGcI3C,-785818,1515310,-4635568,-4590860,2099194#EUbTPZeG8jNXyDVvbOUKcwoDMdTuOtMlqcDB8
