989,1515,515,623,5652313,1148569#w5R0GTFWTBYtQBKIUDGBZ,7397491,2063170,-9885473,5042385,2447093#9FgHFIPjpJEs4oZj7qj0xF1qIgsneoiixct9E
990,1277,436,530,-2078935,3548875#egEhffznIuzaC0ZCCgbHE,-8643202,-995920,-1864730,-5223586,6231221#sWJ3XESue8a2hlNWcl3cxXaTtn5JBahadGEM4
991,1255,70,2089,7768298,4304355#WUB6CMmO1eKoiLtXUnt20,-558148,-8618155,-3025758,-3747828,2645409#YcvK4BJBCxBzO5bP2nfGUYyQf5iaYk91cpBeg
992,1971,409,1895,7076437,885415#A4xWVvIMolPNA6RTRDYPl,-5183113,8753993,7446177,-3664893,9281466#qdAkkExjE3CjZL6dukUCodRekZhfBt6YUln1Y
993,323,398,296,-6898523,9653484#Y1pURuCGa369pMiEKo3hA,4173393,-4971668,-8955673,-1172874,4474155#IR0KgEFzDVDSzt7QXNWiAlHO2eXhcN8DwjsLV
994,1954,1157,201,8853967,6600428#tu9LKJbs9ghuDPZlcBNSl,-1585068,3039830,-9318788,-9238860,4221254#aKtaLryTo0IwfuYWA3EnJ1hUelMUFdQsfJEXl
995,237,97,162,8823054,5607904#LdvtFESvuJe4mOeSLxYeZ,5986501,-4576260,-8442152,1887256,2196787#MXES9AkRCsvZSZ5dvPgavuevriXDKBX9i2h34
996,1129,715,113,-6664690,5777202#IrO3CKIFYtISrsgwOdR0n,-5022637,-7063611,-4194097,2787706,4100983#7IAmLtNtO6S1SjPlhYM2aI84dsJMNqPPYcE7t
997,1201,964,1841,6647931,940082#TV5oD6CDcQaygarMXNETP,9249369,2481840,3310476,2147738,3277863#45xIIgoY9eGw7cfcqAekJsrE672ICtyOzJDF5
998,2051,27,1263,-7787087,9652028#O1yHMTPUt0O62DswCcVKK,6427510,-6239238,8228287,2680444,8754016#lXufQ8NVQzv8cs20lp8TYwINXycS45J71OXJ2
999,1810,1189,1277,-5999081,2549960#Bdd2T80HK9Lj0H45q8HkC,-5496227,-1829540,7951118,60750,50462#tKlMHlZrmCUAek9Tv2XJPjPwy99GrgFZTseuz
1000,1446,724,791,6690019,9273216#UFizaDMFloxnS4sIToR61,-5532587,-5384775,-584486,1686753,1715258#QFdY5b2MSdSgp6Vp3OgBhjwvMnn7MN9wWWahf
1001,110,296,1038,4255189,8355961#zqDmM03ThgBtgImgS2qWy,-2434182,8783133,-3549843,-860126,196158#cfsi0bDtXE1q5jzL0ZVtR7J6z6BNqFMWM4udx
1002,1342,442,1232,9269230,408518#6QGoqh8r5tVz3cWr5nCWk,9460694,-1049239,-6413433,6341679,8837020#CJY0t0Mujt26LBqosSal1vkxAPaOkNABmC94p
1003,910,408,92,-1504444,8286590#ipNFtjhMBlVxT0Lnr7QHS,6991645,7991158,-5582147,12011,8033019#96qutJqtWBTlrexxcjnGgdVAPT81OSrn9UuOc
1004,969,308,1626,406648,9479520#vliZgUBd3GNnLRFVpmDGe,-4412183,-3575148,1578284,4289540,1631978#ZXv5b0XBuaykIRZlvsiuYBeYnmp23bQCvLiWG
1005,245,940,818,376726,4025208#ESU2CfyI1I7zHJ9wLE7Hr,3195065,-1204598,677337,-2220332,3450038#MG0dBetyqhixCzKNnbQxYdpzuEHVLMBIsOasB
1006,1185,158,164,7653418,4554762#GkId1Q2rkSTBIhKa8yqFl,2838920,-7197628,918691,2783445,7392928#0ar7qze8HmQ0eRLwfN9f3cAL93U5gFWmXl6SP
1007,1163,87,711,4373464,8881007#HW5s8JCNI5KMGzunhLK7v,-9541332,-9155024,5483200,401615,5327590#mdL6AewGIOi7Sec8G0HFCmR5Kau2klKF16dpE
1008,1285,287,1295,2749056,4834976#DvWziB2Pfho45kJXdkKhf,5525187,337332,-1172678,-4258751,921511#9Dq0ZlO3CbIxXTLwnsD1wr8oWKhjwwJ7u6v1G
1009,1192,1121,176,3035134,6898784#pD7pT8QxKKDDyyqrJAQK1,-5818205,-8544521,6470347,-6273348,4348934#ogGGUMHR8gAtXEgfE762BSXJPPUfZ0R5yS6jF
1010,1240,669,999,7634311,9336426#m2C0QjwJ5dZsK08oU7lBE,9180958,-7928415,-9882611,-9569789,9354348#WgLeA5qX8lQOZm338yW54mWgc15MmUBcsQujA
1011,535,1125,59,3769167,4027708#kPy2PHooDMRNrssVYd5mi,-6927778,-2433107,4698438,5764031,3832177#HwrMattP8VhZR8HiZHOIyFUQUzBEaWtZyBs1b
1012,1217,519,736,3204923,9263059#luSPYtHKLenVH0K1QQzr0,4199499,2212615,-2725859,-911457,4105632#zu0MK0RwAeacYdBkLSVbXUz8pnr6vRIiW8mG9
1013,1490,452,1005,-9494098,5164105#vYbvIuQfQDIxvrrixt66V,-5683511,7628979,-8650624,8393232,2266827#eFa4GO0Pu78miUPQUoB7IlR7OvdOKePTYzXHI
1014,1718,219,1570,8577681,9652981#f8L1czKhtKmqzPJlIddUD,7516772,6005887,-4937725,1161447,5466292#EP40hUWGVj7gbGf1MM5tikppUP10WjbINMVeT
1015,1968,678,696,-937915,9409422#HBCq0Koyf05sEtLXvVSPT,8898795,6738490,-8641528,-328351,5239368#p5rxenTvLuHVgidAjVxmmdl6cS77pQZE5owcB
1016,63,1086,622,-6821835,934312#EKN8yAE0y1fZXHHDJeJWS,7507109,-10152102,6909062,-7628951,3347503#Ri4yn5ENJ5Gy4VhyUr04t0FXZ3DeN5WHFbDY7
1017,1212,907,2209,-3916663,1492015#y2wrYy5lAVJSrY9fIlTWT,-4997652,-2381866,5035719,-886466,6700696#tlTKqlFy1NJXB0qOkTha1tveJ8RcHwDGlESvN
1018,1945,808,131,9312358,3143928#CqWaqbB524EnBuEJlw7Zl,5447650,-8206368,-6593311,5999180,6697300#lzEFRh1AXoMx7Uudg0NBl5dZSjrxHg3QreT91
1019,1020,412,1823,8569869,7259316#mK6vtk733n2gLLQP3Dpmj,2668691,-4447663,-8362085,-5215908,9152041#y5jiacvdJ1jAAz1jv6OFo5x79tuk0EO8CNddb
1020,1903,985,1215,-5813740,1831167#kbuEDCchA2nMNpMjWchwG,-8042094,9900991,-6463980,346258,1411132#KHhDDc4UfZ3DqjhdXMO9I2ffKx2CgBRaU54VQ
1021,2034,385,907,-5724330,574145#L8X3ngUlGdnGRjtMOVmAP,2997817,-5726122,5784876,6985949,1095963#kl1UWaTQbsOqU3OBv2jUHnplYrT2EcoMp1WuN
1022,1567,590,1792,-5746808,7588804#V1UQt5fyicwhLR0petXyQ,-5805525,-6555800,-9664224,7569996,3128526#dPoLzgwyNgGhTrTnbp8FQsxgoCvUEjvcUUG9y
1023,217,508,275,9074578,931195#1GGWOTe4KbhKcwRqnYCWD,-4032036,-4898769,-10148811,-2428775,5661113#WlDX6iTlom5FMaoVCJuuzAq7wyz29Lrjak7rL
1024,1902,361,1275,-9849768,7036227#046NjelMk5DgWt9Zjc9Gq,-2662807,-8691311,4177294,7195687,9697409#YcvK4BJBCxBzO5bP2nfGUYyQf5iaYk91cpBeg
1025,1728,881,133,4333935,40604#siMAbWU1ZfzxbJJQR2wNa,-4157493,-2820557,-8654360,-9460269,1079661#AAQla9d42FS5IaSe6QCerUkDBW8vJLbkNvANn
1026,691,1196,81,-2699296,5844310#Eo08j6IcWKp8wzvh9n849,108869,1030495,-1365011,8920436,3122236#4Anh1ZVw7SmXmdB22e4RWd1qR5MxyeUSEOQK5
1027,1664,246,273,-2125836,7819955#LSCMhgGguf8udYGL1EFK3,5804589,321758,-1724985,-2294964,5040595#ydI1RlZ8ofDuMwmf6LDlXLqC1c9wgVrLdfU10
1028,145,963,2091,-8524687,3792469#pZepLpu59hJmasp0jxQvz,5430681,-5547108,4183774,1411808,8328618#O5a5aLzGOGoe1mqm6Dnuzpw6vDq4R8voRGHyC
1029,1785,234,1079,-7925590,4288139#KKDtfFEwyaP5ry7wTAaAA,-9947068,-4377548,6641047,1822370,436921#zwrUUDr7eOL3uFgDLAzmRq3jzskPB8l2jRC7e
1030,465,288,433,-823770,898389#P3l9rnD3GyS47qXF0GwjD,5784399,5475684,-5028631,7174793,2302826#mNaQUpMZHcuLIMnuq7zlOK4oY0t5epx3obTeT
1031,2007,103,1618,685787,6052215#kJsdYsURnGoePQHAccIOW,-5360222,508984,6369608,-505172,2485831#KPTWlMdcNyCnqBez0pyDl4ATVBqEk1OORKNZA
1032,531,1179,1411,-3171500,6223667#jxgJja7EavRxDda3qkXIx,8389183,29011,-5559364,-7302634,4648548#ZmVshL9qXw4aqNm0QjYQFZeUp9jLTPLvtXd2x
1033,200,1180,1701,-6191324,1096377#Z57xaxHdJSTbLDHnhaQsa,7911469,6117311,-1099187,8329132,7405678#le5Cb3AK2b77pVNpUeS6pwqzDJjwKhC9Cnr1F
1034,1355,1276,560,875499,3619748#4tTfHrtCPN7JtoQogfkBS,9596894,-10015189,5329841,-9371635,5471565#ZaWjpsvmdNJMKjekxgABcRTmiyzdo6Sc4ct7q
1035,915,795,93,-1674484,8411644#qevhsdP2rvFHVv3TT8Z5q,-7676068,452827,-7464059,-2211960,3437156#QfKkNolW8WLRE0UZJrng3yaIC0PJuWBOL0aiT
1036,1887,956,1605,-9423302,1698256#odfpKnkvgA9nMzPfKQS6P,-2712472,7921235,4715076,-746779,8278528#QB1bKMdlVxHexdnxWj9Tqxd9omhYXMUB2GDS8
1037,1705,817,768,-2277768,8085747#AlmA0ScFxhyrZfN7FjHC0,3330456,-5274406,71744,4461354,5882517#BQhboO7680BF0lfMafoExjY6Jxw5l4Me7Fz5Q
1038,1882,1156,416,1295733,4406384#cC8BUgl2RN6xMYYBs1kRa,3497658,-5530993,-7064795,-2100616,3593045#hmsJlXWm5CcSIsIxLUtWZt6B6MMUMJ6FenA8A
1039,490,1139,540,5937979,1206391#DaLeuTQAbx2rApKNkPvvC,7771741,2167765,-10384750,5297335,2570315#B5gHRvZpF1kpQR5xslLeDx6qsFJ8B3PyoG4t4
1040,2022,752,1125,-2183579,3727710#qpXAXN22baaWKLurwa7aP,-9079477,-1045857,-1958554,-5487523,6545767#DiEsctQW5qp1MmGWmV9N9KLVll0og9QiGzDbN
1041,980,547,1276,8159874,4521140#dYDyDYQ4CG3U0Gw71avYi,-586523,-9052618,-3178316,-3937078,2778595#ydI1RlZ8ofDuMwmf6LDlXLqC1c9wgVrLdfU10
1042,1976,1297,1715,7433562,929772#auA1ifgWqzrVbcSFgfzQa,-5444476,9195551,7821030,-3849193,9749040#uwvNRHyCOspY0MmqHucDYdVHc0TIPJ3d7iotE
1043,1020,989,1128,-7245864,10139120#slc3bYhoVV6FjGOwqjVwq,4383993,-5222287,-9406745,-1232255,4699172#4AhE3InafUFCPHrysfjWsLUSYXJLTV8J2TsJq
1044,830,883,525,9299349,6932024#IgWsqjzgc2gNdbi1KtMZN,-1664993,3192282,-9787110,-9703660,4433460#7Kyxl7uRSsMy6yb42w1BkXpitiBiA3ShU7L6J
1045,1319,1182,1400,9266864,5889678#m5UoPvVRhKaRKQDejNiY4,6287226,-4806025,-8866587,1981731,2306688#U2tk3qXE1htrAaKlj2QsGXFq92dpLwEqPOe7X
1046,624,1259,77,-6998859,6066789#akRcslaiSfif1Ce2lLkZd,-5275137,-7417762,-4405144,2927906,4306812#cWsRD8vNOzgvXu3cQodO2Jn0zrXLaXU7Zpvyi
1047,1772,42,688,6980996,986992#AwNy9B45mex25ADx5oYMP,9713119,2606668,3476334,2255476,3441854#UztohQEoLbqWVqwujwm5e4bhWUwf7V5X1dKLR
1048,614,1289,1865,-8177619,10135219#wA1d3jxA1RS24bZ7fYGuS,6749498,-6551872,8640662,2814769,9192183#HEAjU6KuKYP0luXDXDddFhUfEYBEdK9fqGCt6
1049,977,897,618,-6299269,2677120#slc3bYhoVV6FjGOwqjVwq,-5771571,-1920884,8349191,63753,52745#JEiLGjUjciI6IWScS2nhZ1ZqNoBsQkSIHMwzh
1050,196,781,479,7024706,9736603#cQ04vsq6lgJZRUO0xPal6,-5809237,-5653522,-613976,1770778,1800647#KIGRvoqw8oRsK9mYTwVvMFzVtyE46byTRBR3q
1051,1520,1104,848,4467356,8773038#UWQJWreSWTYugDZfqfHpu,-2556213,9221999,-3726893,-903539,205627#MDyHYXob6YKYnCd6ph9zAnVGwRVmOOPgkFtIP
1052,1358,1141,1073,9731313,428615#5D0Rldc1eVm8d3K4IqiOV,9932957,-1101186,-6733943,6658429,9277512#c8CQThIhMp27ycJAMCmo3Z1IJE8vyvol0QuEx
1053,364,377,1006,-1579620,8699673#cSpZabrehmQxStfml9fdQ,7340520,8389852,-5860872,12661,8433109#TYNT405nd91S7oq0q3mZYAsoajGn7RWwl2iPK
1054,1868,890,249,426866,9951205#93uC8dTkzjEoC1NXb2W7r,-4632370,-3753252,1656628,4502974,1712893#TciImhhF6XDO3WKQmsfF61hcYHAFUR1LMtOa9
1055,965,476,144,395965,4225424#2Z37wXxlDDDvpPaasgooc,3353903,-1264825,710857,-2330882,3621678#le5Cb3AK2b77pVNpUeS6pwqzDJjwKhC9Cnr1F
1056,25,366,1036,8034215,4780799#B7wKTWtY2e8KVedrV6oxQ,2979783,-7554888,964147,2921957,7760273#HOQduecVkBuXmWBVuNp4e7jfbQJDWssrSRa2D
1057,1604,760,1670,4591033,9321867#hW3aIwrblqwBCGW64pOGo,-10014782,-9609883,5755478,421240,5591946#eCAsMdJlnnATazlNYWiGTfYkriFQIaJKwt6vG
1058,232,1078,470,2885048,5074737#BjFftBvOLpABd5oXQmcQS,5799324,354023,-1230550,-4469901,966804#0C4Q8i9b6iA4Xu7YrJXDQUVh4VncfZUYnjdi8
1059,1990,558,1233,3185698,7240232#CLwKxeck1M6PE73LsBEHt,-6106555,-8967466,6790807,-6583785,4564428#PhT4wFMiDdO6EgYlkvatrP381z741SL6IT4cz
1060,1511,318,539,8012542,9798160#dVwe3AMBHE9RGbg2CzneW,9635471,-8321203,-10371447,-10043058,9817074#dl5xArzlxIzvnrXDHYjojIANow9Mn5xsF0BlB
1061,1080,914,1330,3955271,4226677#OUo1pGVq6uKqKKE3NNiFs,-7270578,-2553311,4930486,6049331,4021235#9nmEExPemx8sgbKdydirriBWTbiwjMhNguLJn
1062,1191,505,1983,3362985,9720551#OiLoZ31le7axM2E28QWBe,4407411,2321475,-2860276,-956832,4308166#fFazqXG9N7P8AMmArhMTucIcyT0XhV7xFbHM9
1063,1401,356,1036,-9962961,5418882#ha4mf0qCFXuYXOID1Gfng,-5963748,8005978,-9077111,8807807,2378598#XoD0O5pCvz6idF9SzcR49CEP7vg4MgAju9ByQ
1064,309,920,1832,9000372,10128630#3OwRsYq3fMUMsN0qXYebE,7887847,6302042,-5181316,1218547,5735364#aZjK5bGqly1HwAPk9zKB42ohGrcvdQFPHxcVE
1065,1168,3,1466,-984274,9872783#AFSpYRQx8Tv8Unh5dP9es,9337095,7070124,-9067378,-344441,5497046#0mbKOhBg5shp7h2qKPrPn1fdJkIIaI13ZTYhM
1066,765,1143,950,-7157917,979948#Zg0BkgddEarF28hPfXsfq,7876184,-10651610,7249560,-8004526,3511878#qL1yDBa2GqakMvPznyYw8q653mnqiKjsn7GvC
1067,1631,148,1875,-4109078,1564920#rKo3dayuV8dVRF6sKHZpg,-5242927,-2499016,5283289,-930491,7029700#hDQQfRmg4OFZs7m3cVndjEN4FICBzvatuoaTM
1068,2026,403,1758,9769468,3297953#2tUAVPlC4MKnjBB01VSMB,5715613,-8609207,-6917041,6293867,7025786#P5OjrC3OpcOiza01jLM3m8WqBeRlheKfuFkfG
1069,695,399,1397,8990597,7615369#lw4wljKP4OIHlWFbqgzEj,2799437,-4666203,-8772526,-5471495,9600780#uHZ8dg34x64ywWkYChQrHD8Z3JfGAWf1h26kG
1070,669,52,2169,-6099099,1920691#LxthHzcwhfzhD1alU5sCA,-8436094,10386762,-6780902,363483,1479948#aJivXTdyLxqFCglj2dsjFuibyvns2cSFggSFG
1071,1108,392,1263,-6004172,602130#A5Drn4Yb1ner6Ewb6zXGz,3144617,-6006140,6068411,7327624,1149237#LGauK0MPrtNacuo1SbQkEmvyQNH6sZbmw3glG
1072,1218,355,954,-6028417,7959681#2stV6TNBPzrObG93ldkxp,-6089775,-6876259,-10136908,7940499,3281420#qbsGTOJ3JcTlcgXkowRtNDL8a2YOatsDOniyg
1073,550,665,798,9518404,976452#Yb9wp4w3cpJ95mkZsTeqD,-4228774,-5138593,-10645072,-2547425,5937531#9rI1yCZ0ttuYOECrSvoETlzDJFHeDWz6LIVsK
1074,2033,834,167,-10330691,7379488#JPshIpfy4hz12jPTjNZb4,-2792807,-9115461,4381230,7546804,10170510#y41uwdQoTdmHyPhMRUXfqH9B1metN4pq4oPLJ
1075,137,913,1743,4545542,42183#dVwXALJVOEbVNaWpou7D1,-4360112,-2958143,-9076367,-9921794,1132218#dWWpugmfoa2UFF3CsvtcilNYPz5drLB3wjFgY
1076,769,305,1148,-2831192,6128985#gHB3zN1UtpJ61IN9Mw9zo,114012,1080960,-1431784,9354773,3274079#OTyry4rzPntROXrwmX9yMGco8qyV7Foeof1kS
1077,23,1050,1679,-2229438,8200656#aE0KVB4nJ7hBsOivnRFFv,6086989,336973,-1809134,-2406439,5285549#Qa95ZiTVzlOIsAMnoZBhUrd6LhCTIGfFel0ud
1078,2031,1202,116,-8939239,3976787#AyJ6oRenvCHB904kfWtPv,5695281,-5817049,4387277,1480233,8733549#Qa95ZiTVzlOIsAMnoZBhUrd6LhCTIGfFel0ud
1079,1975,483,1164,-8310972,4496320#uVLR1C0W24QZuDQeY7doF,-10430168,-4590407,6963633,1910570,457907#GyRuA3pxaAYMJeLStLUS4TmzBuCssitzpEKO4
1080,837,759,170,-863718,941802#X2wW7l4sMEM6zD64vTivu,6065549,5741604,-5272553,7523280,2414369#JPq1oqUVp8nq08ZX8mnAmOeSnjaRcfJteYPNb
1081,428,890,1813,719265,6345442#Ag9OvsDqPpihEwIQiRne9,-5620610,533378,6678667,-529242,2606319#dC5sbhoEFiSxX9GyFsm39JsRA3N60bfmPGwGi
1082,971,800,1303,-3325277,6524923#PJJHxPHUp3vZkoBW9DzXI,8795231,30021,-5828526,-7656034,4873432#fy0MPguGIjqJWbBylLFYXACcYZIDDXVsPgyaR
1083,571,564,2144,-6490572,1149421#dY4nE403xAsw9FUFrdqPV,8293944,6413700,-1152844,8732257,7763703#7pgNLK9R4x5PRKyd46ItRztkhCz4o872kJrNU
1084,1191,544,1031,917842,3794749#vMLFmKyHXkR9dxdl6PR72,10060594,-10499630,5587706,-9824885,5735921#zwrUUDr7eOL3uFgDLAzmRq3jzskPB8l2jRC7e
1085,505,12,1947,-1755720,8817870#DY0Ik3cUxH67srTvXJYEx,-8047118,475086,-7824262,-2318760,3602793#ngr3cUNhGh9wIsVE1zRhURO6OfSsKWbsYmLOQ
1086,1345,1193,905,-9878257,1779991#LqG8lk1LmMldnLGqNbmq1,-2842922,8303608,4942815,-782385,8677709#yXQdSGrHO79F5YPrmNIDmPnKUckhgtEx6KFRa
1087,1504,1019,2036,-2387659,8475308#50uSCO6ferf93JrHKXmHF,3491006,-5528995,75245,4676679,6165787#MXES9AkRCsvZSZ5dvPgavuevriXDKBX9i2h34
1088,1718,206,1474,1358085,4618316#mK6vtk733n2gLLQP3Dpmj,3666208,-5797879,-7404977,-2201491,3765913#PTi6kTcwh4ndr3cOLg4dW3VC7NfWlj37cbvfk
1089,1529,449,457,6223645,1264212#xsF6mgNshikb7nioHh0Hx,8145991,2272359,-10884026,5552285,2693538#OmapYpyDwUgWMSFZFxOAy8EgVkwTBVYWlOSAJ
1090,704,1067,1721,-2288222,3906544#qhtaUYMEAhQyMNnmVPBxm,-9515752,-1095793,-2052377,-5751461,6860313#hH9vW3JxYxblQ4MDZwUCb5artYiEQuddJuG6a
1091,705,1024,463,8551449,4737925#I2zGf8syGnejw6xqpLcUc,-614898,-9487081,-3330873,-4126328,2911781#K3t0sp2PwD1SNICy4h6B6otkzGYRaaePbWAmt
1092,1981,871,1535,7790687,974129#pC2p4uYbHmXdZjovYcmao,-5705838,9637110,8195884,-4033493,10216614#li2jgJaynrUICVBXlHIgDmvC00Q1yURBVPgLl
1093,1717,266,1959,-7593206,10624755#JPRxzj78uU3WWynzej6AU,4594593,-5472907,-9857817,-1291636,4924190#5X7FmRrlokewnrpel3l522R961WaxDO3mpkoy
1094,1769,609,849,9744732,7263621#wCGBa495rERrsbtaBtIwy,-1744918,3344734,-10255432,-10168460,4645666#nfU7VGQE0Q9uhLl1Qw0sogkZ6n1JcQR3ZoNUt
1095,338,953,403,9710674,6171452#Yb9wp4w3cpJ95mkZsTeqD,6587951,-5035790,-9291023,2076206,2416590#mdL6AewGIOi7Sec8G0HFCmR5Kau2klKF16dpE
1096,118,489,41,-7333027,6356376#TuPQISRfeJh8HooSS1u9d,-5527637,-7771913,-4616191,3068106,4512641#iauLCIW4IWYMUPNg7t4yJJZMFuVGKe5Iy5QPC
1097,280,434,1771,7314061,1033902#wR45f7MWppCforFFYhWvT,10176869,2731495,3642191,2363213,3605845#88EPDZeNjpOzkdr1MrxYgrXE1yJ6wEOBoHRw1
1098,1240,1237,231,-8568150,10618410#U7eex9SGvPxvm01llmbBs,7071485,-6864506,9053037,2949094,9630351#tdwGNFiA86M4j15CxiDRPdzrEE2K4yMjrxFB4
1099,145,605,2195,-6599456,2804280#N12ToVMG70dlv6YueBfAA,-6046914,-2012228,8747265,66756,55027#CF8sPV53zS4gbyuaXFi4oSWQZcn1KBdv11J4C
1100,1009,838,168,7359392,10199990#2AbURu8FEPCFqGLsqZ7Xs,-6085887,-5922268,-643466,1854803,1886037#wbPASYKGGAzQkH7OEAmSjWnlidVn5m0N6qIEB
1101,867,599,658,4679523,9190115#KVlAVOAlV83lU3wEbYc6s,-2678244,9660865,-3903943,-946951,215096#lgQHtpMsCI7C5xsSwNmZHog6e0DPw0pX4L5Ga
1102,1374,527,915,10193397,448712#cBh89zbFXn6KFYAMLs88C,10405219,-1153134,-7054453,6975179,9718005#4tZaRB8qWsk1MJiGTGem7BSP3Wqt6182cG6kg
1103,1882,346,1920,-1654796,9112755#JPRxzj78uU3WWynzej6AU,7689395,8788546,-6139598,13311,8833199#txtlHET0GczluE3RQaymZsaiYdRS16rH1FCro
1104,704,158,1108,447084,10422890#3fLvFfRagW0HTrQRwXOtZ,-4852558,-3931355,1734972,4716408,1793808#6EPxQ1GvM0EaiKSvoHZ10mXBeg1Fd3xdIQoHy
1105,1686,11,1706,415205,4425640#M2qtOKPj4XOT5lO9DJIBH,3512740,-1325052,744377,-2441432,3793318#ISh2asegTabU7c6vDb4yd9refDvdKdIaR7Uqa
1106,928,575,1908,8415012,5006836#D90QRtjllWTihfgumx8VP,3120645,-7912148,1009602,3060470,8127619#BUSmUca57eL08fM84m0ugH2UEuOipnoH6UcEe
1107,2044,119,394,4808602,9762726#vhdtBGbJvJvPz84Zu7PLS,-10488232,-10064743,6027756,440865,5856301#9bhMT0OilFvp6LGkz8l1VheWwMWX7EcjEABIh
1108,1242,555,1881,3021039,5314497#NTtZIPgRcVo7gzurxxaUt,6073462,370713,-1288423,-4681051,1012097#pvu8UDbJQrvrDzFiVnsOGBz8Z64aiVZ58QvVm
1109,726,1308,54,3336263,7581680#JjZQTZ0SUxo60jk40kURR,-6394905,-9390410,7111267,-6894223,4779921#zwrUUDr7eOL3uFgDLAzmRq3jzskPB8l2jRC7e
1110,1782,1280,79,8390774,10259894#a1gW07yoCo5VSf4KQKp2J,10089983,-8713990,-10860283,-10516326,10279801#Gn1HT0WRSnQyNEuBqIMEZFdQnXY4Z3bOcASq7
1111,1626,703,365,4141374,4425647#FFNtuyCTDPcLH7GWdo4c4,-7613378,-2673515,5162533,6334631,4210292#EP40hUWGVj7gbGf1MM5tikppUP10WjbINMVeT
1112,1165,491,994,3521048,10178043#JKof2x0qFwpSJ9oGPCLPF,4615324,2430335,-2994694,-1002207,4510701#WZGPtb05GpXbHAr9ZckRtuY8bFYhuFsKi5bNW
1113,1312,260,1068,-10431825,5673660#nBRh76DlbyTaiQVyiFSMj,-6243986,8382976,-9503598,9222382,2490369#JPq1oqUVp8nq08ZX8mnAmOeSnjaRcfJteYPNb
1114,963,307,2093,9423064,10604279#Nsx7pJE4JnHGOJ2IS1rNh,8258922,6598197,-5424908,1275647,6004435#ZXQ4d2qkY692G2ZWJhrqiAl2uPTIIVpDLV17h
1115,368,641,2236,-1030634,10336145#L8X3ngUlGdnGRjtMOVmAP,9775395,7401757,-9493228,-360532,5754725#dZ8TTawQk6BmiQhGMIvNcGX6XduS1VjNU1sys
1116,1467,1199,1279,-7493999,1025584#PnzVhT0ygGKcUhmOoSH8N,8245259,-11151117,7590059,-8380101,3676254#aKtaLryTo0IwfuYWA3EnJ1hUelMUFdQsfJEXl
1117,2050,703,1541,-4301493,1637826#vJXedBkmtKQjvjxUSACqg,-5488202,-2616166,5530860,-974516,7358704#ty02df78eT9Sl0qtrLAX9diFwOw2ze4TXitT5
1118,44,1312,1149,10226579,3451979#of8RF6YXiiF3SyuDlQwUS,5983575,-9012046,-7240771,6588555,7354272#bXeiI1W89lyVSdWtW8FAqS8FWSc0sxOfqDrmm
1119,370,386,971,9411324,7971421#dY4nE403xAsw9FUFrdqPV,2930184,-4884743,-9182967,-5727083,10049520#6OAuhHe2P3NS1lzYbTstmwWyRsndnTJwSLRjv
1120,1498,433,887,-6384457,2010216#UFizaDMFloxnS4sIToR61,-8830094,10872533,-7097824,380708,1548763#CLLq5EX6TrxE51G8rt5xSL2rqcCirwgBot1qt
1121,181,400,1619,-6284015,630115#KVlAVOAlV83lU3wEbYc6s,3291417,-6286157,6351946,7669299,1202511#9Dq0ZlO3CbIxXTLwnsD1wr8oWKhjwwJ7u6v1G
1122,869,120,115,-6310025,8330557#if36G3XCpDQGeoPEK4ZrP,-6374025,-7196717,-10609593,8311002,3434314#FoZdo80AuZAUMOkIxYq66GSCmRcgAccBdaxKu
1123,883,822,1320,9962229,1021709#wHpW4hOgHmHbL0ApDynwr,-4425511,-5378416,-11141333,-2666075,6213950#QeKHM6dlv05aMR2motT3aCGWCDVfpgwxinN2g
1124,101,1308,1294,-10811614,7722749#vMLFmKyHXkR9dxdl6PR72,-2922807,-9539611,4585167,7897921,10643612#lkem6hqmN4nDFVFI9AzjdtfH1wLy9yMy01vqz
1125,609,944,1117,4757149,43761#Bd4Y8o1uPQHJ9EG6jwUwv,-4562730,-3095728,-9498374,-10383319,1184775#lhL8JFZ5rX7LRdbwhO8ad0bAXVJ4Zos9TU55t
1126,847,728,2215,-2963088,6413660#nBRh76DlbyTaiQVyiFSMj,119156,1131426,-1498556,9789111,3425922#eHKRVn1zqBqXhYSG8bHVniDJdCW8y5A1CPDns
1127,445,540,849,-2333041,8581357#CWYK6rVlmfivDXyECK2Mz,6369389,352189,-1893283,-2517914,5530502#q39TzXLPxPilczVd8ICj4o3Q08IhkwxYaeCEg
1128,1854,127,377,-9353790,4161104#AY9OpCLEct7ZL9fCbVYre,5959881,-6086989,4590781,1548658,9138480#UHld2kUmzJSMFgpFY83XrCbBLFK37yAnbIblU
1129,103,732,1249,-8696355,4704502#KNmWvIy9TJfNTU72UaZ5d,-10913268,-4803265,7286219,1998770,478893#TciImhhF6XDO3WKQmsfF61hcYHAFUR1LMtOa9
1130,1209,1231,2142,-903667,985214#BgE7jMmxbMnCwgDN0azxh,6346699,6007524,-5516474,7871768,2525913#PTi6kTcwh4ndr3cOLg4dW3VC7NfWlj37cbvfk
1131,911,363,2007,752742,6638669#vIEqf3Hh8Cam5wc8Uvw5A,-5880997,557773,6987726,-553312,2726807#5cBrijCTCuszClSNw0eh9troKEuiPQnee9Erg
1132,1411,421,1195,-3479053,6826180#QJ6PSW8TLdXYqGj9Xp3h9,9201279,31030,-6097688,-8009434,5098317#xJ6EcvTnoShsdJidDrUZFceMoJVbuHTSUlWib
1133,942,1263,351,-6789821,1202464#duuHJQ6yROMMIOrwFJziO,8676419,6710089,-1206500,9135382,8121727#Y3l1W96J96gPKIK91Gc4mncrBR4d8ntZ1NLRi
1134,1027,1126,1502,960184,3969751#juskNY5fL6U0S7vM3jhQ9,10524294,-10984071,5845572,-10278135,6000277#BdwfAe0HbYjNa1LCtrAxKFP6ukQreInNGLx1i
1135,95,543,1565,-1836957,9224095#sL5wuVjyyUtRaZcvQJ5pZ,-8418168,497345,-8184465,-2425560,3768429#eWRhDZVXXRLHWLGHJ3W90Why3yICoNvSMuLk2
1136,803,116,205,-10333212,1861727#44Uv8FGkU8fwqU8emRsvc,-2973372,8685980,5170554,-817991,9076890#Ew7PI3yHC9EEmd1NMF3T7wAnHl7VzOQpP41K5
1137,1304,1221,1068,-2497551,8864870#DY0Ik3cUxH67srTvXJYEx,3651556,-5783583,78746,4892004,6449056#RQTLEoQQChpWwGSD5wVIod718gzNK3lBrt9Ct
1138,1554,570,297,1420437,4830249#lG56sjoYGe7Dkqyx3Xmcp,3834758,-6064764,-7745158,-2302366,3938782#cAjaARsbKqqnaD3z5o5UHpSptXfAQ9njegk5B
1139,504,1073,374,6509311,1322034#q3LJ709yL8kYkTEj5Kelg,8520241,2376954,-11383303,5807235,2816760#e71QDJNmnrNFnpfAR7GPAUH83yRnla1yZfIDn
1140,1449,69,80,-2392866,4085379#8JeswLF2PO0iJZLMuUmfX,-9952027,-1145730,-2146201,-6015398,7174859#DmBQy63kbAay0Mlzq0MsEHpUDg68SYMvKRhuc
1141,430,187,1886,8943025,4954710#qpXAXN22baaWKLurwa7aP,-643273,-9921544,-3483431,-4315578,3044967#Z9ZKeqa1Ap06TJuXpEV08BTkpK7iVZiR4iQMF
1142,1986,445,1355,8147812,1018486#eq7yD3lPUd60VfpUfSClI,-5967201,10078668,8570737,-4217793,10684188#ezfeuODsAHujUGaFW9mTOjqoAwBZjlloatfcc
1143,351,857,555,-7940547,11110391#DaLeuTQAbx2rApKNkPvvC,4805193,-5723526,-10308889,-1351017,5149207#Ei1tapZWGndf4aJiZDxZod8ppPtVfH2kpD2Mg
1144,645,335,1173,10190114,7595217#LWh5qDIRbg7CLjBv7pCoN,-1824843,3497186,-10723754,-10633260,4857872#stESLLAOWk3tinduT84shn2tipAis2JOBn9uA
1145,1420,724,1641,10154484,6453226#ZlCLeiUEECxT9YfUefhY6,6888676,-5265555,-9715458,2170681,2526491#5rwIHCC59IQXVxtWVMKXFMMzNHAN1DqSFbUL7
1146,1676,1033,5,-7667196,6645963#Q7ivURqLi1kb7DGIaPObx,-5780137,-8126064,-4827238,3208306,4718470#HWa0nWv7Cp9bnfhWvtq9uBfLhGWA1IhacedcT
1147,851,826,618,7647126,1080812#mQSa8zrE3xF2cUfAciXzT,10640619,2856323,3808049,2470951,3769836#D1LxDiRTv70gax10iLS3ohJDbPh1d4zgVN63q
1148,1866,1185,833,-8958682,11101601#kxMZoYW8nslfwUJRGYm7L,7393473,-7177140,9465412,3083419,10068518#c8ZOHlG0IZUAGhljMIVDXuY5phGMo2jmnv4Hd
1149,1375,313,1536,-6899644,2931440#3nysX4besKycZoCa50EEx,-6322258,-2103572,9145338,69759,57310#2TNPnS1sjKuIGV6SVixnr41Wd1Fd8f9WnI0UZ
1150,1822,895,2092,7694079,10663377#Z57xaxHdJSTbLDHnhaQsa,-6362537,-6191015,-672956,1938828,1971426#U9NSAmDopSLN9ghRcjX5QZ7l4XbVdSuwrKpfz
1151,214,93,468,4891690,9607192#ye8WYmnsbf2imfwxZRsNA,-2800275,10099731,-4080993,-990364,224565#ZaWjpsvmdNJMKjekxgABcRTmiyzdo6Sc4ct7q
1152,1390,1226,756,10655480,468809#fNVQ6Zy0YqiOcuwIEuqzw,10877482,-1205081,-7374963,7291929,10158497#bxMU8S7nmJuMWTupMxxmEOevROkQi51uAWFmH
1153,1336,315,598,-1729972,9525838#31TU3yAZQBb3A7vlXCfD2,8038270,9187240,-6418323,13961,9233289#zzqmjIWhu393EPoU8LKuVZc9ftpuQ0yOcgdZp
1154,1603,740,1967,467302,10894575#ocsMezquGZgQb3lA61fH8,-5072745,-4109459,1813316,4929842,1874723#yVxVQoAl4TU9CQ6TyzrSrjd0MzxiZCRfpuI4z
1155,343,861,1032,434444,4625856#51ZSQdRWc4Efr0W1PEXPC,3671578,-1385279,777897,-2551982,3964958#NgN869ToGs3jB5OYwSIt0dELHzsYfaIqUaInx
1156,1831,783,544,8795809,5232873#b6DQQcXUpUt1MZNUSNS8i,3261508,-8269408,1055058,3198982,8494964#b6SWbo1PJDTXgwOPmijiXxD3nelPdjiJgo478
1157,422,792,1353,5026171,10203586#BV3qZ5koH8Nx4hOLTADF0,-10961682,-10519602,6300034,460490,6120657#fXbVrIfCjVMTZqgRUDY8KNtEjsaSzYlpWVRgP
1158,189,32,1056,3157031,5554258#ka0LUtl6edgVqMA2na1To,6347599,387404,-1346295,-4892201,1057390#Pi2Vld5h5hyx27APYNRpARkrKC7ToAJokVwtB
1159,1524,745,1111,3486827,7923128#nqDyVzVHYCeFlBYBEvwIK,-6683255,-9813355,7431727,-7204660,4995415#7kapDR6lemb3SC3FZXGF4mzUA7LpvoX7Y82Db
1160,2053,929,1855,8769005,10721628#HG0eSM0bhY1s1CqTNyE6h,10544496,-9106778,-11349119,-10989595,10742527#EsVcqDtvYax8980RODMrl4bWHa518kVziZyeu
1161,108,492,1636,4327478,4624616#PIBxFrnKoehDmed132mqf,-7956178,-2793719,5394581,6619931,4399350#15iQonw06mO229XSSwEQsakl3mGbniwWwmpNH
1162,1139,477,5,3679110,10635535#fHKs1s8wb2NqFYtX0M148,4823236,2539195,-3129111,-1047582,4713235#9nmEExPemx8sgbKdydirriBWTbiwjMhNguLJn
1163,1223,164,1099,-10900688,5928437#ta7SUxbbXpEQcIDwvJiQB,-6524223,8759975,-9930085,9636957,2602140#dyn95B98vD9xl9PqVL5biQ0jueYkOv255nQZJ
1164,1617,1008,119,9845755,11079928#CqWaqbB524EnBuEJlw7Zl,8629997,6894352,-5668499,1332747,6273507#3JQm2gVc9HPMAOCgnQvpdksjMpjXgzMbsMbuP
1165,1631,1280,770,-1076993,10799506#gSLcxBhBCp9wkuRih78Vd,10213695,7733391,-9919078,-376622,6012403#CQfLY8yef9UJ9ALPCaYzkmZLr8Fvw8kAOEGw0
1166,106,1256,1607,-7830081,1071220#yIYONEJs4YtbrC2HetM08,8614334,-11650625,7930557,-8755676,3840629#2PxAftQbhPC0gs9KhLCO8TPDJQwa0J5h8p8IV
1167,406,1258,1207,-4493908,1710731#aaJw70ZA8hbt8W37TYtti,-5733477,-2733316,5778430,-1018541,7687708#GRBqAmoK75hdYpBsqxdZFc8Ma5nObXlt3RG8E
1168,125,907,540,10683689,3606004#A0I9IT0NMC4VQK0jmeNss,6251538,-9414885,-7564501,6883242,7682758#cVeP1bdjWasH4fGMkH6vuAPgGuj4HUKnuoKlf
1169,45,373,545,9832052,8327474#JHiG9ZIEDYDBuEMIS3ptX,3060930,-5103283,-9593408,-5982670,10498259#ySEevP8GJPin1IwxF2MKUXqqgukRGLLVxCxoZ
1170,264,814,1841,-6669816,2099740#K73QnXc3zzdJlR7yxao5O,-9224094,11358304,-7414746,397933,1617579#dCGeF8TWEtezf1uNc8U0Gt4xmjJ4qovDTbcQ1
1171,1318,407,1975,-6563857,658100#HV9bx8v8ITdShQrMq1rFl,3438217,-6566175,6635481,8010974,1255785#QgsufbHgayLWSXHVjQGkdqJDtKHPEMAadoOb6
1172,520,1199,1513,-6591634,8701434#3TF8wXBRhNIs99Wl5kSud,-6658275,-7517176,-11082277,8681505,3587208#nM9TUWNmJ0VmC6JZ51waVap7pEV1eVBu3gtFX
1173,1216,979,1843,10406055,1066966#2YMriS1pIeFQm5GiIl4PT,-4622249,-5618240,-11637594,-2784725,6490368#p5rxenTvLuHVgidAjVxmmdl6cS77pQZE5owcB
1174,232,467,186,-11292537,8066010#6337WtFgZkMbFjQ1NA8BJ,-3052807,-9963761,4789103,8249038,11116713#6ckPHmEIkMgMbCasJBF5pYeai3cQSwMnBizhK
1175,1081,976,491,4968756,45340#jBDsw0NoMus0vN99Mrbs5,-4765349,-3233314,-9920381,-10844844,1237332#8kuRQhcCRFFnEo7FK3d42NSi6JqZMzeAz7rxM
1176,925,1151,1046,-3094984,6698335#LLIjooT0my78FttrFMjTv,124299,1181891,-1565329,10223448,3577765#LydOhkK4jVnnRkBGyg05bLAwdfDpNwRJsYyMX
1177,867,30,19,-2436643,8962058#D6s1C9W6uLRN6XF6YUvDa,6651789,367404,-1977432,-2629389,5775456#dkbRaky1aILMAP37lumAef0i5JDNUchPvQizQ
1178,1677,366,638,-9768342,4345422#HBCq0Koyf05sEtLXvVSPT,6224481,-6356930,4794284,1617083,9543411#3afl5rEfR5z5XrMIR2SHXX5VNPVlRVjlv75nF
1179,293,981,1334,-9081737,4912683#GpW7AvefAgnNoDqD2C2YZ,-11396368,-5016124,7608805,2086970,499879#50d67kdZe1hr0hm0BJMM7iJHlNwGxBNVyhYoj
1180,1581,388,1879,-943615,1028627#QNJwOYDqxmEQWNccMzmkS,6627849,6273444,-5760396,8220255,2637456#dkbRaky1aILMAP37lumAef0i5JDNUchPvQizQ
1181,1395,1150,2202,786220,6931896#IrKvwWJVT7ljCHMW5coRM,-6141385,582167,7296785,-577382,2847295#XIAEnGnVJAQPMbNldB3KYiGyt9pR6s1pOkIS1
1182,1851,42,1087,-3632830,7127436#2rkfGx2jneHok94j60Vqw,9607327,32040,-6366850,-8362834,5323201#PssHLqoHweIsjZ1TXd4FlUUEeTjUwiKJTA0Ud
1183,1313,647,794,-7089069,1255508#3RO57TvUeHJ9mNnbQq1St,9058894,7006478,-1260157,9538507,8479752#E6XG84DNmydZzCLdr4zt6REEyMeTzDv820sdb
1184,863,394,1973,1002527,4144752#6Bj7quv2XfkBMSPfJYkrO,10987994,-11468512,6103437,-10731385,6264633#iiMNnJlgfveQr5JzvWig0vOgO3Bf2OJdmXZ2s
1185,1748,1074,1183,-1918193,9630321#XSGgUQ36DZDbgemG0V90l,-8789218,519604,-8544668,-2532360,3934066#nSLiFW5NEhAjRJF00Glcpx49azYcRZpbTAX6f
1186,261,353,1741,-10788167,1943462#9PU8Mq2ONl3Kz1XSCoB9M,-3103822,9068353,5398293,-853597,9476071#LDWpZVe8gT34A1ox25oWTJ1u0n7ufWzLnJ1J0
1187,1103,109,100,-2607442,9254431#amO5GJCRjrb5kqnnz6XtL,3812106,-6038172,82247,5107329,6732326#5lxzJ82fLfO15gCQ19Ypb5KB933JrJAAxcbKp
1188,1390,934,1355,1482789,5042181#PKwDArYCXuNS0Qwh209QM,4003308,-6331650,-8085340,-2403241,4111650#rT1DR2QUfULMQeAZiImhOKekqTZDr4l1GZ91r
1189,1543,383,291,6794977,1379855#1UYhOS0WF5UBx9Pdh97k1,8894491,2481548,-11882579,6062185,2939983#7IAmLtNtO6S1SjPlhYM2aI84dsJMNqPPYcE7t
1190,131,384,676,-2497509,4264213#WwalgQFwWYAMQZcGtcS7b,-10388302,-1195666,-2240024,-6279336,7489405#sy52K1cJtb0a8c7kg7TccNCABLzhrv9vXaKlJ
1191,155,664,1073,9334600,5171495#ac6zR05kehkUZ4wBgNjJy,-671648,-10356007,-3635988,-4504828,3178153#j4r0ZSfCGJEMKx669aKnRMbrJPWm6ACAoNNTw
1192,1991,19,1175,8504937,1062843#lQL77rvDyAUf5KGBtiZ9h,-6228563,10520227,8945591,-4402093,11151762#b3CpW7IhxtRSQqzIBLzD2x0WyU6i8HCgUGPaN
1193,1048,134,1386,-8287889,11596026#aGMApRKVXqBzyP9R8Z3JN,5015793,-5974146,-10759961,-1410398,5374225#7vsspZZQOuuXCXdpcpctjGzuphU9yPsmBRkZy
1194,1584,61,1497,10635497,7926814#Y127IScAU5fLyT968hJ2o,-1904768,3649638,-11192076,-11098060,5070078#OpdGVWY2z0y4RJkoSiBdv96fLCroupzYFJsAc
1195,439,495,644,10598294,6735000#OMpaMUmNwgkj8QrM1qbQy,7189401,-5495320,-10139894,2265156,2636393#BiSk0lonSXFyAgmEHo0vYRno1BvHjmIq0s56O
1196,1170,263,2205,-8001364,6935550#iuzw3V10WHvq9VwEnysoD,-6032637,-8480215,-5038285,3348506,4924299#MEZUBbSlbejgOQ8uJivdaJsORalTg7MpWGLhF
1197,1422,1218,1701,7980191,1127722#WSmji7Fza7C5xZ4FrydQH,11104369,2981150,3973906,2578688,3933827#eFa4GO0Pu78miUPQUoB7IlR7OvdOKePTYzXHI
1198,429,1133,1435,-9349213,11584792#EjE0fxBbbuH4DmNliRo07,7715460,-7489774,9877787,3217744,10506686#ohtqL1qjY95xl3imrI7majBOHSDNspZTmPUya
1199,543,21,877,-7199831,3058600#vG5ikadavdlUIK50VVw5y,-6597601,-2194916,9543412,72762,59592#hkLnCnPB2CZAhalanqnCn5tspnBnfnjgK9Xop
1200,572,952,1781,8028765,11126764#Ss8Gs5V7fsG3xEQVf9hct,-6639187,-6459761,-702446,2022853,2056816#PghK5P0p4u8f1iR1b08nKOoDpB92oLdh0TGCG
1201,1624,902,278,5103857,10024269#ToLq8NiQewkjS58tIXg0f,-2922306,10538597,-4258043,-1033776,234034#4qN2Nkl3lF6uulzsQAWvy4ofMEgnOKrXWMfqn
1202,1406,612,598,11117564,488906#Vr8lTaI818FtyZdv9xBP7,11349744,-1257029,-7695473,7608679,10598990#9dHSghkgIwTe43AUySoNdRKZ7DttJcdr3TbLW
1203,791,284,1512,-1805148,9938920#rKo3dayuV8dVRF6sKHZpg,8387145,9585934,-6697049,14611,9633379#J57dz9i4dYDYRxzLhUfZ8PCxufknLRt1SRJ7C
1204,439,8,590,487520,11366260#6oeffKjJOvNklCGf8k7hJ,-5292933,-4287562,1891660,5143276,1955638#3CaiVSnU0tWwEv51QMHdTyyxa18Ez4qbumYzm
1205,1064,396,358,453684,4826072#dxwDcblDOEZSIWfgL47b2,3830415,-1445506,811417,-2662532,4136598#XoD0O5pCvz6idF9SzcR49CEP7vg4MgAju9ByQ
1206,671,992,1416,9176606,5458910#is8TXnri0RWipTpWlu0jk,3402370,-8626668,1100513,3337495,8862310#2TNPnS1sjKuIGV6SVixnr41Wd1Fd8f9WnI0UZ
1207,862,151,77,5243740,10644445#QwNldjonpwOUKSwaPaE1x,-11435132,-10974462,6572312,480115,6385012#Emi23MButbf4uDKKa1F6IC6nXOfF9gnzYNHWY
1208,1199,823,231,3293022,5794018#CLy2FL4oJwR897HHTp1fP,6621737,404094,-1404168,-5103351,1102683#27FfWSYtcmoW3NguUcAWhBCRDENnRmtcKvD5G
1209,260,181,2168,3637392,8264576#agyZH2aazb0eOcEvgVGsD,-6971605,-10236299,7752187,-7515098,5210908#F9ve7fASb2CmxtXTvETpbDzqdXabtNfdQzUaF
1210,261,577,1395,9147237,11183362#4c7lPwBe8QFw3JV7eShNt,10999008,-9499565,-11837955,-11462863,11205254#aKtaLryTo0IwfuYWA3EnJ1hUelMUFdQsfJEXl
1211,654,281,671,4513581,4823586#BV3qZ5koH8Nx4hOLTADF0,-8298978,-2913923,5626628,6905231,4588407#NncIBGAYyN1Wmd9gP9C7O2hJzRcw3IFE7wFnQ
1212,1113,463,1252,3837173,11093027#jhHFfCUmLOJI2laL3ANML,5031149,2648055,-3263529,-1092957,4915770#SRfxLTEc96VgSfeD49lHBCpHS1Nf1MilQVobP
1213,1134,68,1131,-11369552,6183215#kJsdYsURnGoePQHAccIOW,-6804461,9136973,-10356572,10051532,2713911#eiQh8eZ7Pli5LUGTbTbfyzm3KhDk1NGC2hQai
1214,208,395,380,10268447,11555577#Faq7ZJgOWrnR1I9PVzUyC,9001072,7190507,-5912091,1389847,6542578#lkZ9oX1M8kdG6xBEb1zAaipxDWu6A7kFhmxht
1215,831,604,1540,-1123353,11262868#NBhRuRmg69JdQznz7TtR6,10651995,8065024,-10344928,-392713,6270082#k8ga9H1ekkkNIcaZHhiX0BsarNIJJKyiQtKCf
1216,808,1312,1936,-8166163,1116856#51ZSQdRWc4Efr0W1PEXPC,8983409,-12150132,8271056,-9131251,4005005#4tZaRB8qWsk1MJiGTGem7BSP3Wqt6182cG6kg
1217,825,499,873,-4686323,1783637#SWNjXCEoAxiIct3GLqJsS,-5978752,-2850466,6026001,-1062566,8016712#IdgotkboSTfRTDFrPI6lBlnvZhuJK2TTnZaBk
1218,206,502,2167,11140800,3760030#X4NL1X6QNNIXGaER2pBXU,6519500,-9817724,-7888231,7177930,8011244#naeaYzmazXcdkMruZGmMYda0KMRkpUdtjXEgQ
1219,1783,360,119,10252779,8683526#PgaH2f1cSPQ8PGe2iL7rJ,3191677,-5321823,-10003849,-6238258,10946999#EahjPghNgX4YPwBZl3EF1s4FWdIuVG3E2Gw8y
1220,1093,1195,559,-6955174,2189265#ls5rDkAvpsmXsvINODhGu,-9618094,11844075,-7731668,415158,1686394#sbtomkLs6LODyvEeZnBV4hApPlbVUujzOyCXQ
1221,391,415,95,-6843700,686085#mg5va6ivQqmpfSbIEYj4c,3585017,-6846192,6919016,8352649,1309059#J5Gkt9fcVtyKKpMesBqPHJtFIuauyAbqFR1OZ
1222,171,964,674,-6873242,9072310#Eo08j6IcWKp8wzvh9n849,-6942525,-7837634,-11554962,9052008,3740102#2CTCnAShlkvafc3A9jB9vVVRVgy8EQSMegQN3
1223,1549,1136,129,10849880,1112223#gyCjz1F9hKufhHzRnDBb2,-4818986,-5858063,-12133855,-2903375,6766787#MXES9AkRCsvZSZ5dvPgavuevriXDKBX9i2h34
1224,363,941,1313,-11773460,8409271#uTZRlwC5iXgQHPxUTRv18,-3182807,-10387911,4993040,8600155,11589815#rCIqr1gBnha90ZtfrDazgOHEifqftjUhWlXkN
1225,1553,1007,2101,5180363,46918#3p4zrAi27o2haULV7Th3e,-4967967,-3370899,-10342388,-11306369,1289889#qRERN6FRdxLWLluCPXVZa6AWTlp7EXYpqWi6y
1226,1003,260,2113,-3226880,6983010#6337WtFgZkMbFjQ1NA8BJ,129443,1232357,-1632101,10657786,3729608#nveamUbUnFo3BkTm46voSFKyRBG6jVbwyTEWI
1227,1289,834,1425,-2540246,9342759#Z7fgOPYLLystJNVaG7Z1F,6934189,382620,-2061581,-2740864,6020409#YcvK4BJBCxBzO5bP2nfGUYyQf5iaYk91cpBeg
1228,1500,605,899,-10182893,4529739#zdQnuCi2LV7D7SErz1Yoh,6489081,-6626870,4997788,1685508,9948342#vvkvehBfhSsldbkgSKO1Lf2LicfQdoCox4GoX
1229,484,1230,1419,-9467120,5120865#Fr6UX5fXreAly0ksBzYIX,-11879468,-5228982,7931391,2175170,520865#CIBwJFlEwzpM15OyIvxxRWqZhV9oXHmh5Y9fY
1230,1953,860,1615,-983564,1072039#SDzxGkYJBSjRkihErKYke,6908999,6539364,-6004317,8568743,2749000#IOn1L2ubzE3Jzq6p8MT5C0gEoMqDsJIcMDv1a
1231,1878,623,160,819697,7225123#kj2UU3bg02BbUQB6QxHEz,-6401772,606562,7605844,-601452,2967783#z4I8drbxwRTOvo8QNUhEiQCARNgzfivF8YKiA
1232,228,977,979,-3786606,7428693#o0xoMIJCbYkcz4ltGeXX9,10013375,33049,-6636012,-8716234,5548086#gqW7lR9Sz2x9QjMbqQmenm6fU62xJcFSwxD23
1233,1684,32,1237,-7388318,1308551#OiLoZ31le7axM2E28QWBe,9441369,7302867,-1313813,9941632,8837776#UOi9QjtV8mFfsoAdUmfiLI9hmpoNFMCZnoW6V
1234,699,976,208,1044869,4319754#9X9aU4CKsuTY8DGYnaXMA,11451694,-11952953,6361303,-11184635,6528989#ak8Vt2Emi3BadMLf59jevmy6kWhfd809JdbTe
1235,1338,291,801,-1999430,10036546#j0cYaITgUv5vWdg5nGNJn,-9160268,541863,-8904871,-2639160,4099702#4rQvgexWFAweGi2Gq4QIRkELW9bKssAQMFZGM
