1509,13417661#H6yXqlH6A7E,3904628,-1441331,-9043258.0,8848691#4z2kzoQ6cq4UwZ,-2662785,5738696,-5484762,11772473.41,8882597,9958868,8177104,12570632#9WNspd5xuUQyCcibVte
1510,7818705#Ar3MebLniAC,-13169282,2190176,-10218118.2,1657059#qbxEIXP5xqw8tV,13854963,11914115,-10595052,204931.07,7893726,4410345,-13178096,5358220#e523oMH5zXwPM6695GR
1511,2174026#Jo0mX03GHKy,8077081,-3359300,4381575.6,3252837#J5Mq2OivFnKyHR,-2180514,9131713,-14864438,1123458.02,-9442643,-7830721,1850504,8127506#5pXZKeTSkvo5t6LYKC7
1512,2046279#2ZJQ94HNRaf,-4899024,2804812,-5981853.4,9353411#48FBRc1tYVuuVj,-5448814,14607923,-14276488,869496.58,-11531672,5895021,-12810494,7152228#gOOZQExkFqZ6HXjjf3H
1513,14569214#99fFRVRW19R,11390407,-6149209,5167448.2,2425040#o2my9rQct0eirI,-9985440,-12929295,12151013,2968935.52,-1392821,-2914290,-8229022,5331568#v5erNwaj5SjVvJBN6Hh
1514,2974030#iXPI1u5YREz,-8158148,14736669,10360266.9,3174399#1tnM27ysbxxrA6,-6968388,6199405,14504432,6047560.10,-13287495,-4480927,14291841,9496676#e1G2XNYdCWlNs7wnXvA
1515,14992640#EqDA2L3WSId,10688625,2956060,7169682.9,2449902#OxzeBQmeCwIfFC,1968592,-12165761,-1730232,10906652.37,3441868,8946189,2577250,9719838#VyJxcP2TZxF98u8rtt9
1516,10302535#5gjd1vUDx6m,-6555554,10526408,13082362.5,11519462#5asGseaaRMqlne,4482367,12514594,8255807,2172019.14,-6301976,-2653382,4764353,12142873#FjQvD0PnVdGLOziECyo
1517,3966442#u0e8N2KzlPo,11506254,-694230,-12135911.6,14540994#Lc4xZSs2k4SNEs,1474195,5353859,-4207787,5129675.07,-3444940,10660779,10931479,9129427#62WIcxJt77AK0yYEUh2
1518,9809987#6BKdHsGIYwO,11410265,5719315,-9256558.3,3764413#VWKe40X7YiBKLr,-6226462,9067179,-11322734,2004692.29,-11527091,-6726843,-14070574,9754488#0xloVggNHPgEwzxFl9s
1519,14016515#jF8UNPh2LZk,-9374059,-11059306,-13407759.8,5331930#3ulZrqKO2KMgqx,-5567350,86211,2612946,12962871.04,-8139128,5084208,11108443,6790284#z1hXyKg3nYGpA94uxe7
1520,3240938#ZtjxfwDn1Jw,-12902895,10230013,694570.9,13523916#hE8SQULs2j95im,14614001,5809131,389258,-10012121.18,-11706111,-8243077,-930012,11072962#bxZBiGeMXuAp6wl1q1q
1521,14349850#vpde4tF1Vq3,9948444,-12279801,-7095082.2,7502226#mfCCs5GKlHg4kE,4432907,-3624579,-9041498,8015331.27,-3164627,-2552388,6300412,15162705#CQbCJVKRdQ2JrvgBQOB
1522,3962241#714hnupIeEz,6936766,15025628,5168322.5,1479913#mjbblUlXizdK01,-700824,1584676,-611948,-1733230.27,-8297906,6439489,1164410,11040314#Rl6KSVfvS1wvNiSaDdb
1523,7792053#pKwOS8CTE4p,-2969644,-7205287,-9704255.1,2318103#CqIooQnjmILln9,6661942,-2986733,-5537422,-8814378.17,-120914,10477541,7776829,11970556#4d1uP5BvlLPrlXKkD4t
1524,14116148#Ephb7fXXIQF,13682316,10049288,6864322.5,3907462#5asGseaaRMqlne,12235841,14582729,9611474,-13734364.87,1187134,2674866,8133477,10252760#rU0gsUvqueQBuUSywbD
1525,13102055#uHKjTSBR3by,4261655,12827661,-8655060.2,8417743#ZxsSSVK0sVjZPB,13283084,-6706270,-5603708,8331553.19,8323519,10729790,-1771136,2742803#aKi7AJrASJIILyh1TCT
1526,273722#tqt5mF02Gpo,11416094,7564723,-11097459.6,6257062#ZgKdJTAJU1eNUe,10809576,9641482,2321525,-12886831.46,11234363,12058801,-11814874,13244331#2iU1oF4zinKwQX87yxj
1527,4975774#qvaBteB1xeg,7468266,-704646,4916204.2,1891046#QGRLH8MRsU42tW,9137429,-7878609,-13245587,-1922847.36,5996980,13824293,-738309,1997628#N5x5xSzR069wByIu6ta
1528,5944538#v44vbnIR3Rt,6950271,9723531,-1143717.7,14451596#ApQj8SIsWrGdWD,-717324,11278459,474037,10030135.11,-11579637,6701217,-1870726,8473934#tehHvjwDxyNpMrnyjmE
1529,1299200#jycPGPFTHLZ,-13401196,-6051958,611219.4,4429104#1yV78D51vonApr,7295564,-1767850,-1542487,4058136.46,-4194024,13593493,-5519934,9933498#M0wW8pqH7b1AIkj6qgc
1530,9849756#yYzlmqKxfLU,-6655651,-6084337,9772267.1,4719400#loTKY5tMzUCCT8,-9484348,-5487244,-3103340,-13521296.64,-3273893,-1573498,1856556,9373493#DRtzI7XeIBn9snQV2Mu
1531,5785690#89QCPnzb0NA,2008308,12909473,3305453.3,4592956#SUsfkNkeqFdZ3F,11692758,12836767,-14814141,-4982644.16,3743182,7338435,-14631415,8769362#eVbHdV0bmRW5YeFOCT5
1532,2379082#gPLB9B0u1d2,-4645371,8890355,12586218.4,13545300#sPJqyKe2OIuhjb,1393208,2303783,5144491,-1242012.85,13654463,-7667961,-4489819,1040355#Y4ozJmW7GWeQ9In0dIA
1533,7687605#3AQO0pwFQQ3,7100830,-9469432,-11349102.1,1410114#s0pfOPr5gNxrSk,10316252,444349,-14283936,-7049635.17,-14309507,8169266,5879703,11180713#sGThOT68JXQE0KCxFZc
1534,13040153#2gZ79NomqC5,1356367,-3065736,13776374.1,6742312#ojRGBSnUtgeYeD,4799804,6711328,2802287,1425787.96,9285882,7174265,-10766842,12354183#Kvmzb6cPrRThu3DURKe
1535,13572530#3NFqLEHbJJa,-6835185,-9260414,3845478.2,6146300#sPJqyKe2OIuhjb,11381802,14112464,-13738876,14236831.27,-8823894,9013094,-9559121,8620465#hCquZTpUQWD2O3YIyyN
1536,2144883#1Efl0rNcDAr,-11375183,-13225107,-14550289.1,13820836#3ADqqrKsga4peF,-7651352,6268627,-7218461,12718121.48,-13156449,-1577376,-2322086,761924#nemf8dVTIB7ea59gitX
1537,7100094#KuijxZ5YawR,-6438815,-4366415,-14655172.1,11180822#laNnA4gD25lKwB,1874971,-11205222,11739548,706900.17,11081812,-4753445,3311206,7347984#VVbi5iQTtSpCiuwvJ2Y
1538,7019276#qfeLj8NOHyV,-6454889,-7555736,11172089.2,2627608#B8fEM61HXp64aN,-3896139,-5486811,-10102644,-3708026.56,13593035,-12499162,-6368170,2149453#la7rNaRjMKqgnBKzxf8
1539,2931786#WiOZdyfxVrs,2381131,-7137856,-7164675.0,9951910#Y73YO6miHiBRhg,15291431,-7725678,-12974191,-594770.77,-1237942,-4702980,-7443488,3494687#EBCgf79e132xoqeBpjB
1540,13448523#hLiIpKLuuyJ,5781092,9553176,-6923368.4,14443304#MmAKt9tIqzTSsv,9385293,-783629,15312413,-5960687.91,11132172,-7541151,13998124,12892518#ISNoeWjTJIH7wZw95hk
1541,10073167#K9Ngef15y31,-13618575,-8155349,11371559.7,9521309#YiRKuuWWy4mMC9,-1250639,-11464727,-3331202,14891500.90,13962890,7252642,-15333983,10675640#WIxj32xGCWRATU1dQpz
1542,2478025#rWQ03nnihSS,-9897171,13724849,3708570.6,6844190#mrEx1FnTKfOEMn,14605353,-9181480,4244522,3247448.22,14774915,6594436,14931936,11202904#YLqqFNPPwhUVGioi4ad
1543,4699825#9Y8dAjjhyBe,-10478466,13896608,-5745082.4,14338022#6RNNJB9XttOkCF,10702219,-11096622,9358578,1091552.05,-13472418,4268087,-4733815,853609#94T2mgRq1vLUtp86d4c
1544,7979685#FLstBSRvFuj,13771557,-10479215,-10123135.5,6877926#l7FNTY4l9I8nBd,-10114033,-13191760,-4672664,-11945174.04,4969186,14629455,6942329,12278157#qQzs3GJ39SF9ItfpsTA
1545,4498288#AlN9s2YR4Lg,184264,-11029697,-4940660.4,11327176#evytmeFLqcu2aN,13287113,-1312329,10991616,-13877174.73,7906093,-12966958,15018858,8008930#TIe2SiL3oPZkNc2WpRw
1546,13020838#gUk7gulRcHC,2542546,-6585641,10984612.8,2692776#8ETwFEPuGGRKf2,6313999,8465799,-74032,-12809973.84,13811010,-2545106,9386105,2125864#XXSJTrjuypwyPRbQDwh
1547,5132078#Qkks772kxvi,9224251,-9283082,-12621929.1,4840610#lzUDwqDe4Va3Mj,7658697,-13446605,9946629,-2099760.68,-7071682,321864,-12475093,8571924#nemf8dVTIB7ea59gitX
1548,12250779#ertN9tdChDt,6882462,-13256992,12244672.0,7876192#d8yfNFLCuhkfIX,-4035995,-9336570,6689500,5665193.00,-12731744,11425250,-1855797,12512276#iTvgRhK5fGBCxxIBVsc
1549,11583568#EXLQouQEi67,2594151,13621653,13678986.5,5490745#Xn3Qids96THFDY,13287137,5670822,2945518,-2621343.71,7842385,15232457,-6811012,5390068#taV7ufABRLISOqQjn3R
1550,6543368#CVubVfDepUR,2642357,-7433179,-4661898.4,940189#aHludW1Az6hkkf,6732251,-5604182,-4647903,-3027158.92,-12344440,-4928048,-2573595,1731288#sxPXWJzDuzPMcdluTiM
1551,8205278#m9fPplgXPFO,-10922646,3405299,-5174582.8,5090749#k6gvEjRVwahllR,-13430394,10668004,-1219461,4891886.83,-1834989,-11645817,522517,14233035#ZttjLxi5zsHyFdxINLZ
1552,13858988#b8kkcTKmSUT,1111369,15342674,-10509877.7,12068557#eveoybhjlZAQB3,14705845,-1391946,-14110581,14667165.76,14136074,-13084075,1718452,5214917#NqF7W9MRQrV0wpCBnMs
1553,1593598#fBXnqTTBBis,-5003187,11974679,8606990.2,8040891#REQWTbAZpmaVYd,740584,-11962786,-152134,11112140.20,8476225,3905653,-9107136,6116164#tvs1XCZz4zdVuPdLIl8
1554,11544730#pfARVLfemu1,2141757,-15284506,-14008063.0,474554#k9aQCg1mi6Jnrn,6706552,-3449798,-5109104,-2643239.11,-9323459,4175453,12022852,1440852#d9fpQm2pg0m6EKIeQff
1555,15509341#ySdoGra1iEn,-14137357,-8440708,11027163.9,6403427#8mMkL78hqg55Od,11052845,-12590043,2057718,8704547.69,12686746,-7532379,-7603552,15242977#HseFUVb6iBUfXBmMLC7
1556,7855307#2rtCFwTN0ZM,-8284090,-4200689,8605284.5,8544442#E0c8O0uvSiWj22,-13761676,-15541774,-3481079,6896056.26,4142661,6826502,1131005,14184352#RLVzmFFrqsmrfveqQfi
1557,10697293#4iYNdk2NqPd,13350112,-4508376,3840749.3,12772323#5TFM3Ruv2BPFsr,-6299785,-1661358,9410555,-5080710.49,9136367,-3431080,-6387815,2825131#yhpxtE01uYXvbPXrMCB
1558,14531262#If9CMuiEh47,9870462,431051,7618664.9,9498420#gQ0N4NmJB3OiTw,-11893704,-5560501,8445540,-3968772.13,-5799886,-4235633,1484165,7920437#0uP1Zy1hBKylbkX5BRw
1559,13862098#qXvzW2v9XGR,4033718,-1488794,-9342845.5,9141748#6HaQhE3zCDEweJ,-2751085,5928975,-5666787,12162581.41,9176672,10288577,8448176,12987115#xTWMjcgoeSPqqzhkpA0
1560,8077343#IijdJ414T5P,-13605251,2262876,-10556231.2,1711841#0jbczZGy5e13Zr,14313440,12308617,-10945814,211593.57,8154963,4556607,-13614709,5535624#nwWCdKJhIYkq5cuD4z2
1561,2245640#EqDA2L3WSId,8344512,-3470338,4526479.1,3360416#30TCLYzkMuHkE9,-2252614,9433914,-15356619,1160759.52,-9755356,-8090085,1911954,8396271#NzHrR6vJbhU4EpDWXzg
1562,2113720#L7U6GEGxZ6P,-5060711,2897387,-6179613.9,9662533#2boRamIKV6M7lo,-5628964,15091199,-14748350,898112.08,-11912860,6090168,-13234269,7388728#Zh5gHv5eG5MYnzBrfTG
1563,15050560#RybDqNu5Nup,11766632,-6352471,5338064.7,2504953#2RTKDTAmvIYPK2,-10315490,-13356786,12552888,3066756.52,-1438896,-3010652,-8500972,5507602#tmqgS0ouFPK8TIVbmwZ
1564,3072040#PPy8mSyflYr,-8427435,15223363,10702380.9,3278934#1kLTfWhhiMa8qV,-7198475,6404243,14983207,6247055.10,-13726545,-4628640,14763941,9810210#vCS2KFV66DSYq5nqqaY
1565,15487431#EiHqJ9XkK5B,11041531,3053688,7406110.4,2530500#rkwN9t25csFCRn,2033517,-12567144,-1787301,11266727.87,3555630,9241514,2662150,10040405#1EzM82tQQHYECohrTkf
1566,10642075#Mkzg1SgFBri,-6771447,10873671,13513709.0,11899200#dkf88uNxis8ONz,4630117,12927077,8528170,2243664.14,-6510076,-2740682,4921544,12543107#oui7sfKw3sx0SW7ArYF
1567,4096846#R30ARnBacH1,11885704,-717380,-12535993.1,15020129#SoZeD5HpS2RRY8,1522682,5530105,-4346724,5298652.57,-3558434,11012163,11291579,9430101#jFHwpelW7N6fSad0Rsu
1568,10132940#8GijAe6gs27,11786290,5907940,-9561728.3,3888332#k4OFFQJW7jSdzS,-6431625,9366046,-11695675,2070582.79,-11906791,-6948243,-14533799,10075645#iKM3rYaIB7E7vzWKT2e
1569,14477763#wr5e81gB8t1,-9682684,-11423543,-13849061.8,5507172#BkinLPMkukbKOR,-5750750,89156,2699221,13389401.54,-8406728,5251545,11474319,7013761#EHvBOdVdKXDlaMFtOLk
1570,3347290#YTC0OzY4mOW,-13327345,10566413,717740.4,13968539#1oXXNI4ES3JMaS,15094876,6000194,402333,-10341310.68,-12090999,-8514152,-960662,11437157#qQzs3GJ39SF9ItfpsTA
1571,14821486#lC5xdR9UaCR,10275406,-12683626,-7328624.2,7748730#NmKDXXSUPK2L2m,4578838,-3743450,-9338494,8279112.27,-3268839,-2636038,6507205,15661104#CGJIG16bX7lq8xqojKQ
1572,4092087#08Ky8BuS0Os,7164503,15519353,5337782.0,1528222#f4m5Nqew7euvIC,-724024,1636803,-631848,-1790415.77,-8570743,6650939,1202673,11402748#9LQCXm3qTYI3BsKM5Zq
1573,8047653#h3qbKtyiMmw,-3067049,-7441662,-10022525.1,2393907#UiWtghvZojhjkz,6880817,-3084958,-5719147,-9103524.67,-124789,10821778,8032454,12363254#ZQEqpPHxLMEYwV6nKrx
1574,14579260#btGEXY8D3gS,14130916,10379063,7089645.0,4035620#0amlB7hrbrPvzv,12637191,15061074,9926799,-14185218.37,1226159,2762591,8400346,10588945#0kKLK7Xmk2TBEvqR013
1575,13531376#QmDX2sne8xM,4401592,13248211,-8938732.7,8693461#EYh3zE8VXuYHQM,13718334,-6926011,-5787483,8605018.69,8596344,11081803,-1828924,2832420#BwmP14lEuSJQ8L6U6wx
1576,282619#9X4GBQmwnsf,11790194,7812354,-11460986.6,6461870#GDHcckPnGeEVXe,11164051,9957469,2397356,-13309147.46,11602138,12453651,-12201923,13678028#mlxo2QHMLWouWCVmbLr
1577,5138546#kPR0SZ433Pr,7712979,-727509,5077441.7,1952732#bPb03w9UCGNNre,9436754,-8136261,-13679037,-1985665.86,6193168,14277280,-762184,2062733#UQfuoufMHl7jgjL0982
1578,6138799#f4SQmqwSKd3,7177846,10041431,-1181127.7,14924306#WS2xUD9GzOv2P7,-740699,11647405,489487,10358233.11,-11958774,6920542,-1931760,8750963#vy4jwXiSUTwy3qfLsou
1579,1341366#Yr6Tqj1gCLa,-13839359,-6249758,631209.9,4573843#OZ7cG5QaX7bKMe,7534287,-1825585,-1592962,4190881.46,-4331174,14038224,-5700721,10258306#36bdRM26vdn4KQFMeVJ
1580,10171324#rx1uOnA17d6,-6873197,-6283075,10091635.1,4873373#4fI5woHpdrc4Jf,-9794348,-5666558,-3205031,-13963121.14,-3380893,-1624792,1917368,9679557#u4Jy0BJOmu9vQJiij1e
1581,5974451#1A5HPAReb0V,2073845,13331061,3413433.8,4742945#AjZYnPrjyrzDlS,12074620,13255695,-15297653,-5145565.66,3865532,7577810,-15108983,9055745#PvEW0XEs2ycodmQzXmg
1582,2456528#0EOCPzYaJD8,-4797146,9180555,12996670.9,13987150#DYeFvynjejOb49,1438872,2379168,5312116,-1282477.85,14100038,-7918061,-4636569,1074224#apvzmaNElbZGy0OV2w9
1583,7938266#QLcbYRKsrZC,7332569,-9778132,-11719067.1,1456044#gzLZ1AYNJgvCso,10652851,458695,-14749636,-7279604.17,-14776432,8435697,6071728,11545127#gDPMzNYTC0rebnbHpEh
1584,13464870#5Sutb8R5BZd,1400567,-3165424,14225196.1,6962064#E1KrkzQl1xuLVN,4956429,6930245,2893700,1472366.96,9588482,7408340,-11117722,12756624#nwWCdKJhIYkq5cuD4z2
1585,14014625#wSQkE7CAasD,-7058138,-9562370,3970933.2,6346322#LdqpbFf29ccGmj,11752602,14572203,-14186376,14700695.27,-9111419,9306694,-9870746,8901162#65M3l4Pgw9J1PhcjQor
1586,2214633#PySHbhP4x1U,-11745478,-13655375,-15023827.1,14270619#uzE2xyeQB3fESc,-7900402,6472983,-7453324,13132209.98,-13584637,-1628495,-2397919,786687#EBCgf79e132xoqeBpjB
1587,7330867#25UC6OuFFcA,-6648440,-4508434,-15131946.1,11544485#BafzlzQi01M9XM,1936196,-11569782,12121485,730044.17,11442025,-4907920,3418606,7586792#cS5beFd6WyTzZuqpB79
1588,7247157#MmU1F6jtLuu,-6664820,-7801086,11535485.7,2712975#XDGHB7bPYi41BK,-4022727,-5665125,-10431269,-3828602.56,14035035,-12905696,-6575070,2219008#r6rmMM8aSJjbJe19gya
1589,3026946#L1XbHCTy8zc,2458606,-7369690,-7397141.0,10275003#5ICRd9jNF56iSd,15788174,-7976697,-13395691,-614390.77,-1277880,-4855555,-7685363,3608098#2fORnIafSLSe22utVzD
1590,13885015#1ZRbG4GLksM,5968732,9863526,-7148177.4,14912058#l9qWUPCJFB1y06,9689886,-808952,15809269,-6154354.41,11493709,-7786151,14452874,13310857#jryKEazSSOQKn5GBv5F
1591,10399857#ikuiwY6BlXu,-14060475,-8420099,11740660.2,9830006#S1rXEpfYRYYIiP,-1291489,-11836568,-3439414,15374656.90,14415702,7487817,-15831196,11021809#Ce84gDKoz4XzyL5a9qh
1592,2558273#XmutTBTK69q,-10218321,14169874,3828666.1,7065904#nnYIZPJfuaToQq,15078678,-9478977,4382384,3352824.22,15254043,6808511,15416111,11566051#73JNSCa8FDLOMtN61Ul
1593,4851927#RdnImGN5Oyg,-10817741,14347177,-5931320.4,14802548#dM7ieNecYvzQMv,11049069,-11456286,9662053,1127027.05,-13908943,4406631,-4887428,881172#c6rZjuT143IxSfptTXP
1594,8237784#ETaP9T0wOD7,14217788,-10818315,-10451196.0,7100486#2ryQSehGjgeGr8,-10441583,-13619211,-4824276,-12332148.54,5130292,15103414,7166967,12675687#EBCgf79e132xoqeBpjB
1595,4643850#vpde4tF1Vq3,190114,-11386501,-5100396.9,11693525#9u9ftiQ1qCapSf,13717288,-1355114,11347166,-14326509.23,8162118,-13386521,15504967,8267881#6GQotyhqFUrDwelIFnV
1596,13441701#GMnqr4F1JBm,2624721,-6798841,11339958.8,2779687#XnI3yAGQf28p8k,6518499,8739481,-76569,-13224216.34,14257535,-2627468,9689880,2194369#EMZISotsQUR9mp1whf1
1597,5297655#T7CiNYmcTCL,9522376,-9583007,-13029608.6,4997023#TG7M98nq7ATduA,7906247,-13881046,10268041,-2167668.68,-7300148,332495,-12878068,8848948#CpcVStLGjDigMGWJsG3
1598,12646230#QSwNeTNDCWN,7105049,-13685329,12640058.5,8130523#JOJSv22jC5Q6Mx,-4166658,-9637865,6905755,5848164.00,-13142735,11794475,-1915972,12916270#z024XudtUa7idlopl37
1599,11957180#6W8e8r9TUCP,2677989,14061534,14120298.5,5667848#wiM7RQWtYOZjrH,13716237,5854010,3040443,-2705819.21,8095690,15723945,-7031112,5563761#EHvBOdVdKXDlaMFtOLk
1600,6754133#QfdPnMOXpLD,2727582,-7673129,-4812126.4,970441#89xI6Ybt58FjGF,6949376,-5784647,-4797809,-3124572.42,-12742765,-5087117,-2656845,1787135#MF55rr8TAOWqhfYrhvo
1601,8469657#dVx6IbdIflG,-11274546,3515049,-5341633.3,5254641#VwGbd4ZETkgk21,-13863225,11011690,-1258611,5049450.33,-1894239,-12021104,539429,14691858#JdBhiJjqEXkU1plwFGb
1602,14305437#IYaiKP0RPHU,1147144,15837124,-10848653.7,12457050#gCjfAgu9OjQT7p,15179595,-1436755,-14564881,15139808.76,14591324,-13505800,1774064,5382788#KrN5OC0Ckf6wsqUmLlH
1603,1644667#KfoNEpeQoHS,-5164143,12360467,8884073.7,8299495#Jb15lxOuR0LJzs,764659,-12348058,-157021,11469634.20,8749125,4031484,-9400223,6312881#6GQotyhqFUrDwelIFnV
1604,11916070#dTs6uGFedVw,2210788,-15776474,-14458933.5,489778#YNenfaK1XeAVj6,6922640,-3560529,-5273379,-2728247.61,-9623534,4309903,12409714,1487191#DvEqr6W8OUNSNaOxPWW
1605,16007981#FWPojJkhwmR,-14592184,-8712057,11381798.4,6609161#ZcMVyrSJwLWmtp,11408445,-12994920,2123731,8984668.69,13094546,-7774304,-7848268,15733075#6GhQKLSZpzAfBgqDGl0
1606,8107633#PySHbhP4x1U,-8550315,-4335439,8881680.5,8818891#REQWTbAZpmaVYd,-14203776,-16041463,-3592767,7117760.76,4275661,7045983,1167317,14640123#KRx26rsvGXFb3QI9YM9
1607,11040603#ivFFVtKpZ5f,13778550,-4653201,3964103.3,13182361#saas69WBza56NL,-6501797,-1714451,9712892,-5243587.49,9429892,-3541005,-6592972,2915712#GjkroKi1Ek2En7nLZ6p
1608,14997525#L0ga8SiUxiv,10187425,444682,7863312.9,9803245#DXO1br7Q1Z5A2x,-12275191,-5738954,8716303,-4095856.63,-5985711,-4371658,1531615,8174309#CZYydTQDFLAzTdVi19q
1609,14306535#5gjd1vUDx6m,4162809,-1536256,-9642433.0,9434805#Rhg04IpFTANJm7,-2839385,6119253,-5848812,12552689.41,9470747,10618286,8719247,13403598#57W80snOL4dXEWqRosj
1610,8335981#FWPojJkhwmR,-14041219,2335576,-10894344.2,1766623#NFiL0UAiFKeQRf,14771917,12703119,-11296577,218256.07,8416201,4702870,-14051321,5713028#mlxo2QHMLWouWCVmbLr
1611,2317254#yodirXRrYOF,8611943,-3581375,4671382.6,3467996#EI2e6gUyGX5d83,-2324714,9736114,-15848800,1198061.02,-10068068,-8349449,1973404,8665036#L9QbG6lIMuLJxMvKfgL
1612,2181162#k3rGRYKy08B,-5222399,2989962,-6377374.4,9971655#SkJX8o9FXkmrFg,-5809114,15574475,-15220213,926727.58,-12294047,6285314,-13658044,7625229#DWVoiJ6or7Tg0HVzdDc
1613,15531905#9SCrfE2ItPS,12142857,-6555734,5508681.2,2584865#C5jkw2hQKyiutJ,-10645540,-13784276,12954763,3164577.52,-1484971,-3107015,-8772922,5683635#7RYhlSdyfBhd5cxeBCZ
1614,3170050#7Pw4WBa8Gyt,-8696723,15710056,11044494.9,3383468#DlbPFl0Xlynxgi,-7428563,6609080,15461982,6446550.10,-14165595,-4776352,15236041,10123744#192vyFhdJ9hQlWxDSfb
1615,15982222#gg6PqunMufx,11394437,3151316,7642537.9,2611099#7nRPE9xlwHlaAZ,2098442,-12968527,-1844369,11626803.37,3669393,9536839,2747050,10360972#SnLyE7fKutbFRQ3DNGm
1616,10981616#33tiYYcplDj,-6987341,11220933,13945055.5,12278937#l6QaXqJ6LaEuJu,4777867,13339559,8800532,2315309.14,-6718176,-2827982,5078736,12943341#MyNaccebTDdcOcefMlA
1617,4227250#C8NVga1DWzL,12265154,-740530,-12936074.6,15499264#M3HV2Aay2KAcTQ,1571170,5706351,-4485662,5467630.07,-3671927,11363547,11651679,9730775#cvc5KD13MxxpLwOO4Ci
1618,10455893#8xcYSfc4XuH,12162315,6096565,-9866898.3,4012250#2ifhq6ej7Eeyuh,-6636787,9664913,-12068616,2136473.29,-12286491,-7169644,-14997024,10396803#aKi7AJrASJIILyh1TCT
1619,14939011#j83003Kxrp5,-9991309,-11787781,-14290363.8,5682414#zl1RpUvioMps2c,-5934150,92102,2785496,13815932.04,-8674328,5418883,11840196,7237238#w7wa2ZYzgc0h3evde6r
1620,3453642#0q8CD3XEQdU,-13751795,10902813,740909.9,14413162#BMcQxtazXU14zp,15575751,6191257,415408,-10670500.18,-12475886,-8785227,-991312,11801353#sUAU7e1A48ZVYDqIPLU
1621,15293123#pRfYfso8HL4,10602369,-13087451,-7562166.2,7995234#AF29l8GxsaH9Ff,4724769,-3862321,-9635490,8542893.27,-3373052,-2719688,6713999,16159502#05XAnY3mRYlIj7MMDLq
1622,4221933#l6ZktEJD7x6,7392241,16013078,5507241.5,1576532#y5HvmZ9c9YfoQL,-747224,1688930,-651748,-1847601.27,-8843581,6862389,1240935,11765182#vKXbV4IOprcePF4Tm1b
1623,8303253#SeQi1YuTrvM,-3164454,-7678037,-10340795.1,2469711#lsBzqpgTTMeC52,7099692,-3183182,-5900872,-9392671.17,-128664,11166016,8288079,12755952#HGnENIBWvXimYJ46GKw
1624,15042373#3r0GnjjMTEJ,14579516,10708838,7314967.5,4163778#YNenfaK1XeAVj6,13038541,15539419,10242124,-14636071.87,1265184,2850316,8667214,10925129#lUaMwOJ4GxalZGBxBf2
1625,13960697#HysfpePq3CP,4541530,13668761,-9222405.2,8969180#yZBygoVunzBD4L,14153584,-7145751,-5971258,8878484.19,8869169,11433815,-1886711,2922037#8eQv2vU9zLczP8fXeI9
1626,291516#J9lWKTZoiVq,12164294,8059985,-11824513.6,6666679#4E9iL8rUhJ9OLe,11518526,10273456,2473187,-13731463.46,11969913,12848501,-12588973,14111724#QINH3cddp1RYxPqqoih
1627,5301319#J081YWS0F9i,7957691,-750371,5238679.2,2014418#YsA5VhHJOY8g1u,9736079,-8393913,-14112487,-2048484.36,6389355,14730268,-786059,2127838#VyJxcP2TZxF98u8rtt9
1628,6333060#MDgmN4Sv3gh,7405421,10359331,-1218537.7,15397017#QgrSo7QmGUjUps,-764074,12016351,504937,10686331.11,-12337912,7139867,-1992794,9027993#1mHnHCIaoDflyMCmG7n
1629,1383532#gS5NRjR6ViE,-14277521,-6447558,651200.4,4718581#yQWBYSBnCjGDc6,7773010,-1883319,-1643437,4323626.46,-4468324,14482955,-5881509,10583114#1BP0h0pUpnH2j5kAbBr
1630,10492891#dOMyp6IzFMr,-7090744,-6481812,10411003.1,5027346#YVoAILkO3iUYhd,-10104348,-5845872,-3306721,-14404945.64,-3487893,-1676085,1978181,9985620#px0e2K623IfdfXigMAP
1631,6163212#SqJn5HMWvqQ,2139383,13752648,3521414.3,4892933#g0ZqsKlRueZspE,12456483,13674623,-15781166,-5308487.16,3987882,7817185,-15586552,9342129#lUaMwOJ4GxalZGBxBf2
1632,2533974#q1HVRfZB2le,-4948921,9470755,13407123.4,14429000#KKGg1krxiecnAd,1484536,2454554,5479741,-1322942.85,14545613,-8168161,-4783319,1108093#99K2Bz9fBj5Mt6D9ALf
1633,8188928#DVq7n3cZOdm,7564308,-10086832,-12089032.1,1501975#XDGHB7bPYi41BK,10989449,473041,-15215336,-7509573.17,-15243357,8702128,6263753,11909540#E2Eiuq3EoC5JS4IYxHp
1634,13889587#G55ibdzxFB9,1444767,-3265111,14674018.1,7181817#kbTr5ik8kFNYaf,5113054,7149162,2985112,1518945.96,9891082,7642415,-11468601,13159065#Kyqm7b7VVs1CjEapVlR
1635,14456720#L7U6GEGxZ6P,-7281091,-9864326,4096388.2,6546344#dvTc4RBMfxfLaW,12123402,15031941,-14633876,15164559.27,-9398944,9600294,-10182371,9181859#vv949AJ6Iraj4EUR2qf
1636,2284383#e8ZMwMwA0nf,-12115773,-14085644,-15497365.1,14720402#CbQlIrYz1iGU12,-8149452,6677339,-7688186,13546298.48,-14012824,-1679613,-2473753,811450#xBsPbrjRE2ooXgrkImC
1637,7561640#EqDA2L3WSId,-6858065,-4650452,-15608720.1,11908148#yQiuqXTcQbC7sJ,1997421,-11934341,12503423,753188.17,11802237,-5062395,3526006,7825600#hCrdKwccVIAf0TarszX
1638,7475038#bv0PMuFbgO9,-6874751,-8046436,11898882.2,2798342#lYWUZ5qaqJQYYQ,-4149314,-5843438,-10759894,-3949178.56,14477035,-13312230,-6781970,2288562#vGjnrljFHeSOj4bOeml
1639,3122107#H6808hOCJae,2536081,-7601524,-7629607.0,10598096#AQi4XKuspEVunj,16284918,-8227716,-13817191,-634010.77,-1317817,-5008130,-7927238,3721509#yshJVExswTERBVlPfFg
1640,14321506#XCzFdF43hFA,6156373,10173876,-7372986.4,15380813#a7t0oWSQgdHnqT,9994480,-834276,16306125,-6348020.91,11855247,-8031151,14907624,13729196#dIFbn3lXCC4c5RxvysG
1641,10726547#4OQPHKDYShJ,-14502375,-8684849,12109760.7,10138702#DPsZqZ92P90F3E,-1332339,-12208410,-3547627,15857812.90,14868515,7722992,-16328408,11367979#8XzQOWXUmZQ1OqqM4YK
1642,2638521#ZWfg8EFHvqh,-10539471,14614899,3948761.6,7287618#Wv7HxhYJgpTb5a,15552003,-9776474,4520247,3458200.22,15733171,7022586,15900286,11929198#Ynp9m06D3QWRGNRyM2r
1643,5004029#uSopdL9DAL5,-11157016,14797745,-6117558.4,15267075#Dz0PC3Krzbd7kZ,11395919,-11815949,9965528,1162502.05,-14345468,4545174,-5041040,908735#1OIMIDWGxWq0m4DURer
1644,8495883#1Efl0rNcDAr,14664019,-11157415,-10779256.5,7323045#Jlz1w8Z14kzhTi,-10769133,-14046663,-4975889,-12719123.04,5291398,15577373,7391604,13073216#kG92dMFJhvOm1p0KSRW
1645,4789412#BQ10u373Mk8,195964,-11743306,-5260133.4,12059873#Lqo0bPZ6skRAhB,14147463,-1397898,11702716,-14775843.73,8418143,-13806083,15991076,8526832#IcZoOT5sn8JCSjDLKfd
1646,13862565#HzSYDqnq1Mn,2706896,-7012041,11695304.8,2866598#maXM812k7Fvd3j,6722999,9013163,-79107,-13638458.84,14704060,-2709831,9993655,2262873#FjQvD0PnVdGLOziECyo
1647,5463231#rSyyG5LLaEZ,9820501,-9882932,-13437288.1,5153437#3Pon0IFw1XYj71,8153797,-14315487,10589454,-2235576.68,-7528613,343126,-13281043,9125972#SnLyE7fKutbFRQ3DNGm
1648,13041680#ddPfrXjeSMC,7327637,-14113667,13035445.0,8384854#7etAKqJ8xwpGKH,-4297320,-9939161,7122010,6031135.00,-13553725,12163700,-1976147,13320263#Tta7RwNAg3ucfRHM74C
1649,12330792#Qu9sDsnHKT0,2761826,14501415,14561610.5,5844951#6QKhLDDlxeOHSo,14145337,6037199,3135368,-2790294.71,8348995,16215432,-7251212,5737454#GYBdEsg9RctdkFlBlN7
1650,6964897#7OoByiyRio7,2812807,-7913079,-4962354.4,1000694#pdnzy1euoNcpFj,7166501,-5965112,-4947715,-3221985.92,-13141090,-5246185,-2740095,1842982#FMLBr73l0nw1Y9owWNy
1651,8734035#eBY7TfQ6F8Q,-11626446,3624799,-5508683.8,5418533#2boRamIKV6M7lo,-14296056,11355375,-1297761,5207013.83,-1953489,-12396392,556342,15150680#o0Eo65dLC4unehEt4qe
1652,14751885#UBWGX0FT6jN,1182919,16331574,-11187429.7,12845544#824JXGkmkNSCwz,15653345,-1481564,-15019181,15612451.76,15046574,-13927525,1829677,5550658#Z4JpiXGpDwqUSlxgX2Y
1653,1695736#IGT4GvXssBe,-5325099,12746254,9161157.2,8558099#7nRPE9xlwHlaAZ,788734,-12733331,-161909,11827128.20,9022025,4157315,-9693311,6509597#8CKwqQaz9zANeWAzXmM
1654,12287410#yBqeXRcgwoo,2279819,-16268443,-14909804.0,505002#xd1UidbnsgXg4y,7138727,-3671260,-5437654,-2813256.11,-9923609,4444353,12796577,1533531#fIRKVWlYGenzl6AZdNi
1655,16506620#CZKHbOOmK8Q,-15047011,-8983406,11736432.9,6814896#EFxzBf6DaWnUvC,11764045,-13399798,2189743,9264789.69,13502346,-8016229,-8092983,16223173#Lek236EMvKTUH7WYrYs
1656,8359959#6ethEEVL5l5,-8816540,-4470189,9158076.5,9093340#ZcYpyNpRe87dt7,-14645876,-16541153,-3704454,7339465.26,4408661,7265464,1203630,15095895#Z79AOqILYqA2iZL8j6O
1657,11383914#STj2HbKVgro,14206987,-4798026,4087457.3,13592400#loTKY5tMzUCCT8,-6703810,-1767545,10015230,-5406464.49,9723417,-3650930,-6798130,3006293#1MyOPheeL6kSgxtvbQu
1658,15463788#rtMD5ll8x63,10504387,458313,8107960.9,10108070#YPntC65HNvevKw,-12656679,-5917407,8987065,-4222941.13,-6171536,-4507683,1579065,8428180#2eewkyl6bSxZzB4dEb0
1659,14750972#lNzBGkjVHvS,4291899,-1583719,-9942020.5,9727862#N5eR8QBbejgJsc,-2927685,6309532,-6030837,12942797.41,9764822,10947995,8990319,13820081#zUTYILAo8MIzAN9XuwZ
1660,8594619#9X4GBQmwnsf,-14477188,2408276,-11232457.2,1821405#2wRIq8Y7ByD1qc,15230394,13097621,-11647339,224918.57,8677438,4849132,-14487934,5890432#gGidMAKGcs41G7pyM7V
1661,2388868#s1bDP6UD4Qg,8879374,-3692413,4816286.1,3575575#LxDuoU5OI2TvWQ,-2396814,10038315,-16340981,1235362.52,-10380781,-8608813,2034854,8933801#UrjfUnYplR44lBytAt5
1662,2248603#ivFFVtKpZ5f,-5384086,3082537,-6575134.9,10280777#QQGDxRL35fIOL6,-5989264,16057751,-15692075,955343.08,-12675235,6480461,-14081819,7861729#14restxFIvgPpYbnrrb
1663,16013251#64TWw5WyeUx,12519082,-6758996,5679297.7,2664778#YNenfaK1XeAVj6,-10975590,-14211767,13356638,3262398.52,-1531046,-3203377,-9044872,5859669#Cf1blPW5K8oEgNLZaBq
1664,3268060#MDgmN4Sv3gh,-8966010,16196750,11386608.9,3488003#5ICRd9jNF56iSd,-7658650,6813918,15940757,6646045.10,-14604645,-4924065,15708141,10437278#fh9oBJplEKqciFxX4zr
1665,16477013#0SCyXY8Cl2A,11747343,3248944,7878965.4,2691697#tt4lVYAyLExILg,2163367,-13369910,-1901438,11986878.87,3783155,9832164,2831950,10681539#Yn8kvj83c8OprtWZwb5
1666,11321156#qF1ccZQAFiP,-7203234,11568196,14376402.0,12658675#0SG4lT2ywcICdH,4925617,13752042,9072895,2386954.14,-6926276,-2915282,5235927,13343575#mfC5Q5A06WqPqYkHOPd
1667,4357654#HvnGX5EEMpR,12644604,-763680,-13336156.1,15978399#1tnM27ysbxxrA6,1619657,5882597,-4624599,5636607.57,-3785421,11714931,12011779,10031449#ZAjgffLBnw2ysl6cmyp
1668,10778846#R30ARnBacH1,12538340,6285190,-10172068.3,4136169#YGHDcJoDLFTHdp,-6841950,9963780,-12441557,2202363.79,-12666191,-7391044,-15460249,10717960#fizTDp7HvhtBMFBuuXR
1669,15400259#XZqH2KWD2HU,-10299934,-12152018,-14731665.8,5857656#fqSjKbAJSjO1IJ,-6117550,95047,2871771,14242462.54,-8941928,5586220,12206072,7460715#KYu0aBUTl36K6Y8DSQB
1670,3559994#tI2KWL2Z6Dy,-14176245,11239213,764079.4,14857785#uaDUbGa0RJZwQq,16056626,6382320,428483,-10999689.68,-12860774,-9056302,-1021962,12165548#hO5UEDIDp3IyC7l25hj
1671,15764759#g5EUZXzGXoB,10929331,-13491276,-7795708.2,8241738#EWpEGIGpEGyvMb,4870700,-3981192,-9932486,8806674.27,-3477264,-2803338,6920792,16657901#v9B9X2LFHfJ8e3NtTfS
1672,4351779#ertN9tdChDt,7619978,16506803,5676701.0,1624841#0jbczZGy5e13Zr,-770424,1741057,-671648,-1904786.77,-9116418,7073839,1279198,12127616#QiwHOtP5c5CaHNXMOO6
1673,8558853#CmlamqN4ZRe,-3261859,-7914412,-10659065.1,2545515#I4X8jx2JBYruYU,7318567,-3281407,-6082597,-9681817.67,-132539,11510253,8543704,13148650#aYERmMHvvlQPXdBawem
1674,15505485#9R4Bil7zA6A,15028116,11038613,7540290.0,4291936#cZiTbU28Vd3EuA,13439891,16017764,10557449,-15086925.37,1304209,2938041,8934083,11261314#Rl6KSVfvS1wvNiSaDdb
1675,14390018#nBQq5GhJHDt,4681467,14089311,-9506077.7,9244898#BCxhRbxHFSlMTZ,14588834,-7365492,-6155033,9151949.69,9141994,11785828,-1944499,3011654#Ct9DYx7WjksoG9Nn7c1
1676,300413#IEFmjSMZulV,12538394,8307616,-12188040.6,6871487#g5vDvWB3niwgsx,11873001,10589443,2549018,-14153779.46,12337688,13243351,-12976022,14545421#A7o2mqb1GKACzZoC3Tf
1677,5464091#UacrZMEcL0A,8202404,-773234,5399916.7,2076104#1yV78D51vonApr,10035404,-8651565,-14545937,-2111302.86,6585543,15183255,-809934,2192943#ytSFXSPmd6cP0InDahx
1678,6527321#GujPCspB1aX,7632996,10677231,-1255947.7,15869727#CELsyOhUC39Msa,-787449,12385297,520387,11014429.11,-12717049,7359192,-2053828,9305022#IJt9ifEo7AuFyf2MCO4
1679,1425698#VRxkXhukxHZ,-14715684,-6645358,671190.9,4863320#pNwFasHQrMTH5s,8011733,-1941054,-1693912,4456371.46,-4605474,14927686,-6062296,10907922#9M6exh8bbYQhcfjmrI7
1680,10814459#HwfGVTMZAHn,-7308290,-6680550,10730371.1,5181319#A3mDltczfaavaU,-10414348,-6025186,-3408412,-14846770.14,-3594893,-1727379,2038993,10291684#s11M8GVxXNlve81LalC
1681,6351973#Cb4bpxODUgf,2204920,14174236,3629394.8,5042922#mO9ebjJB3RCTVM,12838345,14093551,-16264678,-5471408.66,4110232,8056560,-16064120,9628512#1StKKR4UTyn3qAcHUNO
1682,2611420#q39iliVHVLw,-5100696,9760955,13817575.9,14870850#1E7v4sfApjIho4,1530200,2529939,5647366,-1363407.85,14991188,-8418261,-4930069,1141962#bxZBiGeMXuAp6wl1q1q
1683,8439589#RQ4ZrC4N3Kh,7796047,-10395532,-12458997.1,1547905#S9loenCJCrVVks,11326048,487387,-15681036,-7739542.17,-15710282,8968559,6455778,12273954#bfwoiWlmGO1agtfmejD
1684,14314304#KM9uDI6P1Z4,1488967,-3364799,15122840.1,7401569#VHwxYzZu5Hff53,5269679,7368079,3076525,1565524.96,10193682,7876490,-11819481,13561506#5pXZKeTSkvo5t6LYKC7
1685,14898815#LrSjh46c21R,-7504044,-10166282,4221843.2,6746366#Dno7awp5EsOKS0,12494202,15491680,-15081376,15628423.27,-9686469,9893894,-10493996,9462556#4d1uP5BvlLPrlXKkD4t
1686,2354133#QfdPnMOXpLD,-12486068,-14515912,-15970903.1,15170185#htkq00rHDvduHd,-8398502,6881695,-7923049,13960386.98,-14441012,-1730732,-2549586,836213#Fzbu63LPfxFNRZ8Jsbv
1687,7792413#IEFmjSMZulV,-7067690,-4792471,-16085494.1,12271811#y0Wcg0RStzhsw6,2058646,-12298901,12885360,776332.17,12162450,-5216870,3633406,8064408#p4HkZ3kQe71E4a3uS0q
1688,7702919#3suYzBOkoOS,-7084682,-8291786,12262278.7,2883709#fKLB05FjaclKXS,-4275902,-6021752,-11088519,-4069754.56,14919035,-13718764,-6988870,2358117#M1b1Z3KaN570zk3atHV
1689,3217267#Vml6tSnYR9c,2613556,-7833358,-7862073.0,10921189#aHludW1Az6hkkf,16781661,-8478735,-14238691,-653630.77,-1357755,-5160705,-8169113,3834920#VGFJnjNEU6E83ihxnhP
1690,14757998#W1BNNqBbgG2,6344013,10484226,-7597795.4,15849567#JybWO1hRiBJTFH,10299073,-859599,16802981,-6541687.41,12216784,-8276151,15362374,14147535#PVifX5LHijfZUePOczh
1691,11053237#GxzA2S0MuMw,-14944275,-8949599,12478861.2,10447399#1tnM27ysbxxrA6,-1373189,-12580251,-3655839,16340968.90,15321327,7958167,-16825621,11714148#PD3lFGNumahd3Q0v0K5
1692,2718769#09Av15BpjBK,-10860621,15059924,4068857.1,7509332#k4OFFQJW7jSdzS,16025328,-10073971,4658109,3563576.22,16212299,7236661,16384461,12292345#Vladr0ehWPQu2orvWju
1693,5156131#XpNO9Kwh5Ge,-11496291,15248314,-6303796.4,15731601#RbeQgIHtMD1vrY,11742769,-12175613,10269003,1197977.05,-14781993,4683718,-5194653,936298#3OC7iWf1T4bDXBcOPuo
1694,8753982#d8SCvTTIxKG,15110250,-11496515,-11107317.0,7545605#7iKbCmRaQhjbzt,-11096683,-14474114,-5127501,-13106097.54,5452504,16051332,7616242,13470746#ktJn5JGb8CCKtobLkZE
1695,4934974#q1HVRfZB2le,201814,-12100110,-5419869.9,12426222#f4m5Nqew7euvIC,14577638,-1440683,12058266,-15225178.23,8674168,-14225646,16477185,8785783#NGo6EGI3SkeLrolKnI1
1696,14283428#XOqda5TbQZZ,2789071,-7225241,12050650.8,2953509#mOQSfOLRcIC02X,6927499,9286845,-81644,-14052701.34,15150585,-2792193,10297430,2331378#ZFJrWfiIfF2YNhWpa7J
1697,5628808#MY8N7IagTGh,10118626,-10182857,-13844967.6,5309850#1E7v4sfApjIho4,8401347,-14749928,10910866,-2303484.68,-7757079,353757,-13684018,9402996#hRfUcGx1MQtkPVL4aWs
1698,13437131#XpNO9Kwh5Ge,7550224,-14542004,13430831.5,8639185#htkq00rHDvduHd,-4427983,-10240456,7338265,6214106.00,-13964716,12532925,-2036322,13724257#tjCTMWZmIjzhn5mIiXs
1699,12704404#Tlo0qGdev0T,2845664,14941296,15002922.5,6022054#c3WZHPWnPJizCx,14574437,6220387,3230293,-2874770.21,8602300,16706920,-7471312,5911147#5lWCFpAuZd4B5jlxB14
1700,7175662#VXOzc2dTnF1,2898032,-8153029,-5112582.4,1030946#x3OB7w4z1LlsTx,7383626,-6145577,-5097621,-3319399.42,-13539415,-5405254,-2823345,1898829#g5zpta53XOGBJu5XzDl
1701,8998414#BcIKZZHC1Ri,-11978346,3734549,-5675734.3,5582425#HIrTn0ML5MIC8v,-14728887,11699061,-1336911,5364577.33,-2012739,-12771679,573254,15609503#5CIC3T7e8418qT90PM4
1702,15198334#CXhaORgErj2,1218694,16826024,-11526205.7,13234037#JT5l3bAbP7C1nU,16127095,-1526373,-15473481,16085094.76,15501824,-14349250,1885289,5718529#aSZE7iyq1qoh8rAyKQA
1703,1746805#xHHxutJtGPB,-5486055,13132042,9438240.7,8816703#O4V517V4PEvKQt,812809,-13118603,-166796,12184622.20,9294925,4283146,-9986398,6706314#Rl6KSVfvS1wvNiSaDdb
1704,12658750#A3zSPqf23UC,2348850,-16760411,-15360674.5,520226#mfCCs5GKlHg4kE,7354815,-3781991,-5601929,-2898264.61,-10223684,4578803,13183439,1579870#ZjAwFRPwZefDR96n1ZA
1705,17005260#btGEXY8D3gS,-15501838,-9254755,12091067.4,7020630#P5PxW5PCOCh2xI,12119645,-13804675,2255756,9544910.69,13910146,-8258154,-8337699,16713271#NzHrR6vJbhU4EpDWXzg
1706,8612285#nItrnqaYZJj,-9082765,-4604939,9434472.5,9367789#ipp92eZIXsLhOc,-15087976,-17040842,-3816142,7561169.76,4541661,7484945,1239942,15551666#J4oLe0xHKA52yNBmmIH
1707,11727224#XSUJaU9NOc9,14635425,-4942851,4210811.3,14002438#V3ceTVejfC6TfV,-6905822,-1820638,10317567,-5569341.49,10016942,-3760855,-7003287,3096874#zacC9wWkenyP8gXuErG
1708,15930051#XyYuBTWNz5D,10821350,471944,8352608.9,10412895#QZVBwLKQfU2s0k,-13038166,-6095860,9257828,-4350025.63,-6357361,-4643708,1626515,8682052#UZKXkWrDSelyN8GHldf
1709,15195409#Z8t5maZy77U,4420990,-1631181,-10241608.0,10020919#EIhTXHcFbJlFha,-3015985,6499810,-6212862,13332905.41,10058897,11277704,9261390,14236564#r2BZNtQHRHrQ4gdkQYt
1710,8853257#AeLtZMCtywm,-14913156,2480976,-11570570.2,1876187#0INkhMSA6sNIoO,15688871,13492123,-11998102,231581.07,8938676,4995395,-14924546,6067836#tVnujfL4sag7sVlneS3
1711,2460482#NtjFi5hYmF8,9146805,-3803450,4961189.6,3683155#ym0NAWf79TDoDA,-2468914,10340515,-16833162,1272664.02,-10693493,-8868177,2096304,9202566#IJdx1nt6uz6CmLBlSXh
1712,2316045#D4ZCk1UG7ea,-5545774,3175112,-6772895.4,10589899#BW3AxUnURqF8LE,-6169414,16541027,-16163938,983958.58,-13056422,6675607,-14505594,8098230#smESEZhJHK06Ekuk8Co
1713,16494596#a8QhzRftYcl,12895307,-6962259,5849914.2,2744690#VlQdSu9h28o3hl,-11305640,-14639257,13758513,3360219.52,-1577121,-3299740,-9316822,6035702#uHSDZmhY68TxyrSTOo2
1714,3366070#dTs6uGFedVw,-9235298,16683443,11728722.9,3592537#nJB94J72mYKpXY,-7888738,7018755,16419532,6845540.10,-15043695,-5071777,16180241,10750812#fFcAo4tGZ9mp0DFO6O3
1715,16971804#z28w75VJBij,12100249,3346572,8115392.9,2772296#NwiYNYCbG3buuy,2228292,-13771293,-1958506,12346954.37,3896918,10127489,2916850,11002106#x1P3H3p4QSwRKU0N1sy
1716,11660697#HysfpePq3CP,-7419128,11915458,14807748.5,13038412#xZylUjiCES28tl,5073367,14164524,9345257,2458599.14,-7134376,-3002582,5393119,13743809#Ce84gDKoz4XzyL5a9qh
1717,4488058#q1QlndkkZDb,13024054,-786830,-13736237.6,16457534#AKcHXquoBFVLZG,1668145,6058843,-4763537,5805585.07,-3898914,12066315,12371879,10332123#KRx26rsvGXFb3QI9YM9
1718,11101799#f4SQmqwSKd3,12914365,6473815,-10477238.3,4260087#l4cdUzmD2LUNI9,-7047112,10262647,-12814498,2268254.29,-13045891,-7612445,-15923474,11039118#RtTCS2B7opXvg1pwAQr
1719,15861507#m8dRb1KtWxj,-10608559,-12516256,-15172967.8,6032898#BCxhRbxHFSlMTZ,-6300950,97993,2958046,14668993.04,-9209528,5753558,12571949,7684192#lULoBzFRKrbFkSZ6ICE
1720,3666346#O2GeK1eH5mn,-14600695,11575613,787248.9,15302408#IGIpm1aLziE6kI,16537501,6573383,441558,-11328879.18,-13245661,-9327377,-1052612,12529744#192vyFhdJ9hQlWxDSfb
1721,16236396#4eTNfB5fcZO,11256294,-13895101,-8029250.2,8488242#xjmXz8vB9wE3Ap,5016631,-4100063,-10229482,9070455.27,-3581477,-2886988,7127586,17156299#LjwNPnRaCjoMIBTxx5m
1722,4481625#wSQkE7CAasD,7847716,17000528,5846160.5,1673151#FB3lKplBio7z5Q,-793624,1793184,-691548,-1961972.27,-9389256,7285289,1317460,12490050#C6YXLNbeZKDSk4Q1JA8
1723,8814453#6k87jHuIxjX,-3359264,-8150787,-10977335.1,2621319#A3mDltczfaavaU,7537442,-3379631,-6264322,-9970964.17,-136414,11854491,8799329,13541348#Iyr2EuczEhmStBGe47v
1724,15968598#fBXnqTTBBis,15476716,11368388,7765612.5,4420094#3GZTkE3U6ldJwy,13841241,16496109,10872774,-15537778.87,1343234,3025766,9200951,11597498#M0wW8pqH7b1AIkj6qgc
1725,14819339#nV3TI32YmlD,4821405,14509861,-9789750.2,9520617#prdO7Vz1arEHL0,15024084,-7585232,-6338808,9425415.19,9414819,12137840,-2002286,3101271#NzHrR6vJbhU4EpDWXzg
1726,309310#LZt0pU8EVFN,12912494,8555247,-12551567.6,7076296#NwiYNYCbG3buuy,12227476,10905430,2624849,-14576095.46,12705463,13638201,-13363072,14979117#M1b1Z3KaN570zk3atHV
1727,5626864#2Ta8lmeE0SI,8447116,-796096,5561154.2,2137790#BdOqL0QRLd5mNR,10334729,-8909217,-14979387,-2174121.36,6781730,15636243,-833809,2258048#UqcejOSfVOsoCxAVr4n
1728,6721582#8WwoCb7Zp93,7860571,10995131,-1293357.7,16342438#V3ceTVejfC6TfV,-810824,12754243,535837,11342527.11,-13096187,7578517,-2114862,9582052#UZKXkWrDSelyN8GHldf
1729,1467864#2Ta8lmeE0SI,-15153846,-6843158,691181.4,5008058#l9qWUPCJFB1y06,8250456,-1998788,-1744387,4589116.46,-4742624,15372417,-6243084,11232730#7AhMYGBwg5tLQNPREVI
1730,11136026#Jo0mX03GHKy,-7525837,-6879287,11049739.1,5335292#7wBWLwQGfgj7Ta,-10724348,-6204500,-3510102,-15288594.64,-3701893,-1778672,2099806,10597747#AYNcPb7Xr4tfszYEOit
1731,6540734#gGJ3ULhmipg,2270458,14595823,3737375.3,5192910#Y73YO6miHiBRhg,13220208,14512479,-16748191,-5634330.16,4232582,8295935,-16541689,9914896#nAMmsgKf02r83IzFbAa
1732,2688866#liqhWaXzpGA,-5252471,10051155,14228028.4,15312700#Kb26srTj1btkgK,1575864,2605325,5814991,-1403872.85,15436763,-8668361,-5076819,1175831#VRarmzXgcvhWdnxttzC
1733,8690251#64TWw5WyeUx,8027786,-10704232,-12828962.1,1593836#3ADqqrKsga4peF,11662646,501733,-16146736,-7969511.17,-16177207,9234990,6647803,12638367#Unixo2wllnoXgLSK1m1
1734,14739021#yKVuEimyhAn,1533167,-3464486,15571662.1,7621322#LdqpbFf29ccGmj,5426304,7586996,3167937,1612103.96,10496282,8110565,-12170360,13963947#MQXrjljcoGKrC60Zthv
1735,15340910#i6XDKPqED0c,-7726997,-10468238,4347298.2,6946388#xSxOpGZJidbWch,12865002,15951418,-15528876,16092287.27,-9973994,10187494,-10805621,9743253#VpUCP0JcnFxClG5Etw4
1736,2423883#1Efl0rNcDAr,-12856363,-14946181,-16444441.1,15619968#ZZAbiDsnH06hHG,-8647552,7086051,-8157911,14374475.48,-14869199,-1781850,-2625420,860976#wWh86bwwUz5CarbrcVI
1737,8023186#3NwZuDMiUya,-7277315,-4934489,-16562268.1,12635474#Z3sQGBEiteEMXS,2119871,-12663460,13267298,799476.17,12522662,-5371345,3740806,8303216#kG92dMFJhvOm1p0KSRW
1738,7930800#z5lTaCxnTls,-7294613,-8537136,12625675.2,2969076#xz2AUXhwJPPySJ,-4402489,-6200065,-11417144,-4190330.56,15361035,-14125298,-7195770,2427671#C1VxY6TrBjvjt8BFZGE
1739,3312428#XOqda5TbQZZ,2691031,-8065192,-8094539.0,11244282#KVSqY13MOHncdD,17278405,-8729754,-14660191,-673250.77,-1397692,-5313280,-8410988,3948331#2iU1oF4zinKwQX87yxj
1740,15194489#b4GAVhkg2EN,6531654,10794576,-7822604.4,16318322#LdqpbFf29ccGmj,10603667,-884923,17299837,-6735353.91,12578322,-8521151,15817124,14565874#zacC9wWkenyP8gXuErG
1741,11379927#RdnImGN5Oyg,-15386175,-9214349,12847961.7,10756095#5Smjr3GlhbTNUg,-1414039,-12952093,-3764052,16824124.90,15774140,8193342,-17322833,12060318#UARfC7vCMN18Ep4jkYi
1742,2799017#Cfx2Nrngjue,-11181771,15504949,4188952.6,7731046#QGRLH8MRsU42tW,16498653,-10371468,4795972,3668952.22,16691427,7450736,16868636,12655492#ymRlKMDl0I0cowts9Ir
1743,5308233#aQVbtmf4iOH,-11835566,15698882,-6490034.4,16196128#IgfYxSypEequj5,12089619,-12535276,10572478,1233452.05,-15218518,4822261,-5348265,963861#SPRp7n74CYxSmGbmLJl
1744,9012081#SpINQL3vbDF,15556481,-11835615,-11435377.5,7768164#BO7dkRsJS0KrJ8,-11424233,-14901566,-5279114,-13493072.04,5613610,16525291,7840879,13868275#kg4vXfsAtv5yJ0xZ0np
1745,5080536#d8ZBvEBBwW4,207664,-12456915,-5579606.4,12792570#30dDRNP9wOrN37,15007813,-1483467,12413816,-15674512.73,8930193,-14645208,16963294,9044734#3GGxPLODx74Z3fxH3mg
1746,14704292#ixTMz16n6Ye,2871246,-7438441,12405996.8,3040420#gQ0N4NmJB3OiTw,7131999,9560527,-84182,-14466943.84,15597110,-2874556,10601205,2399882#e4Ayu6hBxSEr5dbHGEj
1747,5794384#EZE0Qb8uw6E,10416751,-10482782,-14252647.1,5466264#M3HV2Aay2KAcTQ,8648897,-15184369,11232279,-2371392.68,-7985544,364388,-14086993,9680020#IqZDd7KLu282w8YM91d
1748,13832581#7P49egX2VE8,7772812,-14970342,13826218.0,8893516#PXPm3TrK6p2YQl,-4558645,-10541752,7554520,6397077.00,-14375706,12902150,-2096497,14128250#qxXpV2KtuHgIhcacjBj
1749,13078016#71rxUThsZoZ,2929501,15381177,15444234.5,6199157#0Ar1NQF29qpwoT,15003537,6403576,3325218,-2959245.71,8855605,17198407,-7691412,6084840#eKrvr4rxpXtrE1QwJWP
1750,7386426#k8Kv79nUG53,2983257,-8392979,-5262810.4,1061199#QJmXpg6giLCn0m,7600751,-6326042,-5247527,-3416812.92,-13937740,-5564322,-2906595,1954676#e1G2XNYdCWlNs7wnXvA
1751,9262792#Qu9sDsnHKT0,-12330246,3844299,-5842784.8,5746317#kJIbRSQwsugRxJ,-15161718,12042746,-1376061,5522140.83,-2071989,-13146967,590167,16068325#ol3m0ACsYJLVxOisMSd
1752,15644782#DfygeZIKmDs,1254469,17320474,-11864981.7,13622531#vUWCSDBanfldai,16600845,-1571182,-15927781,16557737.76,15957074,-14770975,1940902,5886399#3L4gJM1JW4lOobSf8aH
1753,1797874#bmswhYvxZQr,-5647011,13517829,9715324.2,9075307#i4NnVqGY4bSkah,836884,-13503876,-171684,12542116.20,9567825,4408977,-10279486,6903030#vRAEvnNi6kHKFxQp8wP
1754,13030090#EfvjTGAcCx2,2417881,-17252380,-15811545.0,535450#MKn5rcOtyH4tmk,7570902,-3892722,-5766204,-2983273.11,-10523759,4713253,13570302,1626210#vCS2KFV66DSYq5nqqaY
1755,17503899#yA6RGBJpRKV,-15956665,-9526104,12445701.9,7226365#t8mcndWBsgoFx3,12475245,-14209553,2321768,9825031.69,14317946,-8500079,-8582414,17203369#EMZISotsQUR9mp1whf1
1756,8864611#NmrYmJVM3Dw,-9348990,-4739689,9710868.5,9642238#m2mUjHM5tkcv7q,-15530076,-17540532,-3927829,7782874.26,4674661,7704426,1276255,16007438#n1tjGojEi3RI6Z8OwT1
1757,12070535#5gjd1vUDx6m,15063862,-5087676,4334165.3,14412477#sAT4hQZ1ZOXpQG,-7107835,-1873732,10619905,-5732218.49,10310467,-3870780,-7208445,3187455#DNnC2mnOkaqECRbP0YT
1758,16396314#FAWdAmTk1rb,11138312,485575,8597256.9,10717720#RA2Jd5GzHeGc6P,-13419654,-6274313,9528590,-4477110.13,-6543186,-4779733,1673965,8935923#QaUcwd7Dmwpgg6qLC5K
1759,15639846#R30ARnBacH1,4550080,-1678644,-10541195.5,10313976#IYPcGJHnQDSLRf,-3104285,6690089,-6394887,13723013.41,10352972,11607413,9532462,14653047#pPkPD7vbczmynTRoYnB
1760,9111895#rT42CfHqrFi,-15349125,2553676,-11908683.2,1930969#ccjInq6yGqsW2M,16147348,13886625,-12348864,238243.57,9199913,5141657,-15361159,6245240#bZJC7yD3AV0AIrdsOpN
1761,2532096#2DopQHHGler,9414236,-3914488,5106093.1,3790734#baMgzIiNNymQT7,-2541014,10642716,-17325343,1309965.52,-11006206,-9127541,2157754,9471331#2iU1oF4zinKwQX87yxj
1762,2383486#lC5xdR9UaCR,-5707461,3267687,-6970655.9,10899021#2EVUPqSo4u6ZBo,-6349564,17024303,-16635800,1012574.08,-13437610,6870754,-14929369,8334730#7AhMYGBwg5tLQNPREVI
1763,16975942#sZmTax9LYUN,13271532,-7165521,6020530.7,2824603#5ZoLdymmNt9wIz,-11635690,-15066748,14160388,3458040.52,-1623196,-3396102,-9588772,6211736#2SUi4sMW9Kdb23lJh0J
1764,3464080#TYdhqTjR70D,-9504585,17170137,12070836.9,3697072#hA0c2BgS6BUegu,-8118825,7223593,16898307,7045035.10,-15482745,-5219490,16652341,11064346#SX3Qw2WCKcK3T3tDqtw
1765,17466595#lMfy5pWtFGa,12453155,3444200,8351820.4,2852894#r6DigAWus7vqOH,2293217,-14172676,-2015575,12707029.87,4010680,10422814,3001750,11322673#eIR8uupXC1G8JKs2kOS
1766,12000237#GxzA2S0MuMw,-7635021,12262721,15239095.0,13418150#DYeFvynjejOb49,5221117,14577007,9617620,2530244.14,-7342476,-3089882,5550310,14144043#4OnOIl0Xb2dMKFMU1DJ
1767,4618462#SUTycpqgHpj,13403504,-809980,-14136319.1,16936669#SItmYbNOW08vg4,1716632,6235089,-4902474,5974562.57,-4012408,12417699,12731979,10632797#IFFRQrOe2AhQL591y0y
1768,11424752#R6IwdBMlLrm,13290390,6662440,-10782408.3,4384006#S1rXEpfYRYYIiP,-7252275,10561514,-13187439,2334144.79,-13425591,-7833845,-16386699,11360275#kg4vXfsAtv5yJ0xZ0np
1769,16322755#A4X9O0vmkoI,-10917184,-12880493,-15614269.8,6208140#v9fodM0dBNv3DK,-6484350,100938,3044321,15095523.54,-9477128,5920895,12937825,7907669#Cf1blPW5K8oEgNLZaBq
1770,3772698#VRxkXhukxHZ,-15025145,11912013,810418.4,15747031#QhDSNRK9D9HxbV,17018376,6764446,454633,-11658068.68,-13630549,-9598452,-1083262,12893939#flkKztvGZFMehesJCVK
1771,16708032#1FmArke3aCy,11583256,-14298926,-8262792.2,8734746#18rJKAYR8F2mC3,5162562,-4218934,-10526478,9334236.27,-3685689,-2970638,7334379,17654698#AuamCpR1suj2CUHXQ9i
1772,4611471#TretMWUc5Zv,8075453,17494253,6015620.0,1721460#Z6PglwvCiiUE1d,-816824,1845311,-711448,-2019157.77,-9662093,7496739,1355723,12852484#BVB0huobVOIZ7eQNwPe
1773,9070053#pKwOS8CTE4p,-3456669,-8387162,-11295605.1,2697123#IHAQiUp8mi0Fhv,7756317,-3477856,-6446047,-10260110.67,-140289,12198728,9054954,13934046#3XI7GvdODL0S4FEnXY2
1774,16431710#od5kxOgi5Es,15925316,11698163,7990935.0,4548252#197gAlWxtgWe8q,14242591,16974454,11188099,-15988632.37,1382259,3113491,9467820,11933683#IfeUPszvWyJchAQ1SoS
1775,15248660#btwaKUF2N8z,4961342,14930411,-10073422.7,9796335#1lrIqESw2n35WY,15459334,-7804973,-6522583,9698880.69,9687644,12489853,-2060074,3190888#mAf8us2NEU1CTopqVIc
1776,318207#npiAygtKJVE,13286594,8802878,-12915094.6,7281104#1yV78D51vonApr,12581951,11221417,2700680,-14998411.46,13073238,14033051,-13750121,15412814#J0u5OSHnpwU1tvNriB3
1777,5789636#t8Ew5uYhcJz,8691829,-818959,5722391.7,2199476#0zfQZQ0pxzNG93,10634054,-9166869,-15412837,-2236939.86,6977918,16089230,-857684,2323153#FXCbhhQfC8wT5DX5gNR
1778,6915843#MXOKB78lE4t,8088146,11313031,-1330767.7,16815148#yQiuqXTcQbC7sJ,-834199,13123189,551287,11670625.11,-13475324,7797842,-2175896,9859081#zUTYILAo8MIzAN9XuwZ
1779,1510030#iXPI1u5YREz,-15592009,-7040958,711171.9,5152797#YQAogyYWLHHNH4,8489179,-2056523,-1794862,4721861.46,-4879774,15817148,-6423871,11557538#Jsb9m0UJRN5FHMvCp8H
1780,11457594#Kyj1yWGztyR,-7743383,-7078025,11369107.1,5489265#pknzcOSzZblVyJ,-11034348,-6383814,-3611793,-15730419.14,-3808893,-1829966,2160618,10903811#1Kk8vjXLS9DxfQ6UiZs
1781,6729495#RJalA1cnIOC,2335995,15017411,3845355.8,5342899#BW3AxUnURqF8LE,13602070,14931407,-17231703,-5797251.66,4354932,8535310,-17019257,10201279#6nrgANeNpCcQuGETeiB
1782,2766312#YHI718ijJST,-5404246,10341355,14638480.9,15754550#SAOBEI0Tv4ho1O,1621528,2680710,5982616,-1444337.85,15882338,-8918461,-5223569,1209700#GUSGNrPnsFtIXd0nRZp
1783,8940912#wb9eYRDU7qI,8259525,-11012932,-13198927.1,1639766#SUrP4YtlolwgTi,11999245,516079,-16612436,-8199480.17,-16644132,9501421,6839828,13002781#VahRJDkPhfR6eg6wgWh
1784,15163738#Gz9fb18ODkf,1577367,-3564174,16020484.1,7841074#ILc17ARujHvBS0,5582929,7805913,3259350,1658682.96,10798882,8344640,-12521240,14366388#sIfexOp9jq46eLekvR9
1785,15783005#uSwns7vtntS,-7949950,-10770194,4472753.2,7146410#ygR3E95uNbyEoG,13235802,16411157,-15976376,16556151.27,-10261519,10481094,-11117246,10023950#ooMfewkU0bBi2CFSxhg
1786,2493633#PySHbhP4x1U,-13226658,-15376449,-16917979.1,16069751#NOjZwv2ayCl6E1,-8896602,7290407,-8392774,14788563.98,-15297387,-1832969,-2701253,885739#PqF6n3SEEsQWAdLNXEJ
1787,8253959#6ethEEVL5l5,-7486940,-5076508,-17039042.1,12999137#SWaSsh5R1xFrQQ,2181096,-13028020,13649235,822620.17,12882875,-5525820,3848206,8542024#oXDuStcZJeSlC5OAqHw
1788,8158681#pBospXjzHFp,-7504544,-8782486,12989071.7,3054443#g1SsREs2YN5fXN,-4529077,-6378379,-11745769,-4310906.56,15803035,-14531832,-7402670,2497226#AYYcEGztQSj7qo9TJuu
1789,3407588#HvrCtwBDrXT,2768506,-8297026,-8327005.0,11567375#HQmmkvP49LPyoG,17775148,-8980773,-15081691,-692870.77,-1437630,-5465855,-8652863,4061742#ikXE8IROLESJALwsLFB
1790,15630981#FWPojJkhwmR,6719294,11104926,-8047413.4,16787076#xz2AUXhwJPPySJ,10908260,-910246,17796693,-6929020.41,12939859,-8766151,16271874,14984213#Fzbu63LPfxFNRZ8Jsbv
1791,11706617#y0Pze5vs17L,-15828075,-9479099,13217062.2,11064792#HInoKaUDcMOeDW,-1454889,-13323934,-3872264,17307280.90,16226952,8428517,-17820046,12406487#UwTQ99jCyhh5VqstoXP
1792,2879265#E5xMEUiBdrG,-11502921,15949974,4309048.1,7952760#zrYXbH9fimf7k9,16971978,-10668965,4933834,3774328.22,17170555,7664811,17352811,13018639#uWNDZfvXapvNSi1k7A0
1793,5460335#uj6hHxmsBQ9,-12174841,16149451,-6676272.4,16660654#E2UW8xWmWxHi5a,12436469,-12894940,10875953,1268927.05,-15655043,4960805,-5501878,991424#OVn1uAKa5OzAxEBSZjp
1794,9270180#6W8e8r9TUCP,16002712,-12174715,-11763438.0,7990724#PqgQnIlN8RgtHv,-11751783,-15329017,-5430726,-13880046.54,5774716,16999250,8065517,14265805#rEWtYf9pG1DHv8rGKBI
1795,5226098#qXvzW2v9XGR,213514,-12813719,-5739342.9,13158919#EIhTXHcFbJlFha,15437988,-1526252,12769366,-16123847.23,9186218,-15064771,17449403,9303685#pSNwxVUguGe0Un7Zqh8
1796,15125155#mgYp3Vnt3e6,2953421,-7651641,12761342.8,3127331#hitisEGpPnomzO,7336499,9834209,-86719,-14881186.34,16043635,-2956918,10904980,2468387#NdCIET5bqqmCgpzzuhR
1797,5959961#hXdjmeLePyv,10714876,-10782707,-14660326.6,5622677#VeygDG2vE7dFpI,8896447,-15618810,11553691,-2439300.68,-8214010,375019,-14489968,9957044#Ku8pXcm7lmzBgAuEJJg
1798,14228032#1FmArke3aCy,7995399,-15398679,14221604.5,9147847#DhYjCIquCV1aPC,-4689308,-10843047,7770775,6580048.00,-14786697,13271375,-2156672,14532244#RM7L9BxpQ2S6MPcyVyZ
1799,13451628#rA4eKF0nfnO,3013339,15821058,15885546.5,6376260#4wdDU9u7q6JTHP,15432637,6586764,3420143,-3043721.21,9108910,17689895,-7911512,6258533#Iu6WvG8iUCK5BWt530b
1800,7597191#kUGsTM401mS,3068482,-8632929,-5413038.4,1091451#tCNu3vis1XA3Tc,7817876,-6506507,-5397433,-3514226.42,-14336065,-5723391,-2989845,2010523#OKDLLmsKxftNdA0itrt
1801,9527171#qUZSqXUT9lc,-12682146,3954049,-6009835.3,5910209#Fz1Pd6kTQPx1Xt,-15594549,12386432,-1415211,5679704.33,-2131239,-13522254,607079,16527148#PD3lFGNumahd3Q0v0K5
1802,16091231#rSyyG5LLaEZ,1290244,17814924,-12203757.7,14011024#HjbOr1IXYMsYOl,17074595,-1615991,-16382081,17030380.76,16412324,-15192700,1996514,6054270#z024XudtUa7idlopl37
1803,1848943#YiEAfgwnD3O,-5807967,13903617,9992407.7,9333911#Szl3UG7te8v38J,860959,-13889148,-176571,12899610.20,9840725,4534808,-10572573,7099747#AYNcPb7Xr4tfszYEOit
1804,13401430#ok6hTJHcJKb,2486912,-17744348,-16262415.5,550674#z2uyC6tZYscTu8,7786990,-4003453,-5930479,-3068281.61,-10823834,4847703,13957164,1672549#Os58ZcyZYzZjAgOmp0W
1805,18002539#f2eMisVdLiD,-16411492,-9797453,12800336.4,7432099#7nRPE9xlwHlaAZ,12830845,-14614430,2387781,10105152.69,14725746,-8742004,-8827130,17693467#EpyolUlpOOeYwtjGD9v
1806,9116937#yDT1bQnjHEn,-9615215,-4874439,9987264.5,9916687#XnI3yAGQf28p8k,-15972176,-18040221,-4039517,8004578.76,4807661,7923907,1312567,16463209#fiAsbA0nMitW78b5mH5
1807,12413845#zByZwEZP5N2,15492300,-5232501,4457519.3,14822515#I4X8jx2JBYruYU,-7309847,-1926825,10922242,-5895095.49,10603992,-3980705,-7413602,3278036#L9QbG6lIMuLJxMvKfgL
1808,16862577#gGoE0qHbzEi,11455275,499206,8841904.9,11022545#OZWAcy9uicavSp,-13801141,-6452766,9799353,-4604194.63,-6729011,-4915758,1721415,9189795#g5EkKSnVZvIl8L7MOHd
1809,16084283#a4nBNb4QXEo,4679171,-1726106,-10840783.0,10607033#fDXuqWQiNPdBJG,-3192585,6880367,-6576912,14113121.41,10647047,11937122,9803533,15069530#83sqpdTr5MkT5SbE4X7
1810,9370533#K0P4aRLn9aU,-15785093,2626376,-12246796.2,1985751#NOjZwv2ayCl6E1,16605825,14281127,-12699627,244906.07,9461151,5287920,-15797771,6422644#oSHl86BKZ670UbNiOtt
1811,2603710#od5kxOgi5Es,9681667,-4025525,5250996.6,3898314#70ikXKvY9snJun,-2613114,10944916,-17817524,1347267.02,-11318918,-9386905,2219204,9740096#NvT2q2BdCo3rf96Cs79
1812,2450928#DVq7n3cZOdm,-5869149,3360262,-7168416.4,11208143#PcFPHZFoosmrov,-6529714,17507579,-17107663,1041189.58,-13818797,7065900,-15353144,8571231#LBLxyYr7AizIh3uL03I
1813,17457287#KuU6eoA6tjF,13647757,-7368784,6191147.2,2904515#I4X8jx2JBYruYU,-11965740,-15494238,14562263,3555861.52,-1669271,-3492465,-9860722,6387769#JNKGvuN9AGfzFYrBWUi
1814,3562090#EfvjTGAcCx2,-9773873,17656830,12412950.9,3801606#wOjZ9KJNj7G6Ac,-8348913,7428430,17377082,7244530.10,-15921795,-5367202,17124441,11377880#7BBML4vtEXSp0SdbnOX
1815,17961386#zdpHDUUCRJN,12806061,3541828,8588247.9,2933493#FRBo38SZlWJzpE,2358142,-14574059,-2072643,13067105.37,4124443,10718139,3086650,11643240#bZJC7yD3AV0AIrdsOpN
1816,12339778#cGOHwbW7OL7,-7850915,12609983,15670441.5,13797887#BMY8arC29ij9wP,5368867,14989489,9889982,2601889.14,-7550576,-3177182,5707502,14544277#r1qCFyDyW96r6tAN9DR
1817,4748866#liqhWaXzpGA,13782954,-833130,-14536400.6,17415804#j5iFoMjbCXzaQT,1765120,6411335,-5041412,6143540.07,-4125901,12769083,13092079,10933471#iCC5pslwh5YJkn04CAY
1818,11747705#Ar3MebLniAC,13666415,6851065,-11087578.3,4507924#jqRZlWfFmQQU6P,-7457437,10860381,-13560380,2400035.29,-13805291,-8055246,-16849924,11681433#kbyI06FRWYzU38Vg7jT
1819,16784003#v0lK80Z9D1W,-11225809,-13244731,-16055571.8,6383382#vJEefM9OE5hcir,-6667750,103884,3130596,15522054.04,-9744728,6088233,13303702,8131146#5LmFect9bCw9jeiUMeJ
1820,3879050#7Pw4WBa8Gyt,-15449595,12248413,833587.9,16191654#E2UW8xWmWxHi5a,17499251,6955509,467708,-11987258.18,-14015436,-9869527,-1113912,13258135#MF55rr8TAOWqhfYrhvo
1821,17179669#YJsoMzCLC93,11910219,-14702751,-8496334.2,8981250#2ifhq6ej7Eeyuh,5308493,-4337805,-10823474,9598017.27,-3789902,-3054288,7541173,18153096#NvT2q2BdCo3rf96Cs79
1822,4741317#ezdwBdqjo90,8303191,17987978,6185079.5,1769770#EA9OCPWxRfWnZ5,-840024,1897438,-731348,-2076343.27,-9934931,7708189,1393985,13214918#vG645BuGq0qqWPvIgbQ
1823,9325653#h3qbKtyiMmw,-3554074,-8623537,-11613875.1,2772927#vCMTQLAuf23eE3,7975192,-3576080,-6627772,-10549257.17,-144164,12542966,9310579,14326744#192vyFhdJ9hQlWxDSfb
1824,16894823#jkt1hMk3Q8f,16373916,12027938,8216257.5,4676410#ygR3E95uNbyEoG,14643941,17452799,11503424,-16439485.87,1421284,3201216,9734688,12269867#l2gDyjyyKAgrfpVfqnQ
1825,15677981#FWPojJkhwmR,5101280,15350961,-10357095.2,10072054#c3WZHPWnPJizCx,15894584,-8024713,-6706358,9972346.19,9960469,12841865,-2117861,3280505#rMGwlfgXDZDtUI4eUSs
1826,327104#T3U5rc8P32A,13660694,9050509,-13278621.6,7485913#mjbblUlXizdK01,12936426,11537404,2776511,-15420727.46,13441013,14427901,-14137171,15846510#rVpn09lX72x8A0poCGX
1827,5952409#Z8t5maZy77U,8936541,-841821,5883629.2,2261162#BMcQxtazXU14zp,10933379,-9424521,-15846287,-2299758.36,7174105,16542218,-881559,2388258#bJYPTCqCgQPuvqpIT9y
1828,7110104#T3U5rc8P32A,8315721,11630931,-1368177.7,17287859#lDPmJk2eD2Jsx8,-857574,13492135,566737,11998723.11,-13854462,8017167,-2236930,10136111#EOCGlMApBvbstzyO9K7
1829,1552196#28PHy2vtGyx,-16030171,-7238758,731162.4,5297535#XXH5sz6QDryF7D,8727902,-2114257,-1845337,4854606.46,-5016924,16261879,-6604659,11882346#SX3Qw2WCKcK3T3tDqtw
1830,11779161#RFCM23FT72e,-7960930,-7276762,11688475.1,5643238#m2mUjHM5tkcv7q,-11344348,-6563128,-3713483,-16172243.64,-3915893,-1881259,2221431,11209874#zacC9wWkenyP8gXuErG
1831,6918256#5ctRYIwCm39,2401533,15438998,3953336.3,5492887#BMY8arC29ij9wP,13983933,15350335,-17715216,-5960173.16,4477282,8774685,-17496826,10487663#GBhvx9SxjumsPxpIQx2
1832,2843758#jnDHJpfM1Kc,-5556021,10631555,15048933.4,16196400#loTKY5tMzUCCT8,1667192,2756096,6150241,-1484802.85,16327913,-9168561,-5370319,1243569#sHaMNgszprIIY9MUNl7
1833,9191574#doLDqRsGQ0T,8491264,-11321632,-13568892.1,1685697#tt4lVYAyLExILg,12335843,530425,-17078136,-8429449.17,-17111057,9767852,7031853,13367194#xaHKGT66mIPo3PSsrhF
1834,15588455#gcEkUpbYesv,1621567,-3663861,16469306.1,8060827#9ihXUNXXKJcmbX,5739554,8024830,3350762,1705261.96,11101482,8578715,-12872119,14768829#g5zpta53XOGBJu5XzDl
1835,16225100#C6tYlqvAD0V,-8172903,-11072150,4598208.2,7346432#9nMXVI0wAMl7RS,13606602,16870895,-16423876,17020015.27,-10549044,10774694,-11428871,10304647#A5CmXHccsx9zn1UhNqG
1836,2563383#e8ZMwMwA0nf,-13596953,-15806718,-17391517.1,16519534#AKcHXquoBFVLZG,-9145652,7494763,-8627636,15202652.48,-15725574,-1884087,-2777087,910502#05XAnY3mRYlIj7MMDLq
1837,8484732#PYWXme2ecsM,-7696565,-5218526,-17515816.1,13362800#UuNiZlhM97Lgmk,2242321,-13392579,14031173,845764.17,13243087,-5680295,3955606,8780832#IcZoOT5sn8JCSjDLKfd
1838,8386562#k9fKZnAggPg,-7714475,-9027836,13352468.2,3139810#KnHTkZbjYcIIU0,-4655664,-6556692,-12074394,-4431482.56,16245035,-14938366,-7609570,2566780#Rk04NcS6qioWDMgyKjI
1839,3502749#8QqS1tBpDAP,2845981,-8528860,-8559471.0,11890468#DlbPFl0Xlynxgi,18271892,-9231792,-15503191,-712490.77,-1477567,-5618430,-8894738,4175153#FXCbhhQfC8wT5DX5gNR
1840,16067472#FkI0EvYx5qr,6906935,11415276,-8272222.4,17255831#4Kbd9DTPd7ZJI8,11212854,-935570,18293549,-7122686.91,13301397,-9011151,16726624,15402552#bnUGXE8HtNDQJCwDYH9
1841,12033307#2rtCFwTN0ZM,-16269975,-9743849,13586162.7,11373488#2Ze2bCph1Qut1c,-1495739,-13695776,-3980477,17790436.90,16679765,8663692,-18317258,12752657#pA7z5edG9rmJXqNHnRr
1842,2959513#S3BN8CTBRdT,-11824071,16394999,4429143.6,8174474#Z3sQGBEiteEMXS,17445303,-10966462,5071697,3879704.22,17649683,7878886,17836986,13381786#p08CcxaeJztPC1hZspB
1843,5612437#IYaiKP0RPHU,-12514116,16600019,-6862510.4,17125181#QiPMd51gtUJoUj,12783319,-13254603,11179428,1304402.05,-16091568,5099348,-5655490,1018987#esM7GbiLJhj91haIQLF
1844,9528279#2ZJQ94HNRaf,16448943,-12513815,-12091498.5,8213283#nyu3bARFPPzBtt,-12079333,-15756469,-5582339,-14267021.04,5935822,17473209,8290154,14663334#UA5wkrQ2SMwHFYooH51
1845,5371660#btwaKUF2N8z,219364,-13170524,-5899079.4,13525267#ayVSu1Vfus5xTz,15868163,-1569036,13124916,-16573181.73,9442243,-15484333,17935512,9562636#c8Lv2WTNjPCpNhR5O7z
1846,15546019#vtxp919ABpC,3035596,-7864841,13116688.8,3214242#xjmXz8vB9wE3Ap,7540999,10107891,-89257,-15295428.84,16490160,-3039281,11208755,2536891#9lkp7VqEH42knaE3Oyx
1847,6125537#uPvTWj23cfu,11013001,-11082632,-15068006.1,5779091#vbdPa8qGdpdb0C,9143997,-16053251,11875104,-2507208.68,-8442475,385650,-14892943,10234068#taV7ufABRLISOqQjn3R
1848,14623482#NtjFi5hYmF8,8217987,-15827017,14616991.0,9402178#c7uurxgk0lcvTI,-4819970,-11144343,7987030,6763019.00,-15197687,13640600,-2216847,14936237#Rgjir7NLotiFW82F167
1849,13825240#NrA8MglUj5w,3097176,16260939,16326858.5,6553363#zzMIZQyK7KGlKb,15861737,6769953,3515068,-3128196.71,9362215,18181382,-8131612,6432226#AYYcEGztQSj7qo9TJuu
1850,7807955#194dRrEv5Dq,3153707,-8872879,-5563266.4,1121704#RxISkmxDVjOAAx,8035001,-6686972,-5547339,-3611639.92,-14734390,-5882459,-3073095,2066370#MPG3ogGSNEMzecqyxbY
1851,9791549#I7qQLxAifNp,-13034046,4063799,-6176885.8,6074101#FywKnQs97NxpQy,-16027380,12730117,-1454361,5837267.83,-2190489,-13897542,623992,16985970#eZT7WYKQSrwyCo7ZNdK
1852,16537679#nQKLs7qTfPD,1326019,18309374,-12542533.7,14399518#XostIYU7EVefu1,17548345,-1660800,-16836381,17503023.76,16867574,-15614425,2052127,6222140#Msdmel0cnwPY7uK3KvW
1853,1900012#cYzpr017uJ4,-5968923,14289404,10269491.2,9592515#I4X8jx2JBYruYU,885034,-14274421,-181459,13257104.20,10113625,4660639,-10865661,7296463#NuxiCQraWXx1dvPHmeW
1854,13772770#AQ4rEclWTYx,2555943,-18236317,-16713286.0,565898#BCxhRbxHFSlMTZ,8003077,-4114184,-6094754,-3153290.11,-11123909,4982153,14344027,1718889#I8pWCBQ1Ce8jjevbPZa
1855,18501178#XTcGeM5COU5,-16866319,-10068802,13154970.9,7637834#2ovAolvNEGaKIm,13186445,-15019308,2453793,10385273.69,15133546,-8983929,-9071845,18183565#JPTaXnBAFlpdzgNHxEa
1856,9369263#PO3E1S2wnfR,-9881440,-5009189,10263660.5,10191136#XNxNhxSHDvQtsf,-16414276,-18539911,-4151204,8226283.26,4940661,8143388,1348880,16918981#KFrlT5WabbHz3QURots
1857,12757156#qF1ccZQAFiP,15920737,-5377326,4580873.3,15232554#k9aQCg1mi6Jnrn,-7511860,-1979919,11224580,-6057972.49,10897517,-4090630,-7618760,3368617#lBcEKmxO1PV6fQ3WUCQ
1858,17328840#NzP7emYHjnN,11772237,512837,9086552.9,11327370#SG6qNp4dY3DxxS,-14182629,-6631219,10070115,-4731279.13,-6914836,-5051783,1768865,9443666#J4oLe0xHKA52yNBmmIH
1859,16528720#L7U6GEGxZ6P,4808261,-1773569,-11140370.5,10900090#NYoYqCvAOtytEP,-3280885,7070646,-6758937,14503229.41,10941122,12266831,10074605,15486013#b2ZvaaHYWyuLKFmPZ35
1860,9629171#qUZSqXUT9lc,-16221062,2699076,-12584909.2,2040533#2boRamIKV6M7lo,17064302,14675629,-13050389,251568.57,9722388,5434182,-16234384,6600048#UqcejOSfVOsoCxAVr4n
1861,2675324#rx1uOnA17d6,9949098,-4136563,5395900.1,4005893#jNVP6Rh5XCS77h,-2685214,11247117,-18309705,1384568.52,-11631631,-9646269,2280654,10008861#SPRp7n74CYxSmGbmLJl
1862,2518369#Hbr1iEEWjv5,-6030836,3452837,-7366176.9,11517265#pknzcOSzZblVyJ,-6709864,17990855,-17579525,1069805.08,-14199985,7261047,-15776919,8807731#lfBeLRdJFhEJnHIiF8K
1863,17938633#PySHbhP4x1U,14023982,-7572046,6361763.7,2984428#h8M34icG3sluwG,-12295790,-15921729,14964138,3653682.52,-1715346,-3588827,-10132672,6563803#aKi7AJrASJIILyh1TCT
1864,3660100#C6tYlqvAD0V,-10043160,18143524,12755064.9,3906141#iMOfWGYx8Pk6PJ,-8579000,7633268,17855857,7444025.10,-16360845,-5514915,17596541,11691414#7BKvsC41RD1Vko7uiJA
1865,18456177#00Y93wL3PnJ,13158967,3639456,8824675.4,3014091#vbdPa8qGdpdb0C,2423067,-14975442,-2129712,13427180.87,4238205,11013464,3171550,11963807#p2l9W62wYZeWei4U7Ke
1866,12679318#ELYSGknvz4Q,-8066808,12957246,16101788.0,14177625#92zuhDLhSjsZv0,5516617,15401972,10162345,2673534.14,-7758676,-3264482,5864693,14944511#WfltQNWMHSVTrpk72kE
1867,4879270#BRt6r8EoYdm,14162404,-856280,-14936482.1,17894939#4M2txGwhzdDTtW,1813607,6587581,-5180349,6312517.57,-4239395,13120467,13452179,11234145#gfhuy3PDaccNZZYZe57
1868,12070658#TjXxioFlSYz,14042440,7039690,-11392748.3,4631843#OZ7cG5QaX7bKMe,-7662600,11159248,-13933321,2465925.79,-14184991,-8276646,-17313149,12002590#1TDBM4psxQSL1iDJU8N
1869,17245251#64TWw5WyeUx,-11534434,-13608968,-16496873.8,6558624#lEsplSEGk2M7gj,-6851150,106829,3216871,15948584.54,-10012328,6255570,13669578,8354623#Jz87SD1PrBoIMe7PyOC
1870,3985402#llivzbMkDok,-15874045,12584813,856757.4,16636277#A90WgGZTaLGrB4,17980126,7146572,480783,-12316447.68,-14400324,-10140602,-1144562,13622330#ZOFIdGF0iSJSMpEu1tY
1871,17651305#IbZ5dBD0MiQ,12237181,-15106576,-8729876.2,9227754#F9S8ljqwrWeipq,5454424,-4456676,-11120470,9861798.27,-3894114,-3137938,7747966,18651495#prAeyVstTsINIS8NxJC
1872,4871163#8TfnvxQB66l,8530928,18481703,6354539.0,1818079#5EFmEfGn9Q1SX7,-863224,1949565,-751248,-2133528.77,-10207768,7919639,1432248,13577352#RLVzmFFrqsmrfveqQfi
1873,9581253#SeQi1YuTrvM,-3651479,-8859912,-11932145.1,2848731#SyZI97QN4jkhq7,8194067,-3674305,-6809497,-10838403.67,-148039,12887203,9566204,14719442#ZnMI3jrHKQX12Lrdwuc
1874,17357935#DxkCpDn7X4m,16822516,12357713,8441580.0,4804568#YVghdHosjOwVOE,15045291,17931144,11818749,-16890339.37,1460309,3288941,10001557,12606052#UZKXkWrDSelyN8GHldf
1875,16107302#s4SiSiRTKKU,5241217,15771511,-10640767.7,10347772#48xr4EPwez5zel,16329834,-8244454,-6890133,10245811.69,10233294,13193878,-2175649,3370122#nzFUzM1DAVk3on6DVoT
1876,336001#hMWKsXMZRrY,14034794,9298140,-13642148.6,7690721#6MPf7R2DH93XUP,13290901,11853391,2852342,-15843043.46,13808788,14822751,-14524220,16280207#snmtpYhUDAVPnjAPUnd
1877,6115181#ES9SXiOw0ca,9181254,-864684,6044866.7,2322848#wiM7RQWtYOZjrH,11232704,-9682173,-16279737,-2362576.86,7370293,16995205,-905434,2453363#JcXkLL9N9Lv5hTKPbNX
1878,7304365#i6IEkOWzStF,8543296,11948831,-1405587.7,17760569#VHwxYzZu5Hff53,-880949,13861081,582187,12326821.11,-14233599,8236492,-2297964,10413140#Msdmel0cnwPY7uK3KvW
1879,1594362#PcXtHXBB0jq,-16468334,-7436558,751152.9,5442274#QzEbvzljNQDOV2,8966625,-2171992,-1895812,4987351.46,-5154074,16706610,-6785446,12207154#czUajXgI8wjdn8WC1ld
1880,12100729#MWukpxTZd0m,-8178476,-7475500,12007843.1,5797211#xyjBPxHbW94noq,-11654348,-6742442,-3815174,-16614068.14,-4022893,-1932553,2282243,11515938#f1r4BCrd2GBJLZkGhCz
1881,7107017#Cfx2Nrngjue,2467070,15860586,4061316.8,5642876#OPyfbI6nHMXAVd,14365795,15769263,-18198728,-6123094.66,4599632,9014060,-17974394,10774046#3XI7GvdODL0S4FEnXY2
1882,2921204#utBHIwfa0me,-5707796,10921755,15459385.9,16638250#2ifhq6ej7Eeyuh,1712856,2831481,6317866,-1525267.85,16773488,-9418661,-5517069,1277438#n1tjGojEi3RI6Z8OwT1
1883,9442235#OQf2xKbZ48R,8723003,-11630332,-13938857.1,1731627#7yyZ5xGW28CRuu,12672442,544771,-17543836,-8659418.17,-17577982,10034283,7223878,13731608#AjluUi7FOF3ilV335Xj
1884,16013172#Z0YZVqG45tt,1665767,-3763549,16918128.1,8280579#dEJSlfc9uto6PV,5896179,8243747,3442175,1751840.96,11404082,8812790,-13222999,15171270#z024XudtUa7idlopl37
1885,16667195#OL4jxlEFLdi,-8395856,-11374106,4723663.2,7546454#0iOWOkVxsj6yAY,13977402,17330634,-16871376,17483879.27,-10836569,11068294,-11740496,10585344#Zu94LcNHIClNyTIBnMO
