901,16,1,5,1,2,957,935,1,1729894#rRnVey4gv20mWntiCYKxMbwXVcfRoEDwfCINE,-3891368,6293438.1200,382776#kdflS9cVXR6dogu2XfvU28YNT,-4425831.22,true,3824430.49,3209.26,5181732#1YSQQFZwvgiGaYI,0.3,893115.7200,7799131.940,2017-12-20 08:55:18.000
902,198,1,1,6,1,853,835,1,4120566#qNQ6xqu5YkxeYuIEjcSFcmNuOikZVYAOhZnuU,-4645193,1882476.2200,6518761#n3tCuQeEDPsXnBMwBd007uKcv,-4680938.82,false,-13721.28,-2668.63,2845136#HkNhOXp3untBqiV,0.3,-601196.4200,4399721.660,2008-02-12 23:38:55.000
903,794,1,7,9,11,472,716,1,4292752#w2gyPGSDUadpRIMYGwSTpXzzpYkTZhhr8D84L,8371396,5439643.7200,6982952#pc8UeX4abRai92ExhmDrTAvIC,-4614613.09,true,-8394543.15,-1677.91,7308888#b22FKf6UKyMnzRg,0.2,1057440.9800,-7443252.680,2014-04-28 19:33:32.000
904,987,2,7,1,3,725,569,1,8873913#ubUQmIvWQcM8a5YQ5DZtjT5kpcl3D8yYT0iLW,-1646667,-3995696.6700,550727#OwbZ1kGOLRwAUbdg5sOLQxp2s,-205420.69,true,7472797.77,-2360.95,2471778#zT8mXUIGbMXhJjp,-0.1,1597713.4600,-2798692.650,2014-10-03 02:57:43.000
905,1277,1,7,8,1,774,323,1,3253940#XQAnjP6CmRwVCSXHkDsa0Hv0thMY0sZ8RMi9u,5874445,2326989.7800,3157749#BkRratz1DbR57kerbvhqIqh1Q,2830522.99,false,-8355114.82,-1468.52,8049484#61fJ05HCRBq7E3k,-0.2,3267768.8000,-3419710.760,2011-10-30 01:00:25.000
906,796,2,7,9,2,852,1243,1,600819#LHzGzNhaLCMB1FOrAVFZprqpStCq2skM8kGbw,3241197,-8031053.8300,4202691#2a3Dl1Inz1BhdmWJzs6mrlAHN,2978656.26,false,7913647.07,-480.10,6704496#qUMXmZ6ZJFGIhEj,-0.1,2357467.0300,-4965271.540,2019-02-16 14:40:46.000
907,572,2,1,4,9,632,211,1,2824147#WqmdOPG3QIXNA2Eh86LxlP3EHPsNVsE8OI8AG,-7893885,-2672055.2200,1509349#IIqaMv3jtHuoGV8BhG2ZWDTdA,1284000.84,true,-3588201.07,2665.51,6376080#lT2yiQ8RDZhJz8k,-0.3,1962985.4400,-3561280.140,2013-03-03 03:53:39.000
908,1354,1,2,4,6,331,938,1,8205413#PQ0AZsRbr6jMd55V0TaTgIJFARPXzGu9jkb9E,4614074,-1225551.6400,8998037#CKMayvWkQwX2sIwYCafLsVJWo,6442154.18,false,-6119549.61,-1429.55,8149665#XBgkNZlPUu4OCqp,-0.3,-1478256.9100,5805307.320,2008-01-09 16:15:18.000
909,488,2,6,4,4,278,667,1,1890220#am1lIcjTEIlxG7ECSmfWpTeDWQSFLWxUxaqxy,-2725835,-8935957.0200,6936410#rugrOhHfM0EnqSrm4KFsUhDdY,7325249.12,true,-7158302.75,2648.54,2038744#45o4XJ4iH5ePxGr,-0.1,-1460110.6200,3995454.860,2008-06-03 00:55:38.000
910,870,1,6,1,12,349,302,1,1685179#DWfn8kcv9dHqMeh8d74qYAUX3j9azjbau18JM,849085,-864544.5000,785058#6hyGfvI9yF4zBUhscxToHcbDk,6449676.19,true,8395476.61,-3279.60,3873521#U287sxkJml30oPc,0.2,67580.3800,-1504985.360,2017-07-02 02:56:55.000
911,1380,2,4,11,6,541,411,1,5551534#LNOSgiWUI1HJrKbzOq118ITntQ3KU4H4d4NeQ,-4932566,6006868.3800,4465170#sbLQFS6xHBu4bzanc0ie1HiDZ,-6088440.59,false,-5119501.75,1684.60,2194791#OQQObNrAU0wDYEI,-0.2,1978355.8500,4695852.590,2019-07-27 23:57:35.000
912,705,1,2,7,10,192,133,1,112149#SosAyEJMYMdtjpqKJz2RfKOQ2UsyyPh5MikBO,521629,-3144687.5400,7311035#SBh0GEgptuFmoWfojphxKcmGT,2425176.10,false,-6251717.60,-2693.18,1917649#bGARsf44vD2M1zD,0.3,-1614010.4200,142020.900,2016-02-20 12:59:01.000
913,615,2,2,11,5,250,1092,1,2026971#VxTuwYXCkYutLFHCFLR5YPBK3ULjvUGuXotLb,-8708095,5482443.2700,4351630#gRr4LC2QwNIBFGEzEAos1Ldy9,1697784.32,false,-3991359.13,446.01,8571642#y0t43MqbyuErNra,-0.2,-2684132.0300,1155041.730,2007-10-27 18:40:12.000
914,1414,1,5,6,10,465,487,1,2233475#RL7bmpZNyXc7D5fdfn3mBCz3l6uq21rndiDA9,-7638664,1565038.7100,4510407#oyGJfKsP3cp6UmjxUAOjezGXi,7382262.43,false,4944058.88,-405.41,1138996#5YR3AiGkCuCqTXi,-0.3,2761103.9500,3524462.420,2017-12-27 20:13:41.000
915,978,1,1,10,5,554,869,1,7493756#vAAABqxEfIviUDIpfn1LLYjqWbCiIiroGLwz1,234813,-6855992.9400,4978303#YaO6bP2iF1JMvkaZ5IPGdqsvN,-3703218.46,false,-1414289.11,-1549.06,9001690#tVBLkzp0OK2rsfC,0.2,-1485699.6900,3448187.840,2014-01-22 18:58:42.000
916,958,2,1,9,10,514,667,1,1252520#xuHqHt6PacOfHSQRme4FIhwTWbbqnZIwm9TKk,2864009,-4738027.0100,2088274#cdtDNqqTo0JCE2cgiPoUcqqNl,2869242.40,true,5983223.53,2586.90,7021335#nNesg51y2wxFZME,0.3,-2979901.9300,-4972749.490,2019-08-18 05:36:24.000
917,732,2,7,5,12,33,550,1,2437736#iCCyQRSegNIbRq3cWbN8ZBCqttP6dWA8snn4X,1595809,-4956902.7300,6559080#v3wtluYnlA5uQEJQEQLF4CvGs,-7912665.17,false,1138918.17,765.01,8049168#wuCW0VnyzpQRFC7,0.3,474112.5200,-399072.830,2016-06-17 08:51:56.000
918,201,2,2,12,12,616,1289,1,2074325#s3qbIl2oP4XOSmObmkuleE4vFzCA5dCz2baBd,150364,7987598.8900,882052#e4Mgdmji5jrOUuyDs7mm1hxeY,-3311397.14,false,142124.28,2361.53,9119769#HUJexWBmDmAULa4,-0.2,-612810.7400,510726.910,2010-02-24 09:58:11.000
919,274,1,4,9,5,333,768,1,1330412#L2KZPEILnRQSW13aoQJABVi27h6DE3VPMjMF0,6368125,7843760.5400,5913250#jlg6qqniFEKicudTYSj3XQ41G,-7976015.18,false,-856743.41,-1007.25,1083250#jBMt2mxIMm6ck2O,0.3,1217275.2000,-8496219.450,2009-11-25 10:06:47.000
920,21,1,1,3,5,904,1007,1,5642816#iM5Gy0UsalMD1kCDWCmW0oLjAlDtXgOSfdK5L,8822529,-8548590.0000,3691800#3jN3TWnDGd2aDLkBFlwwqASE8,-136833.86,false,-851365.27,-2306.07,3636627#Zx4T4mdJQkKdQbn,-0.2,2232651.8700,-6943576.120,2014-12-14 14:18:16.000
921,531,2,7,2,1,104,495,1,527941#NBAd3Kwg22lZ9MAI34X2xiA5gV42E46E8Cu8o,8891718,167686.1300,5602376#3dfBkRbb0QLNuTZFG7vq42HIr,6622850.76,true,2225000.43,-650.69,2760489#tTNzp3ZI6faqN6T,-0.2,246658.2300,-13552.210,2009-08-04 11:01:35.000
922,1299,1,5,11,4,792,185,1,3102121#RTMKgUsMbB00cYPX282Od7DCA4DLXevue0PoQ,6053585,5222086.8800,6292597#dfSY5AyT27ikcQYj3PjN17Lp4,6327072.74,true,1917014.47,-596.43,3025688#WIMXKc8CR9VqtUT,-0.2,-3449733.7800,-7116371.420,2017-03-13 16:05:21.000
923,605,2,5,2,1,102,1179,1,2802996#Jj7NbGKelr8y4aYcrC4F2Ghyz7wjWdmzS2Dks,2017659,4989159.4600,7033388#yHgs3MiZzs5eHeqyEJSFX3buc,-2314500.07,false,8629536.31,2685.63,2061408#UcHQ4CNkZetRcHH,-0.3,2290770.9900,109500.610,2020-03-04 22:51:18.000
924,1199,1,6,11,11,785,464,1,2711770#wlxhZhPKPkmmdE9UlUA8De0N67Z8WhsM5pBeg,6663792,-3719925.6700,9203062#lGiZkcUlhPGtCVt7bRevC4L7N,-2033984.78,true,-6011903.91,1047.27,6364205#ylQ98pOAdCArSyU,-0.3,1213617.8000,3373064.890,2012-11-18 04:36:03.000
925,952,2,5,1,1,111,942,1,1227352#spy65wfA8MtyRUB40Q0IhcTFk8vL1JLqXbBGC,-7217834,-5881004.2600,5855464#dlD5Nc73JUEw1Z54HmKdFEIJb,8500484.44,true,6077102.33,1013.48,6327682#0CDyjb9L7EU95PD,-0.3,819734.8000,1194444.750,2015-03-16 02:38:03.000
926,418,2,2,11,6,500,621,1,7744011#jyJXS7qrUM8tKT3MmRvxNfRZoOyh647PlkQuB,-1334537,-3079836.0100,6715865#NfZgKu4DLdbWuQdkRKuMSAJ8j,-4156717.99,false,2152518.88,2522.66,4279790#cvqXgJv5MYiRE5Q,0.3,1010915.7600,-7515968.930,2012-03-16 03:01:44.000
927,130,1,7,8,11,355,446,1,6576003#QnNLmAWiCY77FMMgHXaVdPRPmYTIG1I7sKi2J,-3974032,5931560.1600,5508910#iihiNnUTkuleLMFvYWdJi5Up6,-5543521.42,true,4140001.69,1019.13,5933081#m5uqDfxWJn4Ltf6,0.3,-533152.8600,-9153192.760,2014-01-22 02:24:19.000
928,969,1,4,4,10,135,130,1,6295850#KdOadPYzHM9UPojsqPxjUCe3AxcRB8drnvzoi,-6287398,-5572508.8900,490197#F5L2MRiprZwtC1pXyE65IiHLH,5433479.83,false,-6490133.27,677.53,5550866#4rXUPde8ke9YBjk,-0.2,1053831.8100,9213898.070,2012-04-16 16:39:07.000
929,1209,2,6,7,11,242,423,1,1223660#QF1ajuXqMas2WdjkI6JoY5d4PYYm6lI73rCtC,3407487,7032134.6700,6644700#MaS23mufSNdVbh29vyqWqedvp,2208627.87,false,5033089.45,3160.21,1692894#nITZ1b1EDWQGnE4,0.4,2042537.3200,8727173.880,2016-12-21 02:35:58.000
930,1180,2,7,1,11,53,897,1,6251231#jKzIp7iQ0JFwrHHNnzAlpBEMQYVkiBK1WyJWK,-4357481,6075289.3300,2924322#gmx2huUC28pUi3lHgkWjAsbH3,5631055.56,false,-7277830.65,1558.49,4224180#tJ2Rqd2G1MLfx8P,-0.3,-1660858.4700,816209.370,2009-01-19 09:14:40.000
931,813,2,6,5,9,789,1219,1,862718#WnjHZJHGnB1AUMHy17C5Bq6CStz8URqY6ovGR,-5926565,1063938.0000,3269338#oEN7pJ1OgJM5VcH6gKcVg5JHM,-3964621.78,true,8802688.23,1980.09,5997935#WiuW4y2WfIZn4y7,0.3,-887303.4100,5225055.040,2010-12-16 03:21:35.000
932,647,2,4,10,4,20,496,1,6887572#Vcz7PTj9yy0YU2IuBLYmjFp04jgVLFnRTpRNA,7404663,-5628804.9100,7496417#uLyqJaOuLdfE6wQN7mTOSlDdb,-2946576.89,true,7246489.61,-2123.24,9206552#9WK88jTjZOb2wW7,-0.1,-2915550.2600,978250.290,2018-06-23 10:08:30.000
933,1356,2,7,3,10,390,395,1,5778953#1s6HgkF2SoD9NlF6F6DufKHrlnRPTYiaPZ8aY,5548258,-3734650.5000,904072#hkWgbycmdUzR4VkztCxZxt8vo,-3619403.74,true,3758502.07,1420.38,6971181#3nAYxthSQObUfBR,-0.2,2324015.8700,-2299714.500,2019-07-17 03:11:46.000
934,492,2,5,1,10,107,1059,1,6657608#qihG0eONbHCs93u5fjmUw2cfCpiXOH29XuHUo,-3356281,-288425.9200,2097769#VFCTg5jkAILUSIv0CgSr9g6rT,-8449715.93,true,-1009889.98,-283.01,3441432#FDySROuUrJGPrZY,-0.3,2541306.7300,641856.040,2010-07-06 06:56:08.000
935,1026,1,1,3,4,772,830,1,6229610#8J7nXG0k9BHxIt00Fjc56ruZ2E3wPu7JRE8M4,9025837,-7387803.7200,6994804#b3e7Vs10IesIeJgYYz6q1qd4l,-2748403.80,true,2384073.97,1567.37,6192757#aZtvHlImtzvAnod,0.2,-2046557.3400,-6167877.460,2009-10-04 13:15:07.000
936,426,1,7,7,12,1011,677,1,2224962#lmI5RudyAf0Rao9os7JAbs4NKr5iP9ZBFNQtK,-1542102,-1414939.9800,6304217#vPGSp08adJccP1opTvQvpGped,-3269489.86,false,-3698585.93,2731.61,7401567#5tfgvVKaRhkM3gu,0.2,32789.8100,-8798043.200,2014-02-14 02:24:02.000
937,335,1,7,8,5,261,1105,1,945750#e36PJMCh0meIwvynZqL44ITS0HQBmIqpe1XJ0,-2025197,-6639964.4600,2840187#HrtJtqjWieCmzEfLD5lCf5G1S,5469520.42,true,1161955.58,2439.03,2368681#NMwnMhsInfhqcId,0.2,1794039.5400,-868809.400,2014-11-24 21:22:43.000
938,979,2,6,6,12,595,1083,1,4388967#sGXYcYq8Da4bKtidCFxSpyJFQDEkObbH7TjSN,3949858,5073247.9600,5678994#j6NEfbKMBAHuEaSBbvwcVlh28,-4644870.68,true,3698867.25,2227.35,8161006#Ef8bxu8WfXWKYiR,-0.2,-471077.3300,5157296.190,2014-10-12 01:30:30.000
939,550,1,2,7,3,274,479,1,4745073#wIStA4mmuNYGvcQsKmWcUjfGjjECmEd7MYqHm,8315284,-3991949.1500,6089769#VFCTg5jkAILUSIv0CgSr9g6rT,-5035835.22,false,7253221.62,1354.96,5699585#luz1TfjFF0wrkZ5,-0.2,1250663.3000,4409845.520,2010-11-22 03:52:35.000
940,119,2,6,2,3,788,479,1,7941649#bhB2OM0vuSmmiblOK9e2PSQC15PdXMkosq2IL,-1554332,8931183.1900,1118485#A9UDO5yWlgn0U3tqc2AEXBYWD,-1519731.27,true,6038430.89,518.80,4469523#ZohG3ehnAh4kSg9,0.3,932861.1200,-4867120.990,2010-10-27 16:26:58.000
941,550,2,2,2,1,938,558,1,4800142#KlwuKZelXc6XA1eg8yFU9A46ijaMi2GQgBh20,6631440,-4876130.7400,4987198#CK4Dm7RgeXJGlDgIE63IylzhB,-8525166.35,false,6637906.00,999.59,7891531#xrRyE5FgCTCsiIU,0.2,2354763.0700,-6468465.840,2016-07-10 08:50:08.000
942,646,1,3,11,2,627,379,1,27447#XVviFYeKdoLAtLiVmPWk2guj0z5vfgT6IC8GU,-7638453,6008315.0200,4482437#ITuZylZ0f3qZhtkztC61FiQeS,-3608790.26,true,-768731.75,698.73,7533173#ygF9vNl6hLmaUZB,0.4,134012.5700,5934935.150,2016-04-25 22:22:44.000
943,1035,1,4,7,6,611,98,1,7983393#iW0euYIoxy4igQHk0MlUbhh761lFqJpUxVhQO,-1666434,6628502.2900,4502867#DoEQFgMIgYX5JG3owrvrUjD0n,9429009.80,false,6163138.01,-59.64,2290364#yRGWLuPUno6bYQH,-0.3,239042.7000,2353797.920,2015-08-22 13:36:59.000
944,1305,2,3,12,12,109,281,1,5504838#9wzwQS0TtykDDmozGRPRxyy1xlqO8b19kJaBd,-7311772,-910470.2700,5821923#xElUaYTq8ZBvCTFpxtu7XuGCF,-2906044.81,true,3119212.16,1925.42,3443998#EKTtlOA7cCqcWU8,0.3,-2146299.2100,-570447.980,2013-05-31 22:15:34.000
945,1416,1,7,2,6,370,928,1,7646418#qmjUeGnhiruvLWcvcs7MNEIXAkFgPlroyuCmo,5431042,-9324035.5000,2770567#fOUzzAYIyIwuMnZdudFtzdM6D,-5845420.40,true,4074722.67,-2537.04,5541382#7JPRSvzkUrnTQi1,-0.3,-2670031.4700,-4997807.210,2014-08-01 17:48:19.000
946,1009,2,2,10,2,208,467,1,3266664#FIhr4HXrsiNZQeIFKiJnx2H5HG2GIcf7yYfzU,82320,1826453.1000,7613929#zbsPEeFTPKfwzudnzplKFU5No,2479049.05,false,-8628361.70,494.13,4042856#skpFPdj5GcsVxxy,0.3,-408349.9600,9294889.910,2010-08-26 03:04:10.000
947,1336,1,7,3,12,24,1137,1,5934948#fPZkHyDIbTbHhRL3Pu0xZrO8XqMhDuCYAWP7A,1424001,7116275.4100,4665407#oyGJfKsP3cp6UmjxUAOjezGXi,-8477208.11,true,-3075133.50,913.76,1670164#8pJBR1XFurCo9t5,-0.2,-503605.9700,-8547046.120,2010-01-05 18:15:51.000
948,825,1,2,11,6,916,304,1,7091831#0Tp8dJkNYB1CdPTedXQ4j4rfgoC27RFAqdhBY,3493054,3071976.9600,2611306#OS9qo73xxTImLj6UIpcqI8cCX,315496.22,true,1365099.00,2391.93,710234#YH3O2C4eftNj3an,0.3,2501411.4000,8175648.560,2009-05-19 17:56:23.000
949,904,2,4,3,3,169,253,1,606025#Y91dIMAL7VWue1hHgwtTATt4OqhLUJojO9mjY,-1029729,8458442.3300,7284498#1m2TzAyGNCxh1WP2DWCRbHifK,-5187123.37,true,-7840457.83,-423.66,1758683#Hlp8AKHEKGINAx1,0.3,662813.4100,-8505111.450,2013-01-18 00:49:04.000
950,601,1,2,8,2,869,1261,1,184499#6HtbG1D2QTTSWyQcrKri9M6mTOS0cFoFeG7MP,-2850473,4481683.1000,4297820#MLqq1vxBYwdyQlxhxe8oiMMc2,-654592.26,false,4989401.20,-3155.34,6816675#mv55HDhH4reXYqJ,0.3,-744322.9500,-1435049.900,2015-05-04 04:58:54.000
951,525,1,7,5,6,210,626,1,1825863#oDoU6yLnDHmsbwFYsiCZBfjmKLMPA7s41OyA4,-4107518,6642730.1200,403636#cSjRivRjapSmJcvtBwz3o5aZW,-4671660.22,true,4036928.99,3393.26,5468749#rcgiAjNajy0OIkN,0.3,942808.7200,8231487.940,2018-01-16 13:24:01.000
952,107,2,2,10,5,663,384,1,4348697#XIXYBtA23hkxlvCXVzsuKXEOgo4VwPjgPiUK5,-4902776,1986717.2200,6880098#7ls5TOue7G1f4sKGYBOusYY81,-4940963.82,true,-14279.78,-2793.63,3002813#UV9RyrbWiKFuW2M,0.3,-634674.9200,4643288.660,2008-07-09 03:16:17.000
953,719,2,7,7,2,458,873,1,4530107#bLNDbf4u5SHjTlpqAsQbSzQpcrtWikj4gEbDg,8834376,5740736.7200,7369491#lPua5NjgBEr1t1uq4YO8W0Ng5,-4870486.09,false,-8859342.15,-1776.41,7713586#0KyDU2H5epzUb8M,0.2,1116216.4800,-7855474.180,2014-07-09 10:51:51.000
954,1014,2,1,10,9,85,42,1,9364327#PT4Lv3TNft7sFA6d0ts23Esnz1SntZg4dId51,-1737342,-4216220.1700,581152#rb8mMVRlOZzJ2LZQDE7NOOm6B,-216464.19,true,7885879.27,-2472.95,2608156#7kg83XbnTiWW6m7,-0.2,1686632.4600,-2953028.650,2014-12-08 13:24:00.000
955,804,2,5,12,10,652,1266,1,3433507#nvLpDgCdvcZwcXJS4uR3Sm3qvLoZ0R4J61NdA,6198520,2455495.2800,3331966#GwZWreRekxIq0oPahmGory0Qg,2987352.49,false,-8816897.32,-1525.02,8494118#fNK9vLqg0gvbr9E,-0.2,3448786.8000,-3609184.260,2012-02-09 05:29:21.000
956,933,2,3,2,2,582,1174,1,633491#ptXNyW26oYPxYzZZLT4wH8AMsnyLolShAVvVQ,3420535,-8473882.3300,4434457#cmHj7rQ4WznxOOirQEfSdv0Tl,3142959.26,false,8350077.07,-482.10,7074088#n5IkMwOjNpKjz44,-0.2,2487454.0300,-5239441.040,2019-03-01 17:50:30.000
957,403,1,6,3,3,818,969,1,2979710#YNQsEyPVCcNDGh5HKIn1lCCGV0iGhXOiC9Doj,-8328898,-2819539.7200,1592206#x9KoHcWpmURhRHGtMUJzmEr8j,1354558.84,false,-3786043.07,2824.01,6727457#eYhcKzSZULDuchg,-0.3,2071148.4400,-3757691.140,2013-05-28 02:15:00.000
958,34,2,7,2,4,240,399,1,8657054#2ujr0XCvrjZxX3AWpfBlfrk0j40GoycOxCjNU,4867974,-1292981.6400,9493125#haPhc9TmKae2JSsgRTGauIlws,6796754.68,false,-6455994.11,-1510.05,8598199#elTJbP1fwTatngY,-0.3,-1560190.4100,6125259.320,2008-06-06 13:37:03.000
959,1185,2,2,10,1,1001,248,1,1993669#IEIIW243lIOYbAiFYfM7vNIRWq1317zb9NsUT,-2875260,-9427109.5200,7317723#0h7HEOuI6X8PTTO1c34w3Mn6S,7728345.62,true,-7552019.75,2806.54,2150624#7oIGR7BI6OUOg1u,-0.2,-1539897.1200,4215376.860,2008-10-25 03:50:56.000
960,706,2,5,5,12,628,271,1,1777516#AZhmihuf21OXX6VRAYoKwgznBVmvcbERXgcNb,895660,-911892.0000,828184#sAcGRbS8GDm7wIT7TT6sR50WG,6803596.19,true,8856481.11,-3437.60,4086125#qEJaPdFO89C7YKK,0.2,71543.8800,-1587735.360,2017-08-04 05:05:48.000
961,81,1,2,1,1,891,1094,1,5856184#6UmsHQuwtuEJhPnbvMXpvQNZGmpwzEwnWKMIC,-5203459,6336820.8800,4709974#tcVjvSJLI68kn4bVlfkghaVSN,-6422791.59,false,-5400827.75,1758.60,2315003#7b0xJiKMyy1eNsy,-0.2,2087480.3500,4953154.590,2019-08-04 18:17:24.000
962,232,2,6,1,11,623,1306,1,118029#fo76gE2RXcvtWU1huCNAg7xeXSQbN05XTrjAN,550504,-3317113.5400,7711743#us7VKQSrp6sZ4eLXjiggTmMe7,2558644.60,false,-6594177.60,-2861.18,2022237#tkbvHfWxR2EtCmo,0.3,-1702284.4200,149504.400,2016-04-10 08:56:05.000
963,161,1,2,7,8,912,41,1,2137878#NioO06IxgP1ZZsqWpTXG7wPPxRwYBdUVRn61E,-9185495,5782957.2700,4589821#7ZwH2aXR7D1yK55XoR0fgWGA6,1790489.82,false,-4209785.63,476.51,9040635#vCmACcbAn68kriv,-0.2,-2830767.5300,1218254.730,2008-03-27 15:35:17.000
964,931,2,1,7,1,870,806,1,2355650#82LvSaB7GPvLTmD7VjoABtfqNq2hCs4UgiXBA,-8056614,1651106.7100,4756771#2Hd5VG1lJBaY1ce8efX6Yf7Jf,7786182.93,false,5215025.88,-407.41,1200859#mxdo2WrTJymg5yb,-0.3,2912235.4500,3717126.420,2018-01-24 00:22:55.000
965,1033,1,6,12,4,637,499,1,7903233#93s96RSXee9jzE3rye5bYxagedY4XQJNXMPAN,248188,-7231023.9400,5249881#hTDNiGckXMJVOgQOyRGwuCrEF,-3905041.96,false,-1491202.61,-1652.06,9493368#WcdEHJLrQ4e4Z2k,0.2,-1567087.1900,3636345.840,2014-04-08 05:38:57.000
966,605,1,3,12,9,256,494,1,1320411#34Q8FQpXss8gZUWUin7BykNPQJvzZABf4QhtW,3020584,-4996915.0100,2201926#TNpKk5u1WFvVXVsOwiEMxCcvh,3026156.90,false,6310318.03,2722.40,7404195#gk2Gq5cTBcLbRHl,0.3,-3142214.9300,-5244024.490,2019-08-25 07:24:56.000
967,611,2,6,2,3,447,343,1,2570166#fsTboiE54WGMit1mgXoU7zGyUJwx015f82F8F,1683109,-5227463.7300,6916460#tllZcTH9dvfrMLJE2RNLA7uiz,-8344541.67,false,1200891.17,824.51,8487892#xBeKERUq46MkCso,0.3,500054.5200,-421295.830,2016-08-02 09:37:43.000
968,771,2,5,6,7,656,538,1,2187013#cWX0IBKRewqOZwPExmWU5952udKbVeCEBnAgm,158339,8422209.3900,929587#Xk7u3NyrhoXxgLwt9JyOYFbuS,-3491849.14,false,150134.78,2506.03,9616313#dptByIHpOw4NIcN,-0.2,-646684.7400,538648.910,2010-06-28 03:19:17.000
969,1190,1,2,9,8,117,614,1,1402380#RzmLwmMeYos1ChHPPmKAeP8g0c3t0CLXpT4Rm,6715000,8270284.5400,6234864#TEpiSiyjyyR9mSSRwAcffSWUA,-8409911.18,true,-902867.91,-1069.25,1141652#XLKFjT0m31SCaQ3,0.3,1283112.2000,-8958933.950,2010-04-01 07:05:48.000
970,520,2,7,2,3,194,751,1,5948999#h4wBiMirrccrljBM3plH3IxGYempJ78yAlknF,9302360,-9013477.0000,3891975#tAceGyBfA45I7XOVmpVxGdHkz,-144792.86,true,-897703.27,-2439.07,3834185#58QdjAGpwo5qnpz,-0.2,2353537.3700,-7320466.620,2015-02-17 07:16:28.000
971,1258,2,5,10,5,424,1037,1,556602#JTfiVFyE2Kfzvj26X5GFkvaFXGE1VYjTdBDIZ,9374268,177144.1300,5906125#haPhc9TmKae2JSsgRTGauIlws,6981862.76,false,2345856.93,-707.19,2909829#OM3yUxIyn1mhi9U,-0.2,259672.2300,-14818.710,2009-12-13 07:39:04.000
972,1028,1,3,10,3,950,37,1,3270052#ujAE7EtvTrPRVLyNO1EMqB8YgtSdE0NcGCcSy,6381860,5505633.3800,6633677#vq6GcZPVK4dy2ZJRWU8tCg9b2,6670264.24,false,2020479.47,-606.43,3189581#ROzYI1N4gTbGx3W,-0.3,-3636488.7800,-7502397.420,2017-04-19 18:13:56.000
973,812,2,2,8,11,838,35,1,2954802#232kpAfVt3yHvqZBBprwJk6uBfKzTdSJ0UtY6,2126446,5258889.9600,7414278#tSUgyb9AoNPFaJGKHN8PYKbFH,-2439364.07,false,9097279.81,2821.63,2172703#rZ8YsVtJEhAwJVO,-0.3,2414833.9900,115808.610,2020-03-05 07:25:26.000
974,210,2,3,1,9,393,46,1,2858457#4REPLUDYt0h1JKkKHhwhCbQVJD8K4bULQJeMH,7024617,-3921664.6700,9700846#twUX983DnmjzXLFCuX08Udr3q,-2144568.28,true,-6337528.41,1127.77,6708580#GKIx34NZhl3x4KX,-0.3,1279152.3000,3555228.890,2013-02-16 15:54:15.000
975,478,2,7,10,10,322,709,1,1293205#HN1R1OAFWvoqgr4fUZZ56OppdhwYYDtBNrP83,-7607897,-6198987.7600,6171752#BDl8Cwmd2uApsXoiQ4vPfcg2l,8960328.44,true,6405819.83,1086.98,6669560#5Ib2ZZJr2kKEHgz,-0.3,863837.8000,1259201.250,2015-05-16 22:30:36.000
976,1428,1,5,10,3,972,630,1,8162106#9K0mm07LoDGx48T7jc989AG1iDsprW0gf1Sd4,-1407037,-3245689.5100,7078100#NkntO19g1hwl9GvwwD5osUCop,-4380723.49,false,2268994.38,2669.66,4510875#2tpASnKFy6feIet,0.3,1065759.7600,-7922312.430,2012-06-23 02:08:26.000
977,967,2,5,2,6,250,830,1,6930373#byOLuCKutNNX3Kz0Gj6cI8Hv8pKBH8GyTwfXZ,-4188132,6251515.6600,5805881#hTDNiGckXMJVOgQOyRGwuCrEF,-5842724.92,false,4362839.69,1047.63,6253039#5yOgkCkqmI3lvHn,0.3,-561506.8600,-9647021.260,2014-04-08 04:22:07.000
978,712,1,1,3,5,368,387,1,6634584#tGEHFCj0B7cGNKXfOAmQG753RDne954pQheg2,-6625760,-5872450.8900,516078#ytCrpnP4quaIT1IkEjFb2ECvG,5726548.83,false,-6839893.77,710.53,5849791#OQQObNrAU0wDYEI,-0.3,1110417.8100,9710521.070,2012-07-23 17:17:13.000
979,1083,2,3,2,8,402,917,1,1289392#GvGFLyQeYsltPcu9EPtMkZsRl5vLKtYF731iG,3590887,7411136.6700,7002318#6iB4jpmQVoFtUAvsrWuJMBqzP,2327755.37,false,5303501.95,3319.21,1783826#ZicuwUqdMxM3zyT,0.4,2152329.3200,9196538.880,2017-01-30 04:14:00.000
980,436,1,5,7,3,452,780,1,6587062#s7EUYSmzZfcEN1as072X5yCCUrx9gYrmMPDWe,-4592159,6402380.8300,3081017#4hQMIp5LH4weUJkNXeAFu0bou,5933956.06,true,-7669394.15,1646.49,4451140#lyVhpvxEG7PYwub,-0.3,-1749849.4700,860470.370,2009-06-06 17:43:47.000
981,635,2,2,6,6,721,1094,1,908716#SWL3hIRt25koRyBxRxgAVtQwzXrUivdSBu6dv,-6245240,1121424.0000,3444512#hV3MvC7ll5WRIuFS8UfLNdjTf,-4177911.28,false,9275946.23,2082.09,6319742#grZmZWOcT13hAS5,0.3,-934512.4100,5505342.540,2011-04-09 22:31:30.000
982,318,1,3,6,10,669,692,1,7256739#6xcAsQId79qSnVkOfXaCYzk3d9IVokTybarFa,7801638,-5931001.9100,7898487#Mf4KYaWIvNOjKN1uOfLzvU1fC,-3104199.89,false,7635340.61,-2244.74,9700264#z8jZXjB94iYzmP5,-0.2,-3072339.7600,1031152.790,2018-07-14 21:19:05.000
983,791,2,6,8,10,605,140,1,6088498#pEpnE6FMzQxReuoWEMNLi0KyBbD8MwKSzkfEq,5845408,-3934431.0000,952209#zzxH7eG0zA5gfaBOOaSUx6dGc,-3813476.74,true,3959714.57,1515.88,7344335#nNesg51y2wxFZME,-0.2,2448663.8700,-2422782.000,2019-07-25 09:11:33.000
984,554,2,6,9,10,170,493,1,7013528#A5m9HlRBfiDwFgYFhNbcNaqukNcW9r0Afcd0Y,-3536181,-303802.4200,2209905#pXsOn79NlgziUs78mgWAtdZ32,-8902095.93,false,-1063475.48,-308.01,3625565#zw8VeVz9OPHDfsE,-0.3,2677242.7300,676071.540,2010-11-03 20:51:08.000
985,172,1,4,8,1,518,725,1,6562509#eHyV7TftvOBOdrLOEWFMXfkoFRXF0VJm2d2rr,9508062,-7783032.7200,7368688#GqpKhxVLP4Cqf1d6tlgJZkKJT,-2895609.80,false,2511266.47,1673.37,6523843#bqpBmjIc9WioN3w,0.2,-2156448.8400,-6497456.960,2010-02-11 13:52:29.000
986,532,1,6,4,7,489,690,1,2343753#AA6njqArnb8EDOnD3bNoakt8V8b4kv12QyfMA,-1624621,-1490419.9800,6640576#8z5kqT0doBatR2M25k0jTv22W,-3443764.86,true,-3896128.93,2903.11,7796791#OQQObNrAU0wDYEI,0.2,34264.8100,-9267671.700,2014-04-30 20:44:50.000
987,616,2,3,1,6,350,1298,1,996137#6fq4KbHvk6yUjDhsedx363vz4RyTr0kuvzCyQ,-2133335,-6994539.9600,2991497#wnRJ7Dg4td23WSbgNgGe81jH2,5761041.42,false,1224274.08,2581.03,2494764#FhJRWyiykcFg3Qf,0.3,1890223.0400,-915269.900,2015-01-30 00:30:36.000
988,636,2,1,9,6,352,436,1,4622753#AA6njqArnb8EDOnD3bNoakt8V8b4kv12QyfMA,4160911,5343486.9600,5981662#FzuihZnVFAt1MmLGy0FtOI2IL,-4892741.18,true,3896489.75,2324.35,8595561#k5gVK7rXhyZnmOw,-0.2,-495667.3300,5432193.690,2014-12-18 17:38:54.000
989,107,1,4,4,11,109,6,1,4997490#1m2pU5RJCeC0jovSYihdF33UorMFp1IPmynTL,8757897,-4204134.1500,6413821#7ZwH2aXR7D1yK55XoR0fgWGA6,-5304500.72,true,7639200.62,1441.46,6002606#fAUt1aKncuJAWUA,-0.2,1317162.3000,4644899.520,2011-03-18 09:46:32.000
990,912,2,3,2,8,978,1237,1,8363940#XQAnjP6CmRwVCSXHkDsa0Hv0thMY0sZ8RMi9u,-1636757,9406427.1900,1177948#nKSnyxpNl9EPWN2V2mrraQStO,-1600795.27,false,6359175.89,541.30,4706964#IOQsr8UTLczQpVX,0.4,982544.6200,-5125558.490,2011-02-21 21:10:03.000
991,1182,1,7,11,7,504,178,1,5054877#syC6pSDZotz4eCFiQirlLqk3vYE1sjCJKKlyX,6984040,-5134758.2400,5251852#hLK1bsByjFsRmPcJD0SITh3n6,-8977952.35,true,6990401.50,1069.59,8310846#reTxhPnDKmRpi8M,0.2,2479535.0700,-6812188.340,2016-08-25 08:51:23.000
992,935,1,6,4,9,286,804,1,28785#5QTBG8V08i99eSGEMvdMNcdBnyJ6o42tc2bdi,-8043466,6327303.0200,4720292#zrUGVsq0pGPDjziSviUxesdeE,-3800638.26,false,-809460.25,760.73,7932759#XvoUh8V4t6yNQLX,0.4,140692.5700,6249794.150,2016-06-13 13:09:29.000
993,373,1,3,7,3,5,903,1,8406557#IEsRGDF1qOnOmcrMvAl5b9ABkOqaeSbB0pZAB,-1754340,6979742.2900,4741353#jo7LnIAz0JNOqsIvzovAOHlyo,9928520.80,false,6490002.01,-54.14,2411470#m7RYC4fD22Wvphy,-0.3,252213.2000,2478622.420,2015-10-18 16:38:54.000
994,704,2,6,10,3,332,865,1,5796133#vlQOadXuNAjQZqKiM0d9b7yWnu4b3HrWP6hAQ,-7699047,-958574.2700,6130284#mzgYMnz8Tr4TqG4fnsP7dKkSX,-3059837.81,true,3284692.66,2005.92,3626338#XrN8DIAG49mFZZx,0.3,-2259986.2100,-601070.480,2013-08-24 23:04:16.000
995,656,1,1,1,3,672,649,1,8050959#vCk8vtnrS7HJZwatWsUIzcPxo7TbCWeXu3pgV,5718667,-9817454.5000,2917021#2pliEtE58DmaR2Bq2RQ8U8m6C,-6154855.90,false,4290185.67,-2678.04,5834201#CMd9YQTKAvioGw7,-0.3,-2810872.4700,-5261904.710,2014-10-11 04:29:21.000
996,1062,2,2,8,8,456,421,1,3439116#WVKoPsNOknlqpAdRnjLFaIdgLlmAtptWem9wZ,86720,1922953.1000,8015846#twUX983DnmjzXLFCuX08Udr3q,2609642.55,true,-9084753.20,505.63,4256417#KeeCxktFw1zFqjs,0.3,-429728.4600,9786604.910,2010-12-23 22:56:12.000
997,299,2,6,10,8,560,879,1,6247884#800H2DhOq5woZb9omT5NZXWQH8TU3hyi8JG3i,1498819,7491918.9100,4911607#xddqSbk3ZSrEw9negNw5S3WpI,-8925288.11,false,-3237144.50,954.76,1758068#5HU5JH0xul8Q0Kz,-0.2,-530325.4700,-8998776.620,2010-05-13 15:45:04.000
998,735,2,7,6,10,857,74,1,7465702#GBc49PKBxJLj7zycfMUNgyN0GjdubJCBE3D0W,3677123,3234154.9600,2748838#QsGZ3J41foxUL5lgMBgXATxGl,331953.72,true,1437168.00,2534.43,747299#yqEpDhGlqrjrdOc,0.3,2632924.9000,8606672.560,2009-10-02 16:11:42.000
999,281,1,2,6,4,96,1114,1,637828#MxdOfQQFA9fgu0TyFF1YZnM6pc9PgPXkGD3yc,-1083749,8904481.8300,7668244#zYvzMqsICoxcQWwhGWqN6lKCg,-5460419.37,true,-8253429.33,-426.16,1851287#lfaIHjCcrfotRWy,0.3,697862.4100,-8952865.950,2013-04-17 23:13:54.000
1000,960,2,3,2,11,870,22,1,194050#iNibREExdKdUYMMJXHOqkaaqogT69tCKuF2Cb,-3000498,4717748.1000,4523590#jMFtARZeGT4FVF30RHUIGWlQt,-689100.26,true,5252405.20,-3310.84,7175071#mKLS0IePNRAgy0P,0.3,-783652.9500,-1510167.900,2015-07-04 09:49:47.000
1001,1034,2,3,9,10,474,317,1,1921831#0Tp8dJkNYB1CdPTedXQ4j4rfgoC27RFAqdhBY,-4323668,6992022.1200,424497#wnRJ7Dg4td23WSbgNgGe81jH2,-4917489.22,true,4249427.49,3577.26,5755766#16jwtVbiTr3EZaH,0.3,992501.7200,8663843.940,2018-02-12 17:52:44.000
1002,16,1,3,2,9,473,1247,1,4576829#Oxxwy6bXNhtH60Ycv7p54mG6EiuHRJnej73j5,-5160358,2090958.2200,7241435#XZ0efkWzSnKLCJOEjZ1djgGgZ,-5200988.82,false,-14838.28,-2918.63,3160490#7tghm4j7bgjPbQu,0.3,-668153.4200,4886855.660,2008-12-03 06:53:38.000
1003,644,2,7,5,5,445,1029,1,4767461#FhAHeNneuz2UpneKljilNFlHT786oXYV3lniR,9297355,6041829.7200,7756031#1jVzwVMhlSvoZV2hGiRzLApop,-5126359.09,true,-9324141.15,-1874.91,8118284#uLvi5ueiVuA0yhh,0.2,1174991.9800,-8267695.680,2014-09-19 02:10:10.000
1004,1041,1,2,7,4,456,829,1,9854742#q4pW8dkqFOdMrSGwNL1ZrjcO4XQoSfzntXxXa,-1828017,-4436743.6700,611578#CLalvdq4cS0CpJkZPdqOFN0Sb,-227507.69,false,8298960.77,-2584.95,2744535#N7a21qnhV0WsUQJ,-0.2,1775551.4600,-3107364.650,2015-02-12 23:50:17.000
1005,331,1,3,4,7,530,895,1,3613075#F1xMstsdbQz62u1Z7iorXmLe4WjriLzCGzJo2,6522595,2584000.7800,3506183#YMm2gnmJ7RwlqEozJeY5wfqEQ,3144181.99,true,-9278679.82,-1581.52,8938752#AhRMTrnWj3PklGV,-0.2,3629804.8000,-3798657.760,2012-05-21 09:58:18.000
1006,1070,2,6,7,2,312,1105,1,666163#d5c6g1XqrqgQoFa3lqYMfxwolXNZTPkta9xb4,3599872,-8916710.8300,4666224#ZN1WXKrfHmU069PXtBMaoI8vD,3307262.26,true,8786507.07,-484.10,7443680#sQ3wIesGDxHz4np,-0.2,2617441.0300,-5513610.540,2019-03-14 21:00:13.000
1007,234,2,4,2,9,1004,413,1,3135272#C5GjYKgqZVfMeUGZEVaBOWFdz1BqPhFk2lvRs,-8763910,-2967024.2200,1675063#21upqW9E8pc61JKp89MwzlvUQ,1425116.84,false,-3983885.07,2982.51,7078835#bHsKo7eEffkGMfZ,-0.3,2179311.4400,-3954102.140,2013-08-22 00:36:20.000
1008,194,1,4,12,2,149,1174,1,9108695#7qFzulYpKO90sEN5cDmw1Mw4PM4VjwbrMkCSY,5121874,-1360411.6400,9988213#XuMelNgKPoMHp6rMgypeGZVxp,7151355.18,false,-6792438.61,-1590.55,9046733#4lDkTVhRMQGBt79,-0.3,-1642123.9100,6445211.320,2008-11-02 10:58:48.000
1009,403,2,5,5,10,714,1143,1,2097117#OrJhf2IU4zCy2cWuK1lXAn3ldzcVu8jlSVWFh,-3024685,-9918262.0200,7699037#CKMayvWkQwX2sIwYCafLsVJWo,8131442.12,true,-7945736.75,2964.54,2262504#dkH4OFuKfePIgcd,-0.2,-1619683.6200,4435298.860,2009-03-18 06:46:14.000
1010,541,2,4,9,12,907,240,1,1869853#2DFq6U60yP8Cq55PG9IgO2CQwBZpB9LKL77EK,942235,-959239.5000,871311#B1c6igxS8BZUbBahV2I5VwGgz,7157516.19,false,9317485.61,-3595.60,4298729#4u5Z9teZvpd48CA,0.2,75507.3800,-1670485.360,2017-09-06 07:14:41.000
1011,260,1,6,3,9,230,463,1,6160833#avlrc1yOU7rq5mL03uboelvto3AFfWyV2PJBN,-5474353,6666773.3800,4954778#qbAfsq5maD3B4Ez48JdwrlCKm,-6757142.59,true,-5682153.75,1832.60,2435215#Ak1qSvHJKmjSPpl,-0.2,2196604.8500,5210456.590,2019-08-12 12:37:13.000
1012,1238,1,3,6,12,42,1166,1,123910#Zf2n0FOurRms8Ib7mioCeTFnFeQOAN5Q1hlmO,579379,-3489539.5400,8112451#QJwIUssac6CTA0zKZZi8tJXsZ,2692113.10,false,-6936637.60,-3029.18,2126825#ACmy26poEFqQr4o,0.3,-1790558.4200,156987.900,2016-05-30 04:53:09.000
1013,1187,2,2,3,10,563,304,1,2248786#k4RJ72Yth19g2z6VNOZf0w4OWCeHP3Q4tTljc,-9662895,6083471.2700,4828012#n9amQe5IUB6YmEuEpAlZRkCqY,1883195.32,false,-4428212.13,507.01,9509628#GN6PKnTxjcmMLRO,-0.2,-2977403.0300,1281467.730,2008-08-26 12:30:22.000
1014,448,2,4,7,3,264,1125,1,2477824#oUJHwZErQ3zU2PCKVCRYwp7vd5fnB46F7fcdd,-8474564,1737174.7100,5003136#AO70BNycnIPwRdMaE3yHfdd89,8190103.43,false,5485992.88,-409.41,1262722#wrH2fA8djE3TNM9,-0.3,3063366.9500,3909790.420,2018-02-20 04:32:09.000
1015,1088,2,4,3,4,720,128,1,8312710#YNQsEyPVCcNDGh5HKIn1lCCGV0iGhXOiC9Doj,261563,-7606054.9400,5521460#tllZcTH9dvfrMLJE2RNLA7uiz,-4106865.46,false,-1568116.11,-1755.06,9985045#PKMTO1OvRsBvpR1,0.3,-1648474.6900,3824503.840,2014-06-22 16:19:12.000
1016,252,1,5,2,8,1009,321,1,1388301#Y1LR8uWXtCV0YUrrJQMVVD05VP2BBh3uXyTtk,3177159,-5255803.0100,2315579#11OFxykhHDIv2cctnrAZ9QPYQ,3183071.40,true,6637412.53,2857.90,7787055#qEnRiLN0jM1LeBy,0.3,-3304527.9300,-5515299.490,2019-09-01 09:13:28.000
1017,490,2,5,11,5,861,137,1,2702595#S10NqtEelnkyR2ECu2GVR1WCeNG4PKHDx0eHl,1770409,-5498024.7300,7273839#GEMmlBYgxOFVsDbtssKqiaP1A,-8776418.17,true,1262864.17,884.01,8926617#Dz6SCG2NYDyCf3W,0.4,525996.5200,-443518.830,2016-09-17 10:23:30.000
1018,1341,2,1,12,1,696,1100,1,2299702#GBc49PKBxJLj7zycfMUNgyN0GjdubJCBE3D0W,166314,8856819.8900,977123#hWJqi37PzeE0egE5TV9rGr5zQ,-3672301.14,false,158145.28,2650.53,10112857#M1HGhdMcs00ku3T,-0.2,-680558.7400,566570.910,2010-10-29 20:40:23.000
1019,627,2,7,9,11,912,460,1,1474349#MSL14eRz37DzTSYlu8faa8DQLCqOfJOqOjKBu,7061875,8696808.5400,6556478#oF5YAmAsZjLGP9qXz5pkFG48c,-8843807.18,true,-948992.41,-1131.25,1200053#gXsVwZmcjU2BnN1,0.3,1348949.2000,-9421648.450,2010-08-06 04:04:49.000
1020,1019,1,6,1,12,496,495,1,6255182#EDFjiHUEScLzzrlSD1CDFnP6Jld1sXapz3EGo,9782191,-9478364.0000,4092149#qIpmchrAR9jqVipp84ImZyOAv,-152751.86,true,-944041.27,-2572.07,4031743#mCor4D0X2lPOHhn,-0.3,2474422.8700,-7697357.120,2015-04-23 00:14:39.000
1021,506,1,2,6,10,743,266,1,585263#nfKzEZQJhhSDsyTYN0hL59ZDtrNdfGf84LhXz,9856818,186602.1300,6209873#HMyayhb3WmuBckaAh6MHjxfAj,7340874.76,false,2466713.43,-763.69,3059169#N771rip31hTx3w8,-0.2,272686.2300,-16085.210,2010-04-23 04:16:33.000
1022,757,1,2,10,3,96,1202,1,3437983#LMrD8nBOCyYkxtRm7rtacE2x66cP5CdXduVbO,6710135,5789179.8800,6974758#1tPEKB7ae8Co8V6qQrreFmMUY,7013455.74,true,2123944.47,-616.43,3353474#sHR3UAC4anFon2a,-0.3,-3823243.7800,-7888423.420,2017-05-26 20:22:32.000
1023,1019,2,6,2,9,564,205,1,3106609#ac75vnmOyT6t47pYrcDZqHcJb4PMu6090Ejq4,2235234,5528620.4600,7795169#elQlp4IoSrSWKY4YCqAXJ1PYn,-2564228.07,false,9565023.31,2957.63,2283998#EKTtlOA7cCqcWU8,-0.3,2538896.9900,122116.610,2020-03-05 15:59:35.000
1024,701,1,7,4,7,1011,942,1,3005143#Pi00mxm6c1ebpCHYexSz7mTNwDmT34xaSKY0y,7385442,-4123403.6700,10198631#2S4U9k4MLqhQwBvc9Y8m1HImR,-2255151.78,false,-6663152.91,1208.27,7052956#nxqh8FRaprk6qSh,-0.3,1344686.8000,3737392.890,2013-05-18 03:12:27.000
1025,4,1,3,7,7,533,476,1,1359058#q6XgEGYoCFwVGO0A8tlF5q6lzqcr48Cy5bDwz,-7997959,-6516971.2600,6488039#Ipr2SELB6ZGlvzkuavzN7BZKS,9420172.44,false,6734537.33,1160.48,7011437#dzXyA2QVDA3trdu,-0.3,907940.8000,1323957.750,2015-07-17 18:23:09.000
1026,959,2,1,10,11,433,638,1,8580201#6YCNtwaaqD3zYGRBB2i6Ako0havCjRgLawYwI,-1479537,-3411543.0100,7440336#6sstrMWnz6ksxXS39VpW4S8or,-4604728.99,false,2385469.88,2816.66,4741960#ICUdmL5fVBRqPnz,0.3,1120603.7600,-8328655.930,2012-09-30 01:15:08.000
1027,325,1,3,8,12,145,1214,1,7284744#vxpXOwZ2QBvFhz2BwMrbe5p7cNdZ82sutTF9l,-4402232,6571471.1600,6102852#hLK1bsByjFsRmPcJD0SITh3n6,-6141928.42,false,4585677.69,1076.13,6572996#5YR3AiGkCuCqTXi,0.3,-589860.8600,-10140849.760,2014-06-23 06:19:56.000
1028,454,1,5,2,1,600,643,1,6973319#rlSWtAViDmIF26nRezMEtp6WepMg04sp5Rfmg,-6964123,-6172392.8900,541960#j9CsVdyKFIlPx6f30gZpZEmxz,6019617.83,false,-7189654.27,743.53,6148716#P9xOqtowFsmr5Am,-0.3,1167003.8100,10207144.070,2012-10-29 17:55:18.000
1029,958,2,7,8,5,562,98,1,1355123#oN7LUnjg6V8wQO8eeRQa1xT1FIord3qRkt16b,3774287,7790138.6700,7359936#0GCtPIiaUgFJyNIjn4HhevtJA,2446882.87,false,5573914.45,3478.21,1874758#0B8vSmhVjwCefQO,0.4,2262121.3200,9665903.880,2017-03-11 05:52:01.000
1030,1171,1,3,2,7,852,664,1,6922893#QAkrieNwkfDT4cAwTolVSXTCjafUYvzwqwsvB,-4826837,6729472.3300,3237711#Xfez6Zeek1tuwYr5re5l1kgZb,6236856.56,false,-8060957.65,1734.49,4678099#XE9W5bKI5HL9LsQ,-0.3,-1838840.4700,904731.370,2009-10-23 02:12:53.000
1031,457,2,5,7,2,653,969,1,954714#CzzM6aX7SGTIYNgzMyV7ARWKxHHkJSnjkYgpb,-6563915,1178910.0000,3619685#28VWgZtcCwbivnBbHNK3Kd8Hd,-4391200.78,true,9749204.23,2184.09,6641549#UhrmHP7G9UMnA4j,0.4,-981721.4100,5785630.040,2011-08-02 17:41:26.000
1032,1468,2,2,2,4,307,888,1,7625906#48eEwxE9IBYw9snDMXW4qRV0lJatmPEErHqxu,8198613,-6233198.9100,8300557#xw24Q0c1uj2CEw8N1K9voQrsA,-3261822.89,true,8024191.61,-2366.24,10193975#x3Fhtrino8PQCeI,-0.2,-3229129.2600,1084055.290,2018-08-05 08:29:40.000
1033,226,1,5,1,10,821,1199,1,6398042#aWG6x0F2BKBH2tJTtUuxbRXEAfrcXK5UwGBOp,6142558,-4134211.5000,1000346#ijedlVnFWUSvuneFEJaoYEich,-4007549.74,true,4160927.07,1611.38,7717489#tTNzp3ZI6faqN6T,-0.2,2573311.8700,-2545849.500,2019-08-02 15:11:19.000
1034,615,2,7,5,10,234,1241,1,7369447#XVviFYeKdoLAtLiVmPWk2guj0z5vfgT6IC8GU,-3716081,-319178.9200,2322041#NL50UqkjbNcjOU0NyxZGR1pbX,-9354475.93,true,-1117060.98,-333.01,3809699#E8OhETK7bjKUtnV,-0.3,2813178.7300,710287.040,2011-03-04 10:46:08.000
1035,797,1,7,1,10,264,619,1,6895409#d74dOtOSommtH3JcISYmUl9hQhI7x7vCom3t1,9990287,-8178261.7200,7742573#B5zEOkQsDuellhjSYAUtsxdqY,-3042815.80,false,2638458.97,1779.37,6854929#IL6kViK8sCTxwuw,0.2,-2266340.3400,-6827036.460,2010-06-21 14:29:52.000
1036,638,2,5,1,2,978,703,1,2462545#AA2tCNb3OFJxoeuOhvhHVlNq1aGIr6fveyqL7,-1707139,-1565899.9800,6976935#EnIyY4Ml8xeUrTeLwvso1nSjz,-3618039.86,false,-4093671.93,3074.61,8192015#hnU2mO7mXf9JC8u,0.2,35739.8100,-9737300.200,2014-07-15 15:05:39.000
1037,896,1,7,7,7,439,177,1,1046524#zQBmGXD3Wt2IrmaguQQBMG28NQvnpoQwVka3P,-2241472,-7349115.4600,3142808#4iodB6bfvcyfC8ibyjqF591vM,6052562.42,false,1286592.58,2723.03,2620846#reTxhPnDKmRpi8M,0.3,1986406.5400,-961730.400,2015-04-06 03:38:29.000
1038,293,2,2,11,1,109,1104,1,4856540#IywQrDCQxYAbq1fMOM1BD2qgW3XYGIUjGmf9E,4371964,5613725.9600,6284329#rhtMYdcYLS5NNATqChfSchSNl,-5140611.68,true,4094112.25,2421.35,9030115#qQ3OOOMNSa5Tfga,-0.2,-520257.3300,5707091.190,2015-02-24 09:47:18.000
1039,1143,1,6,1,7,955,847,1,5249907#5hNEiv9j3PTCHZ7RDXBFbfActpjEX1ESAFxcy,9200509,-4416319.1500,6737873#HMyayhb3WmuBckaAh6MHjxfAj,-5573166.22,false,8025179.62,1527.96,6305627#Zx4T4mdJQkKdQbn,-0.2,1383661.3000,4879953.520,2011-07-12 15:40:29.000
1040,226,2,7,3,1,157,682,1,8786231#jKzIp7iQ0JFwrHHNnzAlpBEMQYVkiBK1WyJWK,-1719182,9881671.1900,1237410#rugrOhHfM0EnqSrm4KFsUhDdY,-1681859.27,true,6679920.89,563.80,4944404#YQzfGF21Cc8asiC,0.4,1032228.1200,-5383995.990,2011-06-19 01:53:08.000
1041,335,1,5,8,1,70,1113,1,5309612#4SZZHuyTXYOdf7I0L9Fi2wa9Kziunw2mITUVy,7336640,-5393385.7400,5516506#cmghjr90j39tFvD3KMnIxhIXg,-9430738.35,false,7342897.00,1139.59,8730162#Hfgu1ZLfNG6gUXH,0.2,2604307.0700,-7155910.840,2016-10-10 08:52:38.000
1042,1225,2,2,9,4,957,1229,1,30122#tgVCi6SpUWA7RUkyBZ1A8t7QtFPQRk6BwjWnx,-8448478,6646291.0200,4958146#IqQHhzqc69KMaVKxFgV9LGDm6,-3992486.26,true,-850188.75,822.73,8332345#MzlRIIkPTT84BPg,0.4,147372.5700,6564653.150,2016-08-01 03:56:14.000
1043,1190,2,1,7,12,410,394,1,8829721#usALBnDkcZZYLG5Uum1GUUIpZisiVGaTSx567,-1842246,7330982.2900,4979839#GEMmlBYgxOFVsDbtssKqiaP1A,10428031.80,true,6816866.01,-48.64,2532577#cETTLGQSeI8lDpo,-0.3,265383.7000,2603446.920,2015-12-14 19:40:49.000
1044,103,2,2,8,6,556,136,1,6087428#K07UqY5mQQPjCZzhMhGXYWGjggXn1jpL7GcII,-8086322,-1006678.2700,6438646#qCWiS73XU9UrABV6LiJ85It4w,-3213630.81,false,3450173.16,2086.42,3808677#TcnWqL6zjKjn2mF,0.4,-2373673.2100,-631692.980,2013-11-17 23:52:58.000
1045,1375,2,2,1,12,974,370,1,8455499#6HtbG1D2QTTSWyQcrKri9M6mTOS0cFoFeG7MP,6006292,-10310873.5000,3063475#8hj60dLFXfxnQKxXPjQIB2zJx,-6464291.40,true,4505648.67,-2819.04,6127019#q8WzBYKXXQUHe5G,-0.4,-2951713.4700,-5526002.210,2014-12-20 15:10:22.000
1046,1115,1,2,6,2,704,375,1,3611568#mS61JHPWKYyutswNt7I4DIljsqAUAUrq5He9z,91120,2019453.1000,8417764#PDc9G0Y86BXFmLoLfLLyTLD5v,2740236.05,false,-9541144.70,517.13,4469977#YAF6ElOwO34tDyd,0.3,-451106.9600,10278319.910,2011-04-22 18:48:15.000
1047,741,1,5,5,4,84,621,1,6560819#LHzGzNhaLCMB1FOrAVFZprqpStCq2skM8kGbw,1573638,7867562.4100,5157807#kgiwHTrXxq4y9RxqdF3ZpdIq9,-9373368.11,false,-3399155.50,995.76,1845972#AcdQ9QWf6h4fc2v,-0.2,-557044.9700,-9450507.120,2010-09-18 13:14:16.000
1048,645,1,5,1,1,798,1159,1,7839573#OAu5NBbugOSi1V1KCzYOzYYdoV45994bAm01n,3861191,3396332.9600,2886369#cKLSJp9mS8GN3MC0k5H0rcPj8,348411.22,false,1509237.00,2676.93,784364#yRGWLuPUno6bYQH,0.3,2764438.4000,9037696.560,2010-02-15 14:27:02.000
1049,1137,2,6,10,5,23,661,1,669631#1MWtFQ7hv7AmXp0w9Khx8Vo8Qu1XxR12qxCSz,-1137769,9350521.3300,8051990#YB5HhdqGT35JFFWtS4qiZddJZ,-5733715.37,false,-8666400.83,-428.66,1943891#gEpff1uzM2tjU03,0.3,732911.4100,-9400620.450,2013-07-16 21:38:44.000
1050,1319,2,4,8,8,871,97,1,203601#vldcZ9EK8gKQPwhNr4VoyNqvhRXqve5yPApax,-3150523,4953813.1000,4749360#OaoP60i2HsW1oE5Jfuwfc3V5n,-723608.26,true,5515409.20,-3466.34,7533467#KpGapiWsoI04PPD,0.3,-822982.9500,-1585285.900,2015-09-03 14:40:39.000
1051,64,2,5,1,2,738,8,1,2017800#A5AOSMLlU8lA7sRhjCAWMBwd7jBlpWuqRYQcN,-4539818,7341314.1200,445357#iP8rMnbJUxg1NNo2yzNcoar8Z,-5163318.22,true,4461925.99,3761.26,6042783#jb7tAE4SEsH4x2x,0.3,1042194.7200,9096199.940,2018-03-11 22:21:26.000
1052,1404,2,4,6,1,283,796,1,4804960#L88K3pAGM21g2MKYhU0mBeuxfXNctxcBGMXnc,-5417941,2195199.2200,7602772#erD9DidPwxcUDiljDARQNvycn,-5461013.82,true,-15396.78,-3043.63,3318167#QXzfx4cNTUzyK5L,0.3,-701631.9200,5130422.660,2009-04-29 10:31:00.000
1053,569,1,7,3,8,431,1186,1,5004816#iM5Gy0UsalMD1kCDWCmW0oLjAlDtXgOSfdK5L,9760335,6342922.7200,8142570#QgAglXRVx6Gi1iTAfc2HMsevO,-5382232.09,false,-9788940.15,-1973.41,8522982#sWX1Q4RvVOjHItG,0.2,1233767.4800,-8679917.180,2014-11-29 17:28:28.000
1054,1068,1,3,4,10,827,302,1,10345156#08fotE7HGiDNxegS8kUxzORI3iOK2qmuxGAo4,-1918692,-4657267.1700,642003#jgE5XL8n7XaNhlMcnPxVBj6CJ,-238551.19,false,8712042.27,-2696.95,2880913#s0g6eGh4aSKGJTQ,-0.2,1864470.4600,-3261700.650,2015-04-20 10:16:34.000
1055,1337,2,1,8,4,408,524,1,3792642#t5W8JkDJCnp5C5HICVuHKRkycDUbO68rZS55a,6846670,2712506.2800,3680400#gJcGi55FvOS6qiPjfNyVznfqb,3301011.49,true,-9740462.32,-1638.02,9383386#z5mMGIZCxrS0vxS,-0.2,3810822.8000,-3988131.260,2012-08-31 14:27:14.000
1056,1207,2,2,12,2,42,1036,1,698835#QbnftjeSDNm7O0BFXu506jMa6RohYkWv9G3T0,3779210,-9359539.3300,4897990#YB5HhdqGT35JFFWtS4qiZddJZ,3471565.26,true,9222937.07,-486.10,7813272#O4ZFCLpf9LwRhDm,-0.2,2747428.0300,-5787780.040,2019-03-28 00:09:56.000
1057,65,1,2,1,3,179,1171,1,3290835#QbnftjeSDNm7O0BFXu506jMa6RohYkWv9G3T0,-9198923,-3114508.7200,1757920#CTGjUJfmLI0Ykx0Plb1aGhDap,1495674.84,true,-4181727.07,3141.01,7430212#U9ZOPelElj1R68p,-0.3,2287474.4400,-4150513.140,2013-11-15 22:57:40.000
1058,353,2,2,10,12,58,635,1,9560336#WSgXHnyWWA03uWtk0wOk7s3c8I8q1bZO0HUAV,5375774,-1427841.6400,10483301#cfjOzYUpCLULlvvnBSMCE94rs,7505955.68,false,-7128883.11,-1671.05,9495267#ugkIg4tQxyUrreN,-0.3,-1724057.4100,6765163.320,2009-03-31 08:20:33.000
1059,1100,2,1,11,7,426,724,1,2200566#qNQ6xqu5YkxeYuIEjcSFcmNuOikZVYAOhZnuU,-3174110,-10409414.5200,8080350#0SG62bNi7x88JdVjBlGM3MKhY,8534538.62,true,-8339453.75,3122.54,2374384#i8zo0tn2MOLOfK2,-0.2,-1699470.1200,4655220.860,2009-08-09 09:41:32.000
1060,377,1,3,1,12,175,209,1,1962190#uxdyLbwPzpVtxLPiSNj4QXyBt5fdMDVD88odV,988810,-1006587.0000,914437#ITuZylZ0f3qZhtkztC61FiQeS,7511436.19,false,9778490.11,-3753.60,4511333#6obTf0wODtUnNZt,0.3,79470.8800,-1753235.360,2017-10-09 09:23:34.000
1061,440,2,4,5,4,580,1146,1,6465483#HzHPiGLkZ0ydJ57CKWzGe5efDlfBRiC02IMnA,-5745246,6996725.8800,5199582#YVIs593t32qpgjdqLey7YluQW,-7091493.59,true,-5963479.75,1906.60,2555427#AV0UUMenH2WXqEb,-0.2,2305729.3500,5467758.590,2019-08-20 06:57:02.000
1062,765,2,7,12,1,473,1025,1,129790#EJx192E94lRPdzvlddO1dRArFPTMLJjXvVaau,608254,-3661965.5400,8513159#PsF0QPkF6jDbiQrEJ5qRCQ4aU,2825581.60,false,-7279097.60,-3197.18,2231413#kC7EgHvJtd2kIeF,0.3,-1878832.4200,164471.400,2016-07-19 00:50:14.000
1063,733,1,2,11,1,214,567,1,2359693#jvYXaW959lP8qFx9KhV1wvaVAsCw2nd5K9c15,-10140295,6383985.2700,5066203#eQYNavSJhJRrXY8Mbclt9hbvH,1975900.82,false,-4646638.63,537.51,9978621#qgyqKISx84QU0ro,-0.2,-3124038.5300,1344680.730,2009-01-25 09:25:27.000
1064,1444,1,7,8,6,669,130,1,2599999#h4wBiMirrccrljBM3plH3IxGYempJ78yAlknF,-8892514,1823242.7100,5249500#Rw4fb5cpygizNc9p4xxWi0oQA,8594023.93,false,5756959.88,-411.41,1324585#luz1TfjFF0wrkZ5,-0.3,3214498.4500,4102454.420,2018-03-19 08:41:23.000
1065,1143,2,2,5,3,803,1072,1,8722187#PCHgrOicrVs10ihUkRSO44DQd5oM1sEyN0z3o,274938,-7981085.9400,5793038#gOQnlZiMXMniNlZ2gO7UIhebo,-4308688.96,false,-1645029.61,-1858.06,10476723#G1Jdo73wuRRGf3l,0.3,-1729862.1900,4012661.840,2014-09-06 02:59:27.000
1066,1378,2,7,5,7,751,148,1,1456192#fiRl2pSkWC0V4jdToCzlle7VLTnqc8OKfDPHP,3333734,-5514691.0100,2429231#GxiF9SKCMtStIJvWbTN5Gch7A,3339985.90,false,6964507.03,2993.40,8169915#GroMFHjrERrEq8s,0.4,-3466840.9300,-5786574.490,2019-09-08 11:02:00.000
1067,369,2,4,8,8,264,1244,1,2835025#Y91dIMAL7VWue1hHgwtTATt4OqhLUJojO9mjY,1857709,-5768585.7300,7631219#uWCqzfdJMuZsS9vXpsxQubQ71,-9208294.67,true,1324837.17,943.51,9365341#lvDrCe2aA4OHQEr,0.4,551938.5200,-465741.830,2016-11-02 11:09:17.000
1068,432,2,4,6,8,736,349,1,2412390#V0emJChz2COwrhUEGicwF54kMMZFpvg4CY9au,174289,9291430.3900,1024658#Eh4zEjvnbcDIXe3TyLpU7g2GI,-3852753.14,false,166155.78,2795.03,10609401#XkGcmuvKpdaEwDs,-0.2,-714432.7400,594492.910,2011-03-02 14:01:29.000
1069,64,2,5,9,2,696,306,1,1546317#AVNvPu0NSTOmkvtuVt4AMoINyhC8tEwiQQWMx,7408750,9123332.5400,6878092#SElRAAMjBMLBxCx1xfLnwIarL,-9277703.18,false,-995116.91,-1193.25,1258455#YIAcozhPQvE6jNf,0.3,1414786.2000,-9884362.950,2010-12-11 01:03:50.000
1070,39,2,5,12,10,797,239,1,6561365#3sy5I44A8EaBjr0a6qbDakOYDHke3Zw62JiYW,10262022,-9943251.0000,4292324#vv6leI9Ny8RiDsYm28lCZbzxx,-160710.86,false,-990379.27,-2705.07,4229301#7F96U3KlqvNxhPX,-0.3,2595308.3700,-8074247.620,2015-06-26 17:12:50.000
1071,1233,1,7,2,2,52,808,1,613924#AMAeo2eb9VSVkPPzdUocR4VTEUejgKYpVPWLG,10339368,196060.1300,6513622#org0DzlToNVj8MovVl7ifOT22,7699886.76,true,2587569.93,-820.19,3208509#6nzwyU6EAuP6nrn,-0.2,285700.2300,-17351.710,2010-09-01 00:54:01.000
1072,486,1,7,9,2,254,1054,1,3605914#sKMGd0QUsR4zoLHW35nXSrqtEaQpXufBZfDDW,7038410,6072726.3800,7315838#QsGZ3J41foxUL5lgMBgXATxGl,7356647.24,false,2227409.47,-626.43,3517367#NjzvgtJxItqVfkA,-0.3,-4009998.7800,-8274449.420,2017-07-02 22:31:07.000
1073,1226,2,3,8,7,289,375,1,3258415#HRmccxeqvuhpP5w8xbpNRWSxllMkLUFTdy5pY,2344021,5798350.9600,8176059#6duzTtuaNPCaqa3eaQ3knDpla,-2689092.07,false,10032766.81,3093.63,2395293#DofnWz16Ln9txmP,-0.4,2662959.9900,128424.610,2020-03-06 00:33:44.000
1074,1191,2,4,6,5,619,524,1,3151830#e5HR3hgHFOKdq57cvM0tACx6FPLp11vUGYuB0,7746267,-4325142.6700,10696415#MWmdyGuxx4HZDE7cZ9Mh2Gy3e,-2365735.28,false,-6988777.41,1288.77,7397331#zIdnw838CxGfQPL,-0.4,1410221.3000,3919556.890,2013-08-16 14:30:39.000
1075,1009,1,5,4,4,744,243,1,1424911#ocDHuzKOEjrxtTVrkMcAdWgtSXM1g2A05jt0Q,-8388022,-6834954.7600,6804327#tPcnP0dHcH5ZOTXWiNLnDuZEa,9880016.44,false,7063254.83,1233.98,7353315#Z3xZf1VMpxFcv0W,-0.4,952043.8000,1388714.250,2015-09-17 14:15:42.000
1076,490,1,4,9,8,905,647,1,8998296#52WjeHbt1lcLfy414ICBGxAds9jvshierkjPC,-1552037,-3577396.5100,7802571#oMutzHgrQdVca5d6zW7fXA2n3,-4828734.49,false,2501945.38,2963.66,4973045#PKMTO1OvRsBvpR1,0.4,1175447.7600,-8734999.430,2013-01-07 00:21:51.000
1077,1162,2,1,2,7,40,284,1,7639114#z9BJaGTCYwaDPLRnXv3CBpMHHg8DQSD44R1Zu,-4616332,6891426.6600,6399823#3P8MIF7Dncx8ioHeLkJhQtBp3,-6441131.92,true,4808515.69,1104.63,6892954#bPikjlsQ36Uz1Ju,0.4,-618214.8600,-10634678.260,2014-09-07 08:17:44.000
1078,197,1,2,1,8,833,900,1,7312053#BXxQqHeMKIvNxI97YjKJfudmu40VUb4Z0r20M,-7302485,-6472334.8900,567841#yobDejLLkVQujvh45vEU5PqJs,6312686.83,false,-7539414.77,776.53,6447641#oLqYGm8HcDdQaO5,-0.3,1223589.8100,10703767.070,2013-02-04 18:33:24.000
1079,832,2,4,3,2,722,592,1,1420855#SRM1oFKqfMDeZ4FxxgbdxJe0GZi8io1EUrPBa,3957687,8169140.6700,7717554#yAkJYFN88SxsJVerzd2qnZV8F,2566010.37,false,5844326.95,3637.21,1965690#tVBLkzp0OK2rsfC,0.4,2371913.3200,10135268.880,2017-04-20 07:30:02.000
1080,427,2,1,8,11,240,547,1,7258724#H69DCmPugLt607yKe5AMflNkIK49v2oxVJLIM,-5061515,7056563.8300,3394406#IpB85AL0wCTiUwYgwcCYu6RZY,6539757.06,true,-8452521.15,1822.49,4905059#i89pndGCSnPoik4,-0.4,-1927831.4700,948992.370,2010-03-10 10:42:00.000
1081,279,2,1,8,11,585,844,1,1000712#R9q7W72ZXld4zmhu66cXn93xnNiE4LPOZyAUR,-6882590,1236396.0000,3794859#OQyfuzYPAyCuUaDGk1ytJbgKQ,-4604490.28,false,10222462.23,2286.09,6963356#rAk0MBY4J1qGw4L,0.4,-1028930.4100,6065917.540,2011-11-25 12:51:22.000
1082,1139,1,1,10,10,956,1084,1,7995073#wIStA4mmuNYGvcQsKmWcUjfGjjECmEd7MYqHm,8595588,-6535395.9100,8702627#kBocyI5F6v3C1FUsSDovmq9OM,-3419445.89,false,8413042.61,-2487.74,10687687#v2tZzShhQ9jypiu,-0.2,-3385918.7600,1136957.790,2018-08-26 19:40:15.000
1083,1140,1,4,6,10,25,944,1,6707587#PGVFdVzNzLMB1YUXKPJ02YqNXOQDmiIKPG03M,6439708,-4333992.0000,1048483#N40v37WnHokNAZ4puvtV5y1WM,-4201622.74,true,4362139.57,1706.88,8090643#1SKSOpEEZmj7zRK,-0.2,2697959.8700,-2668917.000,2019-08-10 21:11:06.000
1084,677,2,1,1,10,297,675,1,7725367#yhYIeGS2Cuan7h3KEPxPDWb9S5eapcyXZvAc8,-3895981,-334555.4200,2434177#1JHlrS1deCWbTORKmEypuq8ES,-9806855.93,false,-1170646.48,-358.01,3993832#Xs460jSZAHPoHus,-0.3,2949114.7300,744502.540,2011-07-03 00:41:07.000
1085,1422,1,3,6,7,10,514,1,7228308#9U4bd2Lss6qwI1cOKLSsawX86ae4jzMx2Pb1J,10472512,-8573490.7200,8116457#cmHj7rQ4WznxOOirQEfSdv0Tl,-3190021.80,true,2765651.47,1885.37,7186015#hnU2mO7mXf9JC8u,0.2,-2376231.8400,-7156615.960,2010-10-29 15:07:14.000
1086,744,2,4,10,9,456,716,1,2581336#WSgXHnyWWA03uWtk0wOk7s3c8I8q1bZO0HUAV,-1789658,-1641379.9800,7313294#GIAjzVUrmvkWyqFtsUmmJ074L,-3792314.86,true,-4291214.93,3246.11,8587239#IwnKAT8AxiGhklJ,0.2,37214.8100,-10206928.700,2014-09-29 09:26:27.000
1087,1177,2,3,12,8,528,370,1,1096911#ocDHuzKOEjrxtTVrkMcAdWgtSXM1g2A05jt0Q,-2349610,-7703690.9600,3294118#Tn1QKM4y8M5PyK1uu3d0Zante,6344083.42,true,1348911.08,2865.03,2746929#IL6kViK8sCTxwuw,0.3,2082590.0400,-1008190.900,2015-06-11 06:46:22.000
1088,1429,2,4,2,7,877,457,1,5090326#jKbfH0qTzIcC3E8yxY2c45hut6H5lhpjmIfd6,4583017,5883964.9600,6586997#AWGwX8ZkllRvatxdEzfYQfFjA,-5388482.18,true,4291734.75,2518.35,9464670#C1BLgsAQEWNgLV1,-0.2,-544847.3300,5981988.690,2015-05-03 01:55:42.000
1089,700,1,1,10,3,790,374,1,5502324#CiZJcWoEz5PDJiscaiyZ5jTnFxIUsTEDzfqWk,9643122,-4628504.1500,7061925#oQvPa0C3YAWu6s9iC4QLCWxtu,-5841831.72,true,8411158.62,1614.46,6608648#2AbnnIS3E2OoOJJ,-0.2,1450160.3000,5115007.520,2011-11-05 21:34:27.000
1090,1019,2,4,3,6,347,126,1,9208522#HANvvwfdqBb5M5PHNnd8HmQn3LzuwyKeTyPJG,-1801607,10356915.1900,1296873#HMyayhb3WmuBckaAh6MHjxfAj,-1762923.27,false,7000665.89,586.30,5181845#HTjOFh3ZVLzjVmd,0.4,1081911.6200,-5642433.490,2011-10-14 06:36:14.000
1091,967,2,3,5,7,647,733,1,5564347#wsgcPcjMz9hMecD3i4AYc04yVCIApY20VpkaF,7689240,-5652013.2400,5781160#sbQ9t9AkhsGru87fDZUF5diu7,-9883524.35,true,7695392.50,1209.59,9149477#FhvPQ0jwAZzTpnd,0.2,2729079.0700,-7499633.340,2016-11-25 08:53:54.000
1092,35,2,5,2,11,616,340,1,31460#8GE8QddjG0ROn8Ig5I0y0eH1gFMHmiZUMHAFH,-8853491,6965279.0200,5196001#dL5Ke9VP1ijS5KkPQzfZznFtm,-4184334.26,false,-890917.25,884.73,8731931#YwZ4cppRYQdWUjj,0.4,154052.5700,6879512.150,2016-09-18 18:42:58.000
1093,528,2,7,7,9,815,1199,1,9252885#AK3eLvyClEexs8hrh7llylxiu0185O2nVLx47,-1930152,7682222.2900,5218325#OzrknMgXzNhe4lTLoQIIf9Kea,10927542.80,true,7143730.01,-43.14,2653683#Hlp8AKHEKGINAx1,-0.3,278554.2000,2728271.420,2016-02-09 22:42:44.000
1094,981,2,5,6,9,779,720,1,6378723#xBs2Ohiav2gJaRVKe3ukbuSC1iKCgJnTqcMeq,-8473597,-1054782.2700,6747007#cxIVzrIYuJcIYYzV7ZHYKDGbN,-3367423.81,false,3615653.66,2166.92,3991017#KL1M5jHF0EKeGp1,0.4,-2487360.2100,-662315.480,2014-02-11 00:41:40.000
1095,615,2,3,12,9,265,91,1,8860040#4g4zmjvb5H9wleV8kafOaoprCamI7x8GQP8Mw,6293917,-10804292.5000,3209929#zbsPEeFTPKfwzudnzplKFU5No,-6773726.90,false,4721111.67,-2960.04,6419838#wsZVGU6desAtlMj,-0.4,-3092554.4700,-5790099.710,2015-03-01 01:51:23.000
1096,1168,1,2,4,8,952,329,1,3784020#r7LH2WNwI8yAAwMfksjcm7eFKCfORSkiAAZpL,95520,2115953.1000,8819681#dtanRLy6XpwcOrYvZ6j70KnKE,2870829.55,true,-9997536.20,528.63,4683538#aW1gBGFNiuiEJZJ,0.3,-472485.4600,10770034.910,2011-08-20 14:40:18.000
1097,1183,2,4,12,12,620,363,1,6873755#f6krlAL7B2BUtdnjvnGINYWRAU46MgqUo82ud,1648456,8243205.9100,5404007#cxIVzrIYuJcIYYzV7ZHYKDGbN,-9821448.11,true,-3561166.50,1036.76,1933876#Cu9xkYn679NEFyu,-0.3,-583764.4700,-9902237.620,2011-01-24 10:43:28.000
1098,555,2,3,8,5,739,929,1,8213444#t9lSkLHjznU2mC0ZqdtuF3VlLGHKXGvSelxLb,4045260,3558510.9600,3023901#Zys8zYzWlEJ9orvSXtvMxkX8Z,364868.72,false,1581306.00,2819.43,821429#LwaO7bfZkEIZuMg,0.4,2895951.9000,9468720.560,2010-07-01 12:42:21.000
1099,514,1,4,1,6,961,208,1,701434#nwMgaofVJ8G5EOtxu5qYZISX2Jiz0nevoRBR8,-1191789,9796560.8300,8435736#HUb71Umb6TAivijhIskoUOCqq,-6007011.37,false,-9079372.33,-431.16,2036495#5C6HcJqx57w31Zz,0.3,767960.4100,-9848374.950,2013-10-14 20:03:35.000
1100,199,1,5,2,5,872,172,1,213152#aG3mNO6S1KuhegYyShsJmSmA31OUn3M8jddxR,-3300548,5189878.1000,4975130#gzladKacm6jPnY4eaP2ZokdrK,-758116.26,false,5778413.20,-3621.84,7891863#CEHKx8DwzexUrgX,0.3,-862312.9500,-1660403.900,2015-11-03 19:31:32.000
1101,573,1,1,5,6,1002,1013,1,2113768#XMIABFsTD8x5v8pwWTcIEP9iv0YrxER5MVrkq,-4755968,7690606.1200,466218#oTNz7bQ0CyJX20KSPXBdWJxZv,-5409147.22,true,4674424.49,3945.26,6329800#2pCzm1KPLDMO7Z1,0.3,1091887.7200,9528555.940,2018-04-08 02:50:09.000
1102,1313,1,5,10,5,93,345,1,5033092#IVJpRDOjOQ3A2mKBeKzIE7wddCrJvnYueDJoD,-5675523,2299440.2200,7964109#BjVP8V6MA91GRxBYVzs7I6YFm,-5721038.82,false,-15955.28,-3168.63,3475844#I3epdLlq6yPLvl4,0.3,-735110.4200,5373989.660,2009-09-23 14:08:21.000
1103,494,1,7,1,11,418,28,1,5242170#Mb0LA7oOoXSbjhgSNMmDkEfZo3WGzUZsqLRWR,10223314,6644015.7200,8529110#hfTWaSMuMQ5JT6QNPtzHr8cfZ,-5638105.09,true,-10253739.15,-2071.91,8927680#sQ3wIesGDxHz4np,0.3,1292542.9800,-9092138.680,2015-02-09 08:46:47.000
1104,1095,2,4,1,5,187,1089,1,10835571#V6xNXrVwuF1YQ8Z5FxKo7K6RVEXCp3rQf2eJj,-2009367,-4877790.6700,672429#COZBE2XynXWSbPHt9sMlMDaa9,-249594.69,true,9125123.77,-2808.95,3017292#h0JvoGcoYvwIPKe,-0.2,1953389.4600,-3416036.650,2015-06-25 20:42:52.000
1105,864,1,6,12,1,286,153,1,3972210#O9HBOhAkxeaCROx393lt4lWWlIVyTsKxiQK9H,7170745,2841011.7800,3854617#fJVX0QXa1Y5hDRmbdHBoaFy27,3457840.99,false,-10202244.82,-1694.52,9828020#reLXD1aksyPvhqQ,-0.2,3991840.8000,-4177604.760,2012-12-11 18:56:10.000
1106,1344,2,5,5,2,783,967,1,731507#nvLpDgCdvcZwcXJS4uR3Sm3qvLoZ0R4J61NdA,3958547,-9802367.8300,5129757#OMezvPfn9JyQT2CHM1tzvAdcp,3635868.26,false,9659367.07,-488.10,8182864#bKHNaU0TIjWak4K,-0.2,2877415.0300,-6061949.540,2019-04-10 03:19:40.000
1107,1375,2,7,12,9,365,615,1,3446397#dWISVG9IRur8TubGO46achJxxJTmahBARJLTl,-9633935,-3261993.2200,1840777#QVtn4fHD8YMjV7M5J6TfgqCrb,1566232.84,true,-4379569.07,3299.51,7781590#9nUvo5iBKkFlHuY,-0.3,2395637.4400,-4346924.140,2014-02-09 21:19:01.000
1108,513,1,6,8,10,978,96,1,10011977#a5AVH3TuypbekxA6MKFU7fkz7difKkqfHfVjO,5629674,-1495271.6400,10978389#bjRrtY0HpEJwVhB2NS4aoZEhm,7860556.18,false,-7465327.61,-1751.55,9943801#EQxclbaSwZ2PqML,-0.3,-1805990.9100,7085115.320,2009-08-27 05:42:18.000
1109,318,2,4,6,4,139,305,1,2304014#wIRSYtsTehh3ClCf11Q5LUPGIZZsXEkVixkgW,-3323535,-10900567.0200,8461664#3Y7Rnhal1V0ZXeRDG1lA6M2ae,8937635.12,true,-8733170.75,3280.54,2486264#z8jZXjB94iYzmP5,-0.2,-1779256.6200,4875142.860,2009-12-31 12:36:50.000
1110,212,1,2,5,12,454,178,1,2054527#3MILbh6J5sN8QC22APCs61jcmtgOEJGm9F1f6,1035385,-1053934.5000,957564#UATVDI2WRPhrMODC6TMMHOdbx,7865356.19,true,10239494.61,-3911.60,4723937#VBfr1EkmjJWf9Bq,0.3,83434.3800,-1835985.360,2017-11-11 11:32:28.000
1111,619,2,1,7,12,930,515,1,6770132#dq4zhv7JKtTxQLy9mqGTvPHQNgV6FdRk142xN,-6016140,7326678.3800,5444386#XB0v4UWb6irtbO4Vuy6pceS4P,-7425844.59,false,-6244805.75,1980.60,2675639#fguGiX4c2V8eal5,-0.3,2414853.8500,5725060.590,2019-08-28 01:16:51.000
1112,292,1,4,5,2,903,885,1,135671#Ef2rtvLhEMZRsEchfpGjvjUtK9kWWIkcFsefM,637129,-3834391.5400,8913867#DoEQFgMIgYX5JG3owrvrUjD0n,2959050.10,false,-7621557.60,-3365.18,2336001#eP4gPfQ7jS4Hm7L,0.4,-1967106.4200,171954.900,2016-09-06 20:47:18.000
1113,280,2,2,7,3,876,830,1,2470601#vldcZ9EK8gKQPwhNr4VoyNqvhRXqve5yPApax,-10617695,6684499.2700,5304394#EeZbmeZbJX28fTUHSvQCeDn0C,2068606.32,false,-4865065.13,568.01,10447614#XerLHzatUuYNfEk,-0.2,-3270674.0300,1407893.730,2009-06-26 06:20:32.000
1114,961,1,3,8,8,63,449,1,2722173#KgZNmjDBPpowbQtzun1cqjx8uUbdA7sWy7pSl,-9310464,1909310.7100,5495865#NfZgKu4DLdbWuQdkRKuMSAJ8j,8997944.43,false,6027926.88,-413.41,1386448#MfiD9XBtM641QPZ,-0.3,3365629.9500,4295118.420,2018-04-15 12:50:37.000
1115,1198,1,7,8,3,886,701,1,9131664#FIhr4HXrsiNZQeIFKiJnx2H5HG2GIcf7yYfzU,288313,-8356116.9400,6064617#fJVX0QXa1Y5hDRmbdHBoaFy27,-4510512.46,false,-1721943.11,-1961.06,10968400#T2SRkvyIrdseyHH,0.3,-1811249.6900,4200819.840,2014-11-20 13:39:42.000
1116,1025,2,2,7,6,493,1289,1,1524082#ZwqNCpwDvKFvna3gtDKaUrayJhRjVL4n3cHff,3490309,-5773579.0100,2542884#LHKRe0SPBLr6STvQyG3QKONh1,3496900.40,true,7291601.53,3128.90,8552775#Lec76hUxcqcpxh1,0.4,-3629153.9300,-6057849.490,2019-09-15 12:50:32.000
1117,248,2,3,5,10,678,1038,1,2967454#kDZoVGzz4d2wf0tSfwFqIYN07Gmv7zBeFkMk2,1945009,-6039146.7300,7988598#9anXJKVqZ707tHmi85eNrcYLE,-9640171.17,false,1386810.17,1003.01,9804066#Ah4CmMmKENWU2hs,0.4,577880.5200,-487964.830,2016-12-18 11:55:04.000
1118,1002,2,7,12,2,776,911,1,2525079#4NFedBcLuS6iqIm7rwaQMkeGl4eopzy2oBdzS,182264,9726040.8900,1072194#UZ9SDS2pyBc7DPn0QmkUhOCqy,-4033205.14,false,174166.28,2939.53,11105945#oApbgB7NYvaHwdb,-0.2,-748306.7400,622414.910,2011-07-04 07:22:35.000
1119,980,1,3,9,5,480,152,1,1618286#7Gx3obWl5CH96FjwpHcygHP3UdikhHafjfKLJ,7755625,9549856.5400,7199706#B9onznfHxfnO9JKvQ7D2gq7oI,-9711599.18,false,-1041241.41,-1255.25,1316856#skpFPdj5GcsVxxy,0.3,1480623.2000,-10347077.450,2011-04-16 22:02:51.000
1120,538,1,4,11,7,88,1297,1,6867548#WfenXt3UgXZ9gmNTWyM3LMnyZP0T6zy33nuNU,10741853,-10408138.0000,4492498#1m2TzAyGNCxh1WP2DWCRbHifK,-168669.86,false,-1036717.27,-2838.07,4426859#mxdo2WrTJymg5yb,-0.3,2716193.8700,-8451138.120,2015-08-30 10:11:01.000
1121,481,2,4,10,7,371,37,1,642585#dgF93G3VmLnvKXT6ejCwxd3hQrffZQtsBqsWD,10821918,205518.1300,6817370#OZIR9HD4x3N6q0xBrpLxAvA4W,8058898.76,true,2708426.43,-876.69,3357849#HE5AV5vT36Beola,-0.2,298714.2300,-18618.210,2011-01-09 21:31:30.000
1122,215,1,6,9,2,411,905,1,3773845#CNd3k9KpFTAkoU8Oc1nY0Vj3g6K9iQqZncZrp,7366685,6356272.8800,7656919#Q2lspO92lz8rJZlAoLYCoICHD,7699838.74,true,2330874.47,-636.43,3681260#fQvd8Z7e5xEm9Gc,-0.3,-4196753.7800,-8660475.420,2017-08-09 00:39:43.000
1123,1433,2,7,2,5,15,545,1,3410222#K759LYoMPEVJp02nxkYvmZ9fSWqHLe0KqXSHb,2452809,6068081.4600,8556950#P1iNyAV883p7S1wnvf6uLy9x1,-2813956.07,false,10500510.31,3229.63,2506588#j3d9yxSKn48lOhq,-0.4,2787022.9900,134732.610,2020-03-06 09:07:52.000
1124,203,1,1,9,3,226,106,1,3298516#AZhmihuf21OXX6VRAYoKwgznBVmvcbERXgcNb,8107092,-4526881.6700,11194200#7Ltej6bTcvAPx99SPIuMa7yKD,-2476318.78,true,-7314401.91,1369.27,7741707#oQMaIz55azpfBGC,-0.4,1475755.8000,4101720.890,2013-11-15 01:48:52.000
1125,535,2,1,1,1,955,10,1,1490764#HM8OfalzSowP4OsyAmVMN6qclT3cTCrYZknzf,-8778084,-7152938.2600,7120614#QhRBDpsZdHOaGS9YoIj43vFtm,10339860.44,true,7391972.33,1307.48,7695192#rhuVWlXW5XZJHBz,-0.4,996146.8000,1453470.750,2015-11-18 10:08:15.000
1126,21,2,7,9,4,366,655,1,9416391#fqCqhMBA2yRNLFJ8DmWTEgeD7m8iVxEVrOGNT,-1624537,-3743250.0100,8164807#kgiwHTrXxq4y9RxqdF3ZpdIq9,-5052739.99,false,2618420.88,3110.66,5204130#XPNHJpRxh1QTk05,0.4,1230291.7600,-9141342.930,2013-04-15 23:28:33.000
1127,520,1,6,8,1,946,668,1,7993485#btqH2QGg3YazzDKXUK6lalXIG6J8CzTLWurPK,-4830432,7211382.1600,6696794#sNQd05wWYkysEjGsqUJO9GDdv,-6740335.42,true,5031353.69,1133.13,7212911#W8l8E4IvRWQzh1C,0.4,-646568.8600,-11128506.760,2014-11-22 10:15:33.000
1128,1418,1,6,12,4,54,1156,1,7650788#ZFAymncooWKrpohgiAVMs1TPRclopXVkIGwAQ,-7640848,-6772276.8900,593723#0h7HEOuI6X8PTTO1c34w3Mn6S,6605755.83,false,-7889175.27,809.53,6746566#eb7MI2jflbseaXs,-0.3,1280175.8100,11200390.070,2013-05-13 19:11:29.000
1129,707,2,1,9,11,882,1087,1,1486586#qyyeRiabXNJzn8or0Az1oGdKDl2f7yP8O9tCV,4141087,8548142.6700,8075172#WvJshzvZHL0gTaF1yFYQY7k8i,2685137.87,false,6114739.45,3796.21,2056622#DdW9HE9whxtk8JK,0.4,2481705.3200,10604633.880,2017-05-30 09:08:03.000
1130,1162,2,6,3,3,640,431,1,7594555#BAIR3qVdImSTrHgdzLFAPCJgwAwBOyWBt9QDG,-5296193,7383655.3300,3551100#NkntO19g1hwl9GvwwD5osUCop,6842657.56,false,-8844084.65,1910.49,5132018#eGxm666i2ITjB0p,-0.4,-2016822.4700,993253.370,2010-07-26 19:11:07.000
1131,101,2,4,9,7,517,719,1,1046710#YNQsEyPVCcNDGh5HKIn1lCCGV0iGhXOiC9Doj,-7201265,1293882.0000,3970032#bSMBDBIwUvLqlHGevRTbXkRUu,-4817779.78,true,10695720.23,2388.09,7285163#tve2NSULbM8FxyJ,0.4,-1076139.4100,6346205.040,2012-03-19 08:01:17.000
1132,810,2,7,6,4,594,1280,1,8364240#W0liuxWSAh0qV1SCc18VKLASyI7NcatuLBxho,8992563,-6837592.9100,9104697#gSOkYcIkoSMpYr3hluPThas15,-3577068.89,true,8801893.61,-2609.24,11181398#AqPmFtNMTTp0FCn,-0.2,-3542708.2600,1189860.290,2018-09-17 06:50:50.000
1133,575,2,3,11,10,241,689,1,7017131#MwzDvlIiTgFCqJ29s0QAnOgDspK4KVhLyF0wy,6736858,-4533772.5000,1096620#AB1tCMqG122RsO8hCAPEPgGfe,-4395695.74,true,4563352.07,1802.38,8463797#K9IYZaT8WJCJrRU,-0.2,2822607.8700,-2791984.500,2019-08-19 03:10:53.000
1134,738,2,2,9,10,361,109,1,8081286#7Gx3obWl5CH96FjwpHcygHP3UdikhHafjfKLJ,-4075881,-349931.9200,2546313#b1SFxgLbtgNweYr8aauKtFJbv,-10259235.93,true,-1224231.98,-383.01,4177966#4TYqqZhoAGBK4ny,-0.4,3085050.7300,778718.040,2011-10-31 14:36:07.000
1135,568,1,6,11,4,767,408,1,7561208#mmxOoakGG3QDlp1PxmlQmpvv0PbWXvVhfLRsM,10954737,-8968719.7200,8490342#NpLMiIQrx3Euc17Y35nNhaQn3,-3337227.80,true,2892843.97,1991.37,7517101#e7Y1aC2k06KkfCL,0.3,-2486123.3400,-7486195.460,2011-03-08 15:44:36.000
1136,850,1,3,7,4,945,729,1,2700128#bxJRzImaPit98zXCdCk0v75ebOCTH8AIUHhlN,-1872176,-1716859.9800,7649653#puSeo5V0cprLeEcB2Fh1RLFih,-3966589.86,false,-4488757.93,3417.61,8982463#5rr4LC9u3jRHQtY,0.3,38689.8100,-10676557.200,2014-12-14 03:47:15.000
1137,1457,1,7,6,9,617,563,1,1147298#yjoW0UWjkF15A91HFLpVGZZ3VZpCJy5CzgZ9B,-2457747,-8058266.4600,3445429#COZBE2XynXWSbPHt9sMlMDaa9,6635604.42,true,1411229.58,3007.03,2873011#d9iuMKpd6RvNva5,0.3,2178773.5400,-1054651.400,2015-08-16 09:54:15.000
1138,1086,2,5,4,2,634,1125,1,5324113#DSPlL4Qw9Y7YrcT5rRRcAwTIakvS37QMEF76R,4794070,6154203.9600,6889664#3Y7Rnhal1V0ZXeRDG1lA6M2ae,-5636352.68,true,4489357.25,2615.35,9899224#3c3fqsMZSynZWTg,-0.2,-569437.3300,6256886.190,2015-07-09 18:04:06.000
1139,257,1,3,7,11,625,1215,1,5754741#1ft23WztNnhol1CXWmMPh14bZJzxueW7dWkgW,10085734,-4840689.1500,7385977#3Be0GSzKaL6Llww4hB36i3xIm,-6110497.22,false,8797137.62,1700.96,6911669#TtiY56CUCRjWjRo,-0.3,1516659.3000,5350061.520,2012-03-01 03:28:24.000
1140,333,2,1,4,11,537,885,1,9630813#ngfIiNUnMhPon7zvCRTa3Bc9bfKwyUUYvqEwG,-1884032,10832159.1900,1356335#hPPU9oQ7HhPu9Qyq2p23LptvQ,-1843987.27,true,7321410.89,608.80,5419285#9baWCuC6C5pevYC,0.4,1131595.1200,-5900870.990,2012-02-08 11:19:19.000
1141,120,2,1,2,1,213,354,1,5819082#ZwqNCpwDvKFvna3gtDKaUrayJhRjVL4n3cHff,8041840,-5910640.7400,6045814#Ry0cEQbT85LaFCL4Pst0scdIp,-10336310.35,false,8047888.00,1279.59,9568793#hZeBQFyDCiUbZmc,0.3,2853851.0700,-7843355.840,2017-01-10 08:55:09.000
1142,325,1,1,7,6,276,765,1,32797#tagKUXNo7NiGYF3mHm3ACQEXmUSPur4tOSwXN,-9258503,7284267.0200,5433855#a1Ujt8u4ccN9aeTQkhy3vszt5,-4376182.26,true,-931645.75,946.73,9131517#WFcBzkdM5B4684Z,0.4,160732.5700,7194371.150,2016-11-06 09:29:43.000
1143,1345,1,5,7,6,209,690,1,9676049#b8XZ745yI7wbJ8axrY2rDUaWsHDb8yxd3FwRs,-2018058,8033462.2900,5456811#dEvvZfw0O69wlZm3OY7H7Zkrl,11427053.80,false,7470594.01,-37.64,2774790#cvqXgJv5MYiRE5Q,-0.3,291724.7000,2853095.920,2016-04-07 01:44:39.000
1144,380,2,1,4,12,1003,1305,1,6670018#6q4agd906u7RKCfEzoMXxvIvJdwgeIssKLSPj,-8860872,-1102886.2700,7055369#cKLSJp9mS8GN3MC0k5H0rcPj8,-3521216.81,true,3781134.16,2247.42,4173356#rAk0MBY4J1qGw4L,0.4,-2601047.2100,-692937.980,2014-05-07 01:30:22.000
1145,1334,1,4,12,6,567,1126,1,9264580#kxn7eBqPQIVLEOSctQBkFEKNbpQl8FjeDG2iv,6581542,-11297711.5000,3356383#gF6CM1rVGtqJdIG6oCgLwLkTs,-7083162.40,true,4936574.67,-3101.04,6712656#OZ8MZqeh5TRU90Z,-0.4,-3233395.4700,-6054197.210,2015-05-10 12:32:24.000
1146,1221,2,2,2,2,189,283,1,3956472#clZ9tZOP8L9UCJNQa7xT1cFMKY1hO1S0jADCr,99920,2212453.1000,9221599#Ui57Fmkoa39pfKNNw3tt5yRuB,3001423.05,false,-10453927.70,540.13,4897098#VJhZ1p79zwQIF0r,0.3,-493863.9600,11261749.910,2011-12-18 10:32:20.000
1147,146,1,3,7,8,144,105,1,7186690#z3bKves5f9CYBRhzfa44dhs4H0qcWTRCzeXJz,1723275,8618849.4100,5650207#MEznlyOAKnW1PoTHVIIEFpBWx,-10269528.11,true,-3723177.50,1077.76,2021780#H7S38bPe7eSYtgI,-0.3,-610483.9700,-10353968.120,2011-06-01 08:12:40.000
1148,465,1,1,3,8,680,700,1,8587315#184OauIxs6raJRrSSN8t71HxTs79Iv2sMSaR6,4229328,3720688.9600,3161432#CBrCIm8zQnC34AVz2sEVuW2s3,381326.22,true,1653375.00,2961.93,858494#uvwKgSSi1Z6WJVI,0.4,3027465.4000,9899744.560,2010-11-14 10:57:41.000
1149,1370,2,1,5,7,888,1069,1,733237#9gISkdGIE4kOKqmQPCZWqTuwbHwabRn4qNomK,-1245809,10242600.3300,8819482#GjNNepdBpXhWq7mJ2PfAODpQT,-6280307.37,true,-9492343.83,-433.66,2129099#XE9W5bKI5HL9LsQ,0.3,803009.4100,-10296129.450,2014-01-12 18:28:25.000
1150,558,1,6,8,2,873,247,1,222703#xKAqyA7L6YPAwmMm8Mi97oD6nceZ0n85xTb9J,-3450573,5425943.1000,5200900#askiThqSnHJNCc53dhN4H43mZ,-792624.26,false,6041417.20,-3777.34,8250259#xPOmzD4vDE1p0XE,0.3,-901642.9500,-1735521.900,2016-01-04 00:22:25.000
1151,1082,1,3,9,10,255,704,1,2209737#oONy6LEWR71t6ijY6sWOvVYzV7BAgUn8vVouW,-4972118,8039898.1200,487078#ytCrpnP4quaIT1IkEjFb2ECvG,-5654976.22,true,4886922.99,4129.26,6616817#E5fvJCsCAyCI9O9,0.3,1141580.7200,9960911.940,2018-05-05 07:18:52.000
1152,1222,2,6,2,9,914,1208,1,5261223#QteLoVcoJqTcRCoIYgRnzZ45zmNRtfkRwtDzF,-5933106,2403681.2200,8325446#JJ2PBRSGoL8J8uCE6DqElcQWa,-5981063.82,true,-16513.78,-3293.63,3633521#U287sxkJml30oPc,0.4,-768588.9200,5617556.660,2010-02-17 17:45:43.000
1153,419,2,7,11,2,404,185,1,5479525#hM7Z4LnJ4sCQjXiskd0LHgfZDWakTkgcPVLSh,10686294,6945108.7200,8915649#JccoCHZc3tPob2t4Q7BvhdiLj,-5893978.09,false,-10718538.15,-2170.41,9332378#DQgXkeRn0PN7sR3,0.3,1351318.4800,-9504360.180,2015-04-22 00:05:05.000
1154,1122,2,5,10,11,558,562,1,11325985#esfa6qftIfvQr2M9hUHykV0tOkQ6QQGBmrw24,-2100042,-5098314.1700,702854#fqkX1MZUhx2uxhU8bGPue9pS9,-260638.19,true,9538205.27,-2920.95,3153670#C1BLgsAQEWNgLV1,-0.2,2042308.4600,-3570372.650,2015-08-31 07:09:09.000
1155,391,2,4,4,10,164,1096,1,4151777#X6sXSCfD98URijoHqHazgAkQJNN2AS3jSKupv,7494820,2969517.2800,4028834#ydgAxgxA4HGP6r0NeHarCuBJo,3614670.49,false,-10664027.32,-1751.02,10272654#OfeEa0b8tLmeK0h,-0.2,4172858.8000,-4367078.260,2013-03-23 23:25:07.000
1156,2,2,1,10,2,513,898,1,764179#DWfn8kcv9dHqMeh8d74qYAUX3j9azjbau18JM,4137885,-10245196.3300,5361523#QxLKq8t7a1RVFC0kQTJUTButi,3800171.26,false,10095797.07,-490.10,8552456#q4wSwIoDFkReKmj,-0.2,3007402.0300,-6336119.040,2019-04-23 06:29:23.000
1157,1206,1,5,11,3,551,59,1,3601960#L88K3pAGM21g2MKYhU0mBeuxfXNctxcBGMXnc,-10068948,-3409477.7200,1923634#jPlEecVmsACuuLmvEYDximnZf,1636790.84,false,-4577411.07,3458.01,8132967#OXrYSngp8jFPxxK,-0.3,2503800.4400,-4543335.140,2014-05-06 19:40:21.000
1158,672,2,4,6,8,887,871,1,10463618#q7ao7foLEjGULbMynBhuUvq5PzyxvPhX5rjkX,5883574,-1562701.6400,11473477#2B2MDoZcUX1kJRqQzrZRvqgU4,8215156.68,false,-7801772.11,-1832.05,10392335#nNesg51y2wxFZME,-0.3,-1887924.4100,7405067.320,2010-01-23 03:04:04.000
1159,1015,2,7,12,1,862,1200,1,2407463#xD4d9LM0xf5IkyS9ooJ7rZMrEoYP6bqEvdpL9,-3472960,-11391719.5200,8842977#3Be0GSzKaL6Llww4hB36i3xIm,9340731.62,true,-9126887.75,3438.54,2598144#AuT3kO4kGwmMpXl,-0.2,-1859043.1200,5095064.860,2010-05-24 15:32:08.000
1160,48,2,1,9,12,733,147,1,2146864#XhzKUFZiIkXlqZe43P7L00Na0KEwyR4EkvLFl,1081960,-1101282.0000,1000690#imkxaT5J9R46RURLSaQbZHr5n,8219276.19,true,10700499.11,-4069.60,4936541#eE2yvzdrHI3UWYM,0.3,87397.8800,-1918735.360,2017-12-14 13:41:21.000
1161,799,1,6,9,7,269,1198,1,7074782#moi2UfwJamn67T0Vx5uLAnlqs2DnqXPx8NPOv,-6287033,7656630.8800,5689190#UcXrWUnHZoaUBNrvZeC7p7ouw,-7760195.59,false,-6526131.75,2054.60,2795851#WGx2fXJe2EQRcmw,-0.3,2523978.3500,5982362.590,2019-09-04 19:36:40.000
1162,1298,2,1,11,3,323,744,1,141551#YCXgblRn4u2isnL8YmLLQhfJ6z0kher2j9GaE,666004,-4006817.5400,9314575#wnDM42FCy6T7Ht1Ooh1LJLCao,3092518.60,false,-7964017.60,-3533.18,2440589#agDrWdGSjRc3y7N,0.4,-2055380.4200,179438.400,2016-10-26 16:44:22.000
1163,1305,1,2,3,6,527,1093,1,2581508#JLDwFEhhcXmivfNdS5So8B4GUgtCVRxJPbcwE,-11095095,6985013.2700,5542585#zL03NRuaz7sOjIN89faCtvE8Y,2161311.82,false,-5083491.63,598.51,10916607#xObFrKyjdgRshkg,-0.2,-3417309.5300,1471106.730,2009-11-25 03:15:36.000
1164,478,2,6,9,11,468,768,1,2844348#GChyqOUHQ8fCWTyBEtghZfGEuMui5PaDfQ4LG,-9728414,1995378.7100,5742229#9PLQhtEme5PTrfd7uSpOPhfMv,9401864.93,false,6298893.88,-415.41,1448311#VyinhjoBnttDY7z,-0.4,3516761.4500,4487782.420,2018-05-12 16:59:51.000
1165,1253,1,5,10,2,969,331,1,9541141#IbOQctk8J2MJmwFbmDSTFs1XN1H4txhYXY9h6,301688,-8731147.9400,6336195#xLaRKrxG6O2llJPjdtmROPdBJ,-4712335.96,false,-1798856.61,-2064.06,11460078#Hup9bsnn6gYVnrL,0.3,-1892637.1900,4388977.840,2015-02-04 00:19:56.000
1166,672,1,4,10,5,235,1116,1,1591973#12988zCI2cmT4Ja7nBvnzfb6daNJ5g9Ipgls5,3646884,-6032467.0100,2656536#dy0oJxitlJj9LvLI5nW8vwgXL,3653814.90,false,7618696.03,3264.40,8935635#vCmACcbAn68kriv,0.4,-3791466.9300,-6329124.490,2019-09-22 14:39:04.000
1167,127,2,2,2,1,81,831,1,3099884#800H2DhOq5woZb9omT5NZXWQH8TU3hyi8JG3i,2032309,-6309707.7300,8345978#R9fAhAOWFUGmjgRJYBZXaMMus,-10072047.67,false,1448783.17,1062.51,10242790#cvqXgJv5MYiRE5Q,0.4,603822.5200,-510187.830,2017-02-02 12:40:51.000
1168,93,2,3,6,9,816,160,1,2637767#Ukxrwip6cAw048Ao3PcbsYROfcmZl95yGUwLV,190239,10160651.3900,1119729#e0xgpnyI2Ji4QdcsjQYl9YwsT,-4213657.14,false,182176.78,3084.03,11602489#tTNzp3ZI6faqN6T,-0.2,-782180.7400,650336.910,2011-11-05 00:43:41.000
1169,417,1,1,9,8,264,1312,1,1690254#Fz8BJcYVg2b0YCA19oxosHm4OOCgNZzsEU1nQ,8102500,9976380.5400,7521320#KWfzqtVfisSh4eojmAhXbnRBh,-10145495.18,true,-1087365.91,-1317.25,1375258#gVh5XLMNJlFwUBD,0.3,1546460.2000,-10809791.950,2011-08-21 19:01:52.000
1170,1037,2,3,10,5,389,1041,1,7173731#aG0RJgRVPux8oXBtCJGNkGajBDkIYAZXkBx2w,11221684,-10873025.0000,4692673#ns9YlAZxqJSSa2uWHr3qSlqI0,-176628.86,true,-1083055.27,-2971.07,4624417#KeeCxktFw1zFqjs,-0.3,2837079.3700,-8828028.620,2015-11-03 03:09:12.000
1171,1208,2,2,6,11,691,579,1,671246#pyn5WD5MSEU8DeLLeDclz3M5NJzX5ZazB5par,11304468,214976.1300,7121119#ovWvzz80vkzY2b7fkTQGLEpLj,8417910.76,false,2829282.93,-933.19,3507189#HiaB79Hkik6BJdo,-0.3,311728.2300,-19884.710,2011-05-20 18:08:58.000
1172,1423,1,4,8,1,569,757,1,3941776#at1LudQyGC68KIECbCPi5OhfK3Jlfv0fOB9Ec,7694960,6639819.3800,7997999#ftamiHngiVNFa9QqOmNvzjw9A,8043030.24,false,2434339.47,-646.43,3845153#BQx2Z7kmA5TaUCi,-0.3,-4383508.7800,-9046501.420,2017-09-15 02:48:18.000
1173,161,2,4,8,3,751,715,1,3562028#omCMugXWvtilVy222VDyE68W2OtJJbKgtYR6g,2561596,6337811.9600,8937840#Z3sGUYA6H45uyxoawdJ2zKq3U,-2938820.07,false,10968253.81,3365.63,2617883#GaW65TdpinvGKpu,-0.4,2911085.9900,141040.610,2020-03-06 17:42:01.000
1174,693,2,5,11,1,845,1002,1,3445203#s551577l32vw7ZFJYmmcQo6a0c0oCGq2996Yc,8467917,-4728620.6700,11691984#MSbbycBOJU3SUdRugLFJQXa35,-2586902.28,true,-7640026.41,1449.77,8086082#uhs7yPWJsAwVafi,-0.4,1541290.3000,4283884.890,2014-02-13 13:07:04.000
1175,61,2,3,10,10,155,1091,1,1556617#MdIzoqnd3zbnqvmmWRL9IQngjsTtayFjmkITw,-9168147,-7470921.7600,7436902#tmaqVKCHlppbhp5xqH8UygXnh,10799704.44,true,7720689.83,1380.98,8037070#q3V3nm5Ek3XLsaE,-0.4,1040249.8000,1518227.250,2016-01-19 06:00:49.000
1176,1031,1,3,8,1,838,664,1,9834486#HcgvJBltDXHqAbrdnxi7140lWgCKx682eeIpj,-1697037,-3909103.5100,8527042#oa7sFEw7DwFqIKO2bSaack624,-5276745.49,false,2734896.38,3257.66,5435215#Ak1qSvHJKmjSPpl,0.4,1285135.7600,-9547686.430,2013-07-23 22:35:15.000
1177,1357,2,4,2,8,841,1052,1,8347855#SRM1oFKqfMDeZ4FxxgbdxJe0GZi8io1EUrPBa,-5044532,7531337.6600,6993765#FAAhtaoB31QOIIutnxIWDfkte,-7039538.92,false,5254191.69,1161.63,7532869#RsVoUWsdodDId7T,0.4,-674922.8600,-11622335.260,2015-02-06 12:13:21.000
1178,1161,1,3,11,11,287,99,1,7989522#HANvvwfdqBb5M5PHNnd8HmQn3LzuwyKeTyPJG,-7979210,-7072218.8900,619604#D07gNbss0KOkarMMVdptltCZo,6898824.83,false,-8238935.77,842.53,7045491#Rgw4QjQ5Ik8qrG2,-0.3,1336761.8100,11697013.070,2013-08-19 19:49:35.000
1179,581,2,5,4,8,31,267,1,1552318#mUv3XZDEDfwdExUvpX2W8wlABzF8s37XzIIVu,4324487,8927144.6700,8432790#YHG96zG2bI2RRjNxh5JcuQmfe,2804265.37,false,6385151.95,3955.21,2147554#LwVVlDSyyKBOFNc,0.5,2591497.3200,11073998.880,2017-07-09 10:46:05.000
1180,418,1,4,9,7,28,314,1,7930386#adGB7vMcxLrDtum4x7n5MgrxUKORjQT8gxW0a,-5530871,7710746.8300,3707795#0BHEFVD4NSr2YpL6CMeGj6X8n,7145558.06,true,-9235648.15,1998.49,5358978#JkgmojjrP3ygwFm,-0.4,-2105813.4700,1037514.370,2010-12-12 03:40:13.000
1181,1402,2,7,10,4,449,594,1,1092708#LuPjPmHAwRNSPSp9oQTOxQW98LPy6TjQv6lyO,-7519940,1351368.0000,4145206#x9KoHcWpmURhRHGtMUJzmEr8j,-5031069.28,false,11168978.23,2490.09,7606970#V0pUQ6WHFFlcYup,0.4,-1123348.4100,6626492.540,2012-07-12 03:11:13.000
1182,481,1,6,2,10,232,162,1,8733407#tKKfnIHdH5WmyORW35pV6sNVNwvgUFY0GVHP3,9389538,-7139789.9100,9506767#SnykAb72mFarqMoKkugsxCm10,-3734691.89,false,9190744.61,-2730.74,11675110#kWf7ciOzW4oPIKl,-0.2,-3699497.7600,1242762.790,2018-10-08 18:01:25.000
1183,10,2,2,4,10,456,434,1,7326676#qS3KATnGKuKcK5kQXFR3Y2129ZbLOGr1H2HI7,7034008,-4733553.0000,1144757#OMezvPfn9JyQT2CHM1tzvAdcp,-4589768.74,true,4764564.57,1897.88,8836951#BHrjzJs75a9cnv8,-0.2,2947255.8700,-2915052.000,2019-08-27 09:10:40.000
1184,800,2,3,5,10,424,857,1,8437206#OfzcfHq1gqlq8AonB0CXgeAivsjKyiwj0QRae,-4255781,-365308.4200,2658449#V9YXIgVKwjyRTePQDeVeAqNZW,-10711615.93,false,-1277817.48,-408.01,4362099#XE9W5bKI5HL9LsQ,-0.4,3220986.7300,812933.540,2012-02-29 04:31:07.000
1185,1193,1,2,4,1,513,303,1,7894107#bLNDbf4u5SHjTlpqAsQbSzQpcrtWikj4gEbDg,11436962,-9363948.7200,8864226#abDUAZJfNqU410Cm2lt1wHZzX,-3484433.80,false,3020036.47,2097.37,7848187#fD2SBgwTt0AZ9ZX,0.3,-2596014.8400,-7815774.960,2011-07-16 16:21:59.000
1186,956,1,2,4,11,423,742,1,2818919#wvPueuol9kZxJA7CgLGsqXb9iDcofmBoKavQp,-1954695,-1792339.9800,7986012#n9amQe5IUB6YmEuEpAlZRkCqY,-4140864.86,true,-4686300.93,3589.11,9377687#v2tZzShhQ9jypiu,0.3,40164.8100,-11146185.700,2015-02-27 22:08:04.000
1187,259,2,3,11,10,706,756,1,1197685#fBXfQvdqM9l4dAha0nzYjzSSGovUIOWoRiYeH,-2565885,-8412841.9600,3596739#XQt7PgEwLaeEOo6d3fuMhg1U6,6927125.42,false,1473548.08,3149.03,2999094#04VRuqxZ9KD3GQk,0.3,2274957.0400,-1101111.900,2015-10-21 13:02:08.000
1188,743,2,7,7,8,391,478,1,5557899#ns9oFApCP6z8JQdhiIl63TojhNvd3aDvdrgsq,5005123,6424442.9600,7192332#L7sUgn0vKRJd5HwoFAOVtFKuZ,-5884223.18,true,4686979.75,2712.35,10333779#vB7isGpi8s9bmTF,-0.2,-594027.3300,6531783.690,2015-09-15 10:12:30.000
1189,1293,1,5,4,7,460,742,1,6007158#1yKRadHGZomQhYzAJCXjlAkMCFdBraa4kwTSS,10528347,-5052874.1500,7710029#1d9txz8yShKvEhYd9OOdnij6P,-6379162.72,true,9183116.62,1787.46,7214690#tVBLkzp0OK2rsfC,-0.3,1583158.3000,5585115.520,2012-06-25 09:22:21.000
1190,1126,2,5,4,4,727,329,1,10053104#vyQGpEPHQ1n9NAHgi7f15N4a0dXneycPdZk9Q,-1966457,11307403.1900,1415798#QDPbeEqxX9LBeQQiYNgpgkpNc,-1925051.27,false,7642155.89,631.30,5656726#sGUvFarLci6czV5,0.4,1181278.6200,-6159308.490,2012-06-04 16:02:24.000
1191,752,1,6,11,7,790,1288,1,6073817#yoTTFjcH0F144QtfxqbrPfRi8ZNU4wApRPALp,8394440,-6169268.2400,6310468#PO1vW6nMepiC8VzYIBQy3jeUR,-10789096.35,true,8400383.50,1349.59,9988108#0bfkkWysRRjZuIt,0.3,2978623.0700,-8187078.340,2017-02-25 08:56:25.000
1192,614,1,4,12,1,946,1190,1,34135#n2qh1fh9RAN8jsvGiyvUz9jMRc9g82ymR75wb,-9663516,7603255.0200,5671710#JaeHx8E4m9xnAr2FRe4H5U2Zm,-4568030.26,false,-972374.25,1008.73,9531103#utTw56N6VeAOnHr,0.5,167412.5700,7509230.150,2016-12-25 00:16:28.000
1193,683,1,4,7,3,614,181,1,10099213#EoGxazXq8j2oc4TAyDwFeuC3FMqRIfZ5qKnuY,-2105964,8384702.2900,5695297#3fE21ZAVxWCWFWjpHYWYuAzWm,11926564.80,false,7797458.01,-32.14,2895896#6CDwZm1op63Ih22,-0.3,304895.2000,2977920.420,2016-06-03 04:46:33.000
1194,1258,2,4,2,3,215,575,1,6961313#BIS4TNuU0GlrJ0zaEWW7Ps1ncxPkztUkUfu0w,-9248147,-1150990.2700,7363730#xCxD6TESrV6AyHytocO2C8Z6d,-3675009.81,true,3946614.66,2327.92,4355696#1DvuNnBOsS6cuul,0.4,-2714734.2100,-723560.480,2014-07-31 02:19:04.000
1195,574,1,5,11,3,869,847,1,9669121#RTMKgUsMbB00cYPX282Od7DCA4DLXevue0PoQ,6869167,-11791130.5000,3502837#NiYzslwEDnDV5pEpjvl19dWpN,-7392597.90,false,5152037.67,-3242.04,7005475#CfbqAvG9Y7LkB88,-0.4,-3374236.4700,-6318294.710,2015-07-19 23:13:26.000
1196,1274,2,2,12,8,437,237,1,4128924#AMAeo2eb9VSVkPPzdUocR4VTEUejgKYpVPWLG,104320,2308953.1000,9623516#Gc5UzvUY8TThIpVx6Ytg3651z,3132016.55,true,-10910319.20,551.63,5110659#1VXhp5aQlTl0iVE,0.3,-515242.4600,11753464.910,2012-04-16 06:24:23.000
1197,588,2,2,2,4,680,1161,1,7499626#7M6NuwXufhywgUYx963DnSbTxlMNNNPsGgFvM,1798093,8994492.9100,5896407#oyGJfKsP3cp6UmjxUAOjezGXi,-10717608.11,false,-3885188.50,1118.76,2109684#B13oAGnxSSKhJBV,-0.3,-637203.4700,-10805698.620,2011-10-07 05:41:52.000
1198,375,2,6,10,12,621,470,1,8961186#QVpWFu9e2OUSjX5k7tlx5wiDlW1QRXeljqv7J,4413397,3882866.9600,3298964#Jql4zxCeOtH8SWJab1Q5mldRO,397783.72,true,1725444.00,3104.43,895559#GdTr3nIK1LtTETA,0.4,3158978.9000,10330768.560,2011-03-30 09:13:01.000
1199,747,1,6,8,8,815,616,1,765040#4g4zmjvb5H9wleV8kafOaoprCamI7x8GQP8Mw,-1299829,10688639.8300,9203228#pB9baNjvbgGQQyUYMtPzwraLE,-6553603.37,true,-9905315.33,-436.16,2221703#rZ8YsVtJEhAwJVO,0.4,838058.4100,-10743883.950,2014-04-12 16:53:15.000
1200,917,2,7,2,11,874,322,1,232254#Fz8BJcYVg2b0YCA19oxosHm4OOCgNZzsEU1nQ,-3600598,5662008.1000,5426670#eYUbQkkPmHfIg5oUtlBAI8UK6,-827132.26,true,6304421.20,-3932.84,8608655#M4Z4pZLpcAYkZH8,0.4,-940972.9500,-1810639.900,2016-03-05 05:13:18.000
