1,1207,2,2,1,2,249,1241,1,2461#FhAHeNneuz2UpneKljilNFlHT786oXYV3lniR,-668,6182.1200,7287#ZY8TI248Xmi0ULZFVigDiFBPt,-909.22,true,-542.51,-102.74,15426#ZETApYTio5y8CG5,0.0,-1358.2800,16723.940,2016-08-18 00:18:28.000
2,357,1,4,6,1,229,1069,1,14199#YhbYEubJqoUjt3O3mGUCmk1yI75GS7i1bIWV9,-8708,6138.2200,14695#uaBEJOkLlvbTSRsLgEqVK1rRe,-488.82,false,-3668.28,-418.63,6950#VMKvJip3x8D5CzQ,0.0,1416.5800,15515.660,2000-11-12 06:26:28.000
3,665,2,7,9,5,715,527,1,20371#LbnQcSJ0YG3e0NPKaYXf9qE8wBgl4v2GTlblX,37765,19969.7200,25241#UdjNkKHodnr0mI6gheNdLyj4f,-8899.09,true,-28161.15,95.09,24324#5A5pTnc07AlniQY,0.0,-518.0200,-23265.680,2010-10-17 08:03:58.000
4,501,1,3,7,6,113,857,1,46452#JTTP8L1vsHTMe7V1ITn0DDjsntukddVdSNJYD,-14517,-26273.6700,3068#k9Gd8JT8HEqCSbr17mCcqUuuS,-6637.69,false,37330.77,-344.95,16965#Py7CoqMS8YMKdj9,0.0,-2828.5400,-20644.650,2011-06-25 07:04:33.000
5,917,1,1,8,7,948,431,1,21725#exQWwMUbiGhOcHuOjuNfzT3cYTHPW1az8NIu4,41095,13890.7800,21843#RVna9RfnGizsX4YDr3TArKhud,7591.99,true,-43029.82,-451.52,46072#7SzjiWSUwMM7AUO,0.0,9444.8000,-9187.760,2006-10-16 16:19:30.000
6,1288,2,2,3,2,657,1171,1,12723#xBs2Ohiav2gJaRVKe3ukbuSC1iKCgJnTqcMeq,13122,-60140.8300,30894#Dz9d2gy2P0t3HlgHILVZVOp5F,21202.26,true,57907.07,-444.10,51840#18P5jKiArQXFUmS,0.0,17701.0300,-30220.540,2018-06-25 05:45:46.000
7,656,2,2,10,9,317,1021,1,24022#Ienk5ze3VeNPrwZTghTzg1mefxCNWQUNsVAu4,-63660,-17334.2200,17923#xElUaYTq8ZBvCTFpxtu7XuGCF,13956.84,false,-27045.07,-187.49,51285#9baWCuC6C5pevYC,0.0,16051.4400,-25882.140,2008-12-07 09:29:34.000
8,1441,1,5,4,6,958,128,1,75875#plw8hSIzLDcNy1R82ljOKsKmPYjzL72ZUnSuM,43874,-11811.6400,86453#ZzXkMGWX0bavZeolNSU3UrKQ2,59345.18,false,-63548.61,19.45,76053#gXsVwZmcjU2BnN1,0.0,-3453.9100,46171.320,2000-09-07 15:43:44.000
9,1253,2,1,7,10,398,325,1,28147#WqmdOPG3QIXNA2Eh86LxlP3EHPsNVsE8OI8AG,-36185,-95212.0200,72767#SnykAb72mFarqMoKkugsxCm10,69512.12,true,-71396.75,-195.46,24904#RGqtZkZKWuogTYp,0.0,-23953.6200,36858.860,2001-04-26 20:20:15.000
10,873,2,3,1,12,382,860,1,23113#DSPlL4Qw9Y7YrcT5rRRcAwTIakvS37QMEF76R,10735,-12289.5000,8781#VS4HHzb0UmgODfIf0pIUUQl34,79116.19,false,97395.61,-435.60,46649#bGARsf44vD2M1zD,0.0,-3762.6200,-15485.360,2015-11-14 12:16:58.000
11,1107,1,7,11,3,307,1257,1,67843#PMLGTcknepdvXX7P3oxwzUIB9SF5QUX2PH9be,-56483,67723.3800,58698#7Z0M9QdOCwrsY9LXB1lvjQFtg,-70122.59,true,-55633.75,352.60,30975#x3Fhtrino8PQCeI,0.0,14114.8500,64416.590,2019-03-10 06:00:55.000
12,345,1,7,4,4,531,34,1,6300#6YCCmu6gY0qyv3c9AJV0I70LNHzz8zWiCu8GL,1879,-41019.5400,98291#RKEaLNeCjT11ts1TrtjbIxOYx,22743.10,false,-87437.60,330.82,35065#MPe0UHjb0vCTLsz,0.0,-25078.4200,7317.900,2013-09-06 13:51:47.000
13,1383,2,2,11,8,466,300,1,30636#FNWAE26HAObX1E84PIp2E5B3KYtfTGcj9GdYS,-114895,73191.2700,64192#S6vNiOGSEAwLjpTchVA1yWSNG,29085.32,false,-59682.13,-102.99,129768#x88vlKJ1FTaceDV,0.0,-44693.0300,17207.730,2000-05-03 02:08:47.000
14,1234,2,7,9,1,252,1,1,34334#nkVXolUuqxPwdynIhI0iPDVzfvgscsgWGzvdF,-115564,15814.7100,75846#twUX983DnmjzXLFCuX08Udr3q,111693.43,false,66652.88,-369.41,25462#5wOlT26woSauMGR,0.0,40736.9500,56510.420,2016-08-25 17:27:28.000
15,1467,2,2,1,2,71,968,1,123170#Mb0LA7oOoXSbjhgSNMmDkEfZo3WGzUZsqLRWR,-5936,-105434.9400,89890#rcsUF5LPtYNdSbkJmjTgZmoBR,-70395.46,false,-29846.11,304.94,151495#5C6HcJqx57w31Zz,0.0,-20724.6900,61343.840,2010-05-05 18:54:14.000
16,1396,1,7,12,4,103,1153,1,30491#ptXNyW26oYPxYzZZLT4wH8AMsnyLolShAVvVQ,45659,-78043.0100,42529#3otriwcdz5CaoZv5AjN4522vq,44781.40,true,95522.53,147.90,129855#wRPHGVFBosx5JFV,0.0,-58267.9300,-89799.490,2019-04-12 21:02:45.000
17,1431,2,4,11,3,669,325,1,54005#nFkdGEYnyHNQcugtXw1aFqN4vljenLVIgk5X3,24409,-86804.7300,126249#D8CKAB96lOt2uBbdd1RDSQJTv,-138888.17,true,23404.17,-305.99,152127#PA7rmZ8xQS9kKsm,0.0,7156.5200,941.170,2014-03-11 19:07:52.000
18,294,2,4,12,3,907,362,1,45932#GQIac1fj19ALJU15N3KaSxm6mNSvSEEJYqgtg,6814,164609.8900,26413#0hwBE0FeuBVbFtsb7SiB8jDLR,-63261.14,false,-2064.72,-239.47,181977#YAF6ElOwO34tDyd,0.0,-3078.7400,8130.910,2004-01-20 09:38:21.000
19,55,2,5,9,11,177,912,1,34979#dAD7jriWH2F3qLingKc00dTV7j6LfePWbVErs,124375,166328.5400,124198#CK4Dm7RgeXJGlDgIE63IylzhB,-165887.18,true,-26502.41,108.75,32023#D3IxTLDAmsiMetp,0.0,32209.2000,-167358.450,2003-08-25 16:24:27.000
20,1392,1,5,9,2,532,359,1,131522#HANvvwfdqBb5M5PHNnd8HmQn3LzuwyKeTyPJG,185571,-180624.0000,88659#ZMXDbbcsNdnj9Eudd2NQgFA7e,6428.14,true,-17281.27,87.93,80583#DJQD2QtQ69uquO3,0.0,56712.8700,-159547.120,2011-10-06 20:50:57.000
21,756,1,3,2,4,419,1242,1,12043#jW7405NA8dAVohgPXlw5ldhoGEibmznyrGniN,205818,-2557.8700,134903#aDoHFZrHRLgw0CHM8c8zUTSiy,160634.76,false,49583.43,366.31,72369#C4zSaVgwlQ7HKsV,0.0,12406.2300,9244.790,2003-02-21 23:46:59.000
22,261,1,4,8,1,990,230,1,79363#RCzyu4tfAbe9aitiVaEAwDnXKl0PxDyehO1rq,144635,118249.8800,153148#Lwhria4YejE3iFaJUL7ZRB0HZ,149625.74,true,54644.47,-416.43,75614#XerLHzatUuYNfEk,0.0,-88143.7800,-167903.420,2015-05-16 01:30:41.000
23,1316,2,3,2,1,999,747,1,70479#KnYsYBxbWRrkUQ9EyF2jVPBdVwb7OKuFt4jAa,59484,134010.4600,177359#pYF9XwnsRWX0CaJFggoDYJTbN,-66948.07,false,210153.31,237.63,58098#VJhZ1p79zwQIF0r,0.0,57636.9900,-4043.390,2020-02-27 12:36:42.000
24,1244,1,4,2,11,773,104,1,71413#PQ0AZsRbr6jMd55V0TaTgIJFARPXzGu9jkb9E,168942,-88623.6700,242941#p96aMvRecklKJ7wpbtvof9wjv,-43481.78,false,-150662.91,-401.73,165446#eQUKvhvGtwmREjm,0.0,33996.8000,94112.890,2008-06-03 17:08:26.000
25,610,1,2,7,7,357,1194,1,41998#Ph4YaSIwA0uZ0TyrKzljw0kPpI9qD6yMHxfyD,-196709,-157301.2600,162289#Tmu9XZQla49AUhfWszCRwXHzl,223292.44,false,160187.33,-309.52,173887#s4nvyGH95FyOzoa,0.0,25880.8000,28827.750,2012-02-27 04:52:05.000
26,1465,2,4,8,9,92,468,1,218301#Y1LR8uWXtCV0YUrrJQMVVD05VP2BBh3uXyTtk,-29537,-94473.0100,195626#bglYXNOYBZNsucLNpyTOpSPGg,-124618.99,false,55959.88,-123.34,120260#fQvd8Z7e5xEm9Gc,0.0,23723.7600,-201785.930,2007-04-30 19:01:02.000
27,1333,1,1,8,2,223,104,1,197334#nkVXolUuqxPwdynIhI0iPDVzfvgscsgWGzvdF,-120232,172361.1600,163432#CBrCIm8zQnC34AVz2sEVuW2s3,-157858.42,false,128917.69,506.13,173846#reTxhPnDKmRpi8M,0.0,-22780.8600,-264279.760,2010-04-23 15:03:45.000
28,1167,1,2,10,7,1005,769,1,198629#NMIgvqI1EwWi1hNCCWPFcs6LXFfUBtLT5eEz8,-196873,-173552.8900,24330#HWqzsvUPjOlY97Z0TbQV5kuVP,158237.83,false,-194444.27,83.53,170216#yy8slvcNssWKZEl,0.0,35283.8100,274684.070,2007-06-18 05:13:28.000
29,510,2,4,10,5,395,720,1,40493#M9js0sQAfsR6QVpqyUbspkW1uwUyOlzYvn9w8,106287,210098.6700,207576#8z5kqT0doBatR2M25k0jTv22W,64332.87,false,165664.45,298.21,56118#fNK9vLqg0gvbr9E,0.1,66281.3200,278603.880,2014-12-30 21:11:36.000
30,1261,1,1,4,11,950,366,1,206273#cJxC2ZscCGYuUdZ4rWFog5BuKL1jn5rO6PjB0,-133277,187642.3300,103821#7ZwH2aXR7D1yK55XoR0fgWGA6,178846.56,false,-229687.65,-25.51,138909#lmQTTRrZhUIuXTO,0.0,-59020.4700,19511.370,2002-03-27 00:30:41.000
31,1059,2,1,11,12,1002,841,1,34754#YGLok9oELZI1F4glcJByiqmpQayNJt7QueZpv,-190415,29190.0000,116215#XVCDySM9t6WCdzgbHV2L6YMFA,-125410.78,true,284044.23,144.09,205409#z5yKgL31Rt1lYFI,0.0,-37541.4100,179880.040,2005-04-19 18:22:52.000
32,653,2,1,10,4,470,910,1,242566#qNQ6xqu5YkxeYuIEjcSFcmNuOikZVYAOhZnuU,259113,-189258.9100,259157#vff01rEhBay0zdlGc9N55XTDA,-109362.89,true,247171.61,63.76,319745#jYGV0LTn4OAvlaZ,0.0,-93339.2600,26005.290,2017-06-02 00:57:59.000
33,1173,1,4,9,10,555,1043,1,207152#aG3mNO6S1KuhegYyShsJmSmA31OUn3M8jddxR,199558,-138601.5000,37606#3yOJM0PS3DX6ue6fr3oTDsRAO,-126089.74,true,136677.07,-298.62,254409#z5yKgL31Rt1lYFI,0.0,80351.8700,-84499.500,2019-02-18 15:15:44.000
34,864,2,1,1,10,986,735,1,251057#lO53lcivrgtVCuobfLQXqkTMVP4fNVba6USna,-118081,-11648.9200,79321#Mv6d3GGDIrXGFOu5V1QEU8dDO,-306875.93,true,-45350.98,166.99,127029#jFoR31E6gJtTPU1,0.0,94458.7300,25977.040,2004-07-26 20:26:10.000
35,129,1,3,9,10,289,101,1,237419#zAyBuX4QyrDBTbAoJAxNTsbJXf4HA4jsF8aQn,345787,-273681.7200,264883#kQ7Kp50PCf5NHaoDl7Tl0dXJl,-98695.80,false,94608.97,-340.63,233209#5r1DYYZFbjiNLrT,0.0,-68510.3400,-235446.460,2003-05-09 02:02:22.000
36,1476,2,4,1,6,297,443,1,86715#9okyqH7MQP9uYbAm7CR6FlKmDNuY87LQMtcmn,-56769,-56299.9800,249755#lWNrefKSGfUjkTy8f5AoKstg3,-132539.86,false,-142811.93,-355.39,287535#N7a21qnhV0WsUQJ,0.0,6239.8100,-344730.200,2010-05-22 08:09:31.000
37,1202,1,7,5,11,681,259,1,38784#3hKOyz8XjkttmVUBvBAMo6R4loezWnoOqP66j,-78722,-257605.4600,116598#9anXJKVqZ707tHmi85eNrcYLE,222142.42,false,40222.58,-116.97,99196#U9QxacMwQ3fPwk6,0.0,62736.5400,-32520.400,2011-08-22 13:00:50.000
38,1237,2,7,9,3,925,894,1,180810#o4QeSu6sq75Jr05nEOnG2VSpmCBZR3DZnf6M4,150904,208945.9600,230979#2wgAUnlLmBSyHsv4lygw3BYRA,-183201.68,true,141662.25,481.35,339025#Hs1KjNnQaqTyPsk,0.0,-28457.3300,209141.190,2011-06-11 22:59:17.000
39,1129,1,1,1,3,211,1109,1,201567#VZb8EslMhh31W40knN401Zn0bf8wlhPP3T1oS,348259,-172619.1500,256833#o3TYd0U4I05X3Cjt5w4Vqye2j,-199856.22,false,305599.62,-202.04,245207#evUBuFqx3BZsG5L,0.0,53681.3000,178873.520,2005-02-28 17:41:25.000
40,635,2,4,5,9,401,1280,1,340411#34Q8FQpXss8gZUWUin7BykNPQJvzZABf4QhtW,-70682,376791.1900,48160#sbQ9t9AkhsGru87fDZUF5diu7,-60579.27,true,265020.89,113.80,195594#vCP7MnNBXmoCMSW,0.0,38558.1200,-215245.990,2005-01-17 03:31:22.000
41,1006,1,3,8,1,662,819,1,214912#ABJdOyjK7Js5wXPXE53gnIo7Ku9C8XCsuaW8M,284640,-220835.7400,223426#rSGUfEEQeMSDf3S0jTBipoJIL,-375018.35,false,292987.00,-260.41,343852#DavzSNdhKOPj1gA,0.0,108867.0700,-281460.840,2014-04-04 08:27:29.000
42,1351,2,5,5,8,690,613,1,3372#fY8AlSPQrkVJop3UGM0zFr7HY1i0LtLxXtEqr,-348228,266531.0200,201056#Bgs7NK5IT59wCEzkwnudiPts2,-155526.26,true,-35618.75,-417.27,340625#3PDsPE48cJI5QTr,0.1,13772.5700,267473.150,2013-12-02 20:21:20.000
43,1119,2,3,7,12,398,62,1,366441#bxCkFiU4obCh7MCBfiMmBTOUAFs8fbfjnPftM,-84126,306182.2900,210119#ovWvzz80vkzY2b7fkTQGLEpLj,437811.80,true,279586.01,-158.64,110447#7R2gdAF7bmSRunw,0.0,1973.7000,106956.920,2012-10-28 07:02:30.000
44,291,2,5,12,6,130,272,1,261528#A5m9HlRBfiDwFgYFhNbcNaqukNcW9r0Afcd0Y,-340822,-44598.2700,271416#g9HwDcYbyMgJfg17LoKB0FdJK,-137770.81,false,140563.16,476.42,161887#s4nvyGH95FyOzoa,0.0,-99933.2100,-19242.980,2009-03-23 07:38:57.000
45,306,2,3,11,12,1000,694,1,364689#3A0SgnepiRmGZ8PTzs9Ar0s0U6LKuZTTmgw3U,253792,-442493.5000,134395#bEFvanoX6jTiGrU9fWrZdw64V,-275581.40,true,196388.67,0.96,270649#bGARsf44vD2M1zD,-0.1,-134893.4700,-244052.210,2011-02-10 17:29:57.000
46,55,1,2,10,2,799,1295,1,162528#A5m9HlRBfiDwFgYFhNbcNaqukNcW9r0Afcd0Y,3120,89453.1000,379414#7UGWIn37jNNzdsUoN33aaRAcp,128366.05,false,-413314.70,287.13,198767#vEOxlC8vwuhBUdt,0.0,-23536.9600,444019.910,2004-09-29 05:27:22.000
47,775,1,4,9,12,495,525,1,302109#mwZ7zf32Zs7NnBOu9nrqhHi4qKCix7XZMfirI,77268,354692.4100,233807#kgiwHTrXxq4y9RxqdF3ZpdIq9,-411768.11,false,-158935.50,175.76,87892#xBeKERUq46MkCso,0.0,-22654.9700,-415897.120,2003-09-17 15:30:12.000
48,966,1,3,5,3,967,493,1,362153#PaB7JOBr17drgCTD5W39qb0Ndv6cduqxzmt06,179821,152772.9600,135739#XQt7PgEwLaeEOo6d3fuMhg1U6,19261.22,false,67857.00,-173.07,43064#iOIdDzCMUzC8MrW,0.0,134168.4000,417216.560,2002-09-07 01:20:30.000
49,286,2,7,12,9,472,523,1,33571#V6xNXrVwuF1YQ8Z5FxKo7K6RVEXCp3rQf2eJj,-57369,429731.3300,377070#YQ1J5skB6x1BZGXg7cuwLXJgC,-267795.37,false,-406970.83,-378.66,91811#Vum6Lf7htiWb7wJ,0.0,31931.4100,-445530.450,2008-08-13 05:21:58.000
50,55,2,5,8,8,851,1225,1,12581#YyGmf0xc7NrLgZMl4nvqY5Ru51QDu2SHcpa8K,-150023,232513.1000,233960#j9CsVdyKFIlPx6f30gZpZEmxz,-33448.26,true,255329.20,-356.34,365547#KX5bUkpIn29ka9L,0.0,-36382.9500,-82925.900,2012-04-27 13:43:03.000
51,237,2,4,5,6,513,932,1,98430#HzW0YmYtmm0US6LynH8fq7vlw0XW7ubjUEWgm,-216818,355474.1200,28147#4gEQNIZIoJsxuyaJuYiOPyUfV,-246738.22,true,211955.99,81.26,302443#pSs4Kd4b5TyfSvA,0.0,48334.7200,449079.940,2016-09-14 04:47:11.000
52,266,2,5,10,5,39,618,1,242330#yFbW9WzW34qRi21N73OJdgGEt2Wd1AZsm46Ma,-266291,110379.2200,376032#bSMBDBIwUvLqlHGevRTbXkRUu,-260513.82,true,-4226.78,-543.63,164627#Zx4T4mdJQkKdQbn,0.0,-32061.9200,259082.660,2001-04-08 10:03:50.000
53,590,1,7,7,8,701,684,1,257726#vbWXdiTvCdRcgG2r7HSFq6oD8BX0DOm5QvPjs,500745,321062.7200,411780#SM0lfs8BSXLb6hpmFEKtYWUcz,-264772.09,false,-492960.15,-3.41,429022#gLScPAr6yhJ9QKg,0.0,58257.4800,-435487.180,2010-12-27 23:22:16.000
54,528,1,4,4,12,484,330,1,536866#QDb49wi71JVXgIVjy8OyziSHtUuekmvN13RU5,-105192,-246797.1700,33493#dVhQtGXIZdfv1dka5yx39gTw8,-17681.19,false,450412.27,-456.95,153343#P9XFaoplbQLCkZo,0.0,86090.4600,-174980.650,2011-08-30 17:30:50.000
55,444,2,6,12,4,826,60,1,201292#DwE5trseQhrLeLeaYPWgUnA4DQTs4cZ2vPHrN,365170,142396.2800,196060#ss0eqiSC2Sbz27jmJlrXy7ldk,164421.49,true,-504812.32,-508.02,490706#ymtPN83WFtAxF0w,0.0,190462.8000,-198661.260,2007-01-26 20:48:26.000
56,1425,2,5,8,2,387,1102,1,45395#ZHkKyRq0LuLMe0IENpw9WcL0cigbgNgsLNKm7,192460,-502969.3300,262660#pUG1iSj5FBNOUjHwNyytJqxFt,185505.26,true,494337.07,-446.10,421432#FDySROuUrJGPrZY,0.0,147688.0300,-304390.040,2018-07-08 08:55:29.000
57,487,1,7,9,3,503,465,1,179585#dgF93G3VmLnvKXT6ejCwxd3hQrffZQtsBqsWD,-498673,-164818.7200,100780#SM0lfs8BSXLb6hpmFEKtYWUcz,84514.84,true,-224887.07,-28.99,402662#xc4daFGwSEmmbAZ,0.0,124214.4400,-222293.140,2009-03-03 07:50:54.000
58,121,2,3,2,4,867,903,1,527516#AZhmihuf21OXX6VRAYoKwgznBVmvcbERXgcNb,297774,-79241.6400,581541#hXDrZrFMb58qkQJGQJcYQzzwn,413945.68,false,-399993.11,-61.05,524587#8FtrbUY9AtSoxuP,0.0,-85387.4100,366123.320,2001-02-03 13:05:30.000
59,471,2,4,1,7,110,1220,1,131596#D9Ys5CUzYO24Q7BiYGidUXqywXmdD9Whmhbw5,-185610,-586364.5200,454080#v3wtluYnlA5uQEJQEQLF4CvGs,472608.62,true,-465113.75,-37.46,136784#W5PFNgMLb9d0GMU,0.0,-103740.1200,256780.860,2001-09-17 23:15:33.000
60,709,1,2,5,12,661,829,1,115450#FOukO8pFlFGXDLGtJfSBjA3pdcRCbkswD1OyO,57310,-59637.0000,51907#scdjUO90PRZFvKyvZZpt3oUE4,433036.19,false,558400.11,-593.60,259253#yt9YkBV4bGEbomM,0.0,200.8800,-98235.360,2015-12-17 14:25:51.000
61,1287,2,5,1,10,657,626,1,372493#M9js0sQAfsR6QVpqyUbspkW1uwUyOlzYvn9w8,-327376,397675.8800,303502#FvaSZa5iG0YLvk0Uuj0f0tog7,-404473.59,true,-336959.75,426.60,151187#fD2SBgwTt0AZ9ZX,0.0,123239.3500,321718.590,2019-03-18 00:20:44.000
62,1351,2,4,10,5,962,1207,1,12180#96Q4JRT0WoRYaT5bxJVu4HaShJPM7amww9gGy,30754,-213445.5400,498999#ftamiHngiVNFa9QqOmNvzjw9A,156211.60,false,-429897.60,162.82,139653#kat3zBiQA8MoBur,0.0,-113352.4200,14801.400,2013-10-26 09:48:51.000
63,929,1,2,7,11,117,563,1,141543#soaZ1SgCarUcXhkNER5PdZ3nmfI9q3bjwPI4F,-592295,373705.2700,302383#gF6CM1rVGtqJdIG6oCgLwLkTs,121790.82,false,-278108.63,-72.49,598761#YajNMsjayWVR37D,0.0,-191328.5300,80420.730,2000-10-01 23:03:52.000
64,751,1,3,10,4,657,320,1,156509#eHyV7TftvOBOdrLOEWFMXfkoFRXF0VJm2d2rr,-533514,101882.7100,322210#M8rLKTdgnQg45YN7b01k6Hwrz,515613.93,false,337619.88,-371.41,87325#JjFKLx5oI8kXQMt,0.0,191868.4500,249174.420,2016-09-21 21:36:42.000
65,43,2,7,3,1,154,598,1,532647#yTZmMYpPTdcbSOFx6Rh6LYaJNAMjGS7Aq3rCH,7438,-480465.9400,361468#PO1vW6nMepiC8VzYIBQy3jeUR,-272218.96,false,-106759.61,201.94,643173#ygF9vNl6hLmaUZB,0.0,-102112.1900,249501.840,2010-07-20 05:34:29.000
66,1043,2,2,3,3,856,980,1,98382#3GVuvLWDP3HKCIciBau0cdGBVBV3VBY284G26,202234,-336931.0100,156181#qA3EdCtwOaStjeQ7kI3D7WUIR,201695.90,false,422617.03,283.40,512715#SHkvZh76T6h6qR1,0.0,-220580.9300,-361074.490,2019-04-19 22:51:18.000
67,1310,2,3,8,6,72,118,1,186435#IOpHIPPEjAjYQdmRhXke2Z2RYxoOA3E5RWEhf,111709,-357365.7300,483629#QUuh42iWNelzsy8QH8B1mRpc6,-570764.67,true,85377.17,-246.49,590851#WGx2fXJe2EQRcmw,0.0,33098.5200,-21281.830,2014-04-26 19:53:39.000
68,864,2,7,6,10,947,925,1,158620#RdqUfnCJJwaSW3s0ZAvzUo4yqv4j7RECwILkW,14789,599220.3900,73948#nKSnyxpNl9EPWN2V2mrraQStO,-243713.14,false,5945.78,-94.97,678521#U287sxkJml30oPc,0.0,-36952.7400,36052.910,2004-05-23 02:59:27.000
69,971,2,3,9,2,972,758,1,106947#QgXukNkkI4EGIQ6U4romzu6mX9goH0PLFitIs,471250,592852.5400,445812#yI0ihqKHcOCIag1BOFcnl6i0u,-599783.18,false,-72626.91,46.75,90425#C9SozUjBykr1GYj,0.0,98046.2000,-630072.950,2003-12-30 13:23:28.000
70,412,2,4,8,12,833,103,1,437705#ZqStyjiXDtReI7qniIn8F5vrzjNRAKP8o5nGW,665402,-645511.0000,288834#ydgAxgxA4HGP6r0NeHarCuBJo,-1530.86,false,-63619.27,-45.07,278141#o0vZwo6nX45mrHS,0.0,177598.3700,-536437.620,2011-12-10 13:49:08.000
71,4,1,1,10,8,739,470,1,40704#B0rDyvgPiY1oArY1upLti6FM3SvCA3bbmMMOS,688368,6900.1300,438652#YjBmLxoltyVHpqK735gMIcrc3,519646.76,true,170439.93,309.81,221709#zE8e9tlVyzQDzj3,0.0,25420.2300,7978.290,2003-07-02 20:24:28.000
72,1469,1,2,7,12,137,82,1,247294#BkGnZWE4zQ97BpJP1oLrl8eacD5mh242hjmmf,472910,401796.3800,494228#pB9baNjvbgGQQyUYMtPzwraLE,492817.24,false,158109.47,-426.43,239507#JMubClIaPFYljj8,0.0,-274898.7800,-553929.420,2015-06-22 03:39:16.000
73,44,2,7,8,11,724,917,1,222285#UTCoXBNK0lmyOlWfZiswPhttyLpX3rO0KRvne,168271,403740.9600,558249#D8CKAB96lOt2uBbdd1RDSQJTv,-191812.07,false,677896.81,373.63,169393#gkgCmSeRN9Ei0Bi,-0.1,181699.9900,2264.610,2020-02-27 21:10:51.000
74,255,2,1,4,9,381,1000,1,218100#kbpCtAaH3ex8oTfLcPnZYTvjGy91M3VhcOnfX,529767,-290362.6700,740725#Dp03EukpTfFMp6M2gTHee3naU,-154065.28,false,-476287.41,-321.23,509821#znqAMvqeemF2IMn,-0.1,99531.3000,276276.890,2008-09-02 04:26:38.000
75,136,1,4,4,4,568,961,1,107851#F7o4fZQ4FVkwVD4hoq0Y0rD7uaIRwk4dHZrrS,-586772,-475284.7600,478577#PHTSjIgKIFPjNZyteshDRMPxx,683136.44,false,488904.83,-236.02,515765#qL5bSlovd8c6i0u,-0.1,69983.8000,93584.250,2012-04-29 00:44:38.000
76,996,1,7,7,6,564,477,1,636396#XljHzirPvI0Cwtn0INBtUSyTcLICxRlLXEviK,-102037,-260326.5100,557861#xuRKzdzXz0Wo7rLRPEkcoLN5U,-348624.49,false,172435.38,23.66,351345#MzlRIIkPTT84BPg,0.0,78567.7600,-608129.430,2007-08-07 18:07:44.000
77,691,2,6,2,9,118,488,1,551704#B0rDyvgPiY1oArY1upLti6FM3SvCA3bbmMMOS,-334332,492316.6600,460403#Sn0PPBkGGcSdaNBORT8DyIUp5,-457061.92,true,351755.69,534.63,493804#wrde8uZ4mjiscKl,0.0,-51134.8600,-758108.260,2010-07-08 17:01:33.000
78,910,1,6,9,2,227,1026,1,537363#RCzyu4tfAbe9aitiVaEAwDnXKl0PxDyehO1rq,-535235,-473494.8900,50211#guuwggOfMCt73SEp8o9AlEKdT,451306.83,false,-544204.77,116.53,469141#o0vZwo6nX45mrHS,0.0,91869.8100,771307.070,2007-09-24 05:51:33.000
79,384,2,1,5,2,555,1214,1,106225#hxInVjwauKJk6zpds8gTKFckATJVaW54VYiDP,289687,589100.6700,565194#UZ9SDS2pyBc7DPn0QmkUhOCqy,183460.37,false,436076.95,457.21,147050#8iO42AzE2VHPVbe,0.1,176073.3200,747968.880,2015-02-08 22:49:37.000
80,517,2,6,10,3,338,249,1,542104#vyQGpEPHQ1n9NAHgi7f15N4a0dXneycPdZk9Q,-367955,514733.8300,260516#Gc5UzvUY8TThIpVx6Ytg3651z,481747.06,true,-621251.15,62.49,365869#RsVoUWsdodDId7T,-0.1,-148011.4700,63772.370,2002-08-12 08:59:48.000
81,881,2,4,12,9,934,716,1,80752#w2gyPGSDUadpRIMYGwSTpXzzpYkTZhhr8D84L,-509090,86676.0000,291389#bjRrtY0HpEJwVhB2NS4aoZEhm,-338700.28,false,757302.23,246.09,527216#yy8slvcNssWKZEl,0.0,-84750.4100,460167.540,2005-08-12 13:32:48.000
82,324,1,7,6,10,108,1106,1,611733#nvP5YkX1Ipk6Hf8Qa3CtLjyORxsLMPf34S3JW,656088,-491455.9100,661227#QrAYymSXM6dQUo4Pb91OiNO6g,-266985.89,false,636022.61,-57.74,813457#eYhcKzSZULDuchg,0.0,-250128.7600,78907.790,2017-06-23 12:08:34.000
83,608,1,3,2,10,770,788,1,516697#XIXYBtA23hkxlvCXVzsuKXEOgo4VwPjgPiUK5,496708,-338382.0000,85743#us7VKQSrp6sZ4eLXjiggTmMe7,-320162.74,true,337889.57,-203.12,627563#uos9AialFsDNSSY,0.0,204999.8700,-207567.000,2019-02-26 21:15:31.000
84,926,2,2,9,10,38,169,1,606977#a5AVH3TuypbekxA6MKFU7fkz7difKkqfHfVjO,-297981,-27025.4200,191457#cmHj7rQ4WznxOOirQEfSdv0Tl,-759255.93,false,-98936.48,141.99,311162#Hfgu1ZLfNG6gUXH,0.0,230394.7300,60192.540,2004-11-24 10:21:10.000
85,754,1,6,2,7,35,1310,1,570318#mUv3XZDEDfwdExUvpX2W8wlABzF8s37XzIIVu,828012,-668910.7200,638767#SnykAb72mFarqMoKkugsxCm10,-245901.80,true,221801.47,-234.63,564295#FLOsa0mLsM2IoEA,0.0,-178401.8400,-565025.960,2003-09-16 02:39:45.000
86,103,2,3,10,1,786,456,1,205506#NHyueUP7HUGu5fbhsceRyUWqzBo3mxnraSVyY,-139288,-131779.9800,586114#wWOX1gsr9tRQcsKIiuMxku6BE,-306814.86,true,-340354.93,-183.89,682759#XvoUh8V4t6yNQLX,0.0,7714.8100,-814358.700,2010-08-06 02:30:19.000
87,4,2,3,10,12,770,452,1,89171#fXZCaLDj39ymzqXfrBlcfA0qe2lhBfASQnwa0,-186860,-612180.9600,267908#r7e7WAxSklvEA4mpKWLtL3Go4,513663.42,true,102541.08,25.03,225279#baGUjhsXirrlnd6,0.0,158920.0400,-78980.900,2011-10-27 16:08:43.000
88,894,2,2,12,9,682,247,1,414596#D9Ys5CUzYO24Q7BiYGidUXqywXmdD9Whmhbw5,361957,479184.9600,533647#cxIXOG1gV4lpSLjJanREJ9TiF,-431072.18,true,339284.75,578.35,773580#GKIx34NZhl3x4KX,0.0,-53047.3300,484038.690,2011-08-18 15:07:41.000
89,686,1,3,10,11,46,636,1,453984#WtQDLohzKpSG3nnOTcW7HAceE33icwQhINNNV,790872,-384804.1500,580885#7sddb6PqgPt38Ne1sI0s5jbZn,-468521.72,true,691578.62,-115.54,548228#7l9S94oBFOsMSlx,0.0,120180.3000,413927.520,2005-06-24 23:35:22.000
90,1428,2,1,5,2,591,724,1,762702#GBc49PKBxJLj7zycfMUNgyN0GjdubJCBE3D0W,-153107,852035.1900,107623#RFfB2e54NmmOOqz42PFTnjauQ,-141643.27,false,585765.89,136.30,433035#a74zyLERdRNRqc4,0.0,88241.6200,-473683.490,2005-05-14 08:14:28.000
91,159,2,1,5,7,228,439,1,469647#yTZmMYpPTdcbSOFx6Rh6LYaJNAMjGS7Aq3rCH,637240,-479463.2400,488080#v3wtluYnlA5uQEJQEQLF4CvGs,-827804.35,true,645482.50,-190.41,763167#QXzfx4cNTUzyK5L,0.0,233639.0700,-625183.340,2014-05-20 08:28:45.000
92,161,2,1,10,3,349,1038,1,4710#YNQsEyPVCcNDGh5HKIn1lCCGV0iGhXOiC9Doj,-753241,585519.0200,438911#rPKR1mQBzdpT91y7K39vvk95p,-347374.26,false,-76347.25,-355.27,740211#i7JtqiDbu62Ruad,0.1,20452.5700,582332.150,2014-01-20 11:08:05.000
93,457,2,2,7,9,803,867,1,789605#o0OorcdTBTOTUTGMtrnta2GQlz2HOqBJOcSKw,-172032,657422.2900,448605#LGuTHk7pC8sud6GUjFYlKxM4z,937322.80,true,606450.01,-153.14,231553#VI8lbdB55mBKTSr,0.0,15144.2000,231781.420,2012-12-24 10:04:25.000
94,1169,2,1,10,9,353,856,1,552823#PzyfifNp71YI1DujbEkmXGZpVV80pPNwUpFFA,-728097,-92702.2700,579777#QVtn4fHD8YMjV7M5J6TfgqCrb,-291563.81,false,306043.66,556.92,344227#aWnP7S6gPxLOzVx,0.0,-213620.2100,-49865.480,2009-06-16 08:27:39.000
95,1025,2,4,10,9,291,415,1,769230#Gfsf1w1z5v1Uc1OICIamyN9kT5L0FkpUdOJ5H,541417,-935912.5000,280849#RClNWAhTjTHdxPEQgTIwZLvKA,-585016.90,false,411851.67,-140.04,563468#NzXSdXqw4C2Pnyn,-0.1,-275734.4700,-508149.710,2011-04-22 04:10:58.000
96,108,1,2,8,8,36,1249,1,334980#ql04hz3vyPZYl1WUfTRBMjg9LPqOsRHmnGDeG,7520,185953.1000,781331#40trbfuwzocwrx0qgvWwl8rYW,258959.55,true,-869706.20,298.63,412328#Qy3LMyzXe5pQVKH,0.0,-44915.4600,935734.910,2005-01-27 01:19:25.000
97,1217,2,3,4,8,20,267,1,615045#8kU9m9KcNK4Gmmj0v5gn1pTKQI7amCejQhoWQ,152086,730335.9100,480007#cxIVzrIYuJcIYYzV7ZHYKDGbN,-859848.11,true,-320946.50,216.76,175796#hLAByeqnYlp01o5,0.0,-49374.4700,-867627.620,2004-01-23 12:59:24.000
98,876,2,1,12,7,908,263,1,736024#bHNsWmxASM49GTUbJ6dIV1tlmYVs5EqfNZyzl,363890,314950.9600,273271#vmdWgKPCgbe1lPKWLOZST8zuc,35718.72,false,139926.00,-30.57,80129#RQioIaYxlqwyK2Z,0.0,265681.9000,848240.560,2003-01-20 23:35:50.000
99,1142,1,5,3,10,399,70,1,65374#4EFnbzvITdY8SvTUk5mogwMGOIp1kP8m7NjSA,-111389,875770.8300,760816#2nZGMNj8AuGwSCoDe1uFvNPaE,-541091.37,false,-819942.33,-381.16,184415#4b9WFTibjdBxErG,0.0,66980.4100,-893284.950,2008-11-11 03:46:48.000
100,414,1,6,2,5,852,1300,1,22132#dq4zhv7JKtTxQLy9mqGTvPHQNgV6FdRk142xN,-300048,468578.1000,459730#xCxD6TESrV6AyHytocO2C8Z6d,-67956.26,false,518333.20,-511.84,723943#DiOW5b25j6KD7Bz,0.0,-75712.9500,-158043.900,2012-06-27 18:33:55.000
101,746,1,7,9,10,777,623,1,194398#xrMyvV0QvZxsCo1FVCGt1tMJ7QmEnAi0Jh7Ib,-432968,704766.1200,49008#l65soxYNYAhVvpCpGTolElhao,-492567.22,true,424454.49,265.26,589460#p7vuVwDtMyfwXtq,0.0,98027.7200,881435.940,2016-10-11 09:15:53.000
102,175,1,6,2,9,860,167,1,470462#1EZ64z0MCBprj0fqsCnTXHA8msYWat81YfSb1,-523873,214620.2200,737369#cKLSJp9mS8GN3MC0k5H0rcPj8,-520538.82,false,-4785.28,-668.63,322304#LTqrPoqweZbDZg5,0.0,-65540.4200,502649.660,2001-09-02 13:41:11.000
103,515,1,7,5,11,688,840,1,495080#nuX8kJe4d8quhzdwVtC4vQNLptNDHzurFjkrP,963724,622155.7200,798320#KWfzqtVfisSh4eojmAhXbnRBh,-520645.09,true,-957759.15,-101.91,833720#kI7aOKltEpcjzxo,0.0,117032.9800,-847708.680,2011-03-09 14:40:35.000
104,555,2,5,1,7,855,1117,1,1027281#fA0ZEnBmVt7a3dFwSZkQ7CEYwbvDZDTydAQrE,-195867,-467320.6700,63919#Q2lspO92lz8rJZlAoLYCoICHD,-28724.69,true,863493.77,-568.95,289722#wrH2fA8djE3TNM9,0.0,175009.4600,-329316.650,2011-11-05 03:57:07.000
105,1450,1,4,4,1,704,1003,1,380860#b2nHOvxu3mNzbnRZUjOkQMmWQEK8LHI1tik4p,689245,270901.7800,370277#2BUzBhALVnEXZiE0eYLhjisiI,321250.99,false,-966594.82,-564.52,935340#or7Nt69lEfEdNmM,0.0,371480.8000,-388134.760,2007-05-09 01:17:23.000
106,83,2,1,1,2,117,1033,1,78067#IFEhpLvpAi7ZfUm0Y7gWaA6oxQBjRwySqYb7m,371797,-945797.8300,494427#dnXh8cCG6RseAZF8Bl5MpniQD,349808.26,false,930767.07,-448.10,791024#TJY3D0PySajVa8A,0.0,277675.0300,-578559.540,2018-07-21 12:05:13.000
107,318,2,5,8,9,689,1223,1,335147#WqmdOPG3QIXNA2Eh86LxlP3EHPsNVsE8OI8AG,-933685,-312303.2200,183637#WYfTiIOA4c0LWbDrDyhrqOZCS,155072.84,true,-422729.07,129.51,754040#Km4uTa0gWZmJwQv,0.0,232377.4400,-418704.140,2009-05-28 06:12:15.000
108,281,1,7,12,2,776,364,1,979157#cPwoW0fFP9WYs5s9yWMr8UXKyyCWWrmBAcsPT,551674,-146671.6400,1076629#QUuh42iWNelzsy8QH8B1mRpc6,768546.18,false,-736437.61,-141.55,973121#tsWRpbBEkdBYo9e,0.0,-167320.9100,686075.320,2001-07-02 10:27:15.000
109,1168,2,7,8,4,834,801,1,235044#B3r0dWrV69WsgPqaFKFshiKs05FcXm608yCNB,-335035,-1077517.0200,835394#EeZbmeZbJX28fTUHSvQCeDn0C,875705.12,true,-858830.75,120.54,248664#yqiCEfExXOMnnLh,0.0,-183526.6200,476702.860,2002-02-09 02:10:51.000
110,544,1,1,9,12,940,798,1,207787#RKtHuy5oTllOT6BCv0Nfs0kHtmoEnvggqktFR,103885,-106984.5000,95034#TZL0xQGGXokKYAhjaHCL8lQO7,786956.19,true,1019404.61,-751.60,471857#M1HGhdMcs00ku3T,0.0,4164.3800,-180985.360,2016-01-19 16:34:44.000
111,1466,2,2,3,6,1007,1309,1,677142#KlwuKZelXc6XA1eg8yFU9A46ijaMi2GQgBh20,-598270,727628.3800,548306#OS9qo73xxTImLj6UIpcqI8cCX,-738824.59,false,-618285.75,500.60,271399#yvBPNioNjIiqRUH,0.0,232363.8500,579020.590,2019-03-25 18:40:33.000
112,878,1,1,3,6,381,1067,1,18061#YYpN0uVhJ0e1t83OWSiGqnUBqdpBdFEGR8EzI,59629,-385871.5400,899707#fmWDhxkMfl62VIAq5WT87WXLO,289680.10,false,-772357.60,-5.18,244241#rlgrDplTvJjdB1R,0.0,-201626.4200,22284.900,2013-12-15 05:45:55.000
113,476,2,2,3,1,779,826,1,252451#YfCNBnuafVn0W5iK9l0fCW5KysuO3ulyEm7Rf,-1069695,674219.2700,540574#Hq1XWTECw7CNUyghamj5uDyDV,214496.32,false,-496535.13,-41.99,1067754#GUKLvGu0fmFNkO3,0.0,-337964.0300,143633.730,2001-03-02 19:58:56.000
114,268,1,6,10,6,51,639,1,278683#UUQvSW1E3rIPyFFsP8viNUOndx6K0Cx7fQtcn,-951464,187950.7100,568575#wnDM42FCy6T7Ht1Ooh1LJLCao,919534.43,false,608586.88,-373.41,149188#CXP5dbq7HuPt67a,0.0,342999.9500,441838.420,2016-10-19 01:45:56.000
115,98,1,5,6,1,237,227,1,942124#073W4NN6Qaf5nA4eIzC8Uo0nQSoaBaCTqpvxU,20813,-855496.9400,633047#H0z8uZRXWYDzp9Zi4ykYPlcQv,-474042.46,false,-183673.11,98.94,1134850#zxMtjzJR8JwPCnp,0.0,-183499.6900,437659.840,2010-10-03 16:14:44.000
116,690,2,4,5,2,598,807,1,166272#C5GjYKgqZVfMeUGZEVaBOWFdz1BqPhFk2lvRs,358809,-595819.0100,269834#ydgAxgxA4HGP6r0NeHarCuBJo,358610.40,true,749711.53,418.90,895575#t7PCuWjXFEVmS4t,0.0,-382893.9300,-632349.490,2019-04-27 00:39:50.000
117,1189,2,2,5,8,486,1226,1,318864#XhzKUFZiIkXlqZe43P7L00Na0KEwyR4EkvLFl,199009,-627926.7300,841008#l65soxYNYAhVvpCpGTolElhao,-1002641.17,false,147350.17,-186.99,1029576#uNIJaHYW1FRBxe2,0.1,59040.5200,-43504.830,2014-06-11 20:39:25.000
118,1434,2,3,12,4,987,173,1,271309#Md1XUUpOtxxm7qXkhm9t52eoRyyshY1aOh4jA,22764,1033830.8900,121484#UPYbIytVT0p6mANoGJHmptHWO,-424165.14,false,13956.28,49.53,1175065#MPe0UHjb0vCTLsz,0.0,-70826.7400,63974.910,2004-09-23 20:20:33.000
119,408,1,1,9,5,756,604,1,178916#3rpRRJzNAZlN9BL04gUZDItMrSx8isHKCljOQ,818125,1019376.5400,767426#rSGUfEEQeMSDf3S0jTBipoJIL,-1033679.18,false,-118751.41,-15.25,148826#ZicuwUqdMxM3zyT,0.0,163883.2000,-1092787.450,2004-05-05 10:22:29.000
120,911,1,3,7,9,124,1161,1,743888#UfajhP4f3EjPsArnwWoglPb1upAL2ZjhNgM67,1145233,-1110398.0000,489008#l65soxYNYAhVvpCpGTolElhao,-9489.86,false,-109957.27,-178.07,475699#E8OhETK7bjKUtnV,0.0,298483.8700,-913328.120,2012-02-13 06:47:19.000
121,731,2,5,6,1,47,1013,1,69365#3sy5I44A8EaBjr0a6qbDakOYDHke3Zw62JiYW,1170918,16358.1300,742400#gJcGi55FvOS6qiPjfNyVznfqb,878658.76,true,291296.43,253.31,371049#Cme5q6PrziguN5i,0.0,38434.2300,6711.790,2003-11-10 17:01:57.000
122,1198,1,1,7,12,294,1247,1,415225#hxInVjwauKJk6zpds8gTKFckATJVaW54VYiDP,801185,685342.8800,835309#Rb65skX6hrIwaroJnmv6X43YP,836008.74,true,261574.47,-436.43,403400#T2SRkvyIrdseyHH,0.0,-461653.7800,-939955.420,2015-07-29 05:47:52.000
123,251,2,4,2,9,450,1087,1,374092#IVJpRDOjOQ3A2mKBeKzIE7wddCrJvnYueDJoD,277059,673471.4600,939140#Ci5w36lcFpX6jToDuLbpX24kk,-316676.07,false,1145640.31,509.63,280688#WIMXKc8CR9VqtUT,-0.1,305762.9900,8572.610,2020-02-28 05:44:59.000
124,746,1,5,7,7,999,582,1,364786#k4RJ72Yth19g2z6VNOZf0w4OWCeHP3Q4tTljc,890592,-492101.6700,1238510#owUOuQUDNCd1OnrbmoEqSg9RF,-264648.78,true,-801911.91,-240.73,854197#zG9r4M5CitNkK8h,-0.1,165065.8000,458440.890,2008-12-01 15:44:51.000
125,1141,2,7,1,1,779,728,1,173704#B0rDyvgPiY1oArY1upLti6FM3SvCA3bbmMMOS,-976834,-793268.2600,794864#TEpiSiyjyyR9mSSRwAcffSWUA,1142980.44,true,817622.33,-162.52,857642#y0t43MqbyuErNra,-0.1,114086.8000,158340.750,2012-06-29 20:37:11.000
126,527,2,3,7,2,25,485,1,1054491#ptXNyW26oYPxYzZZLT4wH8AMsnyLolShAVvVQ,-174537,-426180.0100,920097#8SPvxTcam9CrpeJ3dX1dkcX6A,-572629.99,false,288910.88,170.66,582430#89V5ckwXBq2vlAc,0.0,133411.7600,-1014472.930,2007-11-14 17:14:26.000
127,49,1,4,8,3,13,872,1,906075#F1xMstsdbQz62u1Z7iorXmLe4WjriLzCGzJo2,-548432,812272.1600,757374#AfxBGmURvhTBwmLLIfeexmx3A,-756265.42,true,574593.69,563.13,813761#YajNMsjayWVR37D,0.0,-79488.8600,-1251936.760,2010-09-22 18:59:22.000
128,652,1,3,8,10,459,1282,1,876098#Wd9H3QVufzu0elfrnvSAaSPCboKRbmIznYhsx,-873598,-773436.8900,76093#kja45XVtc4Ijo34UejwVMh0PO,744375.83,false,-893965.27,149.53,768066#Ah4CmMmKENWU2hs,0.0,148455.8100,1267930.070,2007-12-31 06:29:39.000
129,259,2,5,11,11,715,395,1,171956#sfJU6nXRCTdz86ifCheUDA7gt810vqPLtuUHh,473087,968102.6700,922812#yI0ihqKHcOCIag1BOFcnl6i0u,302587.87,false,706489.45,616.21,237982#sWX1Q4RvVOjHItG,0.1,285865.3200,1217333.880,2015-03-21 00:27:38.000
130,1252,2,4,5,7,738,133,1,877935#PR0c7Sp3HKeFj7AjaSKoS3EB1aFqOYuYFn7Z7,-602633,841825.3300,417210#M8rLKTdgnQg45YN7b01k6Hwrz,784647.56,false,-1012814.65,150.49,592828#ipycDcJo52OH33W,-0.1,-237002.4700,108033.370,2002-12-28 17:28:54.000
131,703,2,7,1,5,866,591,1,126750#e36PJMCh0meIwvynZqL44ITS0HQBmIqpe1XJ0,-827765,144162.0000,466562#vMfotmRRN8GGj7FKCp0Ju4gup,-551989.78,true,1230560.23,348.09,849023#D3IxTLDAmsiMetp,0.0,-131959.4100,740455.040,2005-12-05 08:42:43.000
132,1474,2,6,2,4,757,1302,1,980900#BSqs3NrOzQiXWCDF28cJQ4pZ1pKMZCvPH4QEK,1053063,-793652.9100,1063297#3fE21ZAVxWCWFWjpHYWYuAzWm,-424608.89,true,1024873.61,-179.24,1307168#wuCW0VnyzpQRFC7,0.0,-406918.2600,131810.290,2017-07-14 23:19:09.000
133,43,2,2,7,10,986,533,1,826241#o3BawlOWAPFGrcQDSLIembKiAH4Y3FD477QzU,793858,-538162.5000,133880#thL5WInO5QgCOdcA5SEvfsLXZ,-514235.74,true,539102.07,-107.62,1000717#4FF0rAGXZC2dPa7,0.0,329647.8700,-330634.500,2019-03-07 03:15:18.000
134,987,2,3,5,10,102,917,1,962896#IiczwFfJTYzyBU2l8UvSMIsseVdG6LyIx3vPH,-477881,-42401.9200,303593#N5rYlYo7m2u9g4ne78uAGnbzm,-1211635.93,true,-152521.98,116.99,495296#tBySXQAvfBcBPpg,-0.1,366330.7300,94408.040,2005-03-25 00:16:10.000
135,1379,1,2,7,4,792,1204,1,903218#saakDRqMFjCFjwqaOrzcLeXjjoE0HQMGYKvEV,1310237,-1064139.7200,1012652#YjBmLxoltyVHpqK735gMIcrc3,-393107.80,true,348993.97,-128.63,895381#Lfw5r5Y1t9Ca4UT,0.0,-288293.3400,-894605.460,2004-01-24 03:17:07.000
136,209,1,2,7,8,264,469,1,324298#yjoW0UWjkF15A91HFLpVGZZ3VZpCJy5CzgZ9B,-221806,-207259.9800,922473#Swws2Sr0vERSR4RA94flNaUqV,-481089.86,false,-537897.93,-12.39,1077983#j01HTsi9Sg8QDiP,0.0,9189.8100,-1283987.200,2010-10-20 20:51:08.000
137,284,1,7,4,1,859,645,1,139558#OIqyzipgz0BUSnE4jAuLwNGVPYryMeX6Cw0Gs,-294997,-966756.4600,419219#uWCqzfdJMuZsS9vXpsxQubQ71,805184.42,true,164859.58,167.03,351361#BKZytbmlaWJSOTn,0.0,255103.5400,-125441.400,2012-01-01 19:16:36.000
138,551,2,3,2,4,439,915,1,648383#AhT0uy8yNAAfvzYWLo08VdWEJDmbDAAuDa7xI,573010,749423.9600,836314#F8ulDUqm90ytNT9sE1l4IcX6n,-678942.68,true,536907.25,675.35,1208134#7MpmzDltQFOb2n4,0.0,-77637.3300,758936.190,2011-10-25 07:16:05.000
139,243,1,5,7,7,892,163,1,706401#eIzxhIG7tzckZ0F4B1qfmrozvEAmi6kJcbZJE,1233484,-596989.1500,904937#XGqtpl6b2X2IdxotXkEUd6Chw,-737187.22,false,1077557.62,-29.04,851249#wSGvdt8wPFWCNj8,0.0,186679.3000,648981.520,2005-10-19 05:29:19.000
140,742,2,5,6,7,781,169,1,1184993#WKbDmDtysCNXm72pyDIbp8zCHunt3886u99SH,-235532,1327279.1900,167085#80IFHyXJPE9V08qoh0ScRLZoM,-222707.27,true,906510.89,158.80,670475#CfbqAvG9Y7LkB88,0.1,137925.1200,-732120.990,2005-09-08 12:57:33.000
141,791,2,6,2,1,805,60,1,724382#3GVuvLWDP3HKCIciBau0cdGBVBV3VBY284G26,989840,-738090.7400,752734#yfg9ds1ZymRk3XYLzPvZ8eqro,-1280590.35,false,997978.00,-120.41,1182483#DMJeh7Uo2dyq51T,0.0,358411.0700,-968905.840,2014-07-05 08:30:00.000
142,451,1,4,3,10,9,149,1,6047#WUosRg1AAQDCF2QzW95NLHtcg1kgcSDQwvSaH,-1158253,904507.0200,676765#FAAhtaoB31QOIIutnxIWDfkte,-539222.26,true,-117075.75,-293.27,1139797#K9IYZaT8WJCJrRU,0.1,27132.5700,897191.150,2014-03-10 01:54:50.000
143,1274,1,7,7,6,197,358,1,1212769#zMil9xw7BGAJ9SoKrvxq2aUS0bTOVRt26H95t,-259938,1008662.2900,687091#7UD1ybxNkuezs6zusaIutXh7Z,1436833.80,false,933314.01,-147.64,352660#MyRuQ7fMA3xO3AW,0.0,28314.7000,356605.920,2013-02-19 13:06:20.000
144,568,2,4,8,12,577,127,1,844118#LX49PzWDIoeCqMj855pbJup6TBUPH8awjyxjU,-1115372,-140806.2700,888139#n4FGSEqRvHTkcl35UaG4gqZCi,-445356.81,true,471524.16,637.42,526566#eb7MI2jflbseaXs,0.1,-327307.2100,-80487.980,2009-09-09 09:16:21.000
145,265,1,5,10,6,593,136,1,1173770#wlxhZhPKPkmmdE9UlUA8De0N67Z8WhsM5pBeg,829042,-1429331.5000,427303#YaO6bP2iF1JMvkaZ5IPGdqsvN,-894452.40,true,627314.67,-281.04,856286#hKbUioHcblAbJmz,-0.1,-416575.4700,-772247.210,2011-07-01 14:51:59.000
146,161,2,2,6,2,284,1203,1,507432#LcosATdVbb5xfL37JD1L9uDKAGN9YSx8JEDFV,11920,282453.1000,1183249#D8CKAB96lOt2uBbdd1RDSQJTv,389553.05,false,-1326097.70,310.13,625888#b22FKf6UKyMnzRg,0.0,-66293.9600,1427449.910,2005-05-26 21:11:28.000
147,180,1,2,11,4,555,9,1,927980#ql04hz3vyPZYl1WUfTRBMjg9LPqOsRHmnGDeG,226905,1105979.4100,726207#MEznlyOAKnW1PoTHVIIEFpBWx,-1307928.11,true,-482957.50,257.76,263700#6HLXFoXrQTdFheK,0.0,-76093.9700,-1319358.120,2004-05-30 10:28:36.000
148,786,1,6,7,10,849,34,1,1109895#j1qHbUXzafDYMZtzEVaslwd8ZQYO3foFr1tkQ,547958,477128.9600,410802#iYpZkgvRakXTJfrvlemWwoORe,52176.22,true,211995.00,111.93,117194#4nadvEZXMfIEXew,0.0,397195.4000,1279264.560,2003-06-05 21:51:09.000
149,519,2,2,7,11,326,931,1,97177#YXQqUn48YB7Nl1mEL7QfqcIvVkrVGsvp18epc,-165409,1321810.3300,1144562#vMfotmRRN8GGj7FKCp0Ju4gup,-814387.37,true,-1232913.83,-383.66,277019#q8WzBYKXXQUHe5G,0.0,102029.4100,-1341039.450,2009-02-09 02:11:39.000
150,773,1,7,8,2,853,61,1,31683#UUQvSW1E3rIPyFFsP8viNUOndx6K0Cx7fQtcn,-450073,704643.1000,685500#Rw4fb5cpygizNc9p4xxWi0oQA,-102464.26,false,781337.20,-667.34,1082339#ezMlnhoDgCZ9M6n,0.0,-115042.9500,-233161.900,2012-08-27 23:24:48.000
151,1255,1,2,1,2,30,314,1,290367#yhYIeGS2Cuan7h3KEPxPDWb9S5eapcyXZvAc8,-649118,1054058.1200,69868#bmj3mIXFJRc52lyvNLhpgHSjN,-738396.22,true,636952.99,449.26,876477#FhvPQ0jwAZzTpnd,0.0,147720.7200,1313791.940,2016-11-07 13:44:36.000
152,84,2,7,6,1,670,1030,1,698593#4PrTUSNikQbnzBg0hqcJE7w67GG0CzF4pJ6vk,-781456,318861.2200,1098706#B9onznfHxfnO9JKvQ7D2gq7oI,-780563.82,true,-5343.78,-793.63,479981#xdzOsQjhnxyAmgF,0.0,-99018.9200,746216.660,2002-01-27 17:18:33.000
153,440,2,7,3,2,674,997,1,732435#IOpHIPPEjAjYQdmRhXke2Z2RYxoOA3E5RWEhf,1426704,923248.7200,1184859#OQyfuzYPAyCuUaDGk1ytJbgKQ,-776518.09,false,-1422558.15,-200.41,1238418#ZUq1lOuls3Fqh0S,0.0,175808.4800,-1259930.180,2011-05-20 05:58:54.000
154,582,2,6,10,1,215,590,1,1517695#7qFzulYpKO90sEN5cDmw1Mw4PM4VjwbrMkCSY,-286542,-687844.1700,94344#TrzZXq0JNv0X8dj355o0ZWDf3,-39768.19,true,1276575.27,-680.95,426100#BppEpZKAGiHmb4x,0.0,263928.4600,-483652.650,2012-01-10 14:23:24.000
155,977,2,2,8,10,582,632,1,560427#wfeq9nFJmsKrwZKrZBFJOJEsHjWnjncgHAbCd,1013320,399407.2800,544494#prO7Ovs9wSm0VhXZkTeWB1MN0,478080.49,false,-1428377.32,-621.02,1379974#s275vltc14cTaRN,0.0,552498.8000,-577608.260,2007-08-19 05:46:19.000
156,220,2,4,6,2,858,964,1,110739#6xcAsQId79qSnVkOfXaCYzk3d9IVokTybarFa,551135,-1388626.3300,726193#nwxS7FFPoQEv3Es5lFXc0jCiS,514111.26,false,1367197.07,-450.10,1160616#mP8WA0GTpjeBuRn,0.0,407662.0300,-852729.040,2018-08-03 15:14:56.000
157,149,1,3,7,3,875,667,1,490710#YNQsEyPVCcNDGh5HKIn1lCCGV0iGhXOiC9Doj,-1368698,-459787.7200,266494#prO7Ovs9wSm0VhXZkTeWB1MN0,225630.84,false,-620571.07,288.01,1105417#KeeCxktFw1zFqjs,0.0,340540.4400,-615115.140,2009-08-22 04:33:35.000
158,440,2,5,10,12,685,1139,1,1430798#0pEgjcQ3qN656j6H7tul3yUGXPVH2IaJGHnyL,805574,-214101.6400,1571717#q9sBR8e3My0PoBZ4Cbh2GxExg,1123146.68,false,-1072882.11,-222.05,1421655#M4Z4pZLpcAYkZH8,0.0,-249254.4100,1006027.320,2001-11-28 07:49:00.000
159,386,2,3,2,1,546,382,1,338493#M9js0sQAfsR6QVpqyUbspkW1uwUyOlzYvn9w8,-484460,-1568669.5200,1216707#fmWDhxkMfl62VIAq5WT87WXLO,1278801.62,true,-1252547.75,278.54,360544#xdUV39KxcItCNoC,0.0,-263313.1200,696624.860,2002-07-03 05:06:09.000
160,380,2,7,1,12,208,767,1,300124#073W4NN6Qaf5nA4eIzC8Uo0nQSoaBaCTqpvxU,150460,-154332.0000,138160#sbQ9t9AkhsGru87fDZUF5diu7,1140876.19,true,1480409.11,-909.60,684461#8EKuwpxvXP1ieHH,0.0,8127.8800,-263735.360,2016-02-21 18:43:38.000
161,167,1,7,5,1,346,678,1,981792#Hognfq1R74r4ChFjgnfTolhz6KTX2Li0gyBXp,-869163,1057580.8800,793110#hfTWaSMuMQ5JT6QNPtzHr8cfZ,-1073175.59,false,-899611.75,574.60,391611#cuK4e7yqyl5LtEJ,0.0,341488.3500,836322.590,2019-04-02 13:00:22.000
162,405,2,5,9,7,812,926,1,23941#NBAd3Kwg22lZ9MAI34X2xiA5gV42E46E8Cu8o,88504,-558297.5400,1300415#MWmdyGuxx4HZDE7cZ9Mh2Gy3e,423148.60,false,-1114817.60,-173.18,348829#OM3yUxIyn1mhi9U,0.0,-289900.4200,29768.400,2014-02-03 01:42:59.000
163,22,1,2,11,4,430,1089,1,363358#L01tC8QGz4CZ07lqrMzxUlnDTe2nVxF2JbtIX,-1547095,974733.2700,778765#FAAhtaoB31QOIIutnxIWDfkte,307201.82,false,-714961.63,-11.49,1536747#xUugfqz0jynJajZ,0.0,-484599.5300,206846.730,2001-08-01 16:54:01.000
164,1264,2,2,11,9,456,958,1,400858#gXCxv4ykaLkPlCmixmbsFjFwFOSkw9iyrOFnR,-1369414,274018.7100,814939#2XAAYWt9LS4STUhXAjDfU8ny9,1323454.93,false,879553.88,-375.41,211051#pV6nZfiLsejLsTj,-0.1,494131.4500,634502.420,2016-11-15 05:55:10.000
165,153,1,3,8,12,320,1171,1,1351601#vldcZ9EK8gKQPwhNr4VoyNqvhRXqve5yPApax,34188,-1230527.9400,904625#9tf8NU2nu1pwoPPWAZngeUhsC,-675865.96,false,-260586.61,-4.06,1626528#9sLmA2kSuaj6ePt,0.0,-264887.1900,625817.840,2010-12-18 02:54:59.000
166,337,1,6,8,1,340,634,1,234163#d5c6g1XqrqgQoFa3lqYMfxwolXNZTPkta9xb4,515384,-854707.0100,383486#8XKBYHbu3XWPdkom9TEUv6t44,515524.90,false,1076806.03,554.40,1278435#tvX8sTlRCC7IMhb,0.0,-545206.9300,-903624.490,2019-05-04 02:28:22.000
167,1068,2,1,2,11,900,1019,1,451294#BkGnZWE4zQ97BpJP1oLrl8eacD5mh242hjmmf,286309,-898487.7300,1198388#yHgs3MiZzs5eHeqyEJSFX3buc,-1434517.67,false,209323.17,-127.49,1468300#yINEIEMiG1Ubuim,0.1,84982.5200,-65727.830,2014-07-27 21:25:12.000
168,525,2,6,6,11,16,736,1,383997#0RfiwMS8CSSqxmyq9jDY5tBPslOCUQO6FjXV1,30739,1468441.3900,169019#FnvBFPGBklSS0t7TzcSBEbtkZ,-604617.14,false,21966.78,194.03,1671609#PhAnuEjmXBED5Ll,0.0,-104700.7400,91896.910,2005-01-25 13:41:39.000
169,1324,1,6,9,8,540,450,1,250884#800H2DhOq5woZb9omT5NZXWQH8TU3hyi8JG3i,1165000,1445900.5400,1089040#0Stl9CsHwMFY7KjJqLYEGcDiO,-1467575.18,true,-164875.91,-77.25,207228#7l9S94oBFOsMSlx,0.0,229720.2000,-1555501.950,2004-09-09 07:21:30.000
170,1410,2,2,6,7,425,905,1,1050071#79tLDpBFT8uqmplYqSLS571lW78DxZsgfmvKv,1625064,-1575285.0000,689183#YMm2gnmJ7RwlqEozJeY5wfqEQ,-17448.86,true,-156295.27,-311.07,673257#m7Vujo0i1M6iRf1,0.0,419369.3700,-1290218.620,2012-04-17 23:45:30.000
171,1458,2,3,2,5,367,241,1,98026#oIYlvKZReSBWSlo0rzvPoq18tgYw1xE1mQwal,1653468,25816.1300,1046149#qIpmchrAR9jqVipp84ImZyOAv,1237670.76,false,412152.93,196.81,520389#lEbkjWuAG0V1gly,0.0,51448.2300,5445.290,2004-03-20 13:39:25.000
172,927,1,6,6,11,452,1099,1,583156#08fotE7HGiDNxegS8kUxzORI3iOK2qmuxGAo4,1129460,968889.3800,1176389#bjRrtY0HpEJwVhB2NS4aoZEhm,1179200.24,false,365039.47,-446.43,567293#DofnWz16Ln9txmP,0.0,-648408.7800,-1325981.420,2015-09-04 07:56:28.000
173,458,2,1,8,7,175,1257,1,525898#omQzBtJivC8U4Lw8ipqW354gzuf76tudGjl4x,385846,943201.9600,1320030#Yarr1Vw8sMnkkvuIlIHHKPPlj,-441540.07,false,1613383.81,645.63,391983#j01HTsi9Sg8QDiP,-0.1,429825.9900,14880.610,2020-02-28 14:19:08.000
174,1236,2,2,9,5,607,164,1,511473#5CKvVmHb9Ykl7I8TwpPkUEkeXERDk0YVS8Quj,1251417,-693840.6700,1736294#GIAjzVUrmvkWyqFtsUmmJ074L,-375232.28,true,-1127536.41,-160.23,1198572#Lsb1kmnlrgmdHQq,-0.1,230600.3000,640604.890,2009-03-02 03:03:03.000
175,667,2,2,10,10,990,495,1,239557#IEsRGDF1qOnOmcrMvAl5b9ABkOqaeSbB0pZAB,-1366897,-1111251.7600,1111152#rb8mMVRlOZzJ2LZQDE7NOOm6B,1602824.44,true,1146339.83,-89.02,1199520#ymvQklIN6EWrUQd,-0.1,158189.8000,223097.250,2012-08-30 16:29:45.000
176,58,1,6,6,11,497,494,1,1472586#qyyeRiabXNJzn8or0Az1oGdKDl2f7yP8O9tCV,-247037,-592033.5100,1282332#L7sUgn0vKRJd5HwoFAOVtFKuZ,-796635.49,false,405386.38,317.66,813515#h4aExgTl0FMdNRr,0.0,188255.7600,-1420816.430,2008-02-21 16:21:09.000
177,886,2,2,2,10,919,1256,1,1260445#9UqWFlMpVU4ol6uqQmnNUgG5OBmKO9bo3xbcg,-762532,1132227.6600,1054345#WUvYPKFzoUoQTEMMUylljK8lh,-1055468.92,false,797431.69,591.63,1133719#VaNjHnwTUW7IqRZ,0.0,-107842.8600,-1745765.260,2010-12-07 20:57:11.000
178,395,1,7,7,5,692,225,1,1214832#FgakUAKfkeUZ0eH1EWkF9cnaxnelG22KORJ2o,-1211960,-1073378.8900,101974#tcVjvSJLI68kn4bVlfkghaVSN,1037444.83,false,-1243725.77,182.53,1066991#isdu9T3G6EkN3Zz,0.0,205041.8100,1764553.070,2008-04-07 07:07:44.000
179,133,2,2,6,8,875,889,1,237688#DiPLoStY80Co2HICE2GKQwDQAxjfmcZ42V5gb,656487,1347104.6700,1280430#Md4lSDhStpK8AorfMJCh5vif2,421715.37,false,976901.95,775.21,328914#L7EIBjewR63iFQM,0.1,395657.3200,1686698.880,2015-04-30 02:05:39.000
180,508,1,2,11,11,126,16,1,1213766#rS1jGNBSGiLZ1X7FEfgqqm891VZzSuObJtRDb,-837311,1168916.8300,573905#pXsOn79NlgziUs78mgWAtdZ32,1087548.06,true,-1404378.15,238.49,819788#hFxlGKjA0sPwflv,-0.1,-325993.4700,152294.370,2003-05-16 01:58:01.000
181,525,2,3,2,2,798,466,1,172748#tMtHcnA6TStxTSeIRoX6hu5HPIfRSDSsGq1lN,-1146440,201648.0000,641736#HUb71Umb6TAivijhIskoUOCqq,-765279.28,false,1703818.23,450.09,1170830#00CpoMYjtB8WGYU,0.1,-179168.4100,1020742.540,2006-03-30 03:52:39.000
182,1145,1,5,10,10,395,184,1,1350067#IFEhpLvpAi7ZfUm0Y7gWaA6oxQBjRwySqYb7m,1450038,-1095849.9100,1465367#jqa39K8A3hqowmfEuZ9VYVYpZ,-582231.89,false,1413724.61,-300.74,1800880#KNjwbDfjkW4YsuG,0.0,-563707.7600,184712.790,2017-08-05 10:29:44.000
183,957,2,1,12,10,190,278,1,1135786#k4RJ72Yth19g2z6VNOZf0w4OWCeHP3Q4tTljc,1091008,-737943.0000,182017#4hQMIp5LH4weUJkNXeAFu0bou,-708308.74,true,740314.57,-12.12,1373871#cAcXqyGCCtRMGjb,0.0,454295.8700,-453702.000,2019-03-15 09:15:05.000
184,1049,2,4,1,10,165,351,1,1318816#iM5Gy0UsalMD1kCDWCmW0oLjAlDtXgOSfdK5L,-657781,-57778.4200,415729#e0xgpnyI2Ji4QdcsjQYl9YwsT,-1664015.93,false,-206107.48,91.99,679429#LwaO7bfZkEIZuMg,-0.1,502266.7300,128623.540,2005-07-23 14:11:10.000
185,525,1,5,12,1,538,1099,1,1236117#OrJhf2IU4zCy2cWuK1lXAn3ldzcVu8jlSVWFh,1792462,-1459368.7200,1386536#dy0oJxitlJj9LvLI5nW8vwgXL,-540313.80,false,476186.47,-22.63,1226467#KpGapiWsoI04PPD,0.0,-398184.8400,-1224184.960,2004-06-02 03:54:30.000
186,315,1,1,4,3,753,482,1,443089#bMF9PLzmW6Wy4bKokkniZO5Vt2pfJ8j7yrlQg,-304325,-282739.9800,1258832#wQyJVRAdVNqYKONWoHMoMFPcE,-655364.86,true,-735440.93,159.11,1473207#evUBuFqx3BZsG5L,0.0,10664.8100,-1753615.700,2011-01-04 15:11:56.000
187,565,2,3,9,2,948,838,1,189945#okjauKKkP1wvNsRumPjDBKk1PFJdPC8itYwa2,-403135,-1321331.9600,570529#3otriwcdz5CaoZv5AjN4522vq,1096705.42,false,227178.08,309.03,477444#CXlRk7fFt6VStog,0.0,351287.0400,-171901.900,2012-03-07 22:24:29.000
188,208,2,5,5,10,196,268,1,882169#iYVo30wkd0kQR3136HgSn6kmux2spu5szilRV,784063,1019662.9600,1138982#tTjkfBFIhqQisGJ4SugGgYd3H,-926813.18,true,734529.75,772.35,1642689#6aob0wiOivDMCjQ,0.0,-102227.3300,1033833.690,2011-12-31 23:24:29.000
189,1279,1,7,4,3,727,1004,1,958818#IXGow0vBaGbgt5Zc6wfM9FQZnT5srfogyTX6I,1676097,-809174.1500,1228989#Rbz4hPVOsircdN47AJkABeUqr,-1005852.72,true,1463536.62,57.46,1154270#DjG9MdYECcNSHwF,0.0,253178.3000,884035.520,2006-02-12 11:23:16.000
190,56,2,2,6,12,971,927,1,1607284#KCcSmpIJCKQQoYr6hNUPw6RQVLGqePEyLMrNJ,-317957,1802523.1900,226548#vNYDvKDstCsEKJm8cTRjSK341,-303771.27,false,1227255.89,181.30,907916#YWSeTdYIU06RPBU,0.1,187608.6200,-990558.490,2006-01-03 17:40:38.000
191,1423,1,4,11,7,371,994,1,979117#OrJhf2IU4zCy2cWuK1lXAn3ldzcVu8jlSVWFh,1342440,-996718.2400,1017388#yHgs3MiZzs5eHeqyEJSFX3buc,-1733376.35,true,1350473.50,-50.41,1601798#5mZm6rAUey1mcRC,0.0,483183.0700,-1312628.340,2014-08-20 08:31:16.000
192,740,1,7,8,5,679,574,1,7385#jfRJjqLy61eYDFhBVWh49xPYKAhYUIigmeboR,-1563266,1223495.0200,914620#AB1tCMqG122RsO8hCAPEPgGfe,-731070.26,false,-157804.25,-231.27,1539383#LJctCzuUPnT8vSq,0.1,33812.5700,1212050.150,2014-04-27 16:41:34.000
193,612,1,6,7,3,602,1163,1,1635933#riM9dCT94J5ndkyXB6vKbLZj5Ofyarlb2obfv,-347844,1359902.2900,925577#PHTSjIgKIFPjNZyteshDRMPxx,1936344.80,false,1260178.01,-142.14,473766#16jwtVbiTr3EZaH,0.0,41485.2000,481430.420,2013-04-17 16:08:15.000
194,1446,2,7,6,3,800,711,1,1135413#PQ0AZsRbr6jMd55V0TaTgIJFARPXzGu9jkb9E,-1502647,-188910.2700,1196500#Rw4fb5cpygizNc9p4xxWi0oQA,-599149.81,true,637004.66,717.92,708906#Wrpdi5LpiQYExpM,0.1,-440994.2100,-111110.480,2009-12-03 10:05:03.000
195,984,1,6,9,3,895,1171,1,1578311#9vNUN8D7LdQgJc1j9Izfc0QvtU8V0fuAoI80O,1116667,-1922750.5000,573757#OMezvPfn9JyQT2CHM1tzvAdcp,-1203887.90,false,842777.67,-422.04,1149105#u37XrJpQ8TareJg,-0.1,-557416.4700,-1036344.710,2011-09-10 01:33:01.000
196,214,2,2,4,8,532,1157,1,679884#800H2DhOq5woZb9omT5NZXWQH8TU3hyi8JG3i,16320,378953.1000,1585166#wbAnhRVvQh1hyZyAaAWkDn44I,520146.55,true,-1782489.20,321.63,839449#NKMBOm45Ko419wW,0.0,-87672.4600,1919164.910,2005-09-23 17:03:30.000
197,622,2,1,6,12,80,1065,1,1240916#3rpRRJzNAZlN9BL04gUZDItMrSx8isHKCljOQ,301723,1481622.9100,972407#oyGJfKsP3cp6UmjxUAOjezGXi,-1756008.11,false,-644968.50,298.76,351604#hZWtNGeK2oy0f6w,0.0,-102813.4700,-1771088.620,2004-10-05 07:57:49.000
198,696,2,4,2,2,790,1118,1,1483766#rS1jGNBSGiLZ1X7FEfgqqm891VZzSuObJtRDb,732027,639306.9600,548334#7hVWgbt1W0SyRrWk2jbmiz6M5,68633.72,true,284064.00,254.43,154259#xPOmzD4vDE1p0XE,0.0,528708.9000,1710288.560,2003-10-19 20:06:29.000
199,1375,1,7,10,12,253,478,1,128980#ql04hz3vyPZYl1WUfTRBMjg9LPqOsRHmnGDeG,-219429,1767849.8300,1528308#8kselwd7D9OlS91Ia9a5hUmUO,-1087683.37,true,-1645885.33,-386.16,369623#NLBj3BlzV20QrUd,0.0,137078.4100,-1788793.950,2009-05-10 00:36:29.000
200,1132,2,1,2,11,854,136,1,41234#Tfdtdj0QMqtTk9MOpjZc3dudITrOLQQoKvmOC,-600098,940708.1000,911270#KxLr4Kyxl2iJOJ01omaVDpq0G,-136972.26,true,1044341.20,-822.84,1440735#v42rUsW82uDB6Hl,0.0,-154372.9500,-308279.900,2012-10-28 04:15:41.000
201,285,2,5,5,6,294,5,1,386335#cKhWFR6tY3123894NXk7J098zpBaPftP4ci68,-865268,1403350.1200,90729#e0xgpnyI2Ji4QdcsjQYl9YwsT,-984225.22,true,849451.49,633.26,1163494#uvwKgSSi1Z6WJVI,0.0,197413.7200,1746147.940,2016-12-04 18:13:19.000
202,1472,1,1,10,5,480,579,1,926725#exQWwMUbiGhOcHuOjuNfzT3cYTHPW1az8NIu4,-1039038,423102.2200,1460043#Es27mgKQzaDJ9OiiEa0VX3CHB,-1040588.82,false,-5902.28,-918.63,637658#vTmBiZ58wX8n3Yw,0.0,-132497.4200,989783.660,2002-06-23 20:55:54.000
203,365,2,7,1,5,661,1153,1,969789#TINuvAgtn45G1CGGhLY75tXCHF28V6BPKspWi,1889683,1224341.7200,1571399#LicX7p2nlXni1hrF4ehsgdoBA,-1032391.09,true,-1887357.15,-298.91,1643116#0gvhGHurSwisoxf,0.0,234583.9800,-1672151.680,2011-07-30 21:17:12.000
204,609,1,7,7,8,586,63,1,2008110#mqRiepXcJoTKut9tslYS1qY8aA8IAdP6796E5,-377217,-908367.6700,124770#pMDIqdTfUwYp7AWeGgltlweXc,-50811.69,false,1689656.77,-792.95,562479#c7qmgaYDueMcY0t,0.0,352847.4600,-637988.650,2012-03-17 00:49:42.000
205,504,1,7,12,7,460,261,1,739995#kvPyaBDzYkM1o5OARociMH68rttlt6vj6iJuk,1337395,527912.7800,718711#Xfez6Zeek1tuwYr5re5l1kgZb,634909.99,true,-1890159.82,-677.52,1824608#dnwP5N5BSg0UNDc,0.0,733516.8000,-767081.760,2007-11-29 10:15:16.000
206,357,2,7,11,2,588,895,1,143411#34Q8FQpXss8gZUWUin7BykNPQJvzZABf4QhtW,730472,-1831454.8300,957960#j9CsVdyKFIlPx6f30gZpZEmxz,678414.26,true,1803627.07,-452.10,1530208#HQ2xAyApjm7gSKj,0.0,537649.0300,-1126898.540,2018-08-16 18:24:39.000
207,1459,2,1,6,9,50,111,1,646272#C5GjYKgqZVfMeUGZEVaBOWFdz1BqPhFk2lvRs,-1803710,-607272.2200,349351#o80bs1VEE3x5lKoIH3WJ8r6kC,296188.84,false,-818413.07,446.51,1456795#l1Hunz4p9p06Ixt,-0.1,448703.4400,-811526.140,2009-11-16 02:54:55.000
208,600,1,2,8,10,594,600,1,1882439#Wrao80PWBBeqW3sxTpqjwGOuuT7acYJZjoj58,1059474,-281531.6400,2066805#G5Gv068ThQH8tjdGSuoc3ucHS,1477747.18,false,-1409326.61,-302.55,1870189#HiaB79Hkik6BJdo,-0.1,-331187.9100,1325979.320,2002-04-26 05:10:45.000
209,1083,2,6,9,10,259,1277,1,441941#NBAd3Kwg22lZ9MAI34X2xiA5gV42E46E8Cu8o,-633885,-2059822.0200,1598021#2pliEtE58DmaR2Bq2RQ8U8m6C,1681898.12,true,-1646264.75,436.54,472424#F7kMQLoEUDxDXlO,0.0,-343099.6200,916546.860,2002-11-24 08:01:27.000
210,215,2,6,5,12,487,736,1,392461#FhAHeNneuz2UpneKljilNFlHT786oXYV3lniR,197035,-201679.5000,181287#ZY8TI248Xmi0ULZFVigDiFBPt,1494796.19,false,1941413.61,-1067.60,897065#MPe0UHjb0vCTLsz,0.0,12091.3800,-346485.360,2016-03-25 20:52:31.000
211,346,1,4,7,9,696,47,1,1286441#bxCkFiU4obCh7MCBfiMmBTOUAFs8fbfjnPftM,-1140057,1387533.3800,1037914#ls3wPFkECl4CGnWTFeHv7gXjL,-1407526.59,true,-1180937.75,648.60,511823#iX6tU1jqPMEPwlY,0.0,450612.8500,1093624.590,2019-04-10 07:20:11.000
212,1411,1,2,2,8,231,786,1,29822#avILgGIyfzbnAYYSygD5zdqrtU8z3wpGI0V28,117379,-730723.5400,1701123#hWJqi37PzeE0egE5TV9rGr5zQ,556617.10,false,-1457277.60,-341.18,453417#KeeCxktFw1zFqjs,0.0,-378174.4200,37251.900,2014-03-24 21:40:03.000
213,1048,2,2,7,6,81,38,1,474266#1E19BP9wF0goyyr3N0YYqsVpjdk1Kr2vfR7td,-2024495,1275247.2700,1016956#4e2jcSG8vSTuUbdZtgzO4UHlo,399907.32,false,-933388.13,19.01,2005740#OvoHjGQ2onCOzCC,0.0,-631235.0300,270059.730,2001-12-31 13:49:06.000
214,781,2,5,11,11,861,1277,1,523032#fazBRH8dTTzKaz7G9Yij52yNoO3CUqv6qCnOC,-1787364,360086.7100,1061304#R2tGzvhfmKe1dFEWBQ0MF6ezO,1727375.43,false,1150520.88,-377.41,272914#L7EIBjewR63iFQM,-0.1,645262.9500,827166.420,2016-12-12 10:04:24.000
215,208,2,1,11,12,403,800,1,1761078#GN3Z5tRI79KDozkGesPxNVQrXUGxFKlszarzI,47563,-1605558.9400,1176204#WWIDCzTHqLuJsJABqo3ENXGIq,-877689.46,false,-337500.11,-107.06,2118205#ylQ98pOAdCArSyU,0.0,-346274.6900,813975.840,2011-03-03 13:35:14.000
216,1463,1,1,10,12,82,461,1,302053#BXxQqHeMKIvNxI97YjKJfudmu40VUb4Z0r20M,671959,-1113595.0100,497139#n4FGSEqRvHTkcl35UaG4gqZCi,672439.40,true,1403900.53,689.90,1661295#FLOsa0mLsM2IoEA,0.1,-707519.9300,-1174899.490,2019-05-11 04:16:54.000
217,947,2,7,11,1,303,813,1,583723#xBs2Ohiav2gJaRVKe3ukbuSC1iKCgJnTqcMeq,373609,-1169048.7300,1555767#SnykAb72mFarqMoKkugsxCm10,-1866394.17,true,271296.17,-67.99,1907025#Hs1KjNnQaqTyPsk,0.1,110924.5200,-87950.830,2014-09-11 22:10:59.000
218,1095,2,2,12,5,56,1298,1,496686#JjeUfodmnEyu9cDyhixjcmJXNtYbahXZsl5xt,38714,1903051.8900,216555#p64AWdlyyNZ27g7RYis3w6WsJ,-785069.14,false,29977.28,338.53,2168153#BQx2Z7kmA5TaUCi,0.0,-138574.7400,119818.910,2005-05-29 07:02:45.000
219,761,2,4,9,11,324,296,1,322853#2DFq6U60yP8Cq55PG9IgO2CQwBZpB9LKL77EK,1511875,1872424.5400,1410654#LM1bx8H3NKHJUYatS6QjrBZiX,-1901471.18,true,-211000.41,-139.25,265629#eXBKFJR92zbwWui,0.0,295557.2000,-2018216.450,2005-01-14 04:20:31.000
220,430,1,1,5,4,727,649,1,1356254#Fz8BJcYVg2b0YCA19oxosHm4OOCgNZzsEU1nQ,2104895,-2040172.0000,889357#iP8rMnbJUxg1NNo2yzNcoar8Z,-25407.86,true,-202633.27,-444.07,870815#ALtRxag4CQy479U,0.0,540254.8700,-1667109.120,2012-06-21 16:43:41.000
221,706,1,7,10,10,686,784,1,126687#tvHSTkSxtfiVU5OQcPB7hrlPqNR3QxzEyHcca,2136018,35274.1300,1349897#hfFNI0edLU2HbxsBpeFHHo60g,1596682.76,false,533009.43,140.31,669729#4u5Z9teZvpd48CA,0.0,64462.2300,4178.790,2004-07-29 10:16:54.000
222,656,1,5,6,11,609,950,1,751087#0tK4lEzPjQoY8AdmIi5Xz9auVPBO1U2DN1Dxk,1457735,1252435.8800,1517470#GOcUese4hyzQBsOYvBnHcmUSj,1522391.74,true,468504.47,-456.43,731186#QvVHUyeRPaBNSDl,0.0,-835163.7800,-1712007.420,2015-10-11 10:05:03.000
223,665,2,5,2,5,912,113,1,677705#ZqStyjiXDtReI7qniIn8F5vrzjNRAKP8o5nGW,494634,1212932.4600,1700921#3p5aZuSsRC0hTJ1pGRoofg8Ga,-566404.07,false,2081127.31,781.63,503278#Wss5mpdWGA1Rf02,-0.1,553888.9900,21188.610,2020-02-28 22:53:17.000
224,248,1,6,12,3,214,1060,1,658159#p4RYo80y11E8C6ETqlKAjMFOE3dztxoUIrwqB,1612242,-895579.6700,2234079#9a6D9x4ExHmxJQPfnvSvXNMZp,-485815.78,false,-1453160.91,-79.73,1542948#sUXZle3rchwBYEo,-0.1,296134.8000,822768.890,2009-05-31 14:21:15.000
225,193,1,5,7,7,190,262,1,305410#Yv8Aj3O4NPkoc9KLLXMSGklpb5iSeVcgCx8za,-1756959,-1429235.2600,1427439#3oFFSM5qKYvZQcANXL98c7UN2,2062668.44,false,1475057.33,-15.52,1541397#3tyzKNcxCULfuc3,-0.1,202292.8000,287853.750,2012-10-31 12:22:18.000
226,1068,2,2,6,7,969,502,1,1890681#s6oLjaM53n4DUWERAUH4vSeXmyMO5zDlZfzbp,-319537,-757887.0100,1644568#ssE8tmNJsDhreZKHkvCbWiaCT,-1020640.99,false,521861.88,464.66,1044600#D765fxXW8Rc6FzR,0.1,243099.7600,-1827159.930,2008-05-30 15:27:51.000
227,244,1,7,8,4,814,326,1,1614816#iM5Gy0UsalMD1kCDWCmW0oLjAlDtXgOSfdK5L,-976632,1452183.1600,1351316#G1XmWgC1yMiZW3QrEnF8slaXb,-1354672.42,false,1020269.69,620.13,1453676#MhTh9GSveAxv3R6,0.1,-136196.8600,-2239593.760,2011-02-21 22:54:59.000
228,137,1,4,6,1,924,481,1,1553567#VZb8EslMhh31W40knN401Zn0bf8wlhPP3T1oS,-1550323,-1373320.8900,127856#tnZpaGqwtJClWWOcNnIyY3BNy,1330513.83,false,-1593486.27,215.53,1365916#YWSeTdYIU06RPBU,0.0,261627.8100,2261176.070,2008-07-14 07:45:50.000
229,8,2,6,12,5,24,70,1,303419#zAyBuX4QyrDBTbAoJAxNTsbJXf4HA4jsF8aQn,839887,1726106.6700,1638048#8pQl2L7eCOREIHYTT9Hs24ssI,540842.87,false,1247314.45,934.21,419846#reTxhPnDKmRpi8M,0.1,505449.3200,2156063.880,2015-06-09 03:43:41.000
230,1243,1,7,6,3,526,1214,1,1549597#QzMqQEieXKMfIo0DQ7I9q0AQApfiV62I7oKIk,-1071989,1496008.3300,730599#Ui57Fmkoa39pfKNNw3tt5yRuB,1390448.56,false,-1795941.65,326.49,1046747#xUugfqz0jynJajZ,-0.1,-414984.4700,196555.370,2003-10-01 10:27:08.000
231,347,2,6,3,10,730,341,1,218746#5J35zx9Qa7jbhDXisqCahAC4LCxQftMdUtHjj,-1465115,259134.0000,816909#DkZzze0ESLTJJynYFwSDrkppz,-978568.78,true,2177076.23,552.09,1492637#4Zcslb7CqmjFUSK,0.1,-226377.4100,1301030.040,2006-07-22 23:02:35.000
232,816,2,4,6,4,33,380,1,1719234#Tfdtdj0QMqtTk9MOpjZc3dudITrOLQQoKvmOC,1847013,-1398046.9100,1867437#ITuZylZ0f3qZhtkztC61FiQeS,-739854.89,true,1802575.61,-422.24,2294591#YWX2TLsZxIAmYhf,0.0,-720497.2600,237615.290,2017-08-26 21:40:19.000
233,392,1,7,5,10,406,23,1,1445330#yFbW9WzW34qRi21N73OJdgGEt2Wd1AZsm46Ma,1388158,-937723.5000,230154#tUCNMilPZjAW7dao9SxaFn4ps,-902381.74,true,941527.07,83.38,1747025#Hs1KjNnQaqTyPsk,0.0,578943.8700,-576769.500,2019-03-23 15:14:51.000
234,1110,2,5,9,10,229,1099,1,1674735#luxxD8ov7fmcJHsVkqgYNG9dtOTVpFx9kSyHE,-837681,-73154.9200,527865#NfZgKu4DLdbWuQdkRKuMSAJ8j,-2116395.93,true,-259692.98,66.99,863563#uos9AialFsDNSSY,-0.1,638202.7300,162839.040,2005-11-21 04:06:09.000
235,1150,1,1,5,10,284,993,1,1569017#uvO3aAlDMCX38wh0qeZhKbiVOP0WgEo65CbDq,2274687,-1854597.7200,1760421#vqnPpCb7C1fxxLDRmNNArtEt9,-687519.80,false,603378.97,83.37,1557553#VI8lbdB55mBKTSr,0.0,-508076.3400,-1553764.460,2004-10-10 04:31:52.000
236,421,2,7,1,10,231,495,1,561881#UGvxTLYvdcWhyXYpqCvJT4v3kfxltUVCiNSEr,-386843,-358219.9800,1595191#aDUHD4WIFbIHusaVPKI7X38xr,-829639.86,false,-932983.93,330.61,1868431#SIIEr01HkQw5jwA,0.0,12139.8100,-2223244.200,2011-03-21 09:32:45.000
237,845,1,7,3,3,26,1031,1,240332#rkXrw9W1qCPLC90WbRHPU2ltKhJVD9aOubBt8,-511272,-1675907.4600,721840#Z3sGUYA6H45uyxoawdJ2zKq3U,1388226.42,false,289496.58,451.03,603526#uCQ2oIJWxHEpgHS,0.0,447470.5400,-218362.400,2012-05-13 01:32:22.000
238,1344,2,6,7,5,964,936,1,1115956#sfJU6nXRCTdz86ifCheUDA7gt810vqPLtuUHh,995116,1289901.9600,1441649#JccoCHZc3tPob2t4Q7BvhdiLj,-1174683.68,true,932152.25,869.35,2077243#YKcXn6cwd1GXxTb,0.0,-126817.3300,1308731.190,2012-03-08 15:32:53.000
239,836,1,2,1,11,562,531,1,1211235#JXPEZDhmAypfs8qEPRCd9fCx6L4pySzXXIalK,2118709,-1021359.1500,1553041#NL50UqkjbNcjOU0NyxZGR1pbX,-1274518.22,false,1849515.62,143.96,1457291#NsHUyXPNkCmgTzI,0.0,319677.3000,1119089.520,2006-06-08 17:17:14.000
240,849,2,6,7,5,150,372,1,2029575#pzFa5TUQHOHejjxLOaHPsaTNZdPPOfWpN71z3,-400382,2277767.1900,286010#lehywCAbspgbsO8tdUJ9bhRHZ,-384835.27,true,1548000.89,203.80,1145356#rAk0MBY4J1qGw4L,0.1,237292.1200,-1248995.990,2006-04-30 22:23:44.000
241,576,1,2,8,1,948,615,1,1233852#X1lE757vuUMQuwfL6sD1tS5V22epYQi35IhWA,1695040,-1255345.7400,1282042#oa7sFEw7DwFqIKO2bSaack624,-2186162.35,false,1702969.00,19.59,2021114#sc8dfD5lTw4cPeO,0.0,607955.0700,-1656350.840,2014-10-05 08:32:31.000
242,1030,2,3,1,12,339,999,1,8722#r2kRlSjO8PUiuQ5LgaGRefFIw4uN5y3NWSWwt,-1968278,1542483.0200,1152474#ZgQPSd0iGXsuACxe5nvvwK0q6,-922918.26,true,-198532.75,-169.27,1938969#U1t5sYL0fUA1s89,0.1,40492.5700,1526909.150,2014-06-15 07:28:19.000
243,1429,2,4,7,12,1007,654,1,2059097#KIa4VNStLBcAAA4CwMxg4rHvgH0cipEKcmsAY,-435750,1711142.2900,1164063#21upqW9E8pc61JKp89MwzlvUQ,2435855.80,true,1587042.01,-136.64,594873#7ZHM99N1XEJbfny,0.0,54655.7000,606254.920,2013-06-13 19:10:10.000
244,845,2,3,4,6,13,1296,1,1426708#LuPjPmHAwRNSPSp9oQTOxQW98LPy6TjQv6lyO,-1889922,-237014.2700,1504862#YOES2WT15s9zgsWXW5lnPfJ2G,-752942.81,false,802485.16,798.42,891245#4N71JkrwTejdFYx,0.1,-554681.2100,-141732.980,2010-02-26 10:53:45.000
245,224,2,7,9,12,186,892,1,1982851#F7o4fZQ4FVkwVD4hoq0Y0rD7uaIRwk4dHZrrS,1404292,-2416169.5000,720211#guuwggOfMCt73SEp8o9AlEKdT,-1513323.40,true,1058240.67,-563.04,1441923#ed01EyznV5uAmVK,-0.1,-698257.4700,-1300442.210,2011-11-19 12:14:02.000
246,267,1,2,2,2,780,1111,1,852336#WSgXHnyWWA03uWtk0wOk7s3c8I8q1bZO0HUAV,20720,475453.1000,1987084#cCPY7Spwoip855eeu7YzgF6hM,650740.05,false,-2238880.70,333.13,1053009#mj01RyfaIAjRZBH,0.0,-109050.9600,2410879.910,2006-01-21 12:55:33.000
247,1064,1,7,1,8,615,807,1,1553851#F7o4fZQ4FVkwVD4hoq0Y0rD7uaIRwk4dHZrrS,376542,1857266.4100,1218607#xddqSbk3ZSrEw9negNw5S3WpI,-2204088.11,false,-806979.50,339.76,439508#8y4rHuc5yFRnjBq,0.0,-129532.9700,-2222819.120,2005-02-10 05:27:01.000
248,606,1,2,9,5,731,889,1,1857637#Qq5Y2fJTwg3eTDPO8wC87rzn0zA3214xnJzRd,916095,801484.9600,685865#NfZgKu4DLdbWuQdkRKuMSAJ8j,85091.22,false,356133.00,396.93,191324#5A5pTnc07AlniQY,0.1,660222.4000,2141312.560,2004-03-03 18:21:48.000
249,752,2,4,2,1,180,25,1,160783#Il5sMHGYCiHRfwqwRAstMJsAJIBrOADzpbfQN,-273449,2213889.3300,1912054#798uDNnZ5yiHoYQfZaLvQVPPq,-1360979.37,false,-2058856.83,-388.66,462227#aWnP7S6gPxLOzVx,0.0,172127.4100,-2236548.450,2009-08-07 23:01:19.000
250,12,2,2,8,8,855,211,1,50785#5QTBG8V08i99eSGEMvdMNcdBnyJ6o42tc2bdi,-750123,1176773.1000,1137040#0Stl9CsHwMFY7KjJqLYEGcDiO,-171480.26,true,1307345.20,-978.34,1799131#YDQYFZFnShrhJ9e,0.0,-193702.9500,-383397.900,2012-12-28 09:06:34.000
251,794,2,7,9,10,558,1010,1,482304#MwKMThMk1erNRwu3DUf1fGK06NF4WvVWUX1uP,-1081418,1752642.1200,111589#ahciJxYbKrMo3n2odpWu5wJrQ,-1230054.22,true,1061949.99,817.26,1450511#6mVB9w6N9cK4g3q,0.0,247106.7200,2178503.940,2016-12-31 22:42:02.000
252,1381,2,2,2,9,290,128,1,1154856#KXrYJ8LvM1j4K2vWyQ9CrJmgXIuWZ6HAchbzQ,-1296621,527343.2200,1821380#rc2KpAqtL3Ic6oKRGpGntLJQh,-1300613.82,true,-6460.78,-1043.63,795335#nNesg51y2wxFZME,0.0,-165975.9200,1233350.660,2002-11-18 00:33:16.000
253,290,1,7,11,8,647,1310,1,1207144#mek07XabepGkdlOvciFDFZhvEJKhZthv8wbWL,2352663,1525434.7200,1957938#YuN02hEG8224FNxteuHsJ0Llv,-1288264.09,false,-2352156.15,-397.41,2047814#gj6kJW0ia8J0UTO,0.0,293359.4800,-2084373.180,2011-10-10 12:35:31.000
254,636,1,1,4,2,957,850,1,2498524#zQBmGXD3Wt2IrmaguQQBMG28NQvnpoQwVka3P,-467892,-1128891.1700,155195#xLaRKrxG6O2llJPjdtmROPdBJ,-61855.19,false,2102738.27,-904.95,698857#M1HGhdMcs00ku3T,0.0,441766.4600,-792324.650,2012-05-22 11:15:59.000
255,31,2,5,4,4,338,1204,1,919562#ezhB7hDmlI8extTyXp7YhSdpAt324vA0olEz6,1661470,656418.2800,892928#utcJPVprGZjHCvBVEJNbdlxdj,791739.49,true,-2351942.32,-734.02,2269242#bixdSzmhJi186vc,0.0,914534.8000,-956555.260,2008-03-10 14:44:12.000
256,494,2,3,4,2,318,826,1,176083#KQwcey0klP4YLZMb0ANUvY6KalByB3glmJ0fO,909810,-2274283.3300,1189726#n3Q1zHzVzp0BeyPeEelnUnVoo,842717.26,true,2240057.07,-454.10,1899800#2pCzm1KPLDMO7Z1,0.0,667636.0300,-1401068.040,2018-08-29 21:34:23.000
257,1290,1,6,5,3,236,869,1,801835#QbnftjeSDNm7O0BFXu506jMa6RohYkWv9G3T0,-2238723,-754756.7200,432208#O2VrmcWqQCEcUTtNNFPabcqpU,366746.84,true,-1016255.07,605.01,1808172#DwzMyGnFNhUVfMR,-0.1,556866.4400,-1007937.140,2010-02-10 01:16:15.000
258,759,2,7,6,8,503,61,1,2334080#nuX8kJe4d8quhzdwVtC4vQNLptNDHzurFjkrP,1313374,-348961.6400,2561893#AME0TJYP1lDvon8kjfG7vZai7,1832347.68,false,-1745771.11,-383.05,2318723#G1Jdo73wuRRGf3l,-0.1,-413121.4100,1645931.320,2002-09-22 02:32:30.000
259,301,2,2,3,7,982,858,1,545390#V0emJChz2COwrhUEGicwF54kMMZFpvg4CY9au,-783310,-2550974.5200,1979334#7hVWgbt1W0SyRrWk2jbmiz6M5,2084994.62,true,-2039981.75,594.54,584304#LTqrPoqweZbDZg5,0.0,-422886.1200,1136468.860,2003-04-17 10:56:45.000
260,51,1,5,9,12,766,705,1,484798#0pEgjcQ3qN656j6H7tul3yUGXPVH2IaJGHnyL,243610,-249027.0000,224413#0hwBE0FeuBVbFtsb7SiB8jDLR,1848716.19,false,2402418.11,-1225.60,1109669#TtiY56CUCRjWjRo,0.0,16054.8800,-429235.360,2016-04-27 23:01:24.000
261,526,2,2,9,4,35,730,1,1591091#KPgeSncXMVb3H8SVCC4UVt9yN27OEiW1vLXFk,-1410950,1717485.8800,1282718#DzaixV1ugXjiILQYIMr250rFt,-1741877.59,true,-1462263.75,722.60,632035#a74zyLERdRNRqc4,0.0,559737.3500,1350926.590,2019-04-18 01:40:00.000
262,938,2,6,8,9,662,645,1,35702#GBc49PKBxJLj7zycfMUNgyN0GjdubJCBE3D0W,146254,-903149.5400,2101831#Ak5BbObbigMREsmAs9byK7lBs,690085.60,false,-1799737.60,-509.18,558005#wPYLWNyqFkTbgpl,0.1,-466448.4200,44735.400,2014-05-13 17:37:08.000
263,594,1,2,3,9,743,301,1,585173#KgZNmjDBPpowbQtzun1cqjx8uUbdA7sWy7pSl,-2501895,1575761.2700,1255147#4gEQNIZIoJsxuyaJuYiOPyUfV,492612.82,false,-1151814.63,49.51,2474733#4lDkTVhRMQGBt79,0.0,-777870.5300,333272.730,2002-06-01 10:44:11.000
264,298,1,1,12,2,255,282,1,645207#fDXJjCobu0oSX6L9GaCljcHTkTnL7AP2bsWbR,-2205314,446154.7100,1307668#Ds97VZ0bU40bxEn4s2lwfPXZo,2131295.93,false,1421487.88,-379.41,334777#Td6dZUpGx15caEu,-0.1,796394.4500,1019830.420,2017-01-08 14:13:38.000
265,263,2,6,1,11,486,430,1,2170555#BAIR3qVdImSTrHgdzLFAPCJgwAwBOyWBt9QDG,60938,-1980589.9400,1447782#9c47CqcjOOO2I7dLS8dGuSeCy,-1079512.96,false,-414413.61,-210.06,2609883#GaW65TdpinvGKpu,0.0,-427662.1900,1002133.840,2011-05-18 00:15:29.000
266,1110,2,3,1,11,835,288,1,369944#fB8iOkaHa1DhhQP3tkGXoOEfVIR9fP7ugXKI1,828534,-1372483.0100,610791#cAClCm9UYKF3EQ4H1aN7mRk3A,829353.90,false,1730995.03,825.40,2044155#hGVXq0aPKwMQqCn,0.1,-869832.9300,-1446174.490,2019-05-18 06:05:26.000
267,826,2,6,8,4,717,606,1,716153#PaB7JOBr17drgCTD5W39qb0Ndv6cduqxzmt06,460909,-1439609.7300,1913147#4gEQNIZIoJsxuyaJuYiOPyUfV,-2298270.67,true,333269.17,-8.49,2345749#rcgiAjNajy0OIkN,0.1,136866.5200,-110173.830,2014-10-27 22:56:46.000
268,186,2,5,6,12,96,547,1,609374#4EFnbzvITdY8SvTUk5mogwMGOIp1kP8m7NjSA,46689,2337662.3900,264090#GipGTieKfPJDWKN6Tbg58k7KI,-965521.14,false,37987.78,483.03,2664697#2ivGBJlzMfm4fw3,0.0,-172448.7400,147740.910,2005-09-30 00:23:51.000
269,198,2,2,9,2,108,142,1,394821#nkIlnVNZEPpfatErAUc3fkSePN3RmCzmNif1D,1858750,2298948.5400,1732268#RDilUuppKs3YPZzRrr7GOe1jO,-2335367.18,false,-257124.91,-201.25,324031#bKlhLlRyRB2zr8X,0.0,361394.2000,-2480930.950,2005-05-21 01:19:32.000
270,929,2,7,4,2,17,393,1,1662437#vRvlWY6mp27dFqHXSOxP42oEO92K8F09TdmAe,2584726,-2505059.0000,1089532#14UR2pFkurtmnt55VTJkA5C55,-33366.86,false,-248971.27,-577.07,1068373#VGVdd0yQlQy2YXD,0.0,661140.3700,-2043999.620,2012-08-25 09:41:52.000
271,1433,1,5,6,2,1006,12,1,155348#GChyqOUHQ8fCWTyBEtghZfGEuMui5PaDfQ4LG,2618568,44732.1300,1653646#qCWiS73XU9UrABV6LiJ85It4w,1955694.76,true,653865.93,83.81,819069#PR7vr16wwFJkG9n,0.0,77476.2300,2912.290,2004-12-07 06:54:23.000
272,385,1,3,5,10,767,802,1,919018#6q4agd906u7RKCfEzoMXxvIvJdwgeIssKLSPj,1786010,1535982.3800,1858550#pwcq82wC68TguP5XrOX47qw4z,1865583.24,false,571969.47,-466.43,895079#zPLOza9m9l570gG,-0.1,-1021918.7800,-2098033.420,2015-11-17 12:13:39.000
273,872,2,2,8,3,637,283,1,829511#u9XVREz1YTng3NCZtz2urlEKB0OP6OqDqlXUt,603421,1482662.9600,2081811#dEvvZfw0O69wlZm3OY7H7Zkrl,-691268.07,false,2548870.81,917.63,614573#tff73H7doAeiioY,-0.1,677951.9900,27496.610,2020-02-29 07:27:25.000
274,738,2,3,2,1,833,642,1,804846#JtEKUrMG0sfuyxKFRSnLtEVPQjiDknPNe2nyk,1973067,-1097318.6700,2731863#9tD2iy6AxVhNcoMq5FjC1Bpn8,-596399.28,false,-1778785.41,0.77,1887323#Q9cB483VxHJceeS,-0.1,361669.3000,1004932.890,2009-08-30 01:39:27.000
275,1198,1,7,4,4,401,29,1,371263#nfKzEZQJhhSDsyTYN0hL59ZDtrNdfGf84LhXz,-2147022,-1747218.7600,1743727#OwbZ1kGOLRwAUbdg5sOLQxp2s,2522512.44,false,1803774.83,57.98,1883275#moxaM8nlJyvcQzv,-0.1,246395.8000,352610.250,2013-01-01 08:14:51.000
276,599,1,5,5,4,430,511,1,2308776#at1LudQyGC68KIECbCPi5OhfK3Jlfv0fOB9Ec,-392037,-923740.5100,2006803#BILVmmul50QbtQh2kNYWkQ7Aj,-1244646.49,false,638337.38,611.66,1275685#gu42T8Ux1O0tdIt,0.1,297943.7600,-2233503.430,2008-09-06 14:34:33.000
277,1081,2,5,2,11,709,710,1,1969186#QVpWFu9e2OUSjX5k7tlx5wiDlW1QRXeljqv7J,-1190732,1772138.6600,1648287#ZY8TI248Xmi0ULZFVigDiFBPt,-1653875.92,true,1243107.69,648.63,1773634#W3hbjvzt6feFrdO,0.1,-164550.8600,-2733422.260,2011-05-09 00:52:48.000
278,1359,1,1,5,8,146,738,1,1892301#Y1LR8uWXtCV0YUrrJQMVVD05VP2BBh3uXyTtk,-1888685,-1673262.8900,153737#PysYxfRZvQ6YHLcI9X8V6fj7c,1623582.83,false,-1943246.77,248.53,1664841#UajXOBBeqevJJ3Y,0.0,318213.8100,2757799.070,2008-10-20 08:23:55.000
279,1361,2,3,7,2,184,564,1,369151#sXnvY9Rf5K9Z3iT94aJzeDGyeTOEybbLwIQ3d,1023287,2105108.6700,1995666#j9eTuk59zJuQSg3HKf2Ca6x0N,659970.37,false,1517726.95,1093.21,510778#zT8mXUIGbMXhJjp,0.1,615241.3200,2625428.880,2015-07-19 05:21:42.000
280,499,2,5,12,7,925,1097,1,1885428#K07UqY5mQQPjCZzhMhGXYWGjggXn1jpL7GcII,-1306667,1823099.8300,887294#GIAjzVUrmvkWyqFtsUmmJ074L,1693349.06,true,-2187505.15,414.49,1273707#oQMaIz55azpfBGC,-0.1,-503975.4700,240816.370,2004-02-16 18:56:14.000
281,169,2,2,4,7,662,216,1,264744#vxpXOwZ2QBvFhz2BwMrbe5p7cNdZ82sutTF9l,-1783790,316620.0000,992083#R90slMBWC9RJub87NKXWlLr0g,-1191858.28,false,2650334.23,654.09,1814444#CXlRk7fFt6VStog,0.1,-273586.4100,1581317.540,2006-11-14 18:12:30.000
282,487,1,3,2,10,682,576,1,2088401#eIzxhIG7tzckZ0F4B1qfmrozvEAmi6kJcbZJE,2243988,-1700243.9100,2269507#EX2eCPLXScKtAos42IWPCMDhL,-897477.89,false,2191426.61,-543.74,2788303#SSbX2KprVDSL8Wg,0.0,-877286.7600,290517.790,2017-09-17 08:50:54.000
283,1306,1,6,10,10,621,1082,1,1754875#plw8hSIzLDcNy1R82ljOKsKmPYjzL72ZUnSuM,1685308,-1137504.0000,278291#RKEaLNeCjT11ts1TrtjbIxOYx,-1096454.74,true,1142739.57,178.88,2120179#M7D99hr94iQw0Tk,0.0,703591.8700,-699837.000,2019-03-31 21:14:38.000
284,1172,2,6,5,10,292,533,1,2030655#uqBLbHAeXVW193TqHf1Tm7bHzV7zs8OBunUtR,-1017581,-88531.4200,640001#dL5Ke9VP1ijS5KkPQzfZznFtm,-2568775.93,false,-313278.48,41.99,1047696#1DvuNnBOsS6cuul,-0.1,774138.7300,197054.540,2006-03-21 18:01:09.000
285,296,1,4,10,7,30,888,1,1901916#3rpRRJzNAZlN9BL04gUZDItMrSx8isHKCljOQ,2756912,-2249826.7200,2134305#YVcX61ffpZWaW4uOEb4NgB6Mt,-834725.80,true,730571.47,189.37,1888639#fguGiX4c2V8eal5,0.0,-617967.8400,-1883343.960,2005-02-17 05:09:15.000
286,527,2,6,10,5,720,508,1,680672#fTLSsb15bfp5WgdlhUgiISGJnMmN3Tnqjxl4O,-469362,-433699.9800,1931550#pwcq82wC68TguP5XrOX47qw4z,-1003914.86,true,-1130526.93,502.11,2263655#M4Z4pZLpcAYkZH8,0.0,13614.8100,-2692872.700,2011-06-05 03:53:33.000
287,1126,2,3,8,4,115,1224,1,290719#MloqttyuoQxZjMWH6KLCKYaiSWYCg9HaTuTnd,-619410,-2030482.9600,873150#Nl2XrWUeXNvvLcJkUtXOZxwrh,1679747.42,true,351815.08,593.03,729609#PhAnuEjmXBED5Ll,0.0,543654.0400,-264822.900,2012-07-18 04:40:15.000
288,1001,2,1,10,11,721,289,1,1349742#q4pW8dkqFOdMrSGwNL1ZrjcO4XQoSfzntXxXa,1206169,1560140.9600,1744317#6nRfvstiqK0lw6YECle04Avkf,-1422554.18,true,1129774.75,966.35,2511798#5mZm6rAUey1mcRC,0.0,-151407.3300,1583628.690,2012-05-15 07:41:17.000
289,393,1,4,10,7,397,58,1,1463652#z04yr1v77fsTuQIE4NyHvafI0GupLYyLSa960,2561322,-1233544.1500,1877093#kja45XVtc4Ijo34UejwVMh0PO,-1543183.72,true,2235494.62,230.46,1760312#vk7LvJStkQ4e8YH,0.0,386176.3000,1354143.520,2006-10-02 23:11:11.000
290,163,2,3,7,10,340,1130,1,2451866#QDb49wi71JVXgIVjy8OyziSHtUuekmvN13RU5,-482807,2753011.1900,345473#Swws2Sr0vERSR4RA94flNaUqV,-465899.27,false,1868745.89,226.30,1382797#K9IYZaT8WJCJrRU,0.1,286975.6200,-1507433.490,2006-08-26 03:06:49.000
291,1208,2,7,5,7,514,235,1,1488587#PGVFdVzNzLMB1YUXKPJ02YqNXOQDmiIKPG03M,2047640,-1513973.2400,1546696#lRHQymRtn7XivznJttjTHSrfj,-2638948.35,true,2055464.50,89.59,2440429#LwaO7bfZkEIZuMg,0.0,732727.0700,-2000073.340,2014-11-20 08:33:47.000
292,1319,2,6,6,7,1009,110,1,10060#2776yt9S26vaB9Ltq24Xa2R6n5VpmOId3qIu3,-2373291,1861471.0200,1390329#rhtMYdcYLS5NNATqChfSchSNl,-1114766.26,false,-239261.25,-107.27,2338555#RbWBRhphbq4ckYS,0.2,47172.5700,1841768.150,2014-08-02 22:15:04.000
293,767,2,3,7,9,401,145,1,2482261#xdonbnV2eyMC4DwXQXDcYyYSWQo1baae6J8ym,-523656,2062382.2900,1402549#4mXrC78rWTzVIjlPkjMFJpEvE,2935366.80,true,1913906.01,-131.14,715979#ZDSkR4a1qSHhY3P,-0.1,67826.2000,731079.420,2013-08-09 22:12:05.000
294,244,2,6,2,9,236,566,1,1718003#QnNLmAWiCY77FMMgHXaVdPRPmYTIG1I7sKi2J,-2277197,-285118.2700,1813223#WVgzyDkCVoL4cLMZCWwTu7k5u,-906735.81,false,967965.66,878.92,1073585#luz1TfjFF0wrkZ5,0.1,-668368.2100,-172355.480,2010-05-22 11:42:27.000
295,943,2,1,8,9,488,613,1,2387392#GvGFLyQeYsltPcu9EPtMkZsRl5vLKtYF731iG,1691917,-2909588.5000,866665#XYxw3UUcU7kdaHDOkpyC4Lzb7,-1822758.90,false,1273703.67,-704.04,1734742#grZmZWOcT13hAS5,-0.1,-839098.4700,-1564539.710,2012-01-28 22:55:03.000
296,320,1,2,12,8,17,1065,1,1024788#ZFAymncooWKrpohgiAVMs1TPRclopXVkIGwAQ,25120,571953.1000,2389001#dL5Ke9VP1ijS5KkPQzfZznFtm,781333.55,true,-2695272.20,344.63,1266570#UPOSIJLdghY05eU,0.0,-130429.4600,2902594.910,2006-05-21 08:47:36.000
297,27,2,6,8,4,140,549,1,1866787#RKtHuy5oTllOT6BCv0Nfs0kHtmoEnvggqktFR,451360,2232909.9100,1464807#kgiwHTrXxq4y9RxqdF3ZpdIq9,-2652168.11,true,-968990.50,380.76,527412#W8COWTJr3ydaqaO,0.0,-156252.4700,-2674549.620,2005-06-18 02:56:13.000
298,516,2,7,4,9,672,659,1,2231508#JLDwFEhhcXmivfNdS5So8B4GUgtCVRxJPbcwE,1100164,963662.9600,823397#tjvceHzD0GxZFqhwDNcR8uVVT,101548.72,false,428202.00,539.43,228389#lEbkjWuAG0V1gly,0.1,791735.9000,2572336.560,2004-07-17 16:37:08.000
299,129,1,2,5,2,107,886,1,192586#qyyeRiabXNJzn8or0Az1oGdKDl2f7yP8O9tCV,-327469,2659928.8300,2295800#3jN3TWnDGd2aDLkBFlwwqASE8,-1634275.37,false,-2471828.33,-391.16,554831#1yOveG2QIb64Ku2,0.0,207176.4100,-2684302.950,2009-11-05 21:26:10.000
300,371,1,3,2,5,856,286,1,60336#WSgXHnyWWA03uWtk0wOk7s3c8I8q1bZO0HUAV,-900148,1412838.1000,1362810#eRmz59oz218oYqUtQMoYTJZ05,-205988.26,false,1570349.20,-1133.84,2157527#UdH4wo5oseECGxa,0.0,-233032.9500,-458515.900,2013-02-27 13:57:27.000
