301,1303,1,3,1,2,822,701,1,578272#C5GjYKgqZVfMeUGZEVaBOWFdz1BqPhFk2lvRs,-1297568,2101934.1200,132450#OSCLMukMy66ZhDtnMImNXFqRG,-1475883.22,true,1274448.49,1001.26,1737528#9sLmA2kSuaj6ePt,0.0,296799.7200,2610859.940,2017-01-28 03:10:45.000
302,1290,1,3,6,1,100,991,1,1382988#eHwS8ouBQfz9Ouanv9TSrr6iaoLSi9niO8pyG,-1554203,631584.2200,2182717#q9sBR8e3My0PoBZ4Cbh2GxExg,-1560638.82,false,-7019.28,-1168.63,953012#kwrr18YE4dHj9Rj,0.1,-199454.4200,1476917.660,2003-04-14 04:10:37.000
303,215,1,7,9,11,634,152,1,1444498#pEpnE6FMzQxReuoWEMNLi0KyBbD8MwKSzkfEq,2815642,1826527.7200,2344478#oF5YAmAsZjLGP9qXz5pkFG48c,-1544137.09,true,-2816955.15,-495.91,2452512#WyqMGmDAKvAFBSI,0.0,352134.9800,-2496594.680,2011-12-21 03:53:49.000
304,663,2,2,1,9,317,323,1,2988939#ERWxpMpQygljPpven9at686PanwwoGUR70Rzn,-558567,-1349414.6700,185621#BZk9JWEaV1sE9LNnbrzJjzrh7,-72898.69,true,2515819.77,-1016.95,835236#whU1ul7Ay4BO0Mo,0.0,530685.4600,-946660.650,2012-07-27 21:42:16.000
305,1037,1,3,8,1,216,833,1,1099130#pfdikF8TXjKkU1R3m5KXiCfJz5UG5GxbbF0oO,1985545,784923.7800,1067145#IBj4HRDDIhnQTVQUfu0x6UwOg,948568.99,false,-2813724.82,-790.52,2713876#Cu9xkYn679NEFyu,0.0,1095552.8000,-1146028.760,2008-06-20 19:13:08.000
306,631,2,6,9,2,48,757,1,208755#f6krlAL7B2BUtdnjvnGINYWRAU46MgqUo82ud,1089147,-2717111.8300,1421493#dVhQtGXIZdfv1dka5yx39gTw8,1007020.26,false,2676487.07,-456.10,2269392#zYYKizoDUVdkDmj,0.0,797623.0300,-1675237.540,2018-09-12 00:44:06.000
307,1121,2,4,4,9,422,313,1,957397#dWISVG9IRur8TubGO46achJxxJTmahBARJLTl,-2673735,-902241.2200,515065#cSo0by7Xyg83HIALGYq0ORY9l,437304.84,true,-1214097.07,763.51,2159550#CkUQw52LTf8xy0m,-0.1,665029.4400,-1204348.140,2010-05-06 23:37:36.000
308,919,1,4,4,6,412,836,1,2785721#usALBnDkcZZYLG5Uum1GUUIpZisiVGaTSx567,1567274,-416391.6400,3056981#YsechMea9ngSfE1mbZ7VQ9xrc,2186948.18,false,-2082215.61,-463.55,2767257#m7Vujo0i1M6iRf1,-0.1,-495054.9100,1965883.320,2003-02-17 23:54:16.000
309,998,2,5,10,4,695,439,1,648838#9wzwQS0TtykDDmozGRPRxyy1xlqO8b19kJaBd,-932735,-3042127.0200,2360648#favLBDTaAiUYgVRyCeD2iYV9o,2488091.12,true,-2433698.75,752.54,696184#HVustL4L5AZQ4iT,0.0,-502672.6200,1356390.860,2003-09-08 13:52:03.000
310,1365,1,4,1,12,34,674,1,577135#n2qh1fh9RAN8jsvGiyvUz9jMRc9g82ymR75wb,290185,-296374.5000,267540#tvassPodROGlm6vSRqpCJWQPM,2202636.19,true,2863422.61,-1383.60,1322273#N4NJIXi3pwHFcwx,0.0,20018.3800,-511985.360,2016-05-31 01:10:17.000
311,705,2,6,11,12,385,99,1,1895740#w0HosC6FPTYkVZflOGQZYh4aSqxQevDTTGyJq,-1681844,2047438.3800,1527522#dk2lRt54Zw8aaCbc7t3CLqLqj,-2076228.59,false,-1743589.75,796.60,752247#CHvSE6RbCN2RNxI,0.0,668861.8500,1608228.590,2019-04-25 19:59:49.000
312,465,1,3,1,10,81,505,1,41583#v4JaN3eHfoTprW32Qy4ioIx22aiqP2pByvCl0,175129,-1075575.5400,2502539#UWFf0qWbN6RAWBsXLhoSrH8Gm,823554.10,false,-2142197.60,-677.18,662593#K4CRS8tOE43xTys,0.1,-554722.4200,52218.900,2014-07-02 13:34:12.000
313,141,2,2,11,11,394,564,1,696081#EfSSrSlWf9EYO6qbcIdKGeKtL7lccStYiwffO,-2979295,1876275.2700,1493338#oEN7pJ1OgJM5VcH6gKcVg5JHM,585318.32,false,-1370241.13,80.01,2943726#sGUvFarLci6czV5,0.0,-924506.0300,396485.730,2002-10-31 07:39:15.000
314,1294,1,4,12,4,660,601,1,767381#oR5PnjvNRfgcESP8XCOVQi0jaew5mDP30zcXm,-2623264,532222.7100,1554033#TSNQCh54JbXMmaFDZdRpDtLEz,2535216.43,false,1692454.88,-381.41,396640#ahavUgmdRmPEv2b,-0.1,947525.9500,1212494.420,2017-02-04 18:22:52.000
315,318,1,4,4,11,569,59,1,2580032#fazBRH8dTTzKaz7G9Yij52yNoO3CUqv6qCnOC,74313,-2355620.9400,1719361#ls2ACfATIHKwkiHwb90zumeEL,-1281336.46,false,-491327.11,-313.06,3101560#5Ib2ZZJr2kKEHgz,0.0,-509049.6900,1190291.840,2011-08-01 10:55:44.000
316,757,2,5,3,10,577,115,1,437834#PfDsxiKgKWoTRAuYljEhrrQ3nliVIHF4dyH07,985109,-1631371.0100,724444#rYEdFieL3Kp9ZXwpBEuMRfTsk,986268.40,true,2058089.53,960.90,2427015#hnU2mO7mXf9JC8u,0.1,-1032145.9300,-1717449.490,2019-05-25 07:53:58.000
317,705,2,5,5,6,120,400,1,848582#DYnYYecAsEHUQmUFUNhm4PcXIBP1vU5XuiwdQ,548209,-1710170.7300,2270526#57xBYvA4gQbjDDesc7e4zTPBR,-2730147.17,false,395242.17,51.01,2784474#sHR3UAC4anFon2a,0.1,162808.5200,-132396.830,2014-12-12 23:42:33.000
318,756,2,1,12,6,136,1109,1,722063#gEwMzdfp5nHWJL5u4p2F9nQZTgssnOnEAkFyb,54664,2772272.8900,311626#bglYXNOYBZNsucLNpyTOpSPGg,-1145973.14,false,45998.28,627.53,3161241#rlgrDplTvJjdB1R,0.0,-206322.7400,175662.910,2006-01-31 17:44:58.000
319,1114,1,7,9,5,903,1302,1,466790#EJx192E94lRPdzvlddO1dRArFPTMLJjXvVaau,2205625,2725472.5400,2053882#KjA2YEEs1A3uODa0ICB8XXfIs,-2769263.18,false,-303249.41,-263.25,382432#FDySROuUrJGPrZY,0.0,427231.2000,-2943645.450,2005-09-24 22:18:33.000
320,1428,1,6,3,11,319,137,1,1968620#RdqUfnCJJwaSW3s0ZAvzUo4yqv4j7RECwILkW,3064557,-2969946.0000,1289706#B9onznfHxfnO9JKvQ7D2gq7oI,-41325.86,false,-295309.27,-710.07,1265931#YwZ4cppRYQdWUjj,0.0,782025.8700,-2420890.120,2012-10-29 02:40:03.000
321,681,2,2,2,7,314,555,1,184009#5ksseziALEo7RhOSNrWiBPSBm2J4RyLQiJjR1,3101118,54190.1300,1957394#EeZbmeZbJX28fTUHSvQCeDn0C,2314706.76,true,774722.43,27.31,968409#z5yKgL31Rt1lYFI,0.0,90490.2300,1645.790,2005-04-17 03:31:51.000
322,114,1,2,5,10,924,653,1,1086949#iUIIjPVVWBXMwxPgUROKsSTiC2NCFplwyN99z,2114285,1819528.8800,2199631#2S4U9k4MLqhQwBvc9Y8m1HImR,2208774.74,true,675434.47,-476.43,1058972#AcdQ9QWf6h4fc2v,-0.1,-1208673.7800,-2484059.420,2015-12-24 14:22:14.000
323,1079,2,6,2,1,363,453,1,981318#mUv3XZDEDfwdExUvpX2W8wlABzF8s37XzIIVu,712209,1752393.4600,2462702#gXZS6Jm8LiV9I5EUD7vec9LKM,-816132.07,false,3016614.31,1053.63,725868#TjF6l36k1wMEsSb,-0.1,802014.9900,33804.610,2020-02-29 16:01:34.000
324,1229,1,7,5,11,440,224,1,951532#GbP8GIVfg1TDTxtNgo3vxQq6IxEgfmK9sdiby,2333892,-1299057.6700,3229648#favLBDTaAiUYgVRyCeD2iYV9o,-706982.78,true,-2104409.91,81.27,2231699#E8OhETK7bjKUtnV,-0.1,427203.8000,1187096.890,2009-11-28 12:57:39.000
325,724,2,3,1,1,612,1110,1,437116#WVKoPsNOknlqpAdRnjLFaIdgLlmAtptWem9wZ,-2537084,-2065202.2600,2060014#NZndXl8KiSHCx2IUeuV7ypYMb,2982356.44,true,2132492.33,131.48,2225152#J6ZtpesJficTcqP,-0.1,290498.8000,417366.750,2013-03-04 04:07:24.000
326,130,2,1,5,12,902,519,1,2726871#sVkJgxj05pJITeWQ6EoUBpihgGiXQcFoA3VKD,-464537,-1089594.0100,2369039#Ipr2SELB6ZGlvzkuavzN7BZKS,-1468651.99,false,754812.88,758.66,1506770#touj7G5UdWiMv43,0.1,352787.7600,-2639846.930,2008-12-14 13:41:16.000
327,439,1,3,8,5,604,1094,1,2323557#IEsRGDF1qOnOmcrMvAl5b9ABkOqaeSbB0pZAB,-1404832,2092094.1600,1945258#A2AMtTeSjOdnlLuKrTWij1Bny,-1953079.42,true,1465945.69,677.13,2093591#YWX2TLsZxIAmYhf,0.1,-192904.8600,-3227250.760,2011-07-24 02:50:36.000
328,1101,1,5,4,4,378,994,1,2231036#laEU1BFOOyZN8WzumaI1Xp5BStank7OXzzto2,-2227048,-1973204.8900,179619#FU7VTMOCyYlUaXmm8H4HxPlmp,1916651.83,false,-2293007.27,281.53,1963766#16jwtVbiTr3EZaH,-0.1,374799.8100,3254422.070,2009-01-26 09:02:01.000
329,1236,2,7,1,11,344,1059,1,434882#YjByg7098nV2qYtuVbEcI2s1bdaKE8aBhacy8,1206687,2484110.6700,2353284#mzgYMnz8Tr4TqG4fnsP7dKkSX,779097.87,false,1788139.45,1252.21,601710#9xhee5FTiuKkt8n,0.2,725033.3200,3094793.880,2015-08-28 06:59:43.000
330,1234,2,3,7,11,314,981,1,2221259#VcMvfHwNlSxIW96dyEt3w5BUViOWYO47E2PJg,-1541345,2150191.3300,1043988#0rT0e6uFKYNLZB2AOfUfyinVH,1996249.56,false,-2579068.65,502.49,1500666#1Y9EEnLMa0uZPdU,-0.1,-592966.4700,285077.370,2004-07-04 03:25:21.000
331,1470,2,5,5,3,594,91,1,310742#q4pW8dkqFOdMrSGwNL1ZrjcO4XQoSfzntXxXa,-2102465,374106.0000,1167256#lifbJk2D3R4N0Vl4lSylo1jOy,-1405147.78,true,3123592.23,756.09,2136251#0I0GZK6JNBn8fSd,0.1,-320795.4100,1861605.040,2007-03-09 13:22:26.000
332,158,2,2,10,4,320,772,1,2457568#mS61JHPWKYyutswNt7I4DIljsqAUAUrq5He9z,2640963,-2002440.9100,2671577#PHTSjIgKIFPjNZyteshDRMPxx,-1055100.89,true,2580277.61,-665.24,3282014#2IMbLQnpqpHsqmU,0.0,-1034076.2600,343420.290,2017-10-08 20:01:29.000
333,741,2,5,3,10,837,827,1,2064419#zAyBuX4QyrDBTbAoJAxNTsbJXf4HA4jsF8aQn,1982458,-1337284.5000,326428#XCo838o5hZI0W8EcI28oHYrNj,-1290527.74,true,1343952.07,274.38,2493333#6obTf0wODtUnNZt,0.0,828239.8700,-822904.500,2019-04-09 03:14:25.000
334,1233,2,7,1,10,356,1281,1,2386574#7ghkgAvb3ITdg4du0T367djRvnLD0dTm50H5R,-1197481,-103907.9200,752137#vgI9WI3kXZPnN4UiZyXoikYXE,-3021155.93,true,-366863.98,16.99,1231830#00CpoMYjtB8WGYU,-0.1,910074.7300,231270.040,2006-07-20 07:56:09.000
335,921,1,7,3,4,787,782,1,2234816#iM5Gy0UsalMD1kCDWCmW0oLjAlDtXgOSfdK5L,3239137,-2645055.7200,2508190#UcXrWUnHZoaUBNrvZeC7p7ouw,-981931.80,true,857763.97,295.37,2219725#NwOMwhXVwwVXVGf,0.0,-727859.3400,-2212923.460,2005-06-27 05:46:37.000
336,633,1,5,7,12,198,521,1,799464#7beR5tAPLRuuF3KUOtkfvVXB8GzwTCJTrJkjY,-551880,-509179.9800,2267909#DkZzze0ESLTJJynYFwSDrkppz,-1178189.86,false,-1328069.93,673.61,2658879#nk3Ffn3u2q3U5iw,0.0,15089.8100,-3162501.200,2011-08-19 22:14:21.000
337,1406,1,7,2,5,204,103,1,341106#9K0mm07LoDGx48T7jc989AG1iDsprW0gf1Sd4,-727547,-2385058.4600,1024461#Y3SOGTMsM5ulY1uDHPUCrTeKM,1971268.42,true,414133.58,735.03,855691#4HcmwUYBHaL59Th,0.0,639837.5400,-311283.400,2012-09-22 07:48:08.000
338,658,2,2,12,6,478,957,1,1583529#c1upj4mDZ1hamoBC7HCuGGw6IJyExQMQJxnF5,1417222,1830379.9600,2046984#MSbbycBOJU3SUdRugLFJQXa35,-1670424.68,true,1327397.25,1063.35,2946352#JYbi1hCem9RiHW0,0.0,-175997.3300,1858526.190,2012-07-21 23:49:41.000
339,1429,1,6,7,3,232,899,1,1716069#BjivQatGLY5gE5jgrND8MqpOVxaZoZs0oottX,3003934,-1445729.1500,2201145#IBj4HRDDIhnQTVQUfu0x6UwOg,-1811849.22,false,2621473.62,316.96,2063333#6obTf0wODtUnNZt,0.0,452675.3000,1589197.520,2007-01-27 05:05:08.000
340,956,2,7,8,3,530,575,1,2874157#cPwoW0fFP9WYs5s9yWMr8UXKyyCWWrmBAcsPT,-565232,3228255.1900,404935#EnIyY4Ml8xeUrTeLwvso1nSjz,-546963.27,true,2189490.89,248.80,1620237#tkbvHfWxR2EtCmo,0.1,336659.1200,-1765870.990,2006-12-21 07:49:54.000
341,361,2,5,2,1,80,1170,1,1743322#UNlac3tU0Fo3HuNtdkiZyU9g6Dk0Mm3Ckb3Ux,2400240,-1772600.7400,1811350#0SG62bNi7x88JdVjBlGM3MKhY,-3091734.35,false,2407960.00,159.59,2859745#jYGV0LTn4OAvlaZ,0.0,857499.0700,-2343795.840,2015-01-05 08:35:02.000
342,130,1,2,11,2,669,535,1,11397#dWISVG9IRur8TubGO46achJxxJTmahBARJLTl,-2778303,2180459.0200,1628183#YMm2gnmJ7RwlqEozJeY5wfqEQ,-1306614.26,true,-279989.75,-45.27,2738141#o0vZwo6nX45mrHS,0.2,53852.5700,2156627.150,2014-09-20 13:01:48.000
343,105,1,1,7,6,806,950,1,2905425#JXOLq396xanD4kWTL3pMfC3XbfTQpKnJgLyq0,-611562,2413622.2900,1641035#SBh0GEgptuFmoWfojphxKcmGT,3434877.80,false,2240770.01,-125.64,837086#uAnBqgRIqRnOjBQ,-0.1,80996.7000,855903.920,2013-10-06 01:14:00.000
344,1122,2,2,12,12,460,1151,1,2009298#yjoW0UWjkF15A91HFLpVGZZ3VZpCJy5CzgZ9B,-2664472,-333222.2700,2121585#zL03NRuaz7sOjIN89faCtvE8Y,-1060528.81,true,1133446.16,959.42,1255924#UcN7OmNUiTfSQf6,0.1,-782055.2100,-202977.980,2010-08-15 12:31:09.000
345,183,1,2,8,6,790,334,1,2791932#GQIac1fj19ALJU15N3KaSxm6mNSvSEEJYqgtg,1979542,-3403007.5000,1013119#ovWvzz80vkzY2b7fkTQGLEpLj,-2132194.40,true,1489166.67,-845.04,2027560#5Ib2ZZJr2kKEHgz,-0.1,-979939.4700,-1828637.210,2012-04-08 09:36:04.000
346,373,2,2,10,2,265,1019,1,1197240#W0liuxWSAh0qV1SCc18VKLASyI7NcatuLBxho,29520,668453.1000,2790919#Q2lspO92lz8rJZlAoLYCoICHD,911927.05,false,-3151663.70,356.13,1480130#XPNHJpRxh1QTk05,0.0,-151807.9600,3394309.910,2006-09-18 04:39:38.000
347,469,1,5,3,12,675,291,1,2179722#r2kRlSjO8PUiuQ5LgaGRefFIw4uN5y3NWSWwt,526179,2608553.4100,1711007#cxIVzrIYuJcIYYzV7ZHYKDGbN,-3100248.11,true,-1131001.50,421.76,615316#vX85j6ZhW5sF7QR,0.0,-182971.9700,-3126280.120,2005-10-24 00:25:25.000
348,426,1,5,11,12,613,430,1,2605379#DBrgVwafuw50ug0d706fvmwilZQ8InKZdJ5vr,1284232,1125840.9600,960928#utcJPVprGZjHCvBVEJNbdlxdj,118006.22,true,500271.00,681.93,265454#g5CJO2DEcV7cEoC,0.1,923249.4000,3003360.560,2004-11-30 14:52:28.000
349,985,2,6,9,3,34,433,1,224389#EV5bXU8ahipgo58kl5d1STFm7gFCwL0urDWwQ,-381489,3105968.3300,2679546#Jrw18Th6OpJwhM0TFE5Bf3ndN,-1907571.37,true,-2884799.83,-393.66,647435#tvX8sTlRCC7IMhb,0.1,242225.4100,-3132057.450,2010-02-03 19:51:00.000
350,730,1,4,8,2,857,361,1,69887#gHk8diZ0TNy4DPnG7CJ5EhfwfXnqlPjav33k6,-1050173,1648903.1000,1588580#axc9qDP6pQ5eOBVmPpIWPesTU,-240496.26,false,1833353.20,-1289.34,2515923#ed01EyznV5uAmVK,0.1,-272362.9500,-533633.900,2013-04-29 18:48:20.000
351,333,1,5,5,6,75,392,1,674241#o3BawlOWAPFGrcQDSLIembKiAH4Y3FD477QzU,-1513718,2451226.1200,153310#vlRRu4jNbS1mSbOgYw4rIfeUT,-1721712.22,true,1486946.99,1185.26,2024545#P9E74mM6drnJACK,0.1,346492.7200,3043215.940,2017-02-24 07:39:27.000
352,1199,2,4,10,5,921,540,1,1611119#kLbjCYlmgJTwBNXOC5sPDiZuC1342BaBje12i,-1811786,735825.2200,2544054#798uDNnZ5yiHoYQfZaLvQVPPq,-1820663.82,true,-7577.78,-1293.63,1110689#6aob0wiOivDMCjQ,0.1,-232932.9200,1720484.660,2003-09-08 07:47:59.000
353,140,2,7,7,2,620,309,1,1681853#2DFq6U60yP8Cq55PG9IgO2CQwBZpB9LKL77EK,3278622,2127620.7200,2731017#4hQMIp5LH4weUJkNXeAFu0bou,-1800010.09,false,-3281754.15,-594.41,2857210#BNNM3tQCKPWZ0yB,0.0,410910.4800,-2908816.180,2012-03-01 19:12:08.000
354,690,2,3,10,3,688,1110,1,3479353#5ajQKwolWuzssCcKnitc3hMFR5xYM8yBhSJp8,-649242,-1569938.1700,216046#UeKyy7z8SxIa8Xz7uuXO4VtJQ,-83942.19,true,2928901.27,-1128.95,971614#XerLHzatUuYNfEk,0.0,619604.4600,-1100996.650,2012-10-02 08:08:33.000
355,564,2,1,12,10,94,462,1,1278697#XIXYBtA23hkxlvCXVzsuKXEOgo4VwPjgPiUK5,2309620,913429.2800,1241362#qZ6Vkg84zv4re8WjuAYkxJs3F,1105398.49,false,-3275507.32,-847.02,3158510#CmQKqhSm0gjd9pY,0.0,1276570.8000,-1335502.260,2008-09-30 23:42:05.000
356,768,2,2,2,2,789,688,1,241427#wfeq9nFJmsKrwZKrZBFJOJEsHjWnjncgHAbCd,1268485,-3159940.3300,1653259#13Drw1EGYgYje5Du0qqbnCdkr,1171323.26,false,3112917.07,-458.10,2638984#e6fJilNaehYQTa4,0.0,927610.0300,-1949407.040,2018-09-25 03:53:49.000
357,952,1,2,3,3,608,1071,1,1112960#L88K3pAGM21g2MKYhU0mBeuxfXNctxcBGMXnc,-3108748,-1049725.7200,597922#kNVHQFuM1qD3Z2b3rtVbHPvhf,507862.84,false,-1411939.07,922.01,2510927#CnDzlixJX71N5S8,-0.1,773192.4400,-1400759.140,2010-07-31 21:58:56.000
358,1078,2,2,2,4,321,297,1,3237362#Er3bA7S3wOrYzIWKZJREhJmGo7PduHBEOnbcX,1821174,-483821.6400,3552069#Wchh86aY7FHJ9TOiTaaPfoamg,2541548.68,false,-2418660.11,-544.05,3215791#OQQObNrAU0wDYEI,-0.1,-576988.4100,2285835.320,2003-07-16 21:16:01.000
359,216,2,1,4,1,407,20,1,752287#POvW6D8nJw5YTy0u9RjQRQZjg69NNvV0RHN4w,-1082160,-3533279.5200,2741961#NG2GkPOh4kWJMZEazBwPJLIVv,2891187.62,true,-2827415.75,910.54,808064#iOIdDzCMUzC8MrW,0.0,-582459.1200,1576312.860,2004-01-30 16:47:21.000
360,1201,2,3,5,12,313,643,1,669472#clZ9tZOP8L9UCJNQa7xT1cFMKY1hO1S0jADCr,336760,-343722.0000,310666#j9eTuk59zJuQSg3HKf2Ca6x0N,2556556.19,true,3324427.11,-1541.60,1534877#3L1Ua8qNJ8n4S0E,0.0,23981.8800,-594735.360,2016-07-03 03:19:10.000
361,885,1,4,1,7,735,782,1,2200390#V0emJChz2COwrhUEGicwF54kMMZFpvg4CY9au,-1952737,2377390.8800,1772326#RCTHK059fj6TiaCg2K7qdkzel,-2410579.59,false,-2024915.75,870.60,872459#Mb2nuMCkRpBu3cA,0.0,777986.3500,1865530.590,2019-05-03 14:19:38.000
362,1471,2,7,7,11,512,364,1,47463#xD4d9LM0xf5IkyS9ooJ7rZMrEoYP6bqEvdpL9,204004,-1248001.5400,2903247#sgLqSsIAtK6w1GbBBiJwTBJGv,957022.60,false,-2484657.60,-845.18,767181#3nAYxthSQObUfBR,0.1,-642996.4200,59702.400,2014-08-21 09:31:16.000
363,1166,1,2,7,2,45,827,1,806988#eHwS8ouBQfz9Ouanv9TSrr6iaoLSi9niO8pyG,-3456695,2176789.2700,1731529#3otriwcdz5CaoZv5AjN4522vq,678023.82,false,-1588667.63,110.51,3412719#VaNjHnwTUW7IqRZ,0.0,-1071141.5300,459698.730,2003-04-01 04:34:20.000
364,811,2,7,1,7,54,920,1,889556#ropzQ3jDiGptesfO3EdUoJC2Msd1g8Tg49p0I,-3041214,618290.7100,1800397#tjvceHzD0GxZFqhwDNcR8uVVT,2939136.93,false,1963421.88,-383.41,458503#FzDwuFFnu7q7pFw,-0.1,1098657.4500,1405158.420,2017-03-03 22:32:06.000
365,373,1,2,6,10,652,1003,1,2989509#eHyV7TftvOBOdrLOEWFMXfkoFRXF0VJm2d2rr,87688,-2730651.9400,1990939#2XAAYWt9LS4STUhXAjDfU8ny9,-1483159.96,false,-568240.61,-416.06,3593238#WvoK8xiOVjNeLX4,0.0,-590437.1900,1378449.840,2011-10-15 21:35:58.000
366,404,1,7,6,9,319,1256,1,505725#exQWwMUbiGhOcHuOjuNfzT3cYTHPW1az8NIu4,1141684,-1890259.0100,838096#nYM4cqwfnjmJSj2UXm5gY3JQO,1143182.90,false,2385184.03,1096.40,2809875#2tpASnKFy6feIet,0.1,-1194458.9300,-1988724.490,2019-06-01 09:42:30.000
367,584,2,4,2,9,534,193,1,981012#5fGNnFETwh2Uui8qNQCXMQgyLhGjCfZqwxYKA,635509,-1980731.7300,2627906#OAUvgqQxfTQ7gnXHObAezJZRH,-3162023.67,false,457215.17,110.51,3223198#raHycSBHOwHpRD5,0.1,188750.5200,-154619.830,2015-01-28 00:28:20.000
368,1326,2,4,6,1,176,358,1,834751#4ly5t390BPTolTglO15DcVRk8UgZO8pkQpBhr,62639,3206883.3900,359161#N3Ygmr7zJLKJdm0eNZZ7llAmF,-1326425.14,false,54008.78,772.03,3657785#5bmQK9O9T4SUY8F,0.0,-240196.7400,203584.910,2006-06-04 11:06:04.000
369,551,1,5,9,8,687,1148,1,538758#ZPGsCZ0FKunvzeFZjNUsAClzNIhJ5qw101YR7,2552500,3151996.5400,2375496#9fJfEaB4LZ4kP71FdHjuq4n0X,-3203159.18,true,-349373.91,-325.25,440834#luDxjC8uExgy20G,0.1,493068.2000,-3406359.950,2006-01-29 19:17:34.000
370,448,2,5,2,9,620,1195,1,2274803#r7KQhfVYR5ZerduiEUvMenAZbOycjIbfNS6yC,3544388,-3434833.0000,1489881#hTDNiGckXMJVOgQOyRGwuCrEF,-49284.86,true,-341647.27,-843.07,1463489#tTNzp3ZI6faqN6T,-0.1,902911.3700,-2797780.620,2013-01-01 19:38:14.000
371,1408,2,7,10,11,634,1097,1,212670#WUNvyOoeLKNsjNSFhcxki04qivfVPT3xvDTYN,3583668,63648.1300,2261143#gTggSJ4Dzeb4sNRLfs6uQZQjo,2673718.76,false,895578.93,-29.19,1117749#rcgiAjNajy0OIkN,0.0,103504.2300,379.290,2005-08-26 00:09:20.000
372,1322,1,7,4,9,71,505,1,1254880#hjXWJBSAEIVX0ZB0iRLQQwAlh60uyoisWFUmn,2442560,2103075.3800,2540711#Xfez6Zeek1tuwYr5re5l1kgZb,2551966.24,false,778899.47,-486.43,1222865#hFOswkXjKZs4BKI,-0.1,-1395428.7800,-2870085.420,2016-01-30 16:30:50.000
373,1286,2,3,8,11,88,623,1,1133124#073W4NN6Qaf5nA4eIzC8Uo0nQSoaBaCTqpvxU,820996,2022123.9600,2843592#hlzKakSLot9sFf0Qgi8OrXTs0,-940996.07,false,3484357.81,1189.63,837163#tve2NSULbM8FxyJ,-0.1,926077.9900,40112.610,2020-03-01 00:35:43.000
374,240,2,4,7,9,48,1120,1,1098219#jS24RLtxV4rrXpUrRmLu71EUQQzhg5SAti9tH,2694717,-1500796.6700,3727432#CBrCIm8zQnC34AVz2sEVuW2s3,-817566.28,true,-2430034.41,161.77,2576074#dJVmI0Uorw3QNwk,-0.2,492738.3000,1369260.890,2010-02-27 00:15:51.000
375,250,2,5,10,10,823,877,1,502969#iE3XpfqIQc4GcUUMttniybsVO1s07OhSWG0kZ,-2927147,-2383185.7600,2376302#XhSGaO9gwkngQ3uRAOkr7K4CW,3442200.44,true,2461209.83,204.98,2567030#6autFBafPpsmvMh,-0.2,334601.8000,482123.250,2013-05-04 23:59:57.000
376,1140,1,4,4,9,363,528,1,3144966#NZO3zkuVqDEJN7lGQmtALLkh3ITw6D0PRw556,-537037,-1255447.5100,2731274#cdtDNqqTo0JCE2cgiPoUcqqNl,-1692657.49,false,871288.38,905.66,1737855#wRPHGVFBosx5JFV,0.1,407631.7600,-3046190.430,2009-03-23 12:47:58.000
377,1276,2,1,2,12,499,164,1,2677927#UbG2mFNH0XXxMWjrRNXMeFcnwIcWkC8HqE3Xy,-1618932,2412049.6600,2242229#9PLQhtEme5PTrfd7uSpOPhfMv,-2252282.92,false,1688783.69,705.63,2413549#UhrmHP7G9UMnA4j,0.1,-221258.8600,-3721079.260,2011-10-08 04:48:25.000
378,844,1,2,3,11,611,1251,1,2569770#wlxhZhPKPkmmdE9UlUA8De0N67Z8WhsM5pBeg,-2565410,-2273146.8900,205500#Rw4fb5cpygizNc9p4xxWi0oQA,2209720.83,false,-2642767.77,314.53,2262691#4HcmwUYBHaL59Th,-0.1,431385.8100,3751045.070,2009-05-04 09:40:06.000
379,1110,2,4,8,8,504,239,1,500614#IWGhFcsk6ZSeIaNT85IvOAadbkUckCqsfhPS9,1390087,2863112.6700,2710902#tmaqVKCHlppbhp5xqH8UygXnh,898225.37,false,2058551.95,1411.21,692642#y0t43MqbyuErNra,0.2,834825.3200,3564158.880,2015-10-07 08:37:44.000
380,490,1,1,1,3,713,864,1,2557090#JHJpqpWQDYn5yt87VMBIN32oklclROA3LfRw3,-1776023,2477282.8300,1200683#75Udm4EMGhRwqTOa03uxWsZDb,2299150.06,true,-2970632.15,590.49,1727626#vOMio12yF6i8eiv,-0.2,-681957.4700,329338.370,2004-11-19 11:54:27.000
381,1292,2,1,6,12,526,1280,1,356740#w0HosC6FPTYkVZflOGQZYh4aSqxQevDTTGyJq,-2421140,431592.0000,1342430#Md4lSDhStpK8AorfMJCh5vif2,-1618437.28,false,3596850.23,858.09,2458058#H2KaIjPeUSwtIH7,0.1,-368004.4100,2141892.540,2007-07-02 08:32:22.000
382,1308,1,1,6,10,969,968,1,2826735#luxxD8ov7fmcJHsVkqgYNG9dtOTVpFx9kSyHE,3037938,-2304637.9100,3073647#cxIXOG1gV4lpSLjJanREJ9TiF,-1212723.89,false,2969128.61,-786.74,3775726#sGUvFarLci6czV5,0.0,-1190865.7600,396322.790,2017-10-30 07:12:04.000
383,176,2,4,8,10,41,572,1,2373964#lq1QKkGHhqQe7ijVFDqoyqjMXT3KGMdvcZkFt,2279608,-1537065.0000,374565#glnrAW6CcJD668XxvRTBcoLSg,-1484600.74,true,1545164.57,369.88,2866487#fJgGABCviFfHPnP,0.0,952887.8700,-945972.000,2019-04-17 09:14:12.000
384,1295,2,1,9,10,419,715,1,2742494#N5fmwE9rK92S5NqlBWa8MnrSBbyzN42Ed1qqQ,-1377381,-119284.4200,864273#kEhLksLrUvVEY9xtXegSqQX9E,-3473535.93,false,-420449.48,-8.01,1415963#ZwmnFet1z3iKoDc,-0.1,1046010.7300,265485.540,2006-11-17 21:51:09.000
385,67,1,3,8,1,533,677,1,2567715#9okyqH7MQP9uYbAm7CR6FlKmDNuY87LQMtcmn,3721362,-3040284.7200,2882074#jh8hqPNenlgXdNZ11etBM8GNx,-1129137.80,false,984956.47,401.37,2550811#Vum6Lf7htiWb7wJ,0.0,-837750.8400,-2542502.960,2005-11-04 06:24:00.000
386,739,1,4,4,7,687,534,1,918255#Pwy2ontpFC3pPjGqdVXTPCHcxIrPU9HFTWQr5,-634399,-584659.9800,2604268#RDilUuppKs3YPZzRrr7GOe1jO,-1352464.86,true,-1525612.93,845.11,3054103#utTw56N6VeAOnHr,0.0,16564.8100,-3632129.700,2011-11-03 16:35:10.000
387,208,2,3,7,6,293,296,1,391493#M9js0sQAfsR6QVpqyUbspkW1uwUyOlzYvn9w8,-835685,-2739633.9600,1175771#2Hd5VG1lJBaY1ce8efX6Yf7Jf,2262789.42,false,476452.08,877.03,981774#k6pBKvxgYuvlNjp,0.1,736021.0400,-357743.900,2012-11-27 10:56:01.000
388,315,2,4,3,12,235,310,1,1817315#184OauIxs6raJRrSSN8t71HxTs79Iv2sMSaR6,1628275,2100618.9600,2349652#YjBmLxoltyVHpqK735gMIcrc3,-1918295.18,true,1525019.75,1160.35,3380907#i7TxT5bWWtmmu4G,0.0,-200587.3300,2133423.690,2012-09-27 15:58:05.000
389,986,1,1,4,11,67,426,1,1968486#HcgvJBltDXHqAbrdnxi7140lWgCKx682eeIpj,3446547,-1657914.1500,2525197#F5L2MRiprZwtC1pXyE65IiHLH,-2080514.72,true,3007452.62,403.46,2366354#PuPRGavEuDaIldr,0.0,519174.3000,1824251.520,2007-05-23 10:59:05.000
390,270,2,4,8,8,720,19,1,3296448#EhObWqFzDkghut6FO4sbHFhLrq7pDhpijMWe6,-647657,3703499.1900,464398#NLUuKJtT0nDblewjCRImGbPZE,-628027.27,false,2510235.89,271.30,1857678#jq8nCIsNUiM9k53,0.2,386342.6200,-2024308.490,2007-04-17 12:32:59.000
391,993,1,3,11,7,657,790,1,1998057#lO53lcivrgtVCuobfLQXqkTMVP4fNVba6USna,2752840,-2031228.2400,2076004#gZrgO3RYyPeGRok6TI5HmJ92k,-3544520.35,true,2760455.50,229.59,3279060#9VbVvBdCCmznWsY,0.0,982271.0700,-2687518.340,2015-02-20 08:36:18.000
392,419,1,5,4,9,328,960,1,12735#luxxD8ov7fmcJHsVkqgYNG9dtOTVpFx9kSyHE,-3183316,2499447.0200,1866038#gOQnlZiMXMniNlZ2gO7UIhebo,-1498462.26,false,-320718.25,16.73,3137727#X2TOWjSg63pourj,0.2,60532.5700,2471486.150,2014-11-08 03:48:33.000
393,922,1,7,7,3,200,441,1,3328589#w6sOfZoe9NnBhnGlFCbJWCbn15ObQL2nQ2iHq,-699468,2764862.2900,1879521#t6CbTpOEfO56MdfMxashUgusb,3934388.80,false,2567634.01,-120.14,958192#rhuVWlXW5XZJHBz,-0.1,94167.2000,980728.420,2013-12-02 04:15:55.000
394,521,2,5,10,3,683,421,1,2300593#4PrTUSNikQbnzBg0hqcJE7w67GG0CzF4pJ6vk,-3051747,-381326.2700,2429946#RaDf7yj1Mnoxu6K7vMcLfoeBu,-1214321.81,true,1298926.66,1039.92,1438264#z8jZXjB94iYzmP5,0.1,-895742.2100,-233600.480,2010-11-08 13:19:51.000
395,902,1,3,7,3,81,55,1,3196473#5CKvVmHb9Ykl7I8TwpPkUEkeXERDk0YVS8Quj,2267167,-3896426.5000,1159573#B5zEOkQsDuellhjSYAUtsxdqY,-2441629.90,false,1704629.67,-986.04,2320379#nTieJPTmJivNENL,-0.2,-1120780.4700,-2092734.710,2012-06-17 20:17:06.000
396,426,2,2,8,8,513,973,1,1369692#exlA5qx2bt605iYRtk5w4MoXEgPKy25ezz6U4,33920,764953.1000,3192836#iDgktDfVcYLhui6mEV3HYkx9u,1042520.55,true,-3608055.20,367.63,1693691#4HcmwUYBHaL59Th,0.1,-173186.4600,3886024.910,2007-01-16 00:31:41.000
397,911,2,4,10,8,200,33,1,2492658#bh6NdPdFsBBarxscMUjpBdOJChPRpQIeH4gQu,600997,2984196.9100,1957207#MEznlyOAKnW1PoTHVIIEFpBWx,-3548328.11,false,-1293012.50,462.76,703220#7iInB6lbSwDMCJg,0.0,-209691.4700,-3578010.620,2006-02-28 21:54:37.000
398,336,2,3,6,4,554,200,1,2979250#xwjxNjq0o6LLl1FInQD1qGnFxNcqeJcK0xMHu,1468301,1288018.9600,1098460#tllZcTH9dvfrMLJE2RNLA7uiz,134463.72,true,572340.00,824.43,302519#Q1NU9vlWsuvEBJI,0.1,1054762.9000,3434384.560,2005-04-15 13:07:47.000
399,362,1,4,12,4,972,1294,1,256192#fiRl2pSkWC0V4jdToCzlle7VLTnqc8OKfDPHP,-435509,3552007.8300,3063292#zrUGVsq0pGPDjziSviUxesdeE,-2180867.37,true,-3297771.33,-396.16,740039#5yOgkCkqmI3lvHn,0.1,277274.4100,-3579811.950,2010-05-04 18:15:50.000
400,1089,2,5,2,11,858,436,1,79438#Wsr0ZqIxlfZIUhgzycbMTWJmKXBwc4jPeTnpU,-1200198,1884968.1000,1814350#0SG62bNi7x88JdVjBlGM3MKhY,-275004.26,true,2096357.20,-1444.84,2874319#zWMig4IwXAMf2gk,0.1,-311692.9500,-608751.900,2013-06-29 23:39:12.000
401,842,2,1,9,10,339,83,1,770209#TTQFhJbdEpQWQajvYFNhszQec8Dc4G4G7bbHJ,-1729868,2800518.1200,174171#eFzAlW3Z2R2cLIpqjHb9j3ODX,-1967541.22,true,1699445.49,1369.26,2311562#cwaZYE3GKkgt8EC,0.1,396185.7200,3475571.940,2017-03-23 12:08:10.000
402,1108,1,5,2,9,731,89,1,1839251#HBHo9d8l3nI76vYJLPLerZqgXl11HO9euuQER,-2069368,840066.2200,2905391#HjIU77X7miCfkQY9mfNqHmLou,-2080688.82,false,-8136.28,-1418.63,1268366#P2M5GFu0mSRNueI,0.1,-266411.4200,1964051.660,2004-02-02 11:25:20.000
403,65,2,7,5,5,607,465,1,1919207#fDXJjCobu0oSX6L9GaCljcHTkTnL7AP2bsWbR,3741601,2428713.7200,3117557#xw24Q0c1uj2CEw8N1K9voQrsA,-2055883.09,true,-3746553.15,-692.91,3261908#mlikW2jsSwUfxtC,0.0,469685.9800,-3321037.680,2012-05-12 10:30:26.000
404,717,1,4,7,10,48,583,1,3969768#XMIABFsTD8x5v8pwWTcIEP9iv0YrxER5MVrkq,-739917,-1790461.6700,246472#iGWDN87BS5PKtiUFOvb2UehDL,-94985.69,false,3341982.77,-1240.95,1107993#nTy0A9oi2H9TW1k,0.0,708523.4600,-1255332.650,2012-12-07 18:34:50.000
405,91,1,6,4,7,983,91,1,1458265#yJUa8b7don8ZkWaJftvSwAeux0jVF2LAgXLwR,2633695,1041934.7800,1415579#11OFxykhHDIv2cctnrAZ9QPYQ,1262227.99,true,-3737289.82,-903.52,3603144#AuT3kO4kGwmMpXl,0.0,1457588.8000,-1524975.760,2009-01-11 04:11:01.000
406,905,2,5,7,2,519,619,1,274099#44tSzhl0gVdwOjHwDsZzAwS1BvQVWo7U02C6i,1447822,-3602768.8300,1885026#XaPjIGlVIO3JU5tnuzZTPmIXi,1335626.26,true,3549347.07,-460.10,3008576#uNIJaHYW1FRBxe2,0.0,1057597.0300,-2223576.540,2018-10-08 07:03:33.000
407,783,2,7,2,9,794,515,1,1268522#HANvvwfdqBb5M5PHNnd8HmQn3LzuwyKeTyPJG,-3543760,-1197210.2200,680779#GWDYr4nK9LNwK2LJMkeJolip7,578420.84,false,-1609781.07,1080.51,2862305#4iMDNYdb7QzHKAz,-0.1,881355.4400,-1597170.140,2010-10-25 20:20:16.000
408,1238,1,6,12,2,230,1072,1,3689003#QnNLmAWiCY77FMMgHXaVdPRPmYTIG1I7sKi2J,2075074,-551251.6400,4047157#vff01rEhBay0zdlGc9N55XTDA,2896149.18,false,-2755104.61,-624.55,3664325#JjFKLx5oI8kXQMt,-0.1,-658921.9100,2605787.320,2003-12-12 18:37:46.000
409,913,2,4,11,10,120,915,1,855735#luxxD8ov7fmcJHsVkqgYNG9dtOTVpFx9kSyHE,-1231585,-4024432.0200,3123275#JHrMb6y5IEGL1JTuir7SUcAkm,3294284.12,true,-3221132.75,1068.54,919944#4tBgCPPcVEMLmw4,0.0,-662245.6200,1796234.860,2004-06-22 19:42:39.000
410,1036,2,2,9,12,592,612,1,761809#VbsMcOlkYURNzA5TYgTOabcS3cg4QvUsji3Af,383335,-391069.5000,353793#FkCpAhSga2u1g8dXerBWX17hM,2910476.19,false,3785431.61,-1699.60,1747481#wBoqEjDedeamJ55,0.0,27945.3800,-677485.360,2016-08-05 05:28:03.000
411,1064,1,1,3,3,74,151,1,2505039#2KTMxloC28oz3efzwGbwH6T9AyBMp4rVtYuaZ,-2223631,2707343.3800,2017130#gzladKacm6jPnY4eaP2ZokdrK,-2744930.59,true,-2306241.75,944.60,992671#lxWjiLheaHcMAjh,-0.1,887110.8500,2122832.590,2019-05-11 08:39:26.000
412,998,1,4,12,12,942,224,1,53344#bOTNRdP9MeonQYaS0Gu6B9lBLQnS7IkkvwQ4j,232879,-1420427.5400,3303955#exUfPN4UX1bmjgThuTZI2Fwdw,1090491.10,false,-2827117.60,-1013.18,871769#HUJexWBmDmAULa4,0.1,-731270.4200,67185.900,2014-10-10 05:28:20.000
413,713,2,2,3,4,707,1090,1,917896#IiczwFfJTYzyBU2l8UvSMIsseVdG6LyIx3vPH,-3934095,2477303.2700,1969720#zqyEX3DiXqpdZwZTPws9ZyaV6,770729.32,false,-1807094.13,141.01,3881712#pwDTB2gPEowbDI5,0.0,-1217777.0300,522911.730,2003-08-31 01:29:25.000
414,328,2,3,1,9,459,1239,1,1011730#Rw6OTq8zASmWjUAnUWIK3f94HUVZYecBL6cTa,-3459164,704358.7100,2046762#7n4DjED02knmsHi7lQ4TEfHMg,3343057.43,false,2234388.88,-385.41,520366#P2M5GFu0mSRNueI,-0.1,1249788.9500,1597822.420,2017-03-31 02:41:20.000
415,428,2,7,9,10,735,632,1,3398986#jbWRB4NrAZNn0NPdJnNW0pu1uf9NBsatg7jI2,101063,-3105682.9400,2262518#i9Xf4TPV2HqqGwdkgTwvJ7OrY,-1684983.46,false,-645154.11,-519.06,4084915#GroMFHjrERrEq8s,0.0,-671824.6900,1566607.840,2011-12-30 08:16:13.000
416,51,1,2,8,8,61,1083,1,573615#3zfb43XJm9veVfKC3ouxquIebfKP0L3ZgPONe,1298259,-2149147.0100,951749#BkRratz1DbR57kerbvhqIqh1Q,1300097.40,true,2712278.53,1231.90,3192735#v42rUsW82uDB6Hl,0.1,-1356771.9300,-2259999.490,2019-06-08 11:31:02.000
417,463,2,3,11,11,948,1301,1,1113441#bxCkFiU4obCh7MCBfiMmBTOUAFs8fbfjnPftM,722809,-2251292.7300,2985285#TJEluaZFD489fZGFZZIRRZfwt,-3593900.17,true,519188.17,170.01,3661923#ed01EyznV5uAmVK,0.2,214692.5200,-176842.830,2015-03-15 01:14:07.000
418,417,2,7,12,7,216,920,1,947440#k5dN1QupciaGkyAhYTK98SCQifEKENTacXgSo,70614,3641493.8900,406697#gSOkYcIkoSMpYr3hluPThas15,-1506877.14,false,62019.28,916.53,4154329#NOGlpKqxLGD43B7,0.0,-274070.7400,231506.910,2006-10-06 04:27:10.000
419,1467,2,3,9,11,471,994,1,610727#JD9zxkTUa6ZjVTTsuRDxUpTHqpxBIuI1zPoTQ,2899375,3578520.5400,2697110#hfTWaSMuMQ5JT6QNPtzHr8cfZ,-3637055.18,true,-395498.41,-387.25,499235#9lkXdjXB7zGXuAZ,0.1,558905.2000,-3869074.450,2006-06-05 16:16:36.000
420,947,1,4,1,6,922,939,1,2580986#jbWRB4NrAZNn0NPdJnNW0pu1uf9NBsatg7jI2,4024219,-3899720.0000,1690055#zJvx9KDFSHBP31ytrRw6FsY7L,-57243.86,true,-387985.27,-976.07,1661047#Gei85VF1Lt9154E,-0.1,1023796.8700,-3174671.120,2013-03-07 12:36:26.000
421,656,1,4,6,4,953,326,1,241331#QwdTk7xvJvhZNSNjeU1Qf8eWCOPfye0CS8A1w,4066218,73106.1300,2564891#XVWIisEbOG7jgLESxs65uFsEI,3032730.76,false,1016435.43,-85.69,1267089#b6KotUNV2YSOl9d,0.0,116518.2300,-887.210,2006-01-03 20:46:49.000
422,1051,1,6,4,9,228,356,1,1422811#NhgM6RNqNz9EVOCkEVr8xLPULhhPn17wv5u8S,2770835,2386621.8800,2881792#uqCho5J2OwWWa7PNrlRXjuvNz,2895157.74,true,882364.47,-496.43,1386758#0B8vSmhVjwCefQO,-0.1,-1582183.7800,-3256111.420,2016-03-07 18:39:25.000
423,14,2,7,2,9,825,793,1,1284931#5gOsJfbwTebaCvGAaoA8l0v0gSOFG592Y9KEX,929784,2291854.4600,3224483#N40v37WnHokNAZ4puvtV5y1WM,-1065860.07,false,3952101.31,1325.63,948458#57UfuRk3Ua1fSpc,-0.2,1050140.9900,46420.610,2020-03-01 09:09:51.000
424,731,1,1,10,7,666,702,1,1244905#vuVwAzwhN4qjSEBZkFBV2IhivYOe0RyWQRoBa,3055542,-1702535.6700,4225217#vPGSp08adJccP1opTvQvpGped,-928149.78,false,-2755658.91,242.27,2920450#tTliOsI8aJashcD,-0.2,558272.8000,1551424.890,2010-05-28 11:34:03.000
425,1255,1,1,7,7,23,644,1,568822#avILgGIyfzbnAYYSygD5zdqrtU8z3wpGI0V28,-3317209,-2701169.2600,2692589#ahciJxYbKrMo3n2odpWu5wJrQ,3902044.44,false,2789927.33,278.48,2908907#i7TxT5bWWtmmu4G,-0.2,378704.8000,546879.750,2013-07-05 19:52:31.000
426,671,2,7,4,5,835,536,1,3563061#YYpN0uVhJ0e1t83OWSiGqnUBqdpBdFEGR8EzI,-609537,-1421301.0100,3093510#owUOuQUDNCd1OnrbmoEqSg9RF,-1916662.99,false,987763.88,1052.66,1968940#NajczAN0OsLDpSR,0.1,462475.7600,-3452533.930,2009-06-30 11:54:40.000
427,634,1,6,8,6,394,548,1,3032298#yjoW0UWjkF15A91HFLpVGZZ3VZpCJy5CzgZ9B,-1833032,2732005.1600,2539200#7Ltej6bTcvAPx99SPIuMa7yKD,-2551486.42,false,1911621.69,734.13,2733506#cAYA9mlPjrXY3mi,0.1,-249612.8600,-4214907.760,2011-12-23 06:46:13.000
428,586,1,6,2,7,843,193,1,2908505#baqWFXD0jtZkbCM74qOqHcTthtBZmOzuqCUTx,-2903773,-2573088.8900,231382#KLlTvEYe8nWBdntTiawjalqAY,2502789.83,false,-2992528.27,347.53,2561616#mP8WA0GTpjeBuRn,-0.1,487971.8100,4247668.070,2009-08-10 10:18:12.000
429,985,2,1,2,5,664,734,1,566345#FFpNduacqZjXj5FyfMsIW8jYpGYHtdrPvv3iW,1573487,3242114.6700,3068520#sC1FO1DJcSGrUjRvGna2pHRX2,1017352.87,false,2328964.45,1570.21,783574#nTp4l37K42H8iVB,0.2,944617.3200,4033523.880,2015-11-16 10:15:46.000
430,1225,1,6,8,7,102,748,1,2892921#3KDXEoH7cQKTJtIPCO2vuftTE5epVtJY2xndy,-2010701,2804374.3300,1357377#LjL7OsxBSOQN5odKsh83APVXS,2602050.56,false,-3362195.65,678.49,1954585#luz1TfjFF0wrkZ5,-0.2,-770948.4700,373599.370,2005-04-06 20:23:34.000
431,1114,2,4,7,8,458,1155,1,402738#f5Klcx2d38bSOgMHOGHQF24xGTlyqmjIFWaLv,-2739815,489078.0000,1517603#7GzeJR5kOwAoSIx5ScTF1zdMk,-1831726.78,true,4070108.23,960.09,2779865#hFOswkXjKZs4BKI,0.1,-415213.4100,2422180.040,2007-10-25 03:42:18.000
432,979,2,7,2,4,607,1164,1,3195902#vEaJIO2r3YwRtqnmMZHQ2j4ZLYjOF6J2YMMvw,3434913,-2606834.9100,3475717#q9sBR8e3My0PoBZ4Cbh2GxExg,-1370346.89,true,3357979.61,-908.24,4269437#dzXyA2QVDA3trdu,0.0,-1347655.2600,449225.290,2017-11-20 18:22:39.000
433,1090,1,3,1,10,257,317,1,2683508#JLDwFEhhcXmivfNdS5So8B4GUgtCVRxJPbcwE,2576758,-1736845.5000,422702#gXZS6Jm8LiV9I5EUD7vec9LKM,-1678673.74,true,1746377.07,465.38,3239641#oLqYGm8HcDdQaO5,0.0,1077535.8700,-1069039.500,2019-04-25 15:13:58.000
434,1356,2,2,5,10,483,149,1,3098413#PQ0AZsRbr6jMd55V0TaTgIJFARPXzGu9jkb9E,-1557281,-134660.9200,976409#5PNi1kwfx5skLOzvW5LRWQMAx,-3925915.93,true,-474034.98,-33.01,1600097#y3GD431mIV4NgkE,-0.1,1181946.7300,299701.040,2007-03-18 11:46:09.000
435,692,1,6,1,10,279,571,1,2900615#3zfb43XJm9veVfKC3ouxquIebfKP0L3ZgPONe,4203587,-3435513.7200,3255959#j6hn2TnCMyiOvTTlKVGtwEv5Q,-1276343.80,false,1112148.97,507.37,2881897#TO1Pq4e2kExcIVr,0.0,-947642.3400,-2872082.460,2006-03-14 07:01:22.000
436,845,2,3,1,2,165,547,1,1037047#WUosRg1AAQDCF2QzW95NLHtcg1kgcSDQwvSaH,-716917,-660139.9800,2940627#kBocyI5F6v3C1FUsSDovmq9OM,-1526739.86,false,-1723155.93,1016.61,3449327#77SxI5AXPrRXfGb,0.0,18039.8100,-4101758.200,2012-01-18 10:55:58.000
437,488,1,7,1,7,382,489,1,441880#hjXWJBSAEIVX0ZB0iRLQQwAlh60uyoisWFUmn,-943822,-3094209.4600,1327082#3LYT22b2ucjq6YmTcUFP0n0jy,2554310.42,false,538770.58,1019.03,1107856#skpFPdj5GcsVxxy,0.1,832204.5400,-404204.400,2013-02-01 14:03:54.000
438,1451,2,5,5,7,1003,978,1,2051102#40RnAltOXmEC8PCt1EgTzmXOzTF1Umus5VY9B,1839328,2370857.9600,2652319#oFjJ2XM65HfZn62j2PpjF3bEj,-2166165.68,true,1722642.25,1257.35,3815461#8EKuwpxvXP1ieHH,0.0,-225177.3300,2408321.190,2012-12-04 08:06:29.000
439,543,1,3,1,7,913,1267,1,2220903#AZfaN1Ov72OZhlo9nXLeMIaMtQlWyaKcQEXaI,3889159,-1870099.1500,2849249#D8CKAB96lOt2uBbdd1RDSQJTv,-2349180.22,false,3393431.62,489.96,2669375#wrsEEKcTCi0cEf2,0.0,585673.3000,2059305.520,2007-09-16 16:53:02.000
440,1063,2,1,9,1,910,778,1,3718739#6xcAsQId79qSnVkOfXaCYzk3d9IVokTybarFa,-730082,4178743.1900,523860#QLSHMm4ElVPWM5B0nwq1kOFoc,-709091.27,true,2830980.89,293.80,2095118#fNK9vLqg0gvbr9E,0.2,436026.1200,-2282745.990,2007-08-12 17:16:05.000
441,146,1,1,8,1,223,411,1,2252792#Hognfq1R74r4ChFjgnfTolhz6KTX2Li0gyBXp,3105440,-2289855.7400,2340658#Eh4zEjvnbcDIXe3TyLpU7g2GI,-3997306.35,false,3112951.00,299.59,3698376#34MRKbLepBjxK2A,0.0,1107043.0700,-3031240.840,2015-04-07 08:37:33.000
442,709,2,1,9,4,999,71,1,14072#6URxX504w4tdOobehxagU3tet3Prg6OjGOvt4,-3588328,2818435.0200,2103892#pYwEBAGVnfLTKv9qjusYH6vFa,-1690310.26,true,-361446.75,78.73,3537313#dptByIHpOw4NIcN,0.2,67212.5700,2786345.150,2014-12-26 18:35:18.000
443,260,2,5,7,12,605,1246,1,3751753#AA6njqArnb8EDOnD3bNoakt8V8b4kv12QyfMA,-787374,3116102.2900,2118007#cxIVzrIYuJcIYYzV7ZHYKDGbN,4433899.80,true,2894498.01,-114.64,1079299#yqEpDhGlqrjrdOc,-0.1,107337.7000,1105552.920,2014-01-28 07:17:50.000
444,1399,2,1,8,6,907,1006,1,2591888#UfajhP4f3EjPsArnwWoglPb1upAL2ZjhNgM67,-3439022,-429430.2700,2738308#8kselwd7D9OlS91Ia9a5hUmUO,-1368114.81,false,1464407.16,1120.42,1620603#fbGM8t4ZkwuVg3W,0.2,-1009429.2100,-264222.980,2011-02-01 14:08:33.000
445,142,2,4,7,12,383,1090,1,3601013#cWX0IBKRewqOZwPExmWU5952udKbVeCEBnAgm,2554792,-4389845.5000,1306027#HAHFy3A0om1NyHCmWYRLPSUCf,-2751065.40,true,1920092.67,-1127.04,2613197#zG9r4M5CitNkK8h,-0.2,-1261621.4700,-2356832.210,2012-08-27 06:58:07.000
446,479,1,2,6,2,761,927,1,1542144#mek07XabepGkdlOvciFDFZhvEJKhZthv8wbWL,38320,861453.1000,3594754#LD7Lg3APHaxzSCYuYpV0E1V9s,1173114.05,false,-4064446.70,379.13,1907251#0I0GZK6JNBn8fSd,0.1,-194564.9600,4377739.910,2007-05-15 20:23:43.000
447,1353,1,3,5,4,735,1089,1,2805593#4PrTUSNikQbnzBg0hqcJE7w67GG0CzF4pJ6vk,675816,3359840.4100,2203407#oyGJfKsP3cp6UmjxUAOjezGXi,-3996408.11,false,-1455023.50,503.76,791124#egxbg2jbYocMoTI,-0.1,-236410.9700,-4029741.120,2006-07-06 19:23:50.000
448,246,1,1,1,7,495,1285,1,3353121#RTMKgUsMbB00cYPX282Od7DCA4DLXevue0PoQ,1652369,1450196.9600,1235991#hEZNghRMuuWnJ7DZJi4Ag0TMx,150921.22,false,644409.00,966.93,339584#BejtDEBbiiPAWVE,0.1,1186276.4000,3865408.560,2005-08-29 11:23:07.000
449,1218,2,1,4,5,899,841,1,287995#kvPyaBDzYkM1o5OARociMH68rttlt6vj6iJuk,-489529,3998047.3300,3447038#gOQnlZiMXMniNlZ2gO7UIhebo,-2454163.37,false,-3710742.83,-398.66,832643#1SKSOpEEZmj7zRK,0.1,312323.4100,-4027566.450,2010-08-02 16:40:40.000
450,1448,2,6,8,8,859,511,1,88989#cGN5KaJmxovnTjx5JxubSInfBL8gi5V7yXq1J,-1350223,2121033.1000,2040120#4SiM7PENaip6ANkYgjOW156Qn,-309512.26,true,2359361.20,-1600.34,3232715#SHkvZh76T6h6qR1,0.1,-351022.9500,-683869.900,2013-08-30 04:30:05.000
451,1351,2,3,1,2,603,1088,1,866178#nls1dwtIg2HQnG8JRKRcTop3pWjO1JU0ugg5C,-1946018,3149810.1200,195031#1jVzwVMhlSvoZV2hGiRzLApop,-2213370.22,true,1911943.99,1553.26,2598579#2Kn4bwa9eCySAuZ,0.1,445878.7200,3907927.940,2017-04-19 16:36:53.000
452,1017,2,6,6,1,541,952,1,2067382#3GVuvLWDP3HKCIciBau0cdGBVBV3VBY284G26,-2326951,944307.2200,3266728#OSWPV1mBHzYg6Q9jG8h1MoVEz,-2340713.82,true,-8694.78,-1543.63,1426043#n0MwiVEd8QtP5XE,0.1,-299889.9200,2207618.660,2004-06-28 15:02:42.000
453,1469,1,7,3,8,593,622,1,2156562#ezhB7hDmlI8extTyXp7YhSdpAt324vA0olEz6,4204581,2729806.7200,3504096#nYM4cqwfnjmJSj2UXm5gY3JQO,-2311756.09,false,-4211352.15,-791.41,3666606#fAUt1aKncuJAWUA,0.0,528461.4800,-3733259.180,2012-07-23 01:48:45.000
454,744,1,5,4,4,419,56,1,4460182#EDFjiHUEScLzzrlSD1CDFnP6Jld1sXapz3EGo,-830592,-2010985.1700,276897#hfFNI0edLU2HbxsBpeFHHo60g,-106029.19,false,3755064.27,-1352.95,1244371#cbMjKw2kui1jcPU,0.0,797442.4600,-1409668.650,2013-02-12 05:01:08.000
455,1097,2,4,8,4,861,1034,1,1637832#FgakUAKfkeUZ0eH1EWkF9cnaxnelG22KORJ2o,2957770,1170440.2800,1589796#f8Mc7pJm8Pnch40MM7QliBenR,1419057.49,true,-4199072.32,-960.02,4047778#zT8mXUIGbMXhJjp,0.0,1638606.8000,-1714449.260,2009-04-23 08:39:57.000
456,1042,2,1,12,2,249,550,1,306771#RRgAA3kl0M4qQaov3J0VC6uzFY1FvwhPTzzvB,1627160,-4045597.3300,2116792#uqCho5J2OwWWa7PNrlRXjuvNz,1499929.26,true,3985777.07,-462.10,3378168#wuCW0VnyzpQRFC7,0.0,1187584.0300,-2497746.040,2018-10-21 10:13:16.000
457,614,1,5,1,3,980,1273,1,1424085#zcv7HnlidXAfKhesBFo1byj7RaV52KphKTuZ9,-3978773,-1344694.7200,763636#cSjRivRjapSmJcvtBwz3o5aZW,648978.84,true,-1807623.07,1239.01,3213682#0CDyjb9L7EU95PD,-0.1,989518.4400,-1793581.140,2011-01-19 18:41:37.000
458,1397,2,4,10,12,139,533,1,4140644#fIOKGgwlNcGcwMzajhBYW8E28lyzh8gRuGo0Q,2328974,-618681.6400,4542245#D0voxr5WsuBM6ihPJrtH7IOjB,3250749.68,false,-3091549.11,-705.05,4112859#mxdo2WrTJymg5yb,-0.1,-740855.4100,2925739.320,2004-05-09 15:59:31.000
459,131,2,7,5,7,843,496,1,959184#6UmsHQuwtuEJhPnbvMXpvQNZGmpwzEwnWKMIC,-1381010,-4515584.5200,3504588#WEHsL6nfeghh1LDw77mpAP6Br,3697380.62,true,-3614849.75,1226.54,1031824#C7ELAcSoklvtvGM,0.0,-742032.1200,2016156.860,2004-11-13 22:37:57.000
460,872,1,1,1,12,871,581,1,854146#YcwiYTrW6ubyqI710I9heQx3n2Xb9EZfqtX3H,429910,-438417.0000,396919#Q2lspO92lz8rJZlAoLYCoICHD,3264396.19,false,4246436.11,-1857.60,1960085#HWdYTRarx0r0mop,0.1,31908.8800,-760235.360,2016-09-07 07:36:57.000
461,1244,2,6,5,10,424,834,1,2809689#3A0SgnepiRmGZ8PTzs9Ar0s0U6LKuZTTmgw3U,-2494524,3037295.8800,2261934#HRcih1AMQ7mHPWATEoI0kbsBF,-3079281.59,true,-2587567.75,1018.60,1112883#GaW65TdpinvGKpu,-0.1,996235.3500,2380134.590,2019-05-19 02:59:15.000
462,525,2,1,6,1,362,83,1,59224#w6khb41J7KL6zqEbfCS5edBTw18HEgDLHIv73,261754,-1592853.5400,3704663#WioUB9tkjtR4WNymrnu9Pp4tr,1223959.60,false,-3169577.60,-1181.18,976357#FklBXJeZKYkYPzU,0.1,-819544.4200,74669.400,2014-11-29 01:25:24.000
463,259,1,2,11,7,358,39,1,1028803#r7KQhfVYR5ZerduiEUvMenAZbOycjIbfNS6yC,-4411495,2777817.2700,2207911#rPKR1mQBzdpT91y7K39vvk95p,863434.82,false,-2025520.63,171.51,4350705#qtKt7BEKuFiZgwc,0.0,-1364412.5300,586124.730,2004-01-29 22:24:30.000
464,1324,1,6,2,12,864,244,1,1133905#vuVwAzwhN4qjSEBZkFBV2IhivYOe0RyWQRoBa,-3877114,790426.7100,2293126#QadPpFsTSCzR1bVOjxG32R3sg,3746977.93,false,2505355.88,-387.41,582229#IbVmpuEBulclBfA,-0.1,1400920.4500,1790486.420,2017-04-27 06:50:35.000
465,483,2,5,11,9,818,262,1,3808463#xD4d9LM0xf5IkyS9ooJ7rZMrEoYP6bqEvdpL9,114438,-3480713.9400,2534096#nYM4cqwfnjmJSj2UXm5gY3JQO,-1886806.96,false,-722067.61,-622.06,4576593#K4CRS8tOE43xTys,0.1,-753212.1900,1754765.840,2012-03-14 18:56:28.000
466,1177,2,4,11,7,814,910,1,641506#NHyueUP7HUGu5fbhsceRyUWqzBo3mxnraSVyY,1454834,-2408035.0100,1065401#hf2kRNi7bC7LVcQceVVHUwE3P,1457011.90,false,3039373.03,1367.40,3575595#S2ACeRqvDbOpHGG,0.2,-1519084.9300,-2531274.490,2019-06-15 13:19:35.000
467,342,2,2,8,2,351,1094,1,1245871#sVkJgxj05pJITeWQ6EoUBpihgGiXQcFoA3VKD,810109,-2521853.7300,3342665#XYxw3UUcU7kdaHDOkpyC4Lzb7,-4025776.67,true,581161.17,229.51,4100647#ugZFuQXlQO774jA,0.2,240634.5200,-199065.830,2015-04-30 01:59:54.000
468,987,2,3,6,2,256,169,1,1060128#bxJRzImaPit98zXCdCk0v75ebOCTH8AIUHhlN,78589,4076104.3900,454232#5uU0XceZWj3fg9nBhWXd30k8D,-1687329.14,false,70029.78,1061.03,4650873#7ZHM99N1XEJbfny,0.0,-307944.7400,259428.910,2007-02-06 21:48:16.000
469,904,2,1,9,2,255,840,1,682695#7qFzulYpKO90sEN5cDmw1Mw4PM4VjwbrMkCSY,3246250,4005044.5400,3018724#LIeWa9omGu9Qlp6DJRHs6g16u,-4070951.18,false,-441622.91,-449.25,557637#4Zcslb7CqmjFUSK,0.1,624742.2000,-4331788.950,2006-10-10 13:15:37.000
470,1446,2,3,12,4,212,683,1,2887169#iYVo30wkd0kQR3136HgSn6kmux2spu5szilRV,4504050,-4364607.0000,1890230#UsPrWV2WS8kpYSVFlSLpVdize,-65202.86,false,-434323.27,-1109.07,1858605#qZnLUiAHs9N1XWw,-0.1,1144682.3700,-3551561.620,2013-05-11 05:34:37.000
471,1383,1,2,2,8,262,868,1,269992#r0J6DdX15Y0u09LOWWHXnGgyBjHoEKMmFThiH,4548768,82564.1300,2868640#5bQmOsqqpVQpamQDFujGfhtMu,3391742.76,true,1137291.93,-142.19,1416429#LwaO7bfZkEIZuMg,-0.1,129532.2300,-2153.710,2006-05-14 17:24:17.000
472,780,1,4,3,8,386,208,1,1590742#q4pW8dkqFOdMrSGwNL1ZrjcO4XQoSfzntXxXa,3099110,2670168.3800,3222872#xnOBMFL9hZWHJhbI6FKI1akEm,3238349.24,false,985829.47,-506.43,1550651#hAEnKBvuvFa13RY,-0.1,-1768938.7800,-3642137.420,2016-04-13 20:48:01.000
473,221,2,4,8,7,550,963,1,1436737#oONy6LEWR71t6ijY6sWOvVYzV7BAgUn8vVouW,1038571,2561584.9600,3605373#Kixe6hA7r2dGWTR1TyKv8dlso,-1190724.07,false,4419844.81,1461.63,1059753#NdjV8rL5sSPq8NE,-0.2,1174203.9900,52728.610,2020-03-01 17:44:00.000
474,1221,2,5,12,5,274,284,1,1391592#wrbLyc52uLQ5llMIEKSJ1fA5KmKYZO3kIRC7B,3416367,-1904274.6700,4723001#dL5Ke9VP1ijS5KkPQzfZznFtm,-1038733.28,false,-3081283.41,322.77,3264825#ACmy26poEFqQr4o,-0.2,623807.3000,1733588.890,2010-08-26 22:52:15.000
475,781,1,3,4,4,234,411,1,634675#KRbCM7CuEVZZSq9pSNzFZP7YTC7QdWafFvRYb,-3707272,-3019152.7600,3008877#imhVLqmstdZzFnDYgNO8GAClU,4361888.44,false,3118644.83,351.98,3250785#5bmQK9O9T4SUY8F,-0.2,422807.8000,611636.250,2013-09-05 15:45:04.000
476,202,1,3,3,2,296,545,1,3981156#08fotE7HGiDNxegS8kUxzORI3iOK2qmuxGAo4,-682037,-1587154.5100,3455745#LsO3s72Bvuz2r59MFo984Ogj6,-2140668.49,false,1104239.38,1199.66,2200025#Hs1KjNnQaqTyPsk,0.1,517319.7600,-3858877.430,2009-10-07 11:01:23.000
477,1471,2,4,2,1,289,932,1,3386668#BaQLUb0rK2ZXq34lBzfZtIRJEhIdhL7PIOp5Y,-2047132,3051960.6600,2836171#eFzAlW3Z2R2cLIpqjHb9j3ODX,-2850689.92,true,2134459.69,762.63,3053464#emMHTV1R3wnlGHt,0.1,-277966.8600,-4708736.260,2012-03-08 08:44:02.000
478,329,1,3,1,2,65,450,1,3247239#GkKLOj0OabIOGdWIRsa4QwtUPT55OuyVt0UkJ,-3242135,-2873030.8900,257263#JEsUcqKO0helwyoINGXed1Iks,2795858.83,false,-3342288.77,380.53,2860541#eE2yvzdrHI3UWYM,-0.1,544557.8100,4744291.070,2009-11-16 10:56:17.000
479,859,2,5,9,2,824,1228,1,632077#hiebiOO8lDGnNQVt4rmXhh7tazHuy53dT1i0X,1756887,3621116.6700,3426138#pjLmNbpZbE1ezezVS0bct3Ioi,1136480.37,false,2599376.95,1729.21,874506#cAYA9mlPjrXY3mi,0.2,1054409.3200,4502888.880,2015-12-26 11:53:47.000
480,481,2,4,2,11,501,631,1,3228752#w2gyPGSDUadpRIMYGwSTpXzzpYkTZhhr8D84L,-2245379,3131465.8300,1514072#hkWgbycmdUzR4VkztCxZxt8vo,2904951.06,true,-3753759.15,766.49,2181545#P9E74mM6drnJACK,-0.2,-859939.4700,417860.370,2005-08-23 04:52:41.000
481,936,2,7,8,5,390,1030,1,448736#iCCyQRSegNIbRq3cWbN8ZBCqttP6dWA8snn4X,-3058490,546564.0000,1692777#QVtn4fHD8YMjV7M5J6TfgqCrb,-2045016.28,false,4543366.23,1062.09,3101672#O26uaHzrJsskGZh,0.2,-462422.4100,2702467.540,2008-02-16 22:52:13.000
482,650,1,6,10,10,245,46,1,3565069#BjivQatGLY5gE5jgrND8MqpOVxaZoZs0oottX,3831888,-2909031.9100,3877787#ihBUmUKs84pAlZ4eyO1sNTLkN,-1527969.89,false,3746830.61,-1029.74,4763149#hEnoLdzdO7vmNQ5,0.0,-1504444.7600,502127.790,2017-12-12 05:33:14.000
483,525,1,2,6,10,472,62,1,2993053#BXxQqHeMKIvNxI97YjKJfudmu40VUb4Z0r20M,2873908,-1936626.0000,470839#GEMmlBYgxOFVsDbtssKqiaP1A,-1872746.74,true,1947589.57,560.88,3612795#l1Hunz4p9p06Ixt,0.0,1202183.8700,-1192107.000,2019-05-03 21:13:45.000
484,1418,2,3,1,10,546,897,1,3454333#babniMYXlWEDuQtyzX3ado5YHZIW7yLAXnVsx,-1737181,-150037.4200,1088545#V3pscbYrXz7R1YeD0cEpqyjTj,-4378295.93,false,-527620.48,-58.01,1784230#38FhpR4gOOkkVe8,-0.2,1317882.7300,333916.540,2007-07-17 01:41:09.000
485,1317,1,2,6,7,25,466,1,3233514#APhbd08LVd9iXh0ELQlTV27q4HKHdERYMQeFf,4685812,-3830742.7200,3629843#RVna9RfnGizsX4YDr3TArKhud,-1423549.80,true,1239341.47,613.37,3212983#j01HTsi9Sg8QDiP,0.0,-1057533.8400,-3201661.960,2006-07-22 07:38:45.000
486,951,2,2,10,9,654,560,1,1155838#9wzwQS0TtykDDmozGRPRxyy1xlqO8b19kJaBd,-799436,-735619.9800,3276986#81IqgT0FkADdNB9hwmIwbcuAX,-1701014.86,true,-1920698.93,1188.11,3844551#QtlSgJ0l277kHja,0.0,19514.8100,-4571386.700,2012-04-03 05:16:46.000
487,769,2,3,6,8,471,682,1,492267#H03xo5RJfcklkvV3i5W4NzrXBEYCs4ULukhu5,-1051960,-3448784.9600,1478392#kKX8B5eIf6LeKO21Snf8tN87B,2845831.42,true,601089.08,1161.03,1233939#IM8GJ39ufyadqxZ,0.1,928388.0400,-450664.900,2013-04-08 17:11:47.000
488,1108,2,7,8,1,760,331,1,2284888#UfajhP4f3EjPsArnwWoglPb1upAL2ZjhNgM67,2050381,2641096.9600,2954987#d4dT7xQyAFPY6QALWEgAgu3l8,-2414036.18,true,1920264.75,1354.35,4250016#OScivPdS58vpiPr,0.0,-249767.3300,2683218.690,2013-02-10 00:14:53.000
489,100,1,5,10,3,748,794,1,2473320#tRapfZMHRfoeRXIWqFAek3fgcHVqVN0kguSyY,4331772,-2082284.1500,3173301#cfjOzYUpCLULlvvnBSMCE94rs,-2617845.72,true,3779410.62,576.46,2972396#BlIlVHL6vk9ydp8,-0.1,652172.3000,2294359.520,2008-01-10 22:47:00.000
490,377,2,5,9,6,89,222,1,4141030#o3s1xQzibf6rlrVMt4Ofg3DepnW1pVKFr3px2,-812507,4653987.1900,583323#EniUaQPs0uwyKWteusLcqrJfF,-790155.27,false,3151725.89,316.30,2332559#GdTr3nIK1LtTETA,0.2,485709.6200,-2541183.490,2007-12-07 21:59:10.000
491,778,2,6,5,7,800,31,1,2507527#3MILbh6J5sN8QC22APCs61jcmtgOEJGm9F1f6,3458040,-2548483.2400,2605312#8VlqgR8w0Cu6c3MbZgg0VtPV6,-4450092.35,true,3465446.50,369.59,4117691#4HcmwUYBHaL59Th,0.0,1231815.0700,-3374963.340,2015-05-23 08:38:48.000
492,998,2,4,2,11,658,496,1,15410#Yv8Aj3O4NPkoc9KLLXMSGklpb5iSeVcgCx8za,-3993341,3137423.0200,2341747#0T9DsucpF18S3TGyoe3jQ9YhR,-1882158.26,false,-402175.25,140.73,3936899#Iwbq5AuOtri7V2w,0.2,73892.5700,3101204.150,2015-02-13 09:22:02.000
493,1077,2,4,7,9,1010,737,1,4174917#pyRzMJgqD5QZTrQE0H7TZ4pMqsN7FzhJ4A7VJ,-875280,3467342.2900,2356493#dVhQtGXIZdfv1dka5yx39gTw8,4933410.80,true,3221362.01,-109.14,1200405#hwVPHPgdfxVoBXr,-0.1,120508.2000,1230377.420,2014-03-26 10:19:44.000
494,798,2,4,6,9,119,276,1,2883183#PUfF6MIfMS0VDJLqVB47KW5xpBUhgNnx4Hr9e,-3826297,-477534.2700,3046669#i5j0QiL9a3QRCPB8iIPTjHqn1,-1521907.81,false,1629887.66,1200.92,1802943#DiOW5b25j6KD7Bz,0.2,-1123116.2100,-294845.480,2011-04-27 14:57:15.000
495,861,2,5,6,9,685,811,1,4005554#ioR4SjdZipixPSRts0qOk7ZVhQDf1yDe6RD6R,2842417,-4883264.5000,1452481#wi3uoxspLiCS0fox6WYtRSqVW,-3060500.90,false,2135555.67,-1268.04,2906016#OScivPdS58vpiPr,-0.2,-1402462.4700,-2620929.710,2012-11-05 17:39:08.000
496,532,1,2,4,8,1009,881,1,1714596#D9Ys5CUzYO24Q7BiYGidUXqywXmdD9Whmhbw5,42720,957953.1000,3996671#kOS1WXCG7snJGEUJIJ5yQgyDx,1303707.55,true,-4520838.20,390.63,2120812#VrwhhbJHdPN4cB0,0.1,-215943.4600,4869454.910,2007-09-12 16:15:46.000
497,316,2,2,12,12,260,831,1,3118529#c1upj4mDZ1hamoBC7HCuGGw6IJyExQMQJxnF5,750634,3735483.9100,2449607#xddqSbk3ZSrEw9negNw5S3WpI,-4444488.11,true,-1617034.50,544.76,879028#2c0kdxxs1lblTIg,-0.1,-263130.4700,-4481471.620,2006-11-11 16:53:02.000
498,156,2,6,8,11,436,1055,1,3726992#r0J6DdX15Y0u09LOWWHXnGgyBjHoEKMmFThiH,1836438,1612374.9600,1373523#QxLKq8t7a1RVFC0kQTJUTButi,167378.72,false,716478.00,1109.43,376649#bGARsf44vD2M1zD,0.1,1317789.9000,4296432.560,2006-01-12 09:38:26.000
499,595,1,6,7,6,826,388,1,319798#0pEgjcQ3qN656j6H7tul3yUGXPVH2IaJGHnyL,-543549,4444086.8300,3830784#LfHJgIVkfeCwW1QJiGvEp4oNi,-2727459.37,false,-4123714.33,-401.16,925247#CHvSE6RbCN2RNxI,0.1,347372.4100,-4475320.950,2010-10-31 15:05:31.000
500,328,1,7,2,5,860,586,1,98540#IywQrDCQxYAbq1fMOM1BD2qgW3XYGIUjGmf9E,-1500248,2357098.1000,2265890#rcsUF5LPtYNdSbkJmjTgZmoBR,-344020.26,false,2622365.20,-1755.84,3591111#zbWgJuCEYnR34j2,0.1,-390352.9500,-758987.900,2013-10-30 09:20:58.000
501,381,1,6,5,6,867,779,1,962146#YcwiYTrW6ubyqI710I9heQx3n2Xb9EZfqtX3H,-2162168,3499102.1200,215892#pYwEBAGVnfLTKv9qjusYH6vFa,-2459199.22,true,2124442.49,1737.26,2885596#0GscsFU0NCrRtED,0.1,495571.7200,4340283.940,2017-05-16 21:05:36.000
502,926,1,7,10,5,351,501,1,2295514#APhbd08LVd9iXh0ELQlTV27q4HKHdERYMQeFf,-2584533,1048548.2200,3628065#cSo0by7Xyg83HIALGYq0ORY9l,-2600738.82,false,-9253.28,-1668.63,1583720#kI7aOKltEpcjzxo,0.1,-333368.4200,2451185.660,2004-11-22 18:40:03.000
503,1394,1,7,1,11,580,778,1,2393916#3rpRRJzNAZlN9BL04gUZDItMrSx8isHKCljOQ,4667560,3030899.7200,3890636#cSjRivRjapSmJcvtBwz3o5aZW,-2567629.09,true,-4676151.15,-889.91,4071304#LTqrPoqweZbDZg5,0.0,587236.9800,-4145480.680,2012-10-02 17:07:04.000
504,771,2,6,1,11,790,843,1,4950597#QzMqQEieXKMfIo0DQ7I9q0AQApfiV62I7oKIk,-921267,-2231508.6700,307323#EniUaQPs0uwyKWteusLcqrJfF,-117072.69,true,4168145.77,-1464.95,1380750#CBNy9x9dyxgaEW2,0.0,886361.4600,-1564004.650,2013-04-19 15:27:25.000
505,624,1,2,12,1,739,663,1,1817400#SErJCVun5bvqNSLWpEM3LQane3IZu5JU8ZqOF,3281845,1298945.7800,1764013#uGxwul8sKuZouDHO4ygqHJP4P,1575886.99,false,-4660854.82,-1016.52,4492412#W8COWTJr3ydaqaO,0.0,1819624.8000,-1903922.760,2009-08-03 13:08:54.000
506,1179,2,4,5,2,990,481,1,339443#N0MJGuwews0nc7rW7jCCYC2LNlM5gOomQCCyF,1806497,-4488425.8300,2348559#e67xparXJuK8lFfuZTuUDeVvT,1664232.26,false,4422207.07,-464.10,3747760#EkBSRExwmcpBVB1,0.0,1317571.0300,-2771915.540,2018-11-03 13:22:59.000
507,445,2,3,12,9,155,717,1,1579647#yTZmMYpPTdcbSOFx6Rh6LYaJNAMjGS7Aq3rCH,-4413785,-1492179.2200,846493#dVhQtGXIZdfv1dka5yx39gTw8,719536.84,true,-2005465.07,1397.51,3565060#9VbVvBdCCmznWsY,-0.2,1097681.4400,-1989992.140,2011-04-15 17:02:57.000
508,78,1,1,8,10,48,1308,1,4592285#UTCoXBNK0lmyOlWfZiswPhttyLpX3rO0KRvne,2582874,-686111.6400,5037333#gazdUC1R7S4O7M11C8zCbV4jY,3605350.18,false,-3427993.61,-785.55,4561393#gkgCmSeRN9Ei0Bi,-0.2,-822788.9100,3245691.320,2004-10-05 13:21:16.000
509,828,2,3,12,4,556,77,1,1062632#L7fcdnSsgDPbqAOxhEaPoDTtFALu7jqPmp36o,-1530435,-5006737.0200,3885902#tmaqVKCHlppbhp5xqH8UygXnh,4100477.12,true,-4008566.75,1384.54,1143704#0xQ4PBmMyKiDMFK,0.0,-821818.6200,2236078.860,2005-04-07 01:33:15.000
510,707,1,7,5,12,139,550,1,946483#HzHPiGLkZ0ydJ57CKWzGe5efDlfBRiC02IMnA,476485,-485764.5000,440046#UeKyy7z8SxIa8Xz7uuXO4VtJQ,3618316.19,true,4707440.61,-2015.60,2172689#6aob0wiOivDMCjQ,0.1,35872.3800,-842985.360,2016-10-10 09:45:50.000
511,1423,2,3,7,6,774,203,1,3114338#mG9n23rQ5rN5F3LmVoZreMAvYYniFniABfg4b,-2765418,3367248.3800,2506738#YTG7rOqiY84UFe0jCmsLX45RV,-3413632.59,false,-2868893.75,1092.60,1233095#Nsq7B82djP5ppgc,-0.1,1105359.8500,2637436.590,2019-05-26 21:19:04.000
512,52,1,5,11,2,792,1257,1,65105#jYzUogdbIQdpLQsdM1e3pMQf7yWxxTafbvlJP,290629,-1765279.5400,4105371#0HtK53nGQ0sYDc7UCGnVD1Kr4,1357428.10,false,-3512037.60,-1349.18,1080945#oApbgB7NYvaHwdb,0.1,-907818.4200,82152.900,2015-01-17 21:22:28.000
513,1285,2,2,7,9,9,302,1,1139711#XtaH2wRoytYzVtHKBI2ykisvBYyKzi0Sch7NC,-4888895,3078331.2700,2446102#ZgWXBjtnkTL4ipuKSRBKNeMVC,956140.32,false,-2243947.13,202.01,4819698#la3r6NrJVnGvOXj,0.0,-1511048.0300,649337.730,2004-06-29 19:19:34.000
514,841,1,2,2,2,258,563,1,1256079#4NFedBcLuS6iqIm7rwaQMkeGl4eopzy2oBdzS,-4295064,876494.7100,2539491#lPua5NjgBEr1t1uq4YO8W0Ng5,4150898.43,false,2776322.88,-389.41,644092#UUOk5lOJJOQSWA7,-0.2,1552051.9500,1983150.420,2017-05-24 10:59:49.000
515,538,1,3,2,9,901,1205,1,4217940#XQAnjP6CmRwVCSXHkDsa0Hv0thMY0sZ8RMi9u,127813,-3855744.9400,2805675#g4Ry4TzYzgUXZ85NtvcAr3pkG,-2088630.46,false,-798981.11,-725.06,5068270#DjG9MdYECcNSHwF,0.1,-834599.6900,1942923.840,2012-05-29 05:36:43.000
516,824,2,6,1,6,556,737,1,709396#XljHzirPvI0Cwtn0INBtUSyTcLICxRlLXEviK,1611409,-2666923.0100,1179054#798uDNnZ5yiHoYQfZaLvQVPPq,1613926.40,true,3366467.53,1502.90,3958455#YIAcozhPQvE6jNf,0.2,-1681397.9300,-2802549.490,2019-06-22 15:08:07.000
517,221,2,1,5,4,765,888,1,1378300#6YCCmu6gY0qyv3c9AJV0I70LNHzz8zWiCu8GL,897409,-2792414.7300,3700044#JPCT58vZE1L6OLna9YFvjaiSP,-4457653.17,false,643134.17,289.01,4539372#56EN7IjfZJThlxc,0.2,266576.5200,-221288.830,2015-06-15 02:45:41.000
518,78,2,6,12,8,296,731,1,1172817#yoTTFjcH0F144QtfxqbrPfRi8ZNU4wApRPALp,86564,4510714.8900,501768#OuC0X1TWXwOxWr7WeFFOqFzVR,-1867781.14,false,78040.28,1205.53,5147417#KeeCxktFw1zFqjs,0.0,-341818.7400,287350.910,2007-06-10 15:09:22.000
519,341,1,6,9,5,39,686,1,754664#FIhr4HXrsiNZQeIFKiJnx2H5HG2GIcf7yYfzU,3593125,4431568.5400,3340338#oEN7pJ1OgJM5VcH6gKcVg5JHM,-4504847.18,false,-487747.41,-511.25,616038#RNKVjjMycJ8LCnO,0.1,690579.2000,-4794503.450,2007-02-14 10:14:38.000
520,466,1,2,11,1,514,427,1,3193352#spy65wfA8MtyRUB40Q0IhcTFk8vL1JLqXbBGC,4983881,-4829494.0000,2090404#rPQkncxdFCLrBBVUVyMoc7BU8,-73161.86,false,-480661.27,-1242.07,2056163#tve2NSULbM8FxyJ,-0.1,1265567.8700,-3928452.120,2013-07-14 22:32:48.000
521,631,2,6,10,1,581,97,1,298653#2cuikrsrCdIJR4QBqlXXWSP0V8IIysASDdkiF,5031318,92022.1300,3172388#yHgs3MiZzs5eHeqyEJSFX3buc,3750754.76,true,1258148.43,-198.69,1565769#HUJexWBmDmAULa4,-0.1,142546.2300,-3420.210,2006-09-22 14:01:46.000
522,509,1,3,3,8,543,59,1,1758673#ucmYyYp0lKvivdsvmR2hiGArybgxWKYKSo5cB,3427385,2953714.8800,3563953#xePjYocFaVeM81wg4JLqOJuGL,3581540.74,true,1089294.47,-516.43,1714544#xdUV39KxcItCNoC,-0.1,-1955693.7800,-4028163.420,2016-05-20 22:56:36.000
523,428,2,1,2,5,276,1133,1,1588544#JmXvXfSZU9le2lhYnmNZR4NIAkX3OCkjZfEmE,1147359,2831315.4600,3986264#4ZsLumdM7ytn4Pvf8L0mkpVsR,-1315588.07,false,4887588.31,1597.63,1171048#tDXSrBwXaPBabJp,-0.2,1298266.9900,59036.610,2020-03-02 02:18:09.000
524,233,1,2,3,3,892,1180,1,1538278#nnW4qc4Sl7B3FMcxHZq1Yhg44vSohWXCS2tbf,3777192,-2106013.6700,5220786#elcmGafpXCGbsVs4mKFTpoJ14,-1149316.78,true,-3406907.91,403.27,3609201#CMd9YQTKAvioGw7,-0.2,689341.8000,1915752.890,2010-11-25 10:10:27.000
525,307,2,6,1,1,445,178,1,700528#A5m9HlRBfiDwFgYFhNbcNaqukNcW9r0Afcd0Y,-4097334,-3337136.2600,3325164#hwKMcA0xLkpfep0Tv9lMkU3HO,4821732.44,true,3447362.33,425.48,3592662#xc4daFGwSEmmbAZ,-0.2,466910.8000,676392.750,2013-11-06 11:37:37.000
526,1212,2,6,3,10,768,553,1,4399251#HBHo9d8l3nI76vYJLPLerZqgXl11HO9euuQER,-754537,-1753008.0100,3817981#YsechMea9ngSfE1mbZ7VQ9xrc,-2364673.99,false,1220714.88,1346.66,2431110#kWf7ciOzW4oPIKl,0.2,572163.7600,-4265220.930,2010-01-14 10:08:05.000
527,829,1,2,8,7,184,2,1,3741039#2KTMxloC28oz3efzwGbwH6T9AyBMp4rVtYuaZ,-2261232,3371916.1600,3133142#C9Q4vruJ36OLNdvMGN3yuT6mj,-3149893.42,true,2357297.69,791.13,3373421#XrlZRBZIUIhzMBE,0.2,-306320.8600,-5202564.760,2012-05-23 10:41:50.000
528,71,1,7,12,10,297,706,1,3585974#wV2xq2zuPVqAgLtyQ4I1QsW4W2egvZLSpuceV,-3580498,-3172972.8900,283145#IBj4HRDDIhnQTVQUfu0x6UwOg,3088927.83,false,-3692049.27,413.53,3159466#beki0AHptRoATqn,-0.1,601143.8100,5240914.070,2010-02-22 11:34:23.000
529,734,2,2,3,11,984,409,1,697808#inoF7d28V0euPf6t2wPeQq4Kbu7OXjaIVLDbe,1940287,4000118.6700,3783756#WwgFmf44NkQERHQHwmGebUzhi,1255607.87,false,2869789.45,1888.21,965438#JQEq3wJNYgiI5nr,0.2,1164201.3200,4972253.880,2016-02-04 13:31:48.000
530,1216,2,2,9,3,901,515,1,3564583#v4JaN3eHfoTprW32Qy4ioIx22aiqP2pByvCl0,-2480057,3458557.3300,1670766#vg4wdMaVpp2JV7tDOHMsYnjz3,3207851.56,false,-4145322.65,854.49,2408504#dkH4OFuKfePIgcd,-0.2,-948930.4700,462121.370,2006-01-08 13:21:47.000
531,758,2,3,9,1,322,905,1,494734#DjSwL3g0LNKsdM0lBdmYbBrc0QbOcWbKJccin,-3377165,604050.0000,1867950#P1iNyAV883p7S1wnvf6uLy9x1,-2258305.78,true,5016624.23,1164.09,3423479#c7qmgaYDueMcY0t,0.2,-509631.4100,2982755.040,2008-06-10 18:02:09.000
532,321,2,5,6,4,894,242,1,3934236#1cfjv4kk1Hr2Tgn30xLyCn5OhGjlbYN81mGDr,4228863,-3211228.9100,4279857#6khOOBk9qgiwxbhhG3mmNKHvg,-1685592.89,true,4135681.61,-1151.24,5256860#BzM33lgUeRbvFzO,0.0,-1661234.2600,555030.290,2018-01-02 16:43:49.000
533,1439,2,1,11,10,688,1121,1,3302597#QzMqQEieXKMfIo0DQ7I9q0AQApfiV62I7oKIk,3171058,-2136406.5000,518976#Aa9Wt0rIl1yTDHmxtmffcxXw5,-2066819.74,true,2148802.07,656.38,3985949#TWkbFWsJuSzHLXe,0.0,1326831.8700,-1315174.500,2019-05-12 03:13:32.000
534,1479,2,4,9,10,610,331,1,3810252#20SoU6YcDHvtJd9kw77WUgjwIpApdR3LfoAL7,-1917081,-165413.9200,1200681#dtanRLy6XpwcOrYvZ6j70KnKE,-4830675.93,true,-581205.98,-83.01,1968364#yRGWLuPUno6bYQH,-0.2,1453818.7300,368132.040,2007-11-14 15:36:09.000
535,463,1,5,11,4,782,360,1,3566414#5IttC3vX3frfaN2yjqEBCMRDBjGTYIn9S0aSw,5168037,-4225971.7200,4003728#OSWPV1mBHzYg6Q9jG8h1MoVEz,-1570755.80,true,1366533.97,719.37,3544069#PR7vr16wwFJkG9n,0.1,-1167425.3400,-3531241.460,2006-11-29 08:16:07.000
536,1057,1,1,7,4,132,573,1,1274630#fy1RcFnIcGti3B9plD2eemvfdJqEfwsGmKVtO,-881954,-811099.9800,3613345#WUvYPKFzoUoQTEMMUylljK8lh,-1875289.86,false,-2118241.93,1359.61,4239775#Lec76hUxcqcpxh1,0.0,20989.8100,-5041015.200,2012-06-17 23:37:35.000
537,1049,1,7,12,9,560,875,1,542654#O3Sx1RRlVJfEGbIDfmu2rH0KQDLHsS5sk88TJ,-1160097,-3803360.4600,1629703#3JOfwtF0UbznZUuQJQasCz5aK,3137352.42,true,663407.58,1303.03,1360021#JBFdYGhHQ5bUsjV,0.1,1024571.5400,-497125.400,2013-06-13 20:19:40.000
538,765,2,1,10,8,517,999,1,2518675#KRbCM7CuEVZZSq9pSNzFZP7YTC7QdWafFvRYb,2261434,2911335.9600,3257654#LM1bx8H3NKHJUYatS6QjrBZiX,-2661906.68,true,2117887.25,1451.35,4684570#UPOSIJLdghY05eU,-0.1,-274357.3300,2958116.190,2013-04-18 16:23:17.000
539,1136,1,7,7,11,583,321,1,2725737#oONy6LEWR71t6ijY6sWOvVYzV7BAgUn8vVouW,4774384,-2294469.1500,3497353#jo7LnIAz0JNOqsIvzovAOHlyo,-2886511.22,false,4165389.62,662.96,3275417#KeeCxktFw1zFqjs,-0.1,718671.3000,2529413.520,2008-05-06 04:40:57.000
540,1170,2,2,10,11,279,981,1,4563321#WDBw4r7rKt0xZo5dBE3D1hjqxnh1YYFZDccoF,-894932,5129231.1900,642785#Gv5TH73s83jVbOlShLriyPTVe,-871219.27,true,3472470.89,338.80,2569999#ODTfa65LqYxnxyq,0.2,535393.1200,-2799620.990,2008-04-03 02:42:15.000
541,1410,2,4,2,1,366,966,1,2762262#gAQoU13CquMtkjGjmtM4jYRH6auqKurfmTDrB,3810640,-2807110.7400,2869966#GwZWreRekxIq0oPahmGory0Qg,-4902878.35,false,3817942.00,439.59,4537007#b4i62neoqkiCldL,0.0,1356587.0700,-3718685.840,2015-07-08 08:40:04.000
542,1288,1,7,7,6,318,921,1,16747#NxlIVRWPSqxOrZXW5xbHAgM4IQ0r71A65z8Aq,-4398353,3456411.0200,2579601#ulvety4uo6HexJtqaBKNdtkmO,-2074006.26,true,-442903.75,202.73,4336485#BszUa1hG3orfErH,0.2,80572.5700,3416063.150,2015-04-03 00:08:47.000
543,415,1,2,7,6,404,228,1,4598081#EfSSrSlWf9EYO6qbcIdKGeKtL7lccStYiwffO,-963186,3818582.2900,2594979#2wgAUnlLmBSyHsv4lygw3BYRA,5432921.80,false,3548226.01,-103.64,1321512#WyqMGmDAKvAFBSI,-0.1,133678.7000,1355201.920,2014-05-22 13:21:39.000
544,197,2,7,4,12,343,861,1,3174478#GKdfXoB1NZLyVfFqONoO2vLu2syhQBozHXybH,-4213572,-525638.2700,3355031#1jVzwVMhlSvoZV2hGiRzLApop,-1675700.81,true,1795368.16,1281.42,1985282#Aq1f7y0F4f0ONmd,0.2,-1236803.2100,-325467.980,2011-07-21 15:45:57.000
545,101,1,6,6,6,987,532,1,4410094#HkO1e7hLSIlDKZgLVhi3HwSPbSVPHU1rCNBgP,3130042,-5376683.5000,1598935#EnIyY4Ml8xeUrTeLwvso1nSjz,-3369936.40,true,2351018.67,-1409.04,3198834#luDxjC8uExgy20G,-0.2,-1543303.4700,-2885027.210,2013-01-15 04:20:09.000
546,585,2,2,2,2,246,835,1,1887048#cfjHnQ16OVhFmnTXT1ZdwDhPbY9LvIVsuICXy,47120,1054453.1000,4398589#ahciJxYbKrMo3n2odpWu5wJrQ,1434301.05,false,-4977229.70,402.13,2334372#56EN7IjfZJThlxc,0.1,-237321.9600,5361169.910,2008-01-10 12:07:49.000
547,758,1,1,7,8,795,573,1,3431464#7beR5tAPLRuuF3KUOtkfvVXB8GzwTCJTrJkjY,825453,4111127.4100,2695807#kgiwHTrXxq4y9RxqdF3ZpdIq9,-4892568.11,true,-1779045.50,585.76,966932#bW9Qn7Yv1o31OVw,-0.1,-289849.9700,-4933202.120,2007-03-19 14:22:14.000
548,66,1,4,3,2,377,826,1,4100863#oDoU6yLnDHmsbwFYsiCZBfjmKLMPA7s41OyA4,2020506,1774552.9600,1511054#798uDNnZ5yiHoYQfZaLvQVPPq,183836.22,true,788547.00,1251.93,413714#hvkMAwIJ4lvdkwX,0.2,1449303.4000,4727456.560,2006-05-28 07:53:46.000
549,1451,2,3,11,7,753,1249,1,351601#vldcZ9EK8gKQPwhNr4VoyNqvhRXqve5yPApax,-597569,4890126.3300,4214530#GL6oixvl0a94gd9j0VY0z47fH,-3000755.37,true,-4536685.83,-403.66,1017851#WGx2fXJe2EQRcmw,0.1,382421.4100,-4923075.450,2011-01-29 13:30:21.000
550,687,1,1,8,2,861,661,1,108091#KPgeSncXMVb3H8SVCC4UVt9yN27OEiW1vLXFk,-1650273,2593163.1000,2491660#pUG1iSj5FBNOUjHwNyytJqxFt,-378528.26,false,2885369.20,-1911.34,3949507#JMubClIaPFYljj8,0.1,-429682.9500,-834105.900,2013-12-30 14:11:51.000
551,890,1,1,9,10,120,470,1,1058115#A0J9tdx8PXmbmAOFv3kOCm99pGJLs5YD3erDb,-2378318,3848394.1200,236752#BDl8Cwmd2uApsXoiQ4vPfcg2l,-2705028.22,true,2336940.99,1921.26,3172613#9WY83xjGtCLoKMx,0.1,545264.7200,4772639.940,2017-06-13 01:34:19.000
552,835,2,1,2,9,161,50,1,2523645#1uMlGn7fhVp8e4eEGxVdFcrwdvOEKljrJrav1,-2842116,1152789.2200,3989402#h01GfmSE3NaXl7HrJOp250XL6,-2860763.82,true,-9811.78,-1793.63,1741397#3tyzKNcxCULfuc3,0.1,-366846.9200,2694752.660,2005-04-18 22:17:25.000
553,1319,2,7,11,2,566,935,1,2631271#SOBE36dZvKTZ5zhyBHE6YGleHfYPoC4UWYX4c,5130540,3331992.7200,4277175#DA68eE9U9YPq5fOCNGpta7GFr,-2823502.09,false,-5140950.15,-988.41,4476002#E0UelhSJvdKziAf,0.1,646012.4800,-4557702.180,2012-12-13 08:25:22.000
554,798,2,7,10,5,150,316,1,5441011#jyJXS7qrUM8tKT3MmRvxNfRZoOyh647PlkQuB,-1011942,-2452032.1700,337748#Jj2DxHkqMKJzpgHp2EqgCyFW6,-128116.19,true,4581227.27,-1576.95,1517128#fDDTLBgnwYLQcWC,0.0,975280.4600,-1718340.650,2013-06-25 01:53:42.000
555,151,2,7,4,10,617,292,1,1996967#sGXYcYq8Da4bKtidCFxSpyJFQDEkObbH7TjSN,3605920,1427451.2800,1938230#UsPrWV2WS8kpYSVFlSLpVdize,1732716.49,false,-5122637.32,-1073.02,4937046#ELwDzHdbe06tAJM,-0.1,2000642.8000,-2093396.260,2009-11-13 17:37:50.000
556,1316,2,7,10,2,720,412,1,372115#A0J9tdx8PXmbmAOFv3kOCm99pGJLs5YD3erDb,1985835,-4931254.3300,2580325#OzrknMgXzNhe4lTLoQIIf9Kea,1828535.26,false,4858637.07,-466.10,4117352#JYbi1hCem9RiHW0,0.0,1447558.0300,-3046085.040,2018-11-16 16:32:43.000
557,276,1,1,11,3,341,161,1,1735210#O9HBOhAkxeaCROx393lt4lWWlIVyTsKxiQK9H,-4848798,-1639663.7200,929350#0SG62bNi7x88JdVjBlGM3MKhY,790094.84,false,-2203307.07,1556.01,3916437#dzXyA2QVDA3trdu,-0.2,1205844.4400,-2186403.140,2011-07-10 15:24:17.000
558,237,2,6,6,8,968,769,1,5043926#LD4mP2Sr9DPA2XRBbrz5cqy4jKiAxoGcWJwWQ,2836774,-753541.6400,5532421#vqnPpCb7C1fxxLDRmNNArtEt9,3959950.68,false,-3764438.11,-866.05,5009927#CnDzlixJX71N5S8,-0.2,-904722.4100,3565643.320,2005-03-03 10:43:01.000
559,46,2,6,6,1,268,972,1,1166081#EfSSrSlWf9EYO6qbcIdKGeKtL7lccStYiwffO,-1679860,-5497889.5200,4267215#XVCDySM9t6WCdzgbHV2L6YMFA,4503573.62,true,-4402283.75,1542.54,1255584#BejtDEBbiiPAWVE,0.0,-901605.1200,2456000.860,2005-08-29 04:28:33.000
560,543,2,6,9,12,418,519,1,1038820#r2OUW2JYZd2rQczHxg49UKwIvO0vLTJ2R6G4e,523060,-533112.0000,483172#WvJshzvZHL0gTaF1yFYQY7k8i,3972236.19,true,5168445.11,-2173.60,2385293#DofnWz16Ln9txmP,0.1,39835.8800,-925735.360,2016-11-12 11:54:43.000
561,124,1,1,9,1,113,886,1,3418988#eHwS8ouBQfz9Ouanv9TSrr6iaoLSi9niO8pyG,-3036311,3697200.8800,2751542#NS1E6r1u0Imq9lEVW4oqzanBg,-3747983.59,false,-3150219.75,1166.60,1353307#qM3wuMsc3uBxybn,-0.1,1214484.3500,2894738.590,2019-06-03 15:38:53.000
562,1058,2,2,5,3,212,1116,1,70985#esfa6qftIfvQr2M9hUHykV0tOkQ6QQGBmrw24,319504,-1937705.5400,4506079#9a6D9x4ExHmxJQPfnvSvXNMZp,1490896.60,false,-3854497.60,-1517.18,1185533#WE5hO468qDFPKdn,0.2,-996092.4200,89636.400,2015-03-08 17:19:32.000
563,831,1,2,3,12,671,565,1,1250618#q7ao7foLEjGULbMynBhuUvq5PzyxvPhX5rjkX,-5366295,3378845.2700,2684293#CguF1AWIpMsjt0Fmsv1ztR2id,1048845.82,false,-2462373.63,232.51,5288691#4HcmwUYBHaL59Th,-0.1,-1657683.5300,712550.730,2004-11-28 16:14:39.000
564,358,2,5,3,5,663,882,1,1378254#Fz8BJcYVg2b0YCA19oxosHm4OOCgNZzsEU1nQ,-4713014,962562.7100,2785855#a1Ujt8u4ccN9aeTQkhy3vszt5,4554818.93,false,3047289.88,-391.41,705955#rpUg28DqhfBiSOW,-0.2,1703183.4500,2175814.420,2017-06-20 15:09:03.000
565,593,1,1,4,8,984,835,1,4627417#XFkUQPHfL1APS4TZgyYc26yOWhfafVtOGcIZf,141188,-4230775.9400,3077253#thV57MrKNI0rzCHrapIpIqtMb,-2290453.96,false,-875894.61,-828.06,5559948#sUXZle3rchwBYEo,0.1,-915987.1900,2131081.840,2012-08-12 16:16:58.000
566,471,1,1,4,5,298,564,1,777287#POvW6D8nJw5YTy0u9RjQRQZjg69NNvV0RHN4w,1767984,-2925811.0100,1292706#B9onznfHxfnO9JKvQ7D2gq7oI,1770840.90,false,3693562.03,1638.40,4341315#Z3xZf1VMpxFcv0W,0.2,-1843710.9300,-3073824.490,2019-06-29 16:56:39.000
567,100,2,7,2,7,168,681,1,1510730#Rw6OTq8zASmWjUAnUWIK3f94HUVZYecBL6cTa,984709,-3062975.7300,4057424#2uXFomyoJW37Y872QOcGtttCS,-4889529.67,false,705107.17,348.51,4978096#tiwanCqenLLTOgP,0.2,292518.5200,-243511.830,2015-07-31 03:31:28.000
568,648,2,2,6,3,336,1294,1,1285505#baqWFXD0jtZkbCM74qOqHcTthtBZmOzuqCUTx,94539,4945325.3900,549303#YaO6bP2iF1JMvkaZ5IPGdqsvN,-2048233.14,false,86050.78,1350.03,5643961#5xNLd8G66DYYRe1,-0.1,-375692.7400,315272.910,2007-10-12 08:30:28.000
569,1257,1,4,9,8,834,532,1,826632#L7fcdnSsgDPbqAOxhEaPoDTtFALu7jqPmp36o,3940000,4858092.5400,3661952#pc8UeX4abRai92ExhmDrTAvIC,-4938743.18,true,-533871.91,-573.25,674440#CYkRK6gt8Vzodpj,0.1,756416.2000,-5257217.950,2007-06-21 07:13:39.000
570,965,2,1,10,11,815,171,1,3499535#ITzC36pHxcAzxcimZe1tF0owDkBG9i2qBLKDX,5463712,-5294381.0000,2290579#11OFxykhHDIv2cctnrAZ9QPYQ,-81120.86,true,-526999.27,-1375.07,2253721#cGM4kRySkp5Jt36,-0.1,1386453.3700,-4305342.620,2013-09-17 15:30:59.000
571,1358,2,4,6,5,901,639,1,327314#tvC3xmOG0mMiovewt5PthG9ORZ122qle17Zb7,5513868,101480.1300,3476137#vgI9WI3kXZPnN4UiZyXoikYXE,4109766.76,false,1379004.93,-255.19,1715109#q4wLo8MxxZ7JFC8,-0.1,155560.2300,-4686.710,2007-01-31 10:39:15.000
572,238,1,1,2,7,701,1225,1,1926604#6WbKG6ina04wrNi7UV2Z1AbIkhts4zxGSXMSH,3755660,3237261.3800,3905033#TSNQCh54JbXMmaFDZdRpDtLEz,3924732.24,false,1192759.47,-526.43,1878437#dzXyA2QVDA3trdu,-0.1,-2142448.7800,-4414189.420,2016-06-27 01:05:12.000
573,635,2,5,8,3,1,1303,1,1740350#dDLXuWtCtpW7ycQUlIwmEg0DDyh2uq58FKrSs,1256146,3101045.9600,4367154#tUCNMilPZjAW7dao9SxaFn4ps,-1440452.07,false,5355331.81,1733.63,1282343#P9XFaoplbQLCkZo,-0.2,1422329.9900,65344.610,2020-03-02 10:52:17.000
574,723,2,6,5,1,500,762,1,1684965#DDwnyMVvEvFXetvHcoMSvcIO82QdnnwpMFZAG,4138017,-2307752.6700,5718570#QgAglXRVx6Gi1iTAfc2HMsevO,-1259900.28,true,-3732532.41,483.77,3953576#uNIJaHYW1FRBxe2,-0.2,754876.3000,2097916.890,2011-02-23 21:28:39.000
575,1312,2,1,10,10,656,1259,1,766381#oR5PnjvNRfgcESP8XCOVQi0jaew5mDP30zcXm,-4487397,-3655119.7600,3641452#3vrezucStrK8nsYlR51QHlP5K,5281576.44,true,3776079.83,498.98,3934540#kTc6rVvPpmgLGMI,-0.2,511013.8000,741149.250,2014-01-07 07:30:10.000
576,743,1,2,2,7,229,562,1,4817346#KEpDiaEaOiOqHwJe9RtzleXmORa9ywF8hJEsN,-827037,-1918861.5100,4180216#3ZJWVK6tOPyL3g91sWpRpEhKg,-2588679.49,false,1337190.38,1493.66,2662195#gk2Gq5cTBcLbRHl,0.2,627007.7600,-4671564.430,2010-04-23 09:14:47.000
577,187,2,7,2,2,79,386,1,4095409#d74dOtOSommtH3JcISYmUl9hQhI7x7vCom3t1,-2475332,3691871.6600,3430113#A78ZaIeXmhVLVU5z2cMGYNckI,-3449096.92,false,2580135.69,819.63,3693379#nTieJPTmJivNENL,0.2,-334674.8600,-5696393.260,2012-08-07 12:39:39.000
578,1293,1,4,11,5,530,963,1,3924708#LuPjPmHAwRNSPSp9oQTOxQW98LPy6TjQv6lyO,-3918860,-3472914.8900,309026#XaPjIGlVIO3JU5tnuzZTPmIXi,3381996.83,false,-4041809.77,446.53,3458391#fpFcZmkjXzE3gv6,-0.1,657729.8100,5737537.070,2010-05-31 12:12:28.000
579,608,2,6,10,8,133,903,1,763540#IywQrDCQxYAbq1fMOM1BD2qgW3XYGIUjGmf9E,2123687,4379120.6700,4141374#AfxBGmURvhTBwmLLIfeexmx3A,1374735.37,false,3140201.95,2047.21,1056370#HMKMZQ6KVxp3ZpO,0.2,1273993.3200,5441618.880,2016-03-15 15:09:49.000
580,472,1,7,3,7,289,398,1,3900414#5IttC3vX3frfaN2yjqEBCMRDBjGTYIn9S0aSw,-2714735,3785648.8300,1827461#Y3SOGTMsM5ulY1uDHPUCrTeKM,3510752.06,true,-4536886.15,942.49,2635464#emMHTV1R3wnlGHt,-0.2,-1037921.4700,506382.370,2006-05-26 21:50:54.000
581,580,2,6,10,10,254,780,1,540732#So0J3wQR6ya6KGgxkuhihumWXr4PQMroFrpPO,-3695840,661536.0000,2043124#Hpk0JOK23wZAk9lmjBHkKz5w3,-2471595.28,false,5489882.23,1266.09,3745286#hKbUioHcblAbJmz,0.2,-556840.4100,3263042.540,2008-10-03 13:12:05.000
582,1471,1,4,2,10,532,438,1,4303403#gdVP6kIPwiulc1X6YMjetn8TdFJF23qpmSvPp,4625838,-3513425.9100,4681927#68fbksI8jRA51DmrT17OIFlHb,-1843215.89,false,4524532.61,-1272.74,5750572#Lsb1kmnlrgmdHQq,0.0,-1818023.7600,607932.790,2018-01-24 03:54:25.000
583,874,2,7,4,10,903,866,1,3612142#KlwuKZelXc6XA1eg8yFU9A46ijaMi2GQgBh20,3468208,-2336187.0000,567113#A78ZaIeXmhVLVU5z2cMGYNckI,-2260892.74,true,2350014.57,751.88,4359103#utTw56N6VeAOnHr,0.0,1451479.8700,-1438242.000,2019-05-20 09:13:19.000
584,62,2,5,5,10,673,1079,1,4166172#W4EdM2awzpYbIHvP6uJrGCy0a5VlD8fzbM9DY,-2096981,-180790.4200,1312817#wmg0Q8LRH9ttFuEjXXnoiFaYu,-5283055.93,false,-634791.48,-108.01,2152497#O2cfze5YyeZBwxf,-0.2,1589754.7300,402347.540,2008-03-14 05:31:09.000
585,1088,1,1,4,1,528,255,1,3899313#BIS4TNuU0GlrJ0zaEWW7Ps1ncxPkztUkUfu0w,5650262,-4621200.7200,4377612#qhK36gvkjNsdio3RD2Rm15q1D,-1717961.80,false,1493726.47,825.37,3875155#hGVXq0aPKwMQqCn,0.1,-1277316.8400,-3860820.960,2007-04-08 08:53:29.000
586,1163,1,7,4,11,621,586,1,1393421#QagY4Re14NiVl7f8c0ks2GjlF0TFDVW6Hk3nA,-964473,-886579.9800,3949704#Czwa59EB1T2QvyqclJkQrL2e6,-2049564.86,true,-2315784.93,1531.11,4634999#ODTfa65LqYxnxyq,0.1,22464.8100,-5510643.700,2012-09-01 17:58:23.000
587,1330,2,3,5,10,649,1068,1,593041#a1lcCfk4DdNzDPw89bTIGTH64Hjc27ijGEIUA,-1268235,-4157935.9600,1781013#uGxwul8sKuZouDHO4ygqHJP4P,3428873.42,false,725726.08,1445.03,1486104#h8Dc8bZAyRcHrpz,0.1,1120755.0400,-543585.900,2013-08-18 23:27:33.000
588,422,2,3,1,2,274,352,1,2752461#FhAHeNneuz2UpneKljilNFlHT786oXYV3lniR,2472487,3181574.9600,3560322#gmx2huUC28pUi3lHgkWjAsbH3,-2909777.18,true,2315509.75,1548.35,5119125#qEJaPdFO89C7YKK,-0.1,-298947.3300,3233013.690,2013-06-25 08:31:41.000
589,693,1,2,4,7,418,1162,1,2978154#ZQzqlf9iI0CYCEK0RtroHMtiBhQWQ8gocrLaE,5216997,-2506654.1500,3821405#HiiBI0yrEYxTSss8C5zMmbbuM,-3155176.72,true,4551368.62,749.46,3578438#JQEq3wJNYgiI5nr,-0.1,785170.3000,2764467.520,2008-08-30 10:34:54.000
590,484,2,6,10,4,469,425,1,4985612#4SZZHuyTXYOdf7I0L9Fi2wa9Kziunw2mITUVy,-977357,5604475.1900,702248#dEiHCdbZ73R3CWr4h9hZGeyCQ,-952283.27,false,3793215.89,361.30,2807440#CYkRK6gt8Vzodpj,0.2,585076.6200,-3058058.490,2008-07-29 07:25:21.000
591,563,1,2,11,7,943,586,1,3016997#0RfiwMS8CSSqxmyq9jDY5tBPslOCUQO6FjXV1,4163240,-3065738.2400,3134620#AB1tCMqG122RsO8hCAPEPgGfe,-5355664.35,true,4170437.50,509.59,4956322#4SYHwnySHF6SXVk,0.1,1481359.0700,-4062408.340,2015-08-23 08:41:19.000
592,98,1,3,12,1,988,32,1,18085#zcv7HnlidXAfKhesBFo1byj7RaV52KphKTuZ9,-4803366,3775399.0200,2817456#N5wI6EgfFTQo1WnMn9N72Zvbr,-2265854.26,false,-483632.25,264.73,4736071#mKLS0IePNRAgy0P,0.3,87252.5700,3730922.150,2015-05-21 14:55:32.000
593,1232,1,1,7,3,809,1033,1,5021245#lTOOvMK4yA07goF3Ei3XFC4EtqUTvQ8YsIR5v,-1051092,4169822.2900,2833465#UBWyCNSPuqo63fFQl6hIMMOGz,5932432.80,false,3875090.01,-98.14,1442618#NFUPwQhbk0jQ6t0,-0.1,146849.2000,1480026.420,2014-07-18 16:23:34.000
594,1075,2,3,2,3,566,131,1,3465773#QjC3f7n6Tvqe4kzhLyquZCaJFdg1rg62eZJYv,-4600847,-573742.2700,3663392#kKX8B5eIf6LeKO21Snf8tN87B,-1829493.81,true,1960848.66,1361.92,2167622#DdW9HE9whxtk8JK,0.2,-1350490.2100,-356090.480,2011-10-14 16:34:39.000
595,820,1,7,5,3,278,253,1,4814635#9eAOD3mDtJMdmfc3QZDi16LHeccHfwVUdxvQD,3417667,-5870102.5000,1745389#bjRrtY0HpEJwVhB2NS4aoZEhm,-3679371.90,false,2566481.67,-1550.04,3491653#kat3zBiQA8MoBur,-0.2,-1684144.4700,-3149124.710,2013-03-26 15:01:11.000
596,638,2,2,12,8,494,789,1,2059500#80hXHpobskplW4lMXOm5bvAh7QWZNLBlyhVQN,51520,1150953.1000,4800506#cmghjr90j39tFvD3KMnIxhIXg,1564894.55,true,-5433621.20,413.63,2547933#bjIIh1SVWrsnmLm,0.1,-258700.4600,5852884.910,2008-05-09 07:59:51.000
597,1200,2,7,2,4,320,315,1,3744400#SErJCVun5bvqNSLWpEM3LQane3IZu5JU8ZqOF,900271,4486770.9100,2942007#cxIVzrIYuJcIYYzV7ZHYKDGbN,-5340648.11,false,-1941056.50,626.76,1054836#86VJyhVzFo84MDs,-0.1,-316569.4700,-5384932.620,2007-07-25 11:51:26.000
598,1455,2,2,10,6,318,596,1,4474734#DjSwL3g0LNKsdM0lBdmYbBrc0QbOcWbKJccin,2204575,1936730.9600,1648586#cuk12nLpWpaQVJwwHeDExF3DH,200293.72,true,860616.00,1394.43,450779#vB7isGpi8s9bmTF,0.2,1580816.9000,5158480.560,2006-10-11 06:09:06.000
599,828,1,1,2,8,680,796,1,383404#9VwdGloz77nPtsEnJCUxpJKq9cS1lg5irMWnB,-651589,5336165.8300,4598276#3qQGoJcK16AivoDvQFkfS1VyI,-3274051.37,true,-4949657.33,-406.16,1110455#YIAcozhPQvE6jNf,0.2,417470.4100,-5370829.950,2011-04-29 11:55:11.000
600,1046,2,2,2,11,862,736,1,117642#t5W8JkDJCnp5C5HICVuHKRkycDUbO68rZS55a,-1800298,2829228.1000,2717430#Md4lSDhStpK8AorfMJCh5vif2,-413036.26,true,3148373.20,-2066.84,4307903#MMhZfKIpoLErhzx,0.2,-469012.9500,-909223.900,2014-03-01 19:02:44.000
