1705,143,1,2,4,-11713958
1706,133,2,1,28,5083021
1707,117,2,3,24,-13792316
1708,82,2,1,2,-8757711
1709,142,2,8,26,13311187
1710,158,1,7,15,559011
1711,66,1,7,23,-805771
1712,85,2,2,27,-11337915
1713,67,2,6,36,-3045095
1714,128,2,1,20,-9139691
1715,36,1,2,16,14790147
1716,69,2,6,3,16764333
1717,3,1,6,18,4806027
1718,60,1,6,24,13572619
1719,43,2,7,41,-3534976
1720,132,2,1,12,-6217172
1721,73,2,1,5,-489657
1722,16,2,3,41,1787471
1723,128,2,2,21,16724079
1724,119,1,9,41,-15180394
1725,123,1,8,28,-10897900
1726,30,1,3,1,17249774
1727,176,2,7,7,-6416713
1728,136,2,4,8,15830404
1729,17,2,4,21,15718214
1730,70,2,1,38,6704979
1731,175,1,5,27,-10218638
1732,23,1,4,2,-14712956
1733,128,2,3,36,15384425
1734,97,1,9,41,2698903
1735,74,1,4,21,2674079
1736,7,2,1,27,6595344
1737,21,1,6,34,13826151
1738,110,1,4,16,12122158
1739,45,1,6,27,-11631401
1740,68,2,6,30,9019012
1741,54,1,3,20,-14933117
1742,121,2,9,14,-8146828
1743,153,2,5,37,11098065
1744,43,2,8,19,6985859
1745,158,2,4,31,10710652
1746,139,1,2,34,415063
1747,151,1,6,25,1964818
1748,8,2,6,10,9082728
1749,128,2,5,8,13244456
1750,98,2,8,40,-1812668
1751,77,2,5,2,-11733068
1752,107,1,5,38,-7891157
1753,125,2,5,4,188432
1754,75,2,4,35,11841981
1755,169,1,6,24,-12057704
1756,143,1,6,17,5231828
1757,86,2,9,30,-14196127
1758,167,2,7,10,-9014226
1759,73,1,1,23,13700668
1760,48,2,9,28,575467
1761,45,1,8,25,-829064
1762,88,2,1,24,-11668859
1763,71,2,3,34,-3134054
1764,125,2,1,28,-9406446
1765,112,1,3,14,15221353
1766,138,1,2,41,17253024
1767,1,2,7,8,4945846
1768,112,1,8,6,13967811
1769,42,1,8,23,-3637574
1770,8,2,7,11,-6398101
1771,48,2,8,32,-503997
1772,103,2,4,23,1839515
1773,161,2,1,11,17209353
1774,6,2,7,6,-15620454
1775,52,1,8,15,-11213995
1776,47,1,2,5,17749755
1777,49,2,1,11,-6602304
1778,11,2,7,7,16288344
1779,125,1,4,40,16172991
1780,48,2,2,37,6898612
1781,101,2,9,21,-10513694
1782,27,1,3,4,-15137898
1783,30,1,1,3,15828454
1784,135,2,7,26,2776828
1785,40,1,4,37,2751200
1786,87,1,2,25,6785016
1787,19,2,1,41,14223925
1788,29,1,2,23,12471003
1789,28,2,6,30,-11966069
1790,28,1,7,40,9278302
1791,89,1,1,26,-15361886
1792,113,1,1,36,-8380384
1793,113,1,5,35,11416675
1794,159,2,5,9,7186110
1795,13,1,7,7,11017560
1796,36,1,2,1,427201
1797,170,2,4,30,2021306
1798,166,2,3,21,9342728
1799,123,2,9,13,13623168
1800,21,2,2,5,-1864583
1801,107,1,5,38,-12068060
1802,160,1,5,4,-8116487
1803,82,1,4,3,193985
1804,107,2,1,16,12179290
1805,19,1,1,2,-12401450
1806,153,1,2,6,5380635
1807,55,2,6,36,-14599938
1808,76,2,3,19,-9270741
1809,4,2,3,20,14090150
1810,114,1,2,40,591922
1811,23,1,9,27,-852357
1812,91,2,9,21,-11999803
1813,74,1,8,32,-3223013
1814,122,2,1,35,-9673201
1815,13,1,4,11,15652559
1816,31,1,8,37,17741715
1817,175,1,8,40,5085666
1818,164,1,1,30,14363003
1819,40,2,1,5,-3740171
1820,60,2,4,11,-6579031
1821,24,2,6,17,-518337
1822,14,2,5,5,1891558
1823,18,2,8,1,17694627
1824,68,1,6,13,-16060514
1825,157,1,8,2,-11530090
1826,64,1,1,10,18249737
1827,99,1,3,15,-6787894
1828,62,1,1,6,16746284
1829,57,1,5,18,16627768
1830,25,2,3,36,7092245
1831,27,1,4,15,-10808750
1832,31,2,2,6,-15562839
1833,107,2,9,12,16272482
1834,173,1,5,10,2854754
1835,7,1,3,11,2828320
1836,167,2,3,22,6974687
1837,16,1,5,7,14621699
1838,124,2,9,30,12819847
1839,11,1,6,33,-12300738
1840,164,2,8,8,9537591
1841,123,1,9,32,-15790656
1842,105,1,2,17,-8613940
1843,73,2,5,33,11735286
1844,99,2,2,41,7386360
1845,44,2,1,26,11324467
1846,109,1,2,10,439338
1847,14,1,2,35,2077794
1848,148,1,1,31,9602729
1849,118,2,4,17,14001880
1850,120,2,5,12,-1916499
1851,137,2,5,32,-12403052
1852,38,1,5,12,-8341818
1853,39,2,3,2,199538
1854,139,2,7,39,12516599
1855,45,1,5,22,-12745196
1856,163,2,7,37,5529442
1857,24,2,3,42,-15003749
1858,161,2,9,27,-9527256
1859,111,1,5,17,14479631
1860,4,2,4,11,608378
1861,2,1,1,29,-875650
1862,94,2,8,18,-12330747
1863,78,1,5,30,-3311972
1864,119,2,1,1,-9939956
1865,89,1,5,9,16083765
1866,100,2,4,33,18230406
1867,173,2,9,30,5225485
1868,40,1,3,12,14758195
1869,39,1,2,29,-3842769
1870,112,2,1,10,-6759960
1871,175,2,4,2,-532677
1872,101,2,6,29,1943602
1873,51,2,7,33,18179901
1874,131,2,4,20,-16500574
1875,86,1,8,31,-11846185
1876,81,1,9,14,18749718
1877,148,1,6,19,-6973485
1878,113,1,4,5,17204224
1879,165,2,5,37,17082545
1880,3,2,4,35,7285878
1881,129,2,8,9,-11103806
1882,35,2,1,8,-15987781
1883,9,1,7,21,16716511
1884,35,2,3,37,2932679
1885,149,1,3,27,2905441
1886,71,1,4,20,7164359
1887,14,2,9,14,15019473
1888,43,2,7,37,13168692
1889,170,2,6,36,-12635406
1890,124,1,9,18,9796881
1891,158,1,7,38,-16219425
1892,97,2,3,39,-8847496
1893,33,1,5,31,12053896
1894,39,2,8,31,7586611
1895,75,1,4,2,11631375
1896,6,1,2,19,451476
1897,33,2,9,40,2134282
1898,130,1,7,42,9862729
1899,113,2,8,22,14380592
1900,43,2,8,19,-1968414
1901,167,1,5,26,-12738044
1902,91,1,5,20,-8567148
1903,172,1,2,1,205091
1904,171,2,4,20,12853908
1905,71,1,9,42,-13088942
1906,173,2,3,26,5678249
1907,169,2,9,6,-15407560
1908,70,2,5,36,-9783771
1909,42,2,7,14,14869113
1910,70,1,6,23,624833
1911,156,1,2,31,-898943
1912,97,2,7,15,-12661691
1913,81,2,1,28,-3400931
1914,116,2,1,8,-10206711
1915,166,1,6,6,16514971
1916,169,2,1,29,18719097
1917,171,1,1,20,5365305
1918,92,1,5,36,15153387
1919,37,2,4,11,-3945366
1920,164,2,7,10,-6940890
1921,151,2,2,29,-547017
1922,12,2,7,11,1995645
1923,84,2,5,23,18665175
1924,17,1,3,27,-16940634
1925,15,1,8,18,-12162280
1926,98,1,8,19,19249700
1927,22,2,8,23,-7159075
1928,164,2,7,4,17662164
1929,97,2,6,15,17537322
1930,156,2,5,34,7479511
1931,55,1,3,3,-11398862
1932,39,1,9,10,-16412722
1933,86,2,6,30,17160539
1934,73,1,1,21,3010605
1935,116,1,2,1,2982561
1936,151,2,5,17,7354030
1937,11,1,4,22,15417247
1938,138,1,5,2,13517536
1939,153,1,6,39,-12970075
1940,84,2,1,28,10056170
1941,16,1,6,2,-16648195
1942,89,2,4,20,-9081052
1943,169,2,5,29,12372507
1944,155,2,5,21,7786861
1945,106,2,7,21,11938282
1946,79,1,2,28,463613
1947,53,1,7,3,2190770
1948,112,2,5,10,10122730
1949,108,2,3,26,14759304
1950,142,2,2,26,-2020330
1951,21,2,5,20,-13073036
1952,145,1,5,28,-8792479
1953,129,2,1,42,210644
1954,27,2,1,1,13191217
1955,97,1,4,20,-13432688
1956,7,1,8,15,5827056
1957,138,2,6,12,-15811371
1958,155,2,2,2,-10040286
1959,149,1,9,11,15258594
1960,136,2,8,36,641289
1961,135,1,3,33,-922236
1962,100,2,6,12,-12992635
1963,85,2,7,26,-3489890
1964,113,2,1,16,-10473466
1965,66,1,7,4,16946177
1966,62,1,6,25,19207788
1967,169,2,2,10,5505124
1968,144,1,7,18,15548579
1969,36,1,5,35,-4047964
1970,40,2,4,9,-7121819
1971,126,2,9,14,-561357
1972,99,2,8,35,2047689
1973,117,2,4,13,19150449
1974,80,2,1,34,-17380694
1975,120,1,8,5,-12478375
1976,115,1,7,23,19749681
1977,71,2,2,27,-7344666
1978,39,2,1,3,18120104
1979,29,1,6,34,17992099
1980,134,2,6,33,7673144
1981,157,2,7,39,-11693918
1982,43,1,8,12,-16837664
1983,164,1,4,39,17604568
1984,111,2,8,6,3088530
1985,82,1,2,17,3059682
1986,55,1,6,15,7543702
1987,9,2,8,29,15815021
1988,57,1,3,9,13866381
