495,1795,1073,1193,4384954,2790164#naXwtfh1Dby2lH9g1y8qn,2979251,-2278610,-4197797,942506,1097772#aQQhOjLJYZSaWeWHRkSvVkZYgCVq1r34lhmzD
496,2058,531,473,-3323005,2881332#ECDykN4KxdO3Bq49mUNin,-2497637,-3522101,-2083627,1385706,2042693#zomrqhpCJ8Z2sQKJAt3Nx0N5rMssobxEFjDZl
497,1680,986,2191,3317281,470982#QjU33eCARY3MhWtRRgeF6,4611869,1233565,1651901,1070363,1637953#BlDt68Xas98bkxr1HkqSDkUQKvbZ7o05cwMWo
498,1980,547,1951,-3881772,4820118#Su6Mouc8AAy5y0EYwkZHq,3207635,-3112898,4104537,1337194,4372341#YO0zDJbwWwBMsr2dYQJ0gOT1r7PSPqOtBv17x
499,1883,167,1159,-2997206,1278360#NFkkkixl31vcLAKOw1k7N,-2742792,-916100,3970383,30720,27637#LOEB1dmwaAkpDJglSKBKhrffUNQBq62p0FXum
500,1568,154,1670,3343154,4639346#fbm6P4bVXBfFhx8GxYi9t,-2766087,-2697310,-289586,846503,861363#BnNxkjUiUvfbUWBLiH2uLaiTynCuyLckpF8Rs
501,451,95,702,2133519,4185191#7ZK0s9owmebDAoTFFTiGx,-1213872,4394473,-1779343,-426001,101468#qqJzGIJLT6xGTwD8ul9mGiqF35MJ71NRoFzyE
502,1182,17,581,4648395,207548#a46VujpKMGXYoCbCfLeoZ,4738069,-529764,-3208333,3174179,4432095#piPOPxpGP86nAg7QAGgXgLyjLPNYs7Gc3kaY9
503,176,718,2132,-752684,4155765#h5jjnzTCu10TTPCs6u87W,3502895,4004218,-2794892,5511,4032119#Jg5WsUmTU7jRyyssAyK5WUlXvdWrTkirtUFbz
504,231,1058,1980,204468,4762670#6tKsSjLbrSkFwifK2rsow,-2210308,-1794113,794844,2155200,822828#BxzmA4XYz18nIFfkd1YgTGaMTzf30JNn95CrY
505,1292,329,850,184331,2023048#leSQGKqAioBG5kQ6u2dKD,1606690,-602328,342137,-1114832,1733638#3CaiVSnU0tWwEv51QMHdTyyxa18Ez4qbumYzm
506,407,701,388,3845448,2294392#aupMLYSdHiRsriLCqU1Ji,1430295,-3625028,464136,1398320,3719473#DJRSNQqC7l01Nk5jPETltRnyONqNzJfxWy0RC
507,884,1241,60,2197774,4472412#R5CtbubTmO4bD80q7gBWE,-4806832,-4606429,2760420,205365,2684035#vZjE0jWR11PGWtwiW1SRrEYprCaa7u5Zssko2
508,1500,261,601,1389141,2437371#sZJFniLyWy5Dv1GRu0Rgm,2783812,170427,-593953,-2147251,468581#SVZY0VixJohxMA8RNZ6lL6bJGE9PbYRXhexl8
509,1459,186,786,1529489,3484304#6k6Z1WIXisAh3cb8HO3Eh,-2934705,-4315076,3265747,-3168973,2193999#EahjPghNgX4YPwBZl3EF1s4FWdIuVG3E2Gw8y
510,593,242,1127,3851996,4719086#53Es6Wafl9JOF8tOqj0dp,4635833,-4000540,-4994251,-4837104,4727083#1eavBCSRaDusw0qd7wgiPvdopQSLzchYK8j76
511,1269,607,765,1908132,2038013#NrvCUZ1LlCNOeRCQs5TOA,-3499778,-1231067,2377963,2911031,1941602#it5ZfEb4aDVl4x2Pie0EmRZgTlzTkYqIVe1co
512,1477,659,1682,1624298,4688139#KKDtfFEwyaP5ry7wTAaAA,2120374,1124015,-1381684,-457707,2080287#fxNS6I48x2wLi4PzhfhKiJGcdvHLk0MRgGwuH
513,317,98,690,-4805463,2616330#wVkIHbcawD4zBuFgBS4Lw,-2881136,3858994,-4385754,4247482,1149117#bKISua7FYf1y5jGJRwdCfKwYYPlLInVuM4bEz
514,1367,1093,1191,4350766,4896491#5hDWJa90KifoSZNDBW3lF,3806022,3044337,-2501810,590447,2775577#0jSbEqfJQuVgWRlU2Moxbnm5Q6Un3ASlb8ZpZ
515,1716,863,1940,-474320,4775807#7sdG5YbaladvmqwkItFAi,4515795,3422155,-4383028,-167446,2662583#l4LfpFJhu9LuFRwpaXoA7YRgBCvmWtJlaWjjB
516,1295,521,1809,-3461015,477952#ISPhQwnCwKEbIhH4XI82F,3816359,-5157027,3504077,-3873201,1703748#muFriUEKOelzpk1Pubyh8o5QodAAC4TooYMmO
517,1148,613,1077,-1992513,762960#Bdd2T80HK9Lj0H45q8HkC,-2544902,-1210366,2560014,-446216,3410656#p09aB2VBt6DWUDJOgxKIyi55j5wBZTprG5erW
518,1135,916,1749,4741253,1603673#cSpZabrehmQxStfml9fdQ,2768025,-4177978,-3356011,3052305,3412440#26qbp5Cv8E6qTXrUURN4Pzcd2MMXS2LEHvfnX
519,144,542,1611,4362594,3698791#WZ3nfVP6CYOw7oyGRn3S8,1361226,-2262263,-4257675,-2660033,4664646#YnMJbb2aGh5AruTGp0zARdn1jMo76z4z9V89j
520,1865,1117,619,-2960155,935922#tY8IikChK0AXI9DDOxHsD,-4102094,5043281,-3294760,174008,722977#IhVx3BQxK7nc453B2bWBLS5JWM44W76NfnGbU
521,984,310,1819,-2925905,294295#fmVmjteSIhw9WXD68tfEA,1529817,-2925947,2949526,3569199,563223#FTMMVmykYpTx2BZIi2Gu3JdNJkjOyJE818uwJ
522,931,312,1233,-2930723,3880039#SDzxGkYJBSjRkihErKYke,-2963025,-3351215,-4937379,3864966,1599586#jzbRO6XxGfwAjDyEbr2yxbDLppTkDbplrAKpT
523,1013,252,1758,4636323,478625#9qp7Vawf6sCtzQFfwHgtQ,-2064661,-2500534,-5186201,-1242275,2896928#0ar7qze8HmQ0eRLwfN9f3cAL93U5gFWmXl6SP
524,592,882,1180,-5040538,3603617#xThTxE9BBhlBSyQpXzaeL,-1362807,-4449811,2137929,3684517,4966394#sbtomkLs6LODyvEeZnBV4hApPlbVUujzOyCXQ
525,1134,566,1921,2217865,24819#Q4CPMjpm0ljw4X23X0grB,-2131308,-1444702,-4434290,-4845019,554091#23VUBrV4rpNecAWCnJdSyEkcs4yuc4n2JIFTN
526,1974,908,591,-1380336,2997560#x73rn0FEDhUOo8JJ2QJCa,57434,525840,-697286,4577061,1603806#vSu0tMZYSHclYBn0jlK9qLrlbw3hKcFS8RIRL
527,1570,90,1865,-1089811,4012945#g6mqs9O6qauS4TaUisZF1,2980589,169603,-883495,-1180214,2591060#QJiHbBx1wuWjzHri7Pm29JfRTvnpFRLxeEfkk
528,1915,1201,1717,-4379172,1949294#mbF88nryQrg8lQW1CC2MT,2784681,-2847703,2148739,727558,4279308#t11BiA5NNz0y2plJtHJ71vMTGlpUcTsyjjSM8
529,1943,372,229,-4071765,2206324#yBSwFyTyNoU3wKyhbKqZX,-5116068,-2248963,3415187,940370,227061#NPE6qpwrI9TfhtMV3W5C2yRqqOTdksk2Py7se
530,871,829,832,-424285,464264#Z0xk9dwnZ3uYZTZTlmClJ,2972899,2816484,-2589416,3689918,1187391#YhjHqNQyQ9ASRx7qjjWZH7OUBq1YTukq5jcL3
531,1298,117,1909,351012,3119945#g6mqs9O6qauS4TaUisZF1,-2756347,265039,3279018,-264472,1280951#9QVE6PqirNdejqnhdBK2945KY2xQWMqbViaSS
532,257,1027,255,-1633735,3211102#VqM7XthH72CQ4geLxbu2Q,4328703,18916,-2867744,-3768634,2399703#7pgNLK9R4x5PRKyd46ItRztkhCz4o872kJrNU
533,616,765,1743,-3198839,565942#j7KkjeiM2wJD5CUQx91d9,4086719,3153421,-562622,4297882,3825433#bfIXmyTDnGm3oZaVsMInZsf1d8f1fdykpqUKE
534,932,712,322,452074,1869733#hgE1aclfN25xePml7wx3k,4959894,-5170779,2751186,-4839135,2828005#4tZaRB8qWsk1MJiGTGem7BSP3Wqt6182cG6kg
535,889,741,1677,-862119,4349389#P3l9rnD3GyS47qXF0GwjD,-3965568,230237,-3862029,-1143960,1780791#VIXM0Mlkx5NQk2wBy3wPCSRj0J0R1q41PRTJK
536,1118,1214,1897,-4873752,880901#vTJScOH7w8MpeJLAHW6Yb,-1407972,4097510,2437686,-390719,4286718#rqM1lZFTxHAnlT9SZuwa3Adkt2DVDybLWgeFm
537,1647,111,1504,-1178853,4190132#xpT10MJU0Mh2GNr9YVXHc,1724956,-2728521,36734,2308104,3049822#13l2T4Ia7CfBPN3WwiL4BCtMfHZnsStckLUlp
538,1459,144,1011,672213,2287059#luSPYtHKLenVH0K1QQzr0,1812158,-2862138,-3662980,-1091866,1864360#REEBw6iQ5mraCMOC8i8a62q4k4Lju74wMTxyW
539,420,155,1370,3081319,628176#3B8KNNVVUGRN9XVc9QWKL,4029241,1121820,-5391985,2747835,1338090#KKXjk2xgYuZpvOGLG1Gj32MIhHu8dP362hRcG
540,761,225,1878,-1137144,1939365#zsUgKc0LvARKdWxJR3nwz,-4716727,-546492,-1020319,-2848148,3400307#LoEdp0WOoZBdm52c9AFSfSUR8f3G70SwEl7hA
541,1667,1033,462,4244119,2353290#4ZaeMI4rmW2Qenin6ZXZE,-302773,-4707988,-1652741,-2044578,1446735#qwsJGJpqEc1ao3mnUFbeBJugmNHZFpzrwoANa
542,1926,301,1279,3862312,486202#IrO3CKIFYtISrsgwOdR0n,-2830851,4779966,4072495,-2006193,5073300#lzEFRh1AXoMx7Uudg0NBl5dZSjrxHg3QreT91
543,239,335,1757,-3772449,5282765#h5jjnzTCu10TTPCs6u87W,2277993,-2716092,-4896025,-638445,2448997#QyOpSeAsMT5lM8yLshznYv59DkKK074MLQkVF
544,1755,995,1757,4845524,3616059#luSPYtHKLenVH0K1QQzr0,-865743,1667762,-5103890,-5055660,2311400#1dm8EDIlgW5IgIk7JKHSx3ZvSTgCr5YPKX7WE
545,814,844,195,4828764,3071938#q256ZZquRPryOy5iqJTNP,3279976,-2508375,-4622232,1036981,1207673#HZbv9gujsLPefboNpm0u7a2W4B2hqd4hWt9dl
546,1553,1075,437,-3657174,3170919#66mBtvc94wcnLHcSD23Vn,-2750137,-3876252,-2294674,1525906,2248522#y7zVwmRq1ZyLPBrIpsGhYP0MEmZiWpnPaZdOo
547,188,64,1038,3650346,517892#QJYYAU0NZQGWAUQ0aQm5g,5075619,1358393,1817759,1178101,1801944#LY7riWFl3tZLz0JBQa85B9pTjm6xJNmJIz0zW
548,543,495,317,-4272304,5303309#CITPzY1WUVSfwzrClA2On,3529623,-3425532,4516912,1471519,4810508#VTB54z2XjLmwsAkIeu2yGAey4Jn1P7oIYZinl
549,1050,1189,500,-3297394,1405520#vliZgUBd3GNnLRFVpmDGe,-3018136,-1007444,4368456,33723,29920#OcgKdChH9u1p2ZO6YEgoIwFB84zthawFR79Vo
550,318,211,1358,3677841,5102733#hgE1aclfN25xePml7wx3k,-3042737,-2966057,-319076,930528,946752#E6XG84DNmydZzCLdr4zt6REEyMeTzDv820sdb
551,1861,903,512,2345686,4602268#li6l1ApECxNU39hU2etDN,-1335903,4833339,-1956393,-469414,110937#LwXXCh8PUwYFZDYaQqOGrqnfpydiLUOnu2JcI
552,1198,716,422,5110478,227645#7LOC6dKUVH4jXL5W4lHEg,5210332,-581711,-3528843,3490929,4872587#PdRYfpe0vivvZoLpRJLC4wHNpdaZiJxsKX606
553,1693,687,810,-827860,4568848#XWqsgcZpovFDvZ7cpcl3G,3851770,4402912,-3073617,6161,4432209#gyTSuhoDAcVnLpm3bhEsRRQ07QUR2p4F12pFW
554,1130,326,603,224686,5234355#WUB6CMmO1eKoiLtXUnt20,-2430495,-1972217,873188,2368634,903743#hg9LthdTD6559IGFHeRv4Jb6Q8Tzg0IjumtPP
555,2012,1179,176,203570,2223264#Z0xk9dwnZ3uYZTZTlmClJ,1765528,-662555,375657,-1225382,1905278#4kWpaMSm8l4XxiyL31LJRTtbFMZ7bTwwqGAXN
556,1310,909,1260,4226245,2520429#bQXb6vyYd65ZJhai8TGjc,1571158,-3982288,509592,1536832,4086818#nFvhT606vr20X3Eb5IKBpCQpU6JEh1CeqYPqK
557,1325,600,1019,2415343,4913272#9AQq0UcWYNY8Y8OVpk85i,-5280282,-5061288,3032698,224990,2948391#YhjHqNQyQ9ASRx7qjjWZH7OUBq1YTukq5jcL3
558,447,1052,2012,1525133,2677132#xpT10MJU0Mh2GNr9YVXHc,3057949,187118,-651825,-2358401,513874#X9tTi2wkOVKu8DyhIOXjJKkHelQwvhlmKXNtb
559,194,937,1843,1680053,3825752#6Bj7quv2XfkBMSPfJYkrO,-3223055,-4738021,3586207,-3479410,2409493#jF2kUevCHUirTrwGc2C9DnApsG1BdyM0yGxCx
560,864,1205,667,4230227,5180820#rjsUmwj2QFOpXUDbc8nCm,5090346,-4393328,-5483087,-5310373,5189809#awveRJhfTIKNO9KlaIARy2G6OshbnO6rF3mj4
561,1814,396,2036,2094236,2236982#QjU33eCARY3MhWtRRgeF6,-3842578,-1351271,2610011,3196331,2130660#IX7jNhHP06fm3QRHndKQbGCR2naM8oEDFDRTJ
562,1451,645,693,1782360,5145631#e3HZNYzmdGOegJI1IT8ah,2328286,1232875,-1516101,-503082,2282821#tY6VWQfKh5jZ8RUiy5Bo5F24dAY6kabM21Pbk
563,228,2,721,-5274326,2871107#vAcWeWmHDMPCrW3xTf9rS,-3161373,4235993,-4812241,4662057,1260888#7nP3rAYXL0nY5rTN9aNhzhUi2o4lSU8YabxAJ
564,2021,480,1453,4773457,5372140#dYDyDYQ4CG3U0Gw71avYi,4177097,3340492,-2745401,647547,3044649#li5XYfM2VhnYRRrXFyoUIaJJ9t5k3zR0R3R8N
565,916,188,474,-520679,5239168#koaanNedm1AsEGG1yk79c,4954095,3753789,-4808878,-183536,2920261#lA3wxzM6TnpWrH6vZRPADSWxYFG2cPP4EpFjM
566,1997,578,2137,-3797097,523588#KrCBR6mchs4nT1atq7M89,4185434,-5656535,3844575,-4248776,1868123#VKlR0r3mfbeaWWj90mi1rgbt0NrymD0mcIkxe
567,1567,1168,743,-2184928,835865#Fr6UX5fXreAly0ksBzYIX,-2790177,-1327516,2807584,-490241,3739660#IX7jNhHP06fm3QRHndKQbGCR2naM8oEDFDRTJ
568,1216,511,1140,5198363,1757698#yJ7MInBKSZID31ZVFcmJn,3035988,-4580817,-3679741,3346992,3740926#t1WjKHZjKCA3p8wVUo4qOjYBDy45a7O6UwMAc
569,1882,529,1185,4783322,4054844#vs0ASHQzYZTD41510nOnT,1491972,-2480803,-4668116,-2915620,5113385#d4u6TuP7BB5z5VbsycNWp9OUgoGsQGf8C3D2D
570,631,184,1573,-3245514,1025446#dX5CT4K24AI5uzIFblOHp,-4496094,5529052,-3611682,191233,791793#ngr3cUNhGh9wIsVE1zRhURO6OfSsKWbsYmLOQ
571,58,317,2175,-3205747,322280#N12ToVMG70dlv6YueBfAA,1676617,-3205965,3233061,3910874,616497#bxMU8S7nmJuMWTupMxxmEOevROkQi51uAWFmH
572,582,77,395,-3212332,4250916#GGy2hKRhiu6TXb0oq41FW,-3247275,-3671674,-5410063,4235469,1752480#UHld2kUmzJSMFgpFY83XrCbBLFK37yAnbIblU
573,1346,409,45,5080149,523882#ha4mf0qCFXuYXOID1Gfng,-2261399,-2740358,-5682462,-1360925,3173346#Jvpg1UZxOdfglmpojNrzZnkYWhp2ooauzNqmk
574,723,41,72,-5521461,3946878#lHiVY9VaMusKZQ0KLwzAa,-1492807,-4873961,2341865,4035634,5439495#epTv0yGKbIK4XffZv3DzpAByH9zB8T2H85LUg
575,1606,598,1295,2429472,26398#qyESH7Sq6eDVMhVRq4r2O,-2333927,-1582288,-4856297,-5306544,606648#pTkxNw1YCNcrHj5OIrCOf65GuBFY9abqCUhXx
576,2052,17,1658,-1512232,3282235#RdlvPDdISkJY1fesPGMuV,62577,576305,-764059,5011398,1755649#li5XYfM2VhnYRRrXFyoUIaJJ9t5k3zR0R3R8N
577,1992,894,1035,-1193413,4393646#2obVXRU3hdP9V9eOpop8Z,3262989,184818,-967644,-1291689,2836014#c2zkzs1LOBVq14uznLFaJPQ0m42HhoYnRFTy9
578,1738,126,1978,-4793724,2133612#OKlQXUVMrrbcIu3Myouek,3049281,-3117644,2352242,795983,4684239#G9IU278ggK9TnH4Zb8nRRPtw3iJvUdp08VMDZ
579,70,621,314,-4457147,2414505#V94D128nHlEP4HHhLdXbO,-5599168,-2461822,3737773,1028570,248047#CnznerdnvQf4ShpKFoDUStxUOzOhtpnQDeLBs
580,1243,1300,569,-464233,507677#OUo1pGVq6uKqKKE3NNiFs,3254049,3082404,-2833338,4038405,1298934#ogGGUMHR8gAtXEgfE762BSXJPPUfZ0R5yS6jF
581,1782,904,2104,384490,3413172#iMKzTPEcyOaYZtKXsN2Gf,-3016735,289433,3588077,-288542,1401439#iS5YyKVDxYP7DZOOccxpGXNygXZ5c6gNICxp0
582,697,648,147,-1787512,3512358#9PL1CPBmRB6AseKE3SM4x,4734751,19926,-3136906,-4122034,2624587#PdRYfpe0vivvZoLpRJLC4wHNpdaZiJxsKX606
583,987,149,2186,-3498087,618986#rcowLJlPuZWlwnZUMdTKu,4469194,3449810,-616279,4701007,4183458#ukE28K9SzkKNJJyDzpxtnM0tmiwJp8NBjW3y4
584,768,1294,793,494417,2044734#OAxk0eQ76i2XQ47qmbw90,5423594,-5655220,3009051,-5292385,3092361#TBtDPiqef5nkD6LfwG7ArR2qOcplHkiNMkfCe
585,479,1272,1295,-943355,4755615#5D0Rldc1eVm8d3K4IqiOV,-4336618,252496,-4222232,-1250760,1946428#PhT4wFMiDdO6EgYlkvatrP381z741SL6IT4cz
586,576,137,1197,-5328707,962636#ODrz5lEEPOvJepUQRGCi1,-1538422,4479883,2665425,-426325,4685899#y5Tn5QMQZyvnAEMBpC1GzujunQ3Rfr7o1i6Iz
587,1446,313,536,-1288744,4579693#o0xoMIJCbYkcz4ltGeXX9,1885506,-2983110,40235,2523429,3333092#DLZRm72OBbBAq7YkP5QWUDt50usQkkY9AT6li
588,1295,508,2069,734565,2498991#LqG8lk1LmMldnLGqNbmq1,1980708,-3129024,-4003162,-1192741,2037228#NAmiszDNgE3p1bh5pXQi9bE7elCcG3RHrgRJE
589,1459,779,1287,3366985,685997#pRBaGuUbrIsA56QYH9Tgg,4403491,1226414,-5891261,3002785,1461313#hH9vW3JxYxblQ4MDZwUCb5artYiEQuddJuG6a
590,1506,540,238,-1241787,2118199#VgTd6dW82Zbul44hkMJuC,-5153002,-596428,-1114142,-3112086,3714853#RB7BGEGR0EpgfrTvZUYmKibG0RhP5Mc5hWmA3
591,1392,196,1885,4635694,2570075#VL4VAQA7quLgdsoqhoX7O,-331148,-5142451,-1805298,-2233828,1579921#zwrUUDr7eOL3uFgDLAzmRq3jzskPB8l2jRC7e
592,1931,1189,1099,4219437,530559#OiqkkTHAespigJGqxcKGQ,-3092213,5221525,4447349,-2190493,5540874#X9tTi2wkOVKu8DyhIOXjJKkHelQwvhlmKXNtb
593,936,926,352,-4119791,5768400#tizJKN1mV2COEEbV33E00,2488593,-2966712,-5347097,-697826,2674015#ar1qLe42GZadSUPQxLWjZshvd1mPUdSjqz650
594,631,721,2081,5290907,3947656#aE0KVB4nJ7hBsOivnRFFv,-945668,1820214,-5572212,-5520460,2523606#8XaNPNxC4l4c0p7DbTiD6pYKs81M5RdCfUXVp
595,1896,615,1434,5272574,3353712#cBh89zbFXn6KFYAMLs88C,3580701,-2738140,-5046668,1131456,1317575#oIaFdZDYqUhk6Jtye4VdSXi8HKE7MReVZog9F
596,1047,305,401,-3991342,3460506#gSLcxBhBCp9wkuRih78Vd,-3002637,-4230403,-2505721,1666106,2454351#tdwGNFiA86M4j15CxiDRPdzrEE2K4yMjrxFB4
597,759,456,2121,3983411,564802#X2wW7l4sMEM6zD64vTivu,5539369,1483220,1983616,1285838,1965935#cRGw1diAFXNtSI7FFGpB7itc282rXI13tvApr
598,1169,443,919,-4662835,5786500#PFxvY6Eibx7rbA03W8GGJ,3851610,-3738166,4929287,1605844,5248676#BZ04lLA1Fs1Z9x76DQ6P0aF387Xm61hYm5XWK
599,218,897,2077,-3597581,1532680#JjZQTZ0SUxo60jk40kURR,-3293479,-1098788,4766530,36726,32202#3TCesyO6BHgE8hZ8fQvrsqOcjRcRR703NCDUP
600,1131,268,1047,4012527,5566120#slc3bYhoVV6FjGOwqjVwq,-3319387,-3234803,-348566,1014553,1032142#XfiUD3a4c6kzptErTqOEk8sDPgYJvMQaWargc
601,1208,398,322,2557853,5019345#v1Rm6uxH1WTaX5UiORzfk,-1457934,5272205,-2133443,-512826,120406#jIxwIjUHbBBX08C3UVzHhmnEl5RmbvZuDysPB
602,1214,102,264,5572562,247742#x4zbYCbhRv4snT62KUf5T,5682594,-633659,-3849353,3807679,5313080#R1QrpCZ2O99SM3DD29ZzKTFgEMqIM4drtSV4I
603,1148,656,1724,-903036,4981930#ClsWH3nOqJhKaldT0FUXp,4200645,4801606,-3352343,6811,4832299#MEZUBbSlbejgOQ8uJivdaJsORalTg7MpWGLhF
604,2029,908,1462,244904,5706040#GOqvzFgGh2u52USbyCxq8,-2650683,-2150320,951532,2582068,984658#QqMymlI956bNYj6Y5OgjWfLWBxTOEyARy8I4n
605,670,714,1738,222810,2423480#ryUbynluZn4DK5tP3hOYn,1924365,-722782,409177,-1335932,2076918#tl6P3kooNZw9reZn8GkdtRrColuTlSj1ylCaa
606,150,1118,2132,4607042,2746466#ekd33ytbc2TtjvdIJFfO1,1712020,-4339548,555047,1675345,4454164#S6iCyzQieFcm3TAgi2ZxrsL8OBzHb8lMfZfzZ
607,1765,1273,1979,2632912,5354131#lSWdHddNYZfttOkEPFeSt,-5753732,-5516148,3304976,244615,3212746#1hCwYLyfpPWIZCcjiHBOM2XiMadEIwrEj7rrP
608,1457,529,1187,1661124,2916892#QJYYAU0NZQGWAUQ0aQm5g,3332087,203808,-709698,-2569551,559167#nNFUiI0o8mRXCA0mZPdjIKE6En1x9LeWhdUD5
609,993,373,664,1830618,4167200#5WduVVvU1at7xDytxoi62,-3511405,-5160965,3906667,-3789848,2624986#HeDQp81dkCQ9odkc9g8m3XKcFsSUvLPdRoRBo
610,1135,853,207,4608459,5642554#QpFQqLQkuOCBpVDmin1Dp,5544858,-4786115,-5971923,-5783641,5652536#93rXA8Bn60bRH3sygr39edgQZ9YFBAz02bb50
611,297,185,1071,2280339,2435952#ISPhQwnCwKEbIhH4XI82F,-4185378,-1471475,2842058,3481631,2319717#gdawbrgsIvIaRrFB1RRTuxToTDax2NRV6PdV2
612,1425,631,1940,1940423,5603123#kj2UU3bg02BbUQB6QxHEz,2536199,1341735,-1650519,-548457,2485356#hRSiOGS3E5AvePfPjLu9HR0y8JZoUSZzNsa01
613,139,1220,753,-5743190,3125885#q95GWegWBgKxQtpRSsiaL,-3441611,4612991,-5238728,5076632,1372659#5Y9aQASpTX0EoLWOlU7eqRi6mhcOr00ceRPgX
614,612,1181,1714,5196149,5847789#akRcslaiSfif1Ce2lLkZd,4548172,3636647,-2988993,704647,3313720#YxCLxuEHtDXRNjfENUcDpM4GC5Mbd85Xgfc2r
615,116,826,1244,-567039,5702530#chiMBjDsYau2UCtFQtYos,5392395,4085422,-5234728,-199627,3177940#s3GD5Kc41OCAyNSCE9ek2qreeNqaY5FB6Kl55
616,636,634,230,-4133179,569224#uYLI4CeKgQEcoqBH2ELS9,4554509,-6156042,4185074,-4624351,2032499#v4lvu4wPjLZDeYneAI4NpXuMsVAVDL1GyWOre
617,1986,409,409,-2377343,908771#Qw21v3Li1xnzRPH0Fu7h0,-3035452,-1444666,3055155,-534266,4068664#aNHqnsyEZE1S1hLg3FE9CrQMbObFFBXSTUZC2
618,1297,106,531,5655474,1911724#zR7zaVVv5Jk1stiT2efdo,3303950,-4983656,-4003471,3641680,4069412#rDyvAVVIlrrIkqsJyzyJItIzAcY1NU3ug0N9E
619,1557,516,759,5204049,4410896#IrKvwWJVT7ljCHMW5coRM,1622719,-2699343,-5078557,-3171208,5562125#oXEOnIS4mlcHaI2rmFLhtCSFsDLYykus9Ye9I
620,1460,565,291,-3530872,1114971#TzEesII2xREnBuqCDdSYm,-4890094,6014823,-3928604,208458,860608#nveamUbUnFo3BkTm46voSFKyRBG6jVbwyTEWI
621,1194,325,295,-3485590,350265#ls5rDkAvpsmXsvINODhGu,1823417,-3485982,3516596,4252549,669771#tKO5kQMI1Pd51yAfCSztmqa5e8WFcUebqp7Av
622,233,1156,1792,-3493940,4621792#EjE0fxBbbuH4DmNliRo07,-3531525,-3992132,-5882748,4605972,1905374#QQsOlYyQJOFteRSXMrUEQB8LDWmxlDXVSlaur
623,1679,566,567,5523974,569139#KKDtfFEwyaP5ry7wTAaAA,-2458136,-2980181,-6178723,-1479575,3449765#LydOhkK4jVnnRkBGyg05bLAwdfDpNwRJsYyMX
624,854,515,1199,-6002384,4290139#KKDtfFEwyaP5ry7wTAaAA,-1622807,-5298111,2545802,4386751,5912597#lHvKJh9YUGMMUtLunvd96yMwAiujm1zeLuPK5
625,15,629,669,2641079,27976#DvWziB2Pfho45kJXdkKhf,-2536545,-1719873,-5278304,-5768069,659205#YFn51hFMmQ5oDFN172ylssl3HhI2AsN1dG4d6
626,67,440,489,-1644128,3566910#is8TXnri0RWipTpWlu0jk,67721,626771,-830831,5445736,1907492#gHb7O0GZ0FKcc6LJqfXmj4fUhAFCJVCjJAMAS
627,351,384,205,-1297016,4774347#ehaljUi6EFHJWDdEGYPMy,3545389,200034,-1051793,-1403164,3080967#Z9ZKeqa1Ap06TJuXpEV08BTkpK7iVZiR4iQMF
628,1561,365,3,-5208275,2317929#Mn7FdbriDCe7F2FHOpWhr,3313881,-3387584,2555746,864408,5089170#2uVmSmsjPbmv8kIxHSKzItfQpAWuVhWfRbkGO
629,261,870,399,-4842530,2622687#xu0PpuHYC8XnFRbZJNp4W,-6082268,-2674680,4060359,1116770,269033#GAH701zvmOquQbGuA3cqssXeMSsSWr5FSkATj
630,1615,458,305,-504182,551089#mjOSegzu3nM19jh5hdLNY,3535199,3348324,-3077259,4386893,1410478#Rp0bkv6mSned6N9ELYrhe1z8PDdpFjMj56np1
631,202,377,62,417967,3706399#kPTGso6wSoFGrTB180fQr,-3277122,313828,3897136,-312612,1521927#0TsgagrPOAgSUtsCZcWxw7Tt0TJT0JH8N89vu
632,1137,269,39,-1941288,3813615#5D0Rldc1eVm8d3K4IqiOV,5140799,20935,-3406068,-4475434,2849472#eCuDBqZBv7YPOdA2QQs0kyFVStrXR6WyYHaUm
633,1358,848,393,-3797336,672029#8RpoAohseuwIU3LIGW8Z6,4851669,3746199,-669935,5104132,4541482#IvIUb6oSrdMG4oSXSPsIjH57uJypMfQLlgCiz
634,604,562,1264,536759,2219736#OvW6Os3bMvmTpWSBP39qw,5887294,-6139661,3266917,-5745635,3356717#gdawbrgsIvIaRrFB1RRTuxToTDax2NRV6PdV2
635,69,489,913,-1024592,5161840#LMvgZpCIubfhxMyMqLLRg,-4707668,274755,-4582435,-1357560,2112064#trd9yHvG67KsXDuAsjq4L5il7HEr7GeikGRRO
636,34,374,497,-5783662,1044372#L1oY1YsvqKqWuQOroUPR9,-1668872,4862255,2893164,-461931,5085080#R1QrpCZ2O99SM3DD29ZzKTFgEMqIM4drtSV4I
637,1246,515,1804,-1398636,4969255#Zavi6A27Pa9Z0F3nRpvv7,2046056,-3237698,43736,2738754,3616361#TBtDPiqef5nkD6LfwG7ArR2qOcplHkiNMkfCe
638,1131,872,892,796917,2710924#jzlChWu9Hmq2kxuyuceJk,2149258,-3395909,-4343343,-1293616,2210097#pvu8UDbJQrvrDzFiVnsOGBz8Z64aiVZ58QvVm
639,434,89,1204,3652651,743819#Q4CPMjpm0ljw4X23X0grB,4777741,1331009,-6390538,3257735,1584535#G8KnZUkX4msRFfDr85BsXOoufk4gfEP7CHWpF
640,188,856,833,-1346431,2297034#q3LJ709yL8kYkTEj5Kelg,-5589277,-646365,-1207966,-3376023,4029399#szEJd9FLfaS6Yheh7SjsUV5ChKvDThd8GjIok
641,1117,673,1072,5027270,2786860#h6mda1OjMH92ZkUUNgIlL,-359523,-5576914,-1957856,-2423078,1713107#Vr2mFmUi2SLLLaceZBsYxka5reRSDdzwlpz95
642,1936,763,919,4576562,574916#GGy2hKRhiu6TXb0oq41FW,-3353576,5663083,4822202,-2374793,6008448#2SVtCHDeAUzz2FCAcCRCVlHIN7RRDHgIvWSBr
643,1633,203,1184,-4467132,6254036#3yzWCBxGK2QJJHK10K9Sa,2699193,-3217331,-5798169,-757207,2899032#pb4BXqtVfj2WKIzbmPj1qubDhN90HL4m8owI1
644,1570,447,169,5736289,4279252#b0qYaww3isV1EOOgdkSdW,-1025593,1972666,-6040534,-5985260,2735812#cWsRD8vNOzgvXu3cQodO2Jn0zrXLaXU7Zpvyi
645,915,386,436,5716384,3635486#eq7yD3lPUd60VfpUfSClI,3881426,-2967905,-5471103,1225931,1427476#lvpY3XnMi1E4YNvJady6Q02FQ0BSjvjmMpm2h
646,542,849,365,-4325511,3750093#q5vqnHtjZ5rOFO0FHA5v2,-3255137,-4584554,-2716768,1806306,2660180#NSdwWK1gtSYhr02VwtqKIF3AgQOf50JSzAbO7
647,1330,848,968,4316476,611712#cBh89zbFXn6KFYAMLs88C,6003119,1608048,2149474,1393576,2129926#t1WjKHZjKCA3p8wVUo4qOjYBDy45a7O6UwMAc
648,1795,391,1521,-5053367,6269691#LxthHzcwhfzhD1alU5sCA,4173598,-4050800,5341662,1740169,5686843#LgKTbCffXcJnnJrS5l2cwztZb52IsUnmzw5ni
649,1448,605,1418,-3897769,1659840#LMvgZpCIubfhxMyMqLLRg,-3568823,-1190132,5164603,39729,34485#dV4SM0ljlsnqFi7ocfgXi4Ja2Pc4gyA4xTPLP
650,1944,325,735,4347214,6029507#VyZq8oYLOMje0ggE6U7zM,-3596037,-3503550,-378056,1098578,1117531#9rI1yCZ0ttuYOECrSvoETlzDJFHeDWz6LIVsK
651,555,1206,132,2770020,5436422#HBCq0Koyf05sEtLXvVSPT,-1579965,5711071,-2310493,-556239,129875#JNTL0WpbOiLwHg4Hxp6BdWzovZScH4Da2zdIr
652,1230,801,105,6034645,267839#yNn5YltLrgtH0MMHQdvB5,6154857,-685606,-4169863,4124429,5753572#QDdAZ0dPUxAdOF1jSJDZjVB9VFfKcHCQ26bXL
653,602,625,402,-978212,5395013#NrvCUZ1LlCNOeRCQs5TOA,4549520,5200300,-3631068,7461,5232389#5FSUueMO83rhwm5cZX8i0iehsiCy2UPIZkMqM
654,865,176,85,265122,6177725#MjG3HKkgFqTJZtPHsP4uM,-2870870,-2328424,1029876,2795502,1065573#rmYKfVsVq0bOsVj235kSBwguIaLhWK1VkBhIS
655,1390,250,1064,242049,2623696#29ivnnLbIEauI1IqOyyvT,2083203,-783009,442697,-1446482,2248558#5C8jbCPf1PzCzq4LTAumfIqQAHTHdGaMAseF7
656,1053,12,768,4987839,2972503#MDtAgO8r27pl0bwFWXdnr,1852883,-4696808,600503,1813857,4821509#Sy56lzZ2aZmhX13CeyNEg5ppVZVj9NJ6IkBbf
657,143,632,702,2850481,5794991#LqG8lk1LmMldnLGqNbmq1,-6227182,-5971007,3577254,264240,3477102#2CTCnAShlkvafc3A9jB9vVVRVgy8EQSMegQN3
658,404,6,362,1797116,3156653#4wuDb6LOnxNvI2PrvahUG,3606224,220499,-767570,-2780701,604460#7Kyxl7uRSsMy6yb42w1BkXpitiBiA3ShU7L6J
659,1791,1124,1721,1981182,4508648#uQtuktgsj4yg2OyRkO6Uw,-3799755,-5583910,4227127,-4100285,2840480#UHld2kUmzJSMFgpFY83XrCbBLFK37yAnbIblU
660,1406,502,1983,4986690,6104288#LYveSxNLE5MCw5Wg2sQdI,5999371,-5178903,-6460759,-6256910,6115262#uHVwTn4TseBa8fVuGxj3UWCGc6nMt1HejtdTv
661,842,1288,106,2466443,2634921#uNAUaGqnpno9laOhd5nP6,-4528178,-1591679,3074106,3766931,2508775#lhL8JFZ5rX7LRdbwhO8ad0bAXVJ4Zos9TU55t
662,1399,617,951,2098485,6060615#5D0Rldc1eVm8d3K4IqiOV,2744111,1450595,-1784936,-593832,2687890#Ew7PI3yHC9EEmd1NMF3T7wAnHl7VzOQpP41K5
663,50,1124,784,-6212053,3380662#QzbQsRDWvJByfbcFNG010,-3721848,4989990,-5665215,5491207,1484430#MyX9WFvWHzoxcGpOdpiW6neCcJt4pWJE6XnWC
664,1266,568,1976,5618840,6323438#LFveECLdFrtEJ0TbSr4uy,4919247,3932802,-3232584,761747,3582792#y9VAkvirKQIKfFdgih3UkZhtdVOad3aYzGDfw
665,1379,151,2014,-613398,6165891#jRXwdbb6ydl3bVcb5ISR0,5830695,4417056,-5660578,-215717,3435618#O5a5aLzGOGoe1mqm6Dnuzpw6vDq4R8voRGHyC
666,1338,691,558,-4469261,614860#h6mda1OjMH92ZkUUNgIlL,4923584,-6655550,4525572,-4999926,2196874#X9tTi2wkOVKu8DyhIOXjJKkHelQwvhlmKXNtb
667,342,964,75,-2569758,981676#rroGQ5B7LB67bXDexYB8K,-3280727,-1561816,3302725,-578291,4397668#MUnruLyoMNfbqtbBaWKHtc9j7aOW7YU62NwHN
668,1378,1015,2158,6112584,2065749#vMLFmKyHXkR9dxdl6PR72,3571913,-5386495,-4327201,3936367,4397898#7tU21kzB4d0Fy1g5hDVZaQjWhsnUKdt0HsRUz
669,1232,503,333,5624777,4766949#XlOEgqDpUlyGLJNyctcNE,1753465,-2917883,-5488998,-3426795,6010864#poypNSrE21OUl5vPGiBkQXK0m0LaHMWpnpCB4
670,226,946,1245,-3816231,1204495#ac6zR05kehkUZ4wBgNjJy,-5284094,6500594,-4245526,225683,929424#Qx1s10YKM2iLA5BDkJnmKAPKFjF8wHZb2ZQ8z
671,268,332,651,-3765432,378250#blSdVyLXtm2ZglYWR6AdQ,1970217,-3766000,3800131,4594224,723045#hmsJlXWm5CcSIsIxLUtWZt6B6MMUMJ6FenA8A
672,1947,921,954,-3775549,4992669#vIEqf3Hh8Cam5wc8Uvw5A,-3815775,-4312591,-6355432,4976475,2058268#gG59Ep1xzEeLRjO08jbI9k9GlnCo8uuI4nr7w
673,2012,723,1090,5967800,614396#Xvhp2rXG899dmdHTqW6Fa,-2654874,-3220005,-6674984,-1598225,3726183#HEAjU6KuKYP0luXDXDddFhUfEYBEdK9fqGCt6
674,985,988,91,-6483307,4633400#tizJKN1mV2COEEbV33E00,-1752807,-5722261,2749738,4737868,6385698#PyDwEE953d96urb1fZfIGXlzRqEaRMErxB5uk
675,487,661,43,2852686,29555#KEXTCLVllf2jNUJk748Ij,-2739164,-1857459,-5700311,-6229594,711762#b3CpW7IhxtRSQqzIBLzD2x0WyU6i8HCgUGPaN
676,145,863,1556,-1776024,3851585#jYCCB9OsaA9jtSIVpk70j,72864,677236,-897604,5880073,2059335#fIRfqd90IhiOe1U1T7eZteqHSVjJKHF2l0Hdg
677,773,1188,1611,-1400618,5155048#leSQGKqAioBG5kQ6u2dKD,3827789,215249,-1135942,-1514639,3325921#zwrUUDr7eOL3uFgDLAzmRq3jzskPB8l2jRC7e
678,1384,604,264,-5622827,2502247#gHbX1oxPu7K7yimJcPyTS,3578481,-3657525,2759249,932833,5494101#XzWYYNpKUvaWlIlFhrLw254zTP4eS0hZl34ZQ
679,451,1119,484,-5227912,2830868#NBhRuRmg69JdQznz7TtR6,-6565368,-2887539,4382945,1204970,290019#96qutJqtWBTlrexxcjnGgdVAPT81OSrn9UuOc
680,1987,929,42,-544130,594502#KNmWvIy9TJfNTU72UaZ5d,3816349,3614244,-3321181,4735380,1522021#gHVAmg8OlDqe9aDWEgKA2MFH94pODdshei8Y1
681,686,1164,257,451445,3999626#M63msCghgFyhg7wZkBbRb,-3537510,338222,4206195,-336682,1642415#7kapDR6lemb3SC3FZXGF4mzUA7LpvoX7Y82Db
682,1577,1204,2167,-2095065,4114871#AYlndS16KmY7M9N2vsfFD,5546847,21945,-3675230,-4828834,3074356#hRSiOGS3E5AvePfPjLu9HR0y8JZoUSZzNsa01
683,1729,232,836,-4096584,725073#KRq5EpDlU7prJpJX6zjiK,5234144,4042588,-723592,5507257,4899507#3JQm2gVc9HPMAOCgnQvpdksjMpjXgzMbsMbuP
684,440,1144,1735,579102,2394737#BjFftBvOLpABd5oXQmcQS,6350994,-6624102,3524782,-6198885,3621073#qDfrtQzBv00Xd0dFu3dTx7PNrRO4CUo4moFju
685,1722,1020,531,-1105828,5568066#375ntrjilnNW1py9Ex2yY,-5078718,297014,-4942638,-1464360,2277701#WZGPtb05GpXbHAr9ZckRtuY8bFYhuFsKi5bNW
686,1555,611,2033,-6238617,1126107#vAcWeWmHDMPCrW3xTf9rS,-1799322,5244628,3120903,-497537,5484261#lA3wxzM6TnpWrH6vZRPADSWxYFG2cPP4EpFjM
687,1045,717,836,-1508527,5358816#zimYpZi9ln9NId9XmfYvi,2206606,-3492287,47237,2954079,3899631#GIW8hJeQEwhNl2b6ryA2NGAPerH84mT1zwc4M
688,967,1236,1950,859269,2922856#51ZSQdRWc4Efr0W1PEXPC,2317808,-3662795,-4683525,-1394491,2382965#BXHcITuiQZ2AKne7WNjoVaE8ehtBx0DfYq6fq
689,1473,713,1121,3938317,801640#M2qtOKPj4XOT5lO9DJIBH,5151991,1435603,-6889814,3512685,1707758#cVeP1bdjWasH4fGMkH6vuAPgGuj4HUKnuoKlf
690,933,1171,1429,-1451074,2475868#NBhRuRmg69JdQznz7TtR6,-6025552,-696301,-1301789,-3639961,4343945#ydmIy8dJDcMJW2K5RYLHQznlTDgnoxDOO7udF
691,842,1150,259,5418845,3003645#7LOC6dKUVH4jXL5W4lHEg,-387898,-6011377,-2110413,-2612328,1846293#wqmSUg9IVdHpDnu3OupDgsjW8Y1CzgaKb0n0S
692,1941,337,739,4933687,619273#5gC1XzFk18eURWu0glEg0,-3614938,6104642,5197056,-2559093,6476022#zr9l4cIAcbRx9eQfDwAAdvZlRdaQOJtz7UCA9
693,267,794,2015,-4814474,6739671#BIi47RTG5hpPxkR8VDD7j,2909793,-3467951,-6249241,-816588,3124050#DXZ8EeVgdHQHtMuMHQhhlbKccYy3IlmFeMe3J
694,446,173,493,6181672,4610849#orhbTiVnubLMFkRKepP5s,-1105518,2125118,-6508856,-6450060,2948018#BKd0dbB7ITtDhE279b5lpFpjeQ1ZcdqgYksXy
695,1997,157,1675,6160194,3917260#6oeffKjJOvNklCGf8k7hJ,4182151,-3197670,-5895539,1320406,1537378#NyfYOaLoiRj1jY4kk8NMaqnvD79b0DFMHSlXh
696,36,79,329,-4659679,4039680#JjZQTZ0SUxo60jk40kURR,-3507637,-4938705,-2927815,1946506,2866009#eiaR4weiumo8S5ICysyk3ebQmjiWkHBebT3X2
697,1901,1240,2051,4649541,658622#VxzvKGzdUWu7gwF0GuA9f,6466869,1732875,2315331,1501313,2293917#nmFcF8EyBYSTS6GEIgbVbmylOFl4bJc7h878g
698,358,339,2123,-5443898,6752882#ha4mf0qCFXuYXOID1Gfng,4495585,-4363434,5754037,1874494,6125011#6gp4kUZTqFfaBwkzT5Q5sgbEE0m8UPXKeILR0
699,616,313,759,-4197956,1787000#OMpaMUmNwgkj8QrM1qbQy,-3844166,-1281476,5562677,42732,36767#DiEsctQW5qp1MmGWmV9N9KLVll0og9QiGzDbN
700,694,382,424,4681900,6492894#a1gW07yoCo5VSf4KQKp2J,-3872687,-3772296,-407546,1182603,1202921#zwrUUDr7eOL3uFgDLAzmRq3jzskPB8l2jRC7e
701,1965,701,2178,2982187,5853499#ENhslinXg7rATzFRIANt3,-1701996,6149937,-2487543,-599651,139344#MtLQEe6FxF2ONa0yBRK9IFfVWLHhsh8iEJa6n
702,1246,187,2183,6496729,287936#c01msIqanW3vCb4qmE6eb,6627119,-737554,-4490373,4441179,6194065#OJDcJXiK6nsXf5rRJv94GA74O1ZuRG9NefG2C
703,57,594,1316,-1053388,5808095#sL5wuVjyyUtRaZcvQJ5pZ,4898395,5598994,-3909794,8111,5632479#jwLDeIj8FMcTXZhCzFESEdJ5MYMhXHCiL5ipp
704,1764,758,944,285340,6649410#U7eex9SGvPxvm01llmbBs,-3091058,-2506527,1108220,3008936,1146488#cuByaMU6FpGhFptxrQRW4W6nQPR48o2tXTXM0
705,48,1099,390,261289,2823912#bEP984bF77YbIFr7nj6bO,2242040,-843236,476217,-1557032,2420198#j8zMtpohWjyBJ0u91A2929t2BcF9dGhpkoUbx
706,1956,221,1640,5368636,3198540#ccZTeohBT4TWfU6kHaE1o,1993745,-5054068,645958,1952370,5188855#mQtcjkellcrmY8cSSvC7lYFrunoMwoi9N7J8L
707,583,1305,1662,3068050,6235850#EmPF97dDFu8Ezwv4PQRCR,-6700632,-6425867,3849532,283865,3741457#GTYWOSwvwQaeiu8aTrBY4GSu6cVDrxKUL9YDr
708,1414,797,1773,1933107,3396413#fDRzFAQT2BlXPSRK6NjmP,3880362,237189,-825443,-2991851,649753#Ky8oGcr7ivUfADKf6WM72qmbYSuJDhBLSXkKT
709,527,560,542,2131747,4850096#jnry2EFCDioqRpO1g5Ukb,-4088105,-6006854,4547587,-4410723,3055973#mG15PLsHSAZHYo5B5H5FjCfd8ctfoIHlose0h
710,1677,150,1523,5364922,6566022#IbghmEM9eUmxtt6DScGiy,6453883,-5571690,-6949595,-6730178,6577989#ak8Vt2Emi3BadMLf59jevmy6kWhfd809JdbTe
711,1388,1077,1377,2652546,2833891#jRXwdbb6ydl3bVcb5ISR0,-4870978,-1711883,3306153,4052231,2697832#nenE8HT2qaxrx60mXuXeDobomyAHVRKfDKHCF
712,1373,603,2198,2256548,6518107#vAcWeWmHDMPCrW3xTf9rS,2952024,1559455,-1919354,-639207,2890425#ZN3ADSlJyST2Bbc1nhQH647BVDzSu0WhRVzsE
713,2024,1028,816,-6680917,3635440#3nysX4besKycZoCa50EEx,-4002086,5366988,-6091702,5905782,1596201#PssHLqoHweIsjZ1TXd4FlUUEeTjUwiKJTA0Ud
714,1920,1269,1,6041532,6799087#TbIGkVkNW5CYGvkuLdkJ7,5290322,4228957,-3476176,818847,3851863#45xIIgoY9eGw7cfcqAekJsrE672ICtyOzJDF5
715,579,789,548,-659758,6629253#5bIWVzV6utl7AokUpmtPt,6268995,4748689,-6086428,-231808,3693297#27vwVx39rGZxuM6AoNo8f9kBKG4qPZiPVuAaf
716,2040,747,887,-4805343,660496#q3YlqjJ5h2EECKM9XmJe8,5292659,-7155057,4866071,-5375501,2361250#14JAVm7QB69ppJpm1EvF4GRBNoVkrNDz9sMLS
717,761,205,1977,-2762173,1054582#eiNp1RKI1aHnwpEVUzC2C,-3526002,-1678966,3550296,-622316,4726672#OlGqBf9ddHRl7Y99guIBIU7mnuSF76zmhtazG
718,1459,610,1549,6569695,2219775#DTvod8PnjzNoSnzSkL0vR,3839875,-5789334,-4650931,4231055,4726384#Zwh8nJVOajFRPkmWcEwxGygUUh16QyA5Y42B0
719,907,490,2143,6045504,5123001#1VMs7JGbTPfN2wQFgwbKt,1884212,-3136423,-5899439,-3682383,6459604#UX38KYJGjynzcEyUhsFFbIpEvr38vs5kIVgCy
720,1055,13,2199,-4101589,1294020#OGy2VCzOgK2aCuSGttn8o,-5678094,6986365,-4562448,242908,998239#G9IU278ggK9TnH4Zb8nRRPtw3iJvUdp08VMDZ
721,1404,340,1007,-4045275,406235#RdlvPDdISkJY1fesPGMuV,2117017,-4046017,4083666,4935899,776319#dC5sbhoEFiSxX9GyFsm39JsRA3N60bfmPGwGi
722,1598,686,115,-4057157,5363545#gfIiSmuH3QyvEUXxrp9py,-4100025,-4633049,-6828117,5346978,2211162#gNZd8gySCN5F0b2wRLRzGEFhJwIc70HfRmZmK
723,282,880,1612,6411625,659653#4wuDb6LOnxNvI2PrvahUG,-2851611,-3459828,-7171245,-1716875,4002602#it5ZfEb4aDVl4x2Pie0EmRZgTlzTkYqIVe1co
724,1116,148,1218,-6964230,4976661#f2uCESD1NPfAAVpDsOt9L,-1882807,-6146411,2953675,5088985,6858800#Ynd47P1UEMKfX5jIGHab1fxFUdlYCtVfXaKQn
725,959,692,1653,3064293,31133#aXkVEoKSmJyRZr060emwp,-2941782,-1995044,-6122318,-6691119,764319#dC5sbhoEFiSxX9GyFsm39JsRA3N60bfmPGwGi
726,223,1286,387,-1907920,4136260#6oeffKjJOvNklCGf8k7hJ,78008,727702,-964376,6314411,2211178#zVWK78DQAROHGpjgnIyiACjQkKZJfh3zELbew
727,1195,678,781,-1504221,5535749#vMLFmKyHXkR9dxdl6PR72,4110189,230465,-1220091,-1626114,3570874#X9tTi2wkOVKu8DyhIOXjJKkHelQwvhlmKXNtb
728,1207,843,525,-6037378,2686564#xnNagOx9UpkDbpmQfBj8N,3843081,-3927465,2962753,1001258,5899032#pb4BXqtVfj2WKIzbmPj1qubDhN90HL4m8owI1
729,642,54,569,-5613295,3039050#g485ZKbpSOaBJrZH3bmJO,-7048468,-3100397,4705531,1293170,311005#4tZaRB8qWsk1MJiGTGem7BSP3Wqt6182cG6kg
730,296,87,2014,-584079,637914#iamed9INez2ZvayXFFojL,4097499,3880164,-3565102,5083868,1633565#ZaWjpsvmdNJMKjekxgABcRTmiyzdo6Sc4ct7q
731,1169,637,451,484922,4292853#UrzeAWJDVMQ63Vwjhoh80,-3797897,362617,4515254,-360752,1762903#euipONxX9LdECFqzDbxUQriqKnOSy4elo7PRh
732,2017,825,2059,-2248841,4416128#nqDyVzVHYCeFlBYBEvwIK,5952895,22954,-3944392,-5182234,3299241#6C9niTC0WZjCaVNuxmvgaT7HQda1VqvvKVzev
733,37,931,1279,-4395833,778116#QQNoo2PZXhHQDccJr8Hsk,5616619,4338977,-777248,5910382,5257531#9rI1yCZ0ttuYOECrSvoETlzDJFHeDWz6LIVsK
734,276,412,2206,621444,2569739#zdQnuCi2LV7D7SErz1Yoh,6814694,-7108543,3782648,-6652135,3885429#eWRhDZVXXRLHWLGHJ3W90Why3yICoNvSMuLk2
735,1312,237,149,-1187065,5974291#4ciwa8qAlnDwuOgWErhN0,-5449768,319273,-5302841,-1571160,2443337#04DzVEtMo77yrPpz1scPcHqc9eoqsYVh9XGZG
736,1013,848,1333,-6693572,1207843#lQL77rvDyAUf5KGBtiZ9h,-1929772,5627000,3348642,-533143,5883442#JLJIJcN7AKr60LtSXDqWKTVzT6RHnks9kSQRv
737,845,919,2104,-1618419,5748378#An7p7bPely9yId5ZWlaWC,2367156,-3746875,50738,3169404,4182900#O5z5PIpjAR5mBfghDJkVOyhT91lp5NMVcKrgY
738,803,286,773,921621,3134789#akRcslaiSfif1Ce2lLkZd,2486358,-3929680,-5023706,-1495366,2555834#SAq9mphRpvYWjklLjuJCi4NRvzn9rkZVIbnJt
739,448,23,1038,4223983,859462#9PU8Mq2ONl3Kz1XSCoB9M,5526241,1540198,-7389091,3767635,1830980#pfCmp7R5X9jeiKlSLEZfCk4UTD6GuqhL5LBRP
740,1678,173,2024,-1555718,2654703#wC80su8tnXk3FXoHNfYPY,-6461827,-746238,-1395613,-3903898,4658491#5rwIHCC59IQXVxtWVMKXFMMzNHAN1DqSFbUL7
741,567,313,1682,5810421,3220430#fopcuP14lljm8ORHEl9vR,-416273,-6445840,-2262971,-2801578,1979479#jwLDeIj8FMcTXZhCzFESEdJ5MYMhXHCiL5ipp
