883,2016,107,1,1,2019-11-04 05:33:04.000,-6069459,-1.636,-7782244,5288413.5,4097744,8270739.000,4849653,3545479#CuUJRMHEQOVkmSwwS
884,2062,105,1,1,2017-11-18 04:26:33.000,5178959,2.286,-2369328,6768933.5,6294921,-992176.000,193502,8718384#yV8Pq4Gisc1f5ajZw
885,1774,215,1,1,2019-08-31 00:25:29.000,4960461,-2.855,-3761737,-3438483.0,7106615,-4061320.000,1706544,2093990#lROpEKibYrINdYrVh
886,1789,182,1,1,2017-11-02 12:00:34.000,-1393042,-2.308,1718019,-717476.5,1986931,-832738.000,-4303903,8074505#cmJCCuvXIATGvKh6w
887,699,297,1,1,2018-10-09 19:30:06.000,2058979,-1.494,-2987359,2830215.5,5102441,-6358383.550,6307569,4074851#5CDooZsOq38rLqluz
888,1805,644,1,1,2018-01-11 17:24:09.000,877275,4.495,-2673519,5791795.0,-4435493,3510200.000,3447660,2166260#4jSgM2yM6MytEILEW
889,1954,1279,1,1,2019-04-01 14:22:41.000,3980450,1.167,6922343,1300367.9,8101650,1904326.250,6243341,1149945#PeBMztCAI2tqdc47k
890,995,498,1,1,2018-05-08 12:16:42.000,6258779,-1.790,-751654,8461633.0,-3236463,-8565223.000,-2655901,1818208#7hbkUWYgYRcl0fea1
891,320,1050,1,1,2019-06-07 21:42:51.000,-8785188,0.113,7582395,8632004.0,5634391,-7529172.750,4291431,463757#3WUzGCtHXd6B8wVV4
892,1786,379,1,1,2019-04-26 05:21:15.000,-7541603,-4.240,-3070695,4872841.5,-6373251,-5506854.000,3757883,2525115#DyUvDCE2Uh1O2zUlR
893,1587,1236,1,1,2018-04-12 13:53:55.000,-2877768,-4.865,7782749,-6280147.0,667834,3478031.250,-4580068,5900526#3qMVyx2W13XmZOUfZ
894,628,627,1,1,2017-12-06 00:49:22.000,-8948631,5.085,-1300139,-7196147.0,4640553,1445402.000,1875282,789742#6c82m1GGFv6vcgBhb
895,430,68,1,1,2019-06-17 08:01:38.000,-6716963,5.449,3408093,7565905.5,5567398,-4096329.000,-2066598,3370238#c7DqY9BCEerW4B0EW
896,434,815,1,1,2018-01-12 11:40:06.000,401502,7.069,2120925,-2222165.8,1743512,-3610976.000,598494,6633301#32I4JI6tpUFvVwblN
897,2078,1294,1,1,2020-01-05 16:14:10.000,-6674044,0.461,-5951043,-5891472.0,8696371,-8296060.000,8445484,6695681#7tjbEM8664crSFByZ
898,1022,956,1,1,2019-06-14 08:39:31.000,-6807090,-1.805,-5487104,4914379.5,6692633,7741706.000,6348963,2449552#ffO6BUmudG8OOOhg2
899,851,571,1,1,2018-07-11 08:45:51.000,-7783938,-0.519,-4317831,8661294.0,-1551724,4953023.250,-3224338,7284574#ohIK0jqwg4gN6o8ha
900,1609,412,1,1,2018-05-11 17:01:37.000,5543233,-2.900,-6466270,2530577.8,-516481,7378138.000,-2218571,2100628#FCOTGFV5CdTocbNbi
901,1103,1,1,1,2020-01-15 19:35:05.000,-2062427,-6.607,-5082021,-5795223.0,6104807,4295821.500,4516016,3563078#C8MYo26jMoKzTdlrC
902,1745,202,1,1,2019-08-09 04:13:20.000,-599314,-0.760,8525884,7563131.5,-3534445,6411802.000,-7482568,7430506#EQF1KOPfrRXbPFQDY
903,1568,103,1,1,2019-03-17 17:46:13.000,-7986637,-4.475,8582266,580358.25,4036858,-5986011.000,7814711,2107014#Yt22CSMySryaqDCQu
904,1588,640,1,1,2019-01-04 11:35:29.000,8649762,4.843,-6769410,-2928698.8,1680224,2480744.000,6665575,29766#lHV6LFxp6231ObTwX
905,912,617,1,1,2018-11-17 18:15:20.000,967682,-4.020,199020,1357761.9,-1400940,5552.000,1823041,3484329#lTPCXuaihe57ZeWmD
906,1050,670,1,1,2019-08-31 13:39:54.000,-509463,-3.576,4804614,2691245.2,6865472,7956074.720,5535830,1694705#o2EFU9Jr5qFA3T4hK
907,1786,754,1,1,2018-04-02 14:10:10.000,5517739,-1.025,-9029395,89922.61,3891518,538221.500,-1976301,1615336#nxFDFPO9gU4VqQCLI
908,1270,1305,1,1,2019-04-15 12:08:31.000,-4201515,5.075,1608923,-6210018.0,4238514,-6703870.000,-7034010,433802#6PxCeSOhGiwhc1B5f
909,229,700,1,1,2019-02-13 18:15:21.000,6222408,2.270,297317,2775298.2,-504395,-8776087.000,-698645,6466790#ei0jYiudWpUzV1P9u
910,953,203,1,1,2019-06-22 19:11:28.000,-219554,-5.110,8573248,6618081.0,3481140,-730234.000,-9072433,2772157#Q42hkRhYRZGTFHKI4
911,1233,1116,1,1,2018-11-23 11:21:51.000,-5173024,-6.197,7674709,-908855.9,-8549121,-4233478.990,3392768,8994248#Hf1CqJ5J03bhUH2pN
912,2165,180,1,1,2018-08-15 15:11:19.000,-5062631,-5.772,-1276066,6998656.5,7217950,-5186463.360,4380336,4897284#TxwOonmZq4jZHpsUR
913,1086,548,1,1,2019-09-23 12:39:56.000,1593814,2.716,-4407666,-4364110.5,3532272,2655648.000,-6479552,1751558#VOowCMbwvBzZ3r7ZS
914,1306,1044,1,1,2018-10-11 14:06:08.000,3614572,-5.463,7183100,6307840.0,-3395919,7979039.500,-2878590,5838783#lqg2332CX7MDkMubK
915,1949,119,1,1,2019-02-02 05:25:29.000,6698146,0.386,6565218,-8693848.0,-7123851,-479739.300,-1429309,8897867#Y7KJBMKbufFEC3QjZ
916,1999,770,1,1,2019-09-22 01:09:07.000,5644393,-2.704,3420631,-9121622.0,-120624,-6479556.000,4881761,812406#pdwUJUU4pcmUGq82f
917,2225,295,1,1,2018-08-12 00:56:11.000,-4948781,4.561,-3973825,-1652079.4,-9015083,-2059749.000,5186522,5410075#wlRm8Hljxn3Z9yBxw
918,476,1286,1,1,2019-05-23 16:22:13.000,3303747,2.745,-9085074,3502104.8,783600,3394448.000,-7800877,554338#GhtiKibkMoh6aTpN6
919,1121,366,1,1,2019-05-19 01:03:24.000,3740198,2.605,3092539,-8288315.0,5071907,-6236657.500,-3618936,8631654#VjtCOedP3lO73fP4z
920,1697,657,1,1,2019-10-15 01:42:32.000,-4497928,4.072,-6289765,-6064697.5,868819,606896.000,-5565856,1542508#9RxxpCIM2voZCzupO
921,1519,532,1,1,2018-07-05 05:46:59.000,-3498796,-3.764,831769,-2917693.0,3495067,-2736457.000,-6619159,8294305#z7q4OieITdee583ue
922,2199,1119,1,1,2019-01-26 02:31:12.000,8269226,0.316,-4400191,-6984542.5,-860467,-327226.000,2806305,3443105#lnAF1smVQlFDJvl7b
923,2232,1178,1,1,2019-10-20 19:52:50.000,5633525,-1.323,1792715,2335269.2,-7746621,-4431104.500,-1576823,8488689#QEtiHdAjcgOa8mP9S
924,1057,202,1,1,2019-05-21 19:49:05.000,-8592501,-1.578,-4111649,-2534860.2,-1499617,-8683069.880,-1462926,7221787#HA8VgaQ7VBm9lRBNN
925,424,852,1,1,2020-01-17 20:18:43.000,950468,0.817,147355,-8934619.0,-190264,7089504.500,-3730138,929758#uZxdUKMwMpqaqZhWo
926,1440,803,1,1,2019-02-03 09:37:50.000,-1844385,-4.830,-617123,4079689.5,67345,8423105.000,3272093,8598048#S4gDU6rz70eiysxFQ
927,1060,10,1,1,2019-07-01 19:51:20.000,3881318,-3.488,2005360,-3222811.2,4387638,-5156869.000,-7017150,28226#Y0PGOIgmXuL66p8pz
928,523,78,1,1,2018-12-23 00:00:15.000,7579413,1.320,740258,4090431.8,-2929277,-1695072.000,5122628,3979266#nXH4dB2wRydlR1Air
929,1927,424,1,1,2019-01-13 02:19:43.000,1491752,-1.819,6938970,6383886.0,3488002,-2542432.750,-2187214,890290#nkToOMx99OjnXVl9K
930,617,159,1,1,2019-04-27 16:46:19.000,-3272824,2.421,-5868119,7880057.5,-6015364,-1153655.000,-5469246,5507528#fWaXaEdNXu3cdbxeI
931,1077,578,1,1,2018-08-19 12:59:24.000,8267126,-0.581,7058162,1653483.5,-6360554,-3192496.000,521204,1347044#pF2mVPG2vX1VipZlu
932,362,136,1,1,2019-01-21 15:32:24.000,7908842,-3.348,1478147,7804845.0,-5955817,7697500.000,-4667694,6538645#WJZBGQ6ZDTPGLzusx
933,698,78,1,1,2019-12-25 21:41:54.000,-6413209,-1.736,-8223144,5587613.5,4329587,8739589.000,5124128,3745680#5dGT6zqCYC5ATgCHM
934,1251,41,1,1,2018-10-18 04:08:43.000,5472159,2.421,-2503903,7151333.5,6650896,-1047976.000,204915,9211225#NYRDwWBR0nhCwoAqG
935,1130,927,1,1,2019-11-17 09:20:19.000,5241011,-3.005,-3974462,-3632883.0,7508626,-4291320.000,1802994,2211918#LnQINbn1HKSvVunsn
936,953,1118,1,1,2018-10-14 02:32:13.000,-1471442,-2.458,1814419,-758276.5,2099433,-879388.000,-4547103,8529878#Dug3bM8pGvlMMZs07
937,504,5,1,1,2019-05-08 13:53:58.000,2174529,-1.594,-3155659,2989415.5,5390159,-6717266.050,6663619,4304057#xROeQN9EIcJEhzgcA
938,1883,796,1,1,2018-11-30 09:40:52.000,927125,4.765,-2824144,6118195.0,-4685126,3707750.000,3641735,2287993#wR8fu1HRQQzJXpsCj
939,206,173,1,1,2019-08-22 14:19:29.000,4204650,1.213,7311593,1373167.9,8557715,2011138.750,6594616,1214204#EIpHHPrdHNqM8eVUC
940,232,1076,1,1,2019-02-12 06:20:54.000,6610304,-1.890,-794104,8936833.0,-3417847,-9046498.000,-2804960,1919937#Aj2N1STQs6h84xDAD
941,1971,294,1,1,2019-10-03 05:48:11.000,-9278638,0.125,8007595,9116004.0,5950358,-7951685.250,4531881,489735#xyRthwygJApLn6XPF
942,2044,928,1,1,2019-09-09 11:30:40.000,-7964267,-4.490,-3242345,5146441.5,-6730817,-5815979.000,3968458,2666542#1S8jOBe7dfqrY51LG
943,567,334,1,1,2019-02-04 10:23:08.000,-3039018,-5.115,8218399,-6631347.0,704934,3672443.750,-4836318,6230649#TZ0WIyGW9U2HQieHf
944,15,285,1,1,2018-11-25 22:33:36.000,-9448619,5.375,-1372339,-7598547.0,4900435,1525952.000,1980020,833480#IYbmthBul3Kp1p1GH
945,1870,1034,1,1,2019-10-12 15:40:26.000,-7092422,5.759,3597993,7989105.5,5878865,-4325479.000,-2181673,3558188#UyRghREi0NK9ZrCvc
946,1849,537,1,1,2018-12-23 06:44:15.000,424402,7.454,2239825,-2346165.8,1840256,-3813001.000,632344,7003325#wfdPrSfpGpof3pmle
947,969,899,1,1,2020-02-05 07:21:51.000,-7045619,0.480,-6282318,-6219472.0,9180670,-8758260.000,8915859,7068657#XFFEAUrvO5IC33E3y
948,534,526,1,1,2019-10-14 02:38:10.000,-7185865,-1.905,-5792254,5187979.5,7065784,8172356.000,6702563,2585442#Svw0F8R8smDg7u3n4
949,479,526,1,1,2019-04-11 02:12:44.000,-8216438,-0.569,-4558381,9142894.0,-1638251,5229010.750,-3404038,7689627#0ZhT5lwikdaHEA3i6
950,538,700,1,1,2019-03-11 05:23:48.000,5850958,-3.050,-6825983,2671377.8,-545045,7787663.000,-2341821,2217215#Ot1AvaXq0Afx0iNzy
951,1695,1,1,1,2020-02-11 22:49:54.000,-2177427,-6.957,-5363821,-6116823.0,6444075,4534196.500,4766916,3760771#rFhtvwsdrTjUhnlmi
952,1565,1278,1,1,2019-11-17 18:56:58.000,-632114,-0.780,8998759,7982331.5,-3730641,6767352.000,-7897468,7842094#mG8gGDcwCS3FEH8Jh
953,1330,1290,1,1,2019-09-02 03:41:42.000,-8429162,-4.725,9058016,612358.25,4259936,-6317861.000,8247611,2223438#d1M1PQzpnzX6Tp58d
954,2043,724,1,1,2019-07-27 05:39:18.000,9128162,5.133,-7143510,-3090298.8,1773324,2617794.000,7034675,31021#SCoJeTBYvycdJ9oQN
955,1826,635,1,1,2019-07-03 22:42:17.000,1021332,-4.220,210083,1432961.9,-1478208,6352.000,1923241,3676610#Cfr2FYrUrOvoQcuwV
956,1947,684,1,1,2019-12-03 08:27:25.000,-537175,-3.776,5070239,2839245.2,7243863,8394630.720,5841130,1787686#BFlCcos8qOBaMAUOA
957,1240,744,1,1,2019-03-11 08:12:26.000,5821789,-1.065,-9527545,94722.61,4106032,567721.500,-2084976,1704282#qXS7wyH0lUdEq2vbr
958,1398,1086,1,1,2019-09-25 03:08:41.000,-4433015,5.360,1696998,-6551618.0,4471665,-7072870.000,-7421085,457401#nGUhJbyKL9Xnh5glt
959,1801,386,1,1,2019-08-26 18:10:25.000,6564158,2.385,313192,2928098.2,-531893,-9259037.000,-737420,6822063#6JWUdRrxmIGpaS30S
960,1103,295,1,1,2019-11-01 20:04:14.000,-231354,-5.410,9044311,6981281.0,3672282,-770784.000,-9570433,2924193#FrH0tWCa2KAeWwTl2
961,2177,803,1,1,2019-07-20 11:50:45.000,-5456774,-6.547,8096109,-959255.9,-9018681,-4466033.490,3578668,9487698#aDTngedV64HzpWXxT
962,1047,218,1,1,2019-06-03 11:48:16.000,-5340631,-6.072,-1346191,7382656.5,7613658,-5470627.360,4620401,5165684#g2Xxsfpux6AtxY1kw
963,232,1055,1,1,2019-12-21 07:06:20.000,1680764,2.856,-4649116,-4603310.5,3725900,2801248.000,-6834452,1847477#E0XUKetmCJRYYn8pa
964,378,398,1,1,2019-07-07 02:32:55.000,3811972,-5.763,7575800,6652640.0,-3581282,8415527.000,-3035840,6157883#4Epn863aVc3S3TQJv
965,1379,973,1,1,2019-09-02 08:31:12.000,7064046,0.400,6924449,-9169048.0,-7512736,-505970.300,-1507596,9383803#HcYAbwDsQd1hQRZbn
966,1767,784,1,1,2019-12-23 09:33:37.000,5952743,-2.854,3607506,-9619222.0,-127261,-6833006.000,5147761,856483#1znH4brnd3t6KFE21
967,1467,298,1,1,2019-06-17 08:01:01.000,-5218644,4.801,-4190363,-1741679.4,-9506882,-2171799.000,5468972,5704592#PFQ8JxJoMh9Ui9ZVS
968,2212,967,1,1,2019-10-30 06:27:18.000,3484072,2.900,-9580149,3692504.8,825891,3578848.000,-8225527,584390#0fQmgg3YvYdy26lMt
969,1840,1256,1,1,2019-10-29 21:16:09.000,3943948,2.750,3260970,-8739515.0,5347959,-6575582.500,-3816374,9101114#UQxFRzXlA4yUZ2Gs9
970,275,1141,1,1,2020-01-06 19:56:21.000,-4742278,4.277,-6631721,-6394297.5,916013,639996.000,-5867843,1626116#S5zdJLdVTLeCSpkaF
971,1367,5,1,1,2019-06-14 06:45:08.000,-3689071,-3.964,876969,-3076093.0,3685162,-2884507.000,-6978059,8744131#bfL4qESpL56MMXza0
972,2083,1040,1,1,2019-09-15 22:03:09.000,8717776,0.344,-4638641,-7362942.5,-907098,-345276.000,2958980,3629722#bwxpPEfPnk6YkgWWJ
973,1546,17,1,1,2020-01-12 04:08:05.000,5938825,-1.373,1889915,2461669.2,-8166457,-4671579.500,-1662273,8948241#LnWuqydKH8Cr1rcoT
974,163,930,1,1,2019-11-09 11:39:05.000,-9056951,-1.678,-4334399,-2671660.2,-1580963,-9152788.380,-1542039,7612226#Y0PGOIgmXuL66p8pz
975,1825,724,1,1,2020-02-20 08:58:20.000,1002236,0.872,155680,-9417819.0,-200573,7472429.500,-3932238,979627#0ZhT5lwikdaHEA3i6
976,1892,321,1,1,2019-09-30 06:58:55.000,-1944035,-5.080,-650523,4299689.5,70723,8877480.000,3448243,9062171#8FdhyAUG6BGl4rCZ2
977,881,708,1,1,2019-12-02 05:05:21.000,4090268,-3.688,2113810,-3396411.2,4624127,-5435019.000,-7395400,29229#66slMG7fAD3SUH3Tl
978,472,881,1,1,2019-09-19 04:32:12.000,7987575,1.368,779808,4310432.0,-3086988,-1785972.000,5398628,4193129#wvXaL1MLirLPf0yWF
979,1537,1275,1,1,2019-09-30 17:12:22.000,1571752,-1.919,7312920,6727086.0,3675290,-2679670.250,-2304614,937917#O36AHbTFh2M3oDwW3
980,997,963,1,1,2019-11-12 23:12:50.000,-3448274,2.556,-6183828,8303257.5,-6339048,-1215190.000,-5763496,5803627#0ZhT5lwikdaHEA3i6
981,706,178,1,1,2019-08-13 06:34:34.000,8711014,-0.631,7437449,1742283.5,-6702336,-3363696.000,549354,1418930#Bgr6mC0Htr6XAFgs0
982,2020,424,1,1,2019-10-13 18:03:50.000,8333242,-3.548,1557803,8223245.0,-6275250,8109950.000,-4917806,6889002#Arj0HPSwuKmV9cEHm
983,1616,49,1,1,2020-02-15 13:50:44.000,-6756959,-1.836,-8664044,5886813.5,4561429,9208439.000,5398603,3945881#QPjeqRHqQ4S8Qjc9F
984,440,1291,1,1,2019-09-17 03:50:54.000,5765359,2.556,-2638478,7533733.5,7006872,-1103776.000,216327,9704066#lDimrJcHlSdTlDMuj
985,486,325,1,1,2020-02-03 18:15:09.000,5521561,-3.155,-4187187,-3827283.0,7910637,-4521320.000,1899444,2329846#HCuqvmmbDc4wmybeU
986,117,740,1,1,2019-09-24 17:03:51.000,-1549842,-2.608,1910819,-799076.5,2211935,-926038.000,-4790303,8985251#tkYj7GbMbnD1qLTr5
987,309,1027,1,1,2019-12-05 08:17:49.000,2290079,-1.694,-3323959,3148615.5,5677878,-7076148.550,7019669,4533262#vjztCJhloHu3AnuAL
988,1961,948,1,1,2019-10-19 01:57:35.000,976975,5.035,-2974769,6444595.0,-4934758,3905300.000,3835810,2409726#KAQ7cVhsUa8dwaanD
989,694,381,1,1,2020-01-12 14:16:17.000,4428850,1.259,7700843,1445967.9,9013781,2117951.250,6945891,1278464#Wu1kNFJG4BMSW0oPY
990,1705,340,1,1,2019-11-19 00:25:06.000,6961829,-1.990,-836554,9412033.0,-3599231,-9527773.000,-2954019,2021667#CzrtPUp0EH5I5HZCR
991,1386,852,1,1,2020-01-28 13:53:32.000,-9772088,0.137,8432795,9600004.0,6266325,-8374197.750,4772331,515713#4wHdxU9hEckvvf5wb
992,66,163,1,1,2020-01-23 17:40:05.000,-8386931,-4.740,-3413995,5420041.5,-7088383,-6125104.000,4179033,2807969#0aJvB6tN8dJ3a5WhK
993,1783,746,1,1,2019-11-29 06:52:21.000,-3200268,-5.365,8654049,-6982547.0,742033,3866856.250,-5092568,6560771#rFhtvwsdrTjUhnlmi
994,1638,1258,1,1,2019-11-15 20:17:50.000,-9948606,5.665,-1444539,-8000947.0,5160317,1606502.000,2084757,877218#Dq7GQIQaVzjN8XbFG
995,1074,686,1,1,2020-02-06 23:19:15.000,-7467881,6.069,3787893,8412306.0,6190332,-4554629.000,-2296748,3746137#wTtuuiyPz3J00T3zm
996,1028,260,1,1,2019-12-03 01:48:25.000,447302,7.839,2358725,-2470165.8,1936999,-4015026.000,666194,7373349#sakQNfAxig6wQEyRO
997,2096,503,1,1,2020-03-06 22:29:31.000,-7417194,0.498,-6613593,-6547472.0,9664969,-9220460.000,9386234,7441633#s75NYp5iDle9Iravn
998,46,96,1,1,2020-02-12 20:36:49.000,-7564640,-2.005,-6097404,5461579.5,7438934,8603006.000,7056163,2721332#2P4O7zvFzEebkwzNy
999,106,481,1,1,2020-01-09 19:39:37.000,-8648938,-0.619,-4798931,9624494.0,-1724779,5504998.250,-3583738,8094679#0dtlOOdRMQNQ8WCtj
1000,1702,988,1,1,2020-01-08 17:45:59.000,6158683,-3.200,-7185695,2812177.8,-573609,8197188.000,-2465071,2333801#jppSnc2FJCXxHgZKZ
1001,51,1,1,1,2020-03-10 02:04:43.000,-2292427,-7.307,-5645621,-6438423.0,6783343,4772571.500,5017816,3958465#R3rGvQEcEKVOvetg9
1002,1385,1040,1,1,2020-02-26 09:40:37.000,-664914,-0.800,9471634,8401531.0,-3926837,7122902.000,-8312368,8253683#U5qG2GRWJQTEmD9Eo
1003,1092,1163,1,1,2020-02-17 13:37:12.000,-8871687,-4.975,9533766,644358.25,4483014,-6649711.000,8680511,2339862#a7lwFpDLXVkwAh0EZ
1004,262,808,1,1,2020-02-15 23:43:08.000,9606562,5.423,-7517610,-3251898.8,1866425,2754844.000,7403775,32277#GVitBfgndjiclhI8r
1005,504,653,1,1,2020-02-17 03:09:14.000,1074982,-4.420,221145,1508161.9,-1555476,7152.000,2023441,3868891#x6Ihkdhcmee33GPCI
1006,608,698,1,1,2020-03-06 03:14:55.000,-564888,-3.976,5335864,2987245.2,7622254,8833186.720,6146430,1880668#QGqldqWYKKE1RVbD1
1007,694,734,1,1,2020-02-17 02:14:41.000,6125839,-1.105,-10025695,99522.61,4320546,597221.500,-2193651,1793228#1d1ARwemATGqfU8cr
1008,1526,867,1,1,2020-03-05 18:08:52.000,-4664515,5.645,1785073,-6893218.0,4704816,-7441870.000,-7808160,480999#o3wTqKJ1Ok3k7WH8T
1009,1137,72,1,1,2020-03-07 18:05:28.000,6905908,2.500,329067,3080898.2,-559391,-9741987.000,-776195,7177335#vTpJtqBJYcwyzVr7S
1010,1253,387,1,1,2020-03-12 20:57:01.000,-243154,-5.710,9515373,7344481.0,3863424,-811334.000,-10068433,3076228#1d1ARwemATGqfU8cr
1011,885,490,1,1,2020-03-15 12:19:40.000,-5740524,-6.897,8517509,-1009655.9,-9488240,-4698587.990,3764568,9981147#7hJyjbPYJomLfBDig
