1132,1759514#DD1WdyXVhnn,-3431171,6568755,9302598.4,10010500#rkwN9t25csFCRn,1027896,1700699,3803491,-918292.85,10089863,-5667161,-3315819,769403#xLBaO1L5ZHYuX0ytFM1
1133,5682313#vVFXp5MtFyy,5246918,-6999832,-8389382.1,1042670#ptwZLaXjnxItdH,7623464,329581,-10558336,-5209883.17,-10574107,6037818,4343503,8265405#1EzM82tQQHYECohrTkf
1134,9642417#3RmgNHbZInj,1002767,-2268236,10185798.1,4984292#7wBWLwQGfgj7Ta,3546804,4959992,2070987,1053155.96,6865082,5301665,-7959806,9134655#ZNg8XHRQ8hMuatIVrrD
1135,10035770#AQ4rEclWTYx,-5051561,-6844766,2841838.2,4546124#5ggBc8finZ9ijO,8415402,10434556,-10158876,10525919.27,-6523694,6664294,-7066121,6374889#I8pWCBQ1Ce8jjevbPZa
1136,1586883#1Efl0rNcDAr,-8412823,-9782959,-10761985.1,10222572#rxRwABS7le2Pbp,-5658952,4633779,-5339561,9405413.48,-9730949,-1168428,-1715418,563820#oCALV5w9CFtw8TTwEae
1137,5253910#i6XDKPqED0c,-4761815,-3230267,-10840980.1,8271518#XostIYU7EVefu1,1385171,-8288746,8684048,521748.17,8200112,-3517645,2452006,5437520#B86WJY56e5juEEw0zpP
1138,5196228#5v0ih9vKpaE,-4775441,-5592936,8264917.2,1944672#FvGthDMGnmaWDY,-2883439,-4060303,-7473644,-2743418.56,10057035,-9246890,-4712970,1593017#AslGCmdg2AaSBTwW1zH
1139,2170502#Y1yoUJ0KCbd,1761331,-5283184,-5304947.0,7367166#prTMDUoN0rrcF1,11317483,-5717526,-9602191,-437810.77,-918442,-3482380,-5508488,2587399#3L4gJM1JW4lOobSf8aH
1140,9956591#vdJzEZoY9jo,4279968,7070376,-5124896.4,10693268#89OOJRcNN74e5h,6948545,-581041,11337565,-4411355.91,8239872,-5581151,10360124,9545806#9ung3SUFM46a9etmAk6
1141,7459647#LSFEPQY2HFo,-10083375,-6037349,8418755.7,7051737#noDYAbmT74fKeI,-923839,-8489995,-2465502,11026252.90,10340390,5371242,-11356283,7906284#z1hXyKg3nYGpA94uxe7
1142,1836041#otojJc7yTEH,-7327971,10164649,2747806.6,5070478#LfgJIEjB0Aq4zJ,10818753,-6801504,3141622,2404440.22,10941891,4881836,11058536,8297728#Zh5gHv5eG5MYnzBrfTG
1143,3483009#p4O4NUJPeip,-7764266,10292060,-4255178.4,10621810#KnHTkZbjYcIIU0,7927419,-8219314,6930778,807752.05,-9980218,3159739,-3504915,633105#PSJyqfTJBdXrZ7tyCQj
1144,5914893#8xcYSfc4XuH,10201709,-7766415,-7498651.5,5097450#MKn5rcOtyH4tmk,-7493633,-9772148,-3459764,-8849378.04,3680338,10837783,5145229,9097921#O95Yk1FH7kxEHBousPp
1145,3333792#Qu9sDsnHKT0,137464,-8175261,-3662768.4,8396388#xSxOpGZJidbWch,9845713,-970053,8147216,-10282498.73,5857893,-9610458,11129986,5937322#Wl2Py8ERRJ0J3R8QBne
1146,9653930#rTjJEeuaagD,1885146,-4880041,8141844.8,1997488#2Ze2bCph1Qut1c,4677999,6276343,-53732,-9496033.84,10238810,-1886206,6955905,1577828#T5qCakds24nVxvRI9BK
1147,3807466#i5eShrGCHBZ,6839251,-6883682,-9360493.1,3589302#EqPFlIa1ADUau3,5678297,-9971077,7375329,-1556496.68,-5243958,236816,-9251293,6355732#BtlunqdsmL5XMHxFSMR
1148,9087175#dagU7wQntO3,5101762,-9830292,9081580.0,5841544#824JXGkmkNSCwz,-2990695,-6926206,4959460,4201425.00,-9443820,8471450,-1374397,9280328#QJPlO7X3tf8GNGLGbFm
1149,8594672#yY8qurlkqpO,1923451,10102605,10148490.5,4073921#QkK0YUBlWlN4xf,9854337,4205314,2186118,-1945539.71,5815945,11300557,-5050212,4000524#XMSfqPQwXJ13D29NP6x
1150,4857252#QycOr86C1B9,1960557,-5513579,-3460074.4,698169#YGHDcJoDLFTHdp,4995251,-4160462,-3448655,-2247850.92,-9157840,-3655500,-1907595,1284512#1StKKR4UTyn3qAcHUNO
1151,6090250#C8NVga1DWzL,-8107446,2527299,-3838178.8,3779613#MoBmGDMKwpac0H,-9967746,7918520,-906261,3631378.83,-1360989,-8643517,387217,10562455#DNnC2mnOkaqECRbP0YT
1152,10287400#44n7pflNGMc,825169,11387074,-7799669.7,8960609#a1U130r1tAawze,10915845,-1033474,-10476181,10886021.76,10494074,-9710275,1273552,3871953#kDwYE3p8s2zJC4UbePj
1153,1185046#dfqpfmRFC6C,-3715539,8888379,6390322.2,5972059#qbxEIXP5xqw8tV,547984,-8880606,-113034,8252188.20,6293025,2899005,-6762436,4542432#gGidMAKGcs41G7pyM7V
1154,8574010#4kp3rHfbuoc,1589509,-11348758,-10401099.0,352762#zFVD5sowWXFeHh,4977852,-2563950,-3794904,-1963171.11,-6922859,3099853,8927952,1070136#qBl7kJLNAAo949tTIBu
1155,11520225#Z9AmJtm338D,-10498741,-6269916,8190087.9,4757551#3kAIXBdZCEhgSG,8208045,-9351023,1529618,6463579.69,9424346,-5596979,-5645828,11322193#2cgbTMfr5UprJGtdNwP
1156,5836699#9JYmUugGr7F,-6154290,-3122689,6394116.5,6348850#1E7v4sfApjIho4,-10224876,-11544258,-2587579,5122420.26,3078661,5070654,840505,10538180#2eewkyl6bSxZzB4dEb0
1157,7950809#tfS7s2Gf3Fz,9922612,-3349776,2853917.3,9492015#lIAN2M8L7q6x7s,-4683685,-1236610,6991855,-3777694.49,6788167,-2551680,-4746555,2100483#Av4UwVbQACvSKunxMVU
1158,10801158#0o6lWYznHwW,7334762,322003,5661480.9,7059820#rgeuEBc65mlx2Q,-8841804,-4132877,6279440,-2952096.13,-4313286,-3147433,1104565,5889465#hCquZTpUQWD2O3YIyyN
1159,10306602#xlsM14Qnbgo,3000994,-1109094,-6946145.5,6797292#7wBWLwQGfgj7Ta,-2044685,4406747,-4210587,9041717.41,6824072,7650905,6279604,9655251#sdAX0e7oVgXdN2JOKWh
1160,6008239#ObUbCKTPmDB,-10117503,1681276,-7851327.2,1273585#nKBH9XJPuSsqbf,10645624,9152601,-8139714,158293.57,6065063,3386507,-10121809,4116392#LZcy6rWz7DdywM4j9EP
1161,1672728#FhaqlxJMkot,6205064,-2582038,3367251.1,2499780#uZxDLfT2g24O3e,-1675814,7016310,-11419171,862347.52,-7253656,-6015173,1420354,6246151#qCTK3fGMKkF0wqmm4uI
1162,1574188#slUx4AzPhbL,-3767211,2156787,-4597529.9,7189557#eveoybhjlZAQB3,-4187764,11224991,-10973450,669188.08,-8863360,4528996,-9844069,5496724#QINH3cddp1RYxPqqoih
1163,11199796#2xMg10ogAxz,8756832,-4726371,3973132.7,1865653#T8gOtiER30AyqG,-7675090,-9936862,9337888,2284188.52,-1070296,-2239752,-6325372,4099334#UA5wkrQ2SMwHFYooH51
1164,2287960#CyxbgetnBuU,-6273135,11329815,7965468.9,2442658#i3Ax8Oc2LFVEjY,-5357775,4765543,11153007,4651095.10,-10214145,-3446940,10987141,7301938#f1r4BCrd2GBJLZkGhCz
1165,11529103#imfymp8s0dV,8218283,2272664,5514690.4,1885712#6MFsqKNJruciS1,1514117,-9356080,-1330753,8386123.87,2645530,6878914,1982950,7475869#xne8PeJ5SR4vVugARJm
1166,7925751#4fSKhHb8BQX,-5044299,8095571,10062937.0,8861300#sPJqyKe2OIuhjb,3448117,9627217,6349270,1670504.14,-4845276,-2042282,3664012,9341235#6gjhsHMglxuG8NhGs5I
1167,3053614#XjpvtvDL1j0,8850104,-532180,-9335341.1,11187049#OB5Z3WfRkAjrpQ,1134782,4120137,-3235224,3946832.57,-2650486,8201091,8410779,7024709#IN0s23RWlq46MhZjbtY
1168,7549316#SQnurhjS1J3,8778090,4398940,-7120368.3,2896984#yhuiwli28q9AL2,-4790325,6975110,-8712147,1543458.79,-8869191,-5177039,-10827999,7506385#x07iNlEXXQJB9eh1V44
1169,10787779#ertN9tdChDt,-7213684,-8509643,-10318645.8,4105236#FygYh9g1DPiJNO,-4283550,65592,2009021,9977157.54,-6265928,3912845,8547307,5225945#0kKLK7Xmk2TBEvqR013
1170,2496474#yD628Bpp95U,-9931745,7875213,532384.4,10411555#BhoBo8aokMhYco,11247876,4471690,297733,-7707794.68,-9011899,-6345552,-715462,8523593#JBJFmMnd3jGWvgcYGbD
1171,11048394#aH1DU0qOLCm,7659706,-9453026,-5460288.2,5776698#3R5ssA5LBlJHGV,3411390,-2792482,-6962526,6168864.27,-2435139,-1966838,4852857,11673916#4UE3qChxnxTAaclEt6q
1172,3053319#J081YWS0F9i,5342603,11569553,3982106.0,1141746#18rJKAYR8F2mC3,-538424,1219787,-472648,-1332931.77,-6388043,4959339,896573,8503276#iTvgRhK5fGBCxxIBVsc
1173,6002853#CmlamqN4ZRe,-2287809,-5550662,-7476365.1,1787475#kjHnAvw571PMLT,5129817,-2299162,-4265347,-6790352.67,-93789,8067878,5987454,9221670#zPE4pAzMObvzguHm3vt
1174,10874360#DM7eFCBJBob,10542116,7740863,5287065.0,3010356#r2fleORYECK8Oq,9426391,11234314,7404199,-10578390.37,913959,2060791,6265398,7899469#NmHadhA1OmGLFgHSatF
1175,10096808#MY8N7IagTGh,3282092,9883811,-6669352.7,6487713#94W0Kw6fAEYi1k,10236334,-5168087,-4317283,6417294.69,6413744,8265703,-1366624,2115484#BVB0huobVOIZ7eQNwPe
1176,211443#L7lWCIgTsP0,8797394,5831306,-8552770.6,4823402#CbQlIrYz1iGU12,8328251,7429573,1790708,-9930619.46,8659938,9294851,-9105527,10208456#ChzTn5UzD9RcU9ZbjVQ
1177,3836366#Yr6Tqj1gCLa,5755279,-544609,3787541.7,1459244#3lsMuIBegkrxpl,7042154,-6075045,-10211437,-1483117.86,4623668,10653380,-571184,1541893#a6MH4eJuMyAYVvN6KQz
1178,4584711#QuyH4lKZwx6,5357246,7498231,-881847.7,11142622#o47aqcV2shmPKI,-553699,8695837,365887,7733449.11,-8925674,5165942,-1443488,6534727#iQXCbj9mIZBiJUlqUNf
1179,1004038#bv0PMuFbgO9,-10334059,-4667358,471285.9,3415935#WCmOeZPQvJyVey,5624503,-1363709,-1189162,3128921.46,-3233974,10480376,-4254421,7659842#6jS77KgXVd8xYD7FHk6
1180,7598784#ETaP9T0wOD7,-5132825,-4693175,7536691.1,3641589#2iG4YFOgYAQkDK,-7314348,-4232046,-2391507,-10428525.14,-2524893,-1214444,1430868,7231049#9z70rN7oxNMddZ3LaY5
1181,4464363#GFBAmHD2MX1,1549545,9958361,2549589.8,3543037#JT5l3bAbP7C1nU,9019720,9904271,-11429553,-3842193.66,2886732,5662810,-11288435,6764677#tzSVnkSHxfww8eLC9IQ
1182,1836960#CyxbgetnBuU,-3582946,6858955,9713050.9,10452350#FjtU9P4F2GyU01,1073560,1776084,3971116,-958757.85,10535438,-5917261,-3462569,803272#s6hlIpwG0I7WQWQbSow
1183,5932974#q1HVRfZB2le,5478657,-7308532,-8759347.1,1088600#WV4SxDjrpYPUgE,7960063,343927,-11024036,-5439852.17,-11041032,6304249,4535528,8629819#bnRS72PVqwRzHPeVR5p
1184,10067134#toJMbML2j2a,1046967,-2367924,10634620.1,5204044#gzLZ1AYNJgvCso,3703429,5178909,2162400,1099734.96,7167682,5535740,-8310686,9537096#NvT2q2BdCo3rf96Cs79
1185,10477865#F48QIWG1S6H,-5274514,-7146722,2967293.2,4746146#JD5MyPezM3wIse,8786202,10894295,-10606376,10989783.27,-6811219,6957894,-7377746,6655586#IOIVFHePcQCNUavCcvv
1186,1656633#PySHbhP4x1U,-8783118,-10213227,-11235523.1,10672355#cJrvm1hQ7000VQ,-5908002,4838135,-5574424,9819501.98,-10159137,-1219547,-1791251,588583#GsqNcK7U8V6KNHOKYNj
1187,5484683#Y9YXsdCrpMr,-4971440,-3372286,-11317754.1,8635181#QiPMd51gtUJoUj,1446396,-8653306,9065985,544892.17,8560325,-3672120,2559406,5676328#QJPlO7X3tf8GNGLGbFm
1188,5424109#4W2g71VcncN,-4985372,-5838286,8628313.7,2030039#SS6hTMT7Md1PwQ,-3010027,-4238617,-7802269,-2863994.56,10499035,-9653424,-4919870,1662572#PER1p5toaPS6DgXMVV3
1189,2265662#VXOzc2dTnF1,1838806,-5515018,-5537413.0,7690259#Fh006DMTPt820j,11814226,-5968545,-10023691,-457430.77,-958380,-3634955,-5750363,2700810#La4Ynau3ZcVkhYuFcyM
1190,10393083#aew3NLsMUzF,4467608,7380726,-5349705.4,11162022#6RNNJB9XttOkCF,7253138,-606364,11834421,-4605022.41,8601409,-5826151,10814874,9964145#gfhuy3PDaccNZZYZe57
1191,7786337#F68o3BuVgQk,-10525275,-6302099,8787856.2,7360434#PWAAz2QnsHyHQZ,-964689,-8861836,-2573714,11509408.90,10793202,5606417,-11853496,8252453#la7rNaRjMKqgnBKzxf8
1192,1916289#6Sa8jRjKIhG,-7649121,10609674,2867902.1,5292192#d8yfNFLCuhkfIX,11292078,-7099001,3279484,2509816.22,11421019,5095911,11542711,8660875#5t6odGFD5k7eX5zHJ74
1193,3635111#4HNQ0Jk8Y0V,-8103541,10742629,-4441416.4,11086336#Nwv1G3ErAqFDu3,8274269,-8578978,7234253,843227.05,-10416743,3298283,-3658528,660668#6oCuDLQ43uoS3BRP0MQ
1194,6172992#hEtQR7TmeZu,10647940,-8105515,-7826712.0,5320010#JpMxD0bjTCIKWh,-7821183,-10199599,-3611376,-9236352.54,3841444,11311742,5369867,9495451#JQpcmgYDtwyNgu6RSFZ
1195,3479354#w6CkLLJfWiC,143314,-8532065,-3822504.9,8762737#noDYAbmT74fKeI,10275888,-1012838,8502766,-10731833.23,6113918,-10030021,11616095,6196273#H2R0UkxvorkHwMh4vQi
1196,10074793#ePhwUtC1h1b,1967321,-5093241,8497190.8,2084399#1tnM27ysbxxrA6,4882499,6550025,-56269,-9910276.34,10685335,-1968568,7259680,1646333#HeWekQVLTm3CKjqpb9R
1197,3973043#rJw5436GAml,7137376,-7183607,-9768172.6,3745715#npSmBvu47QU0D4,5925847,-10405518,7696741,-1624404.68,-5472424,247447,-9654268,6632756#Ftfl59E9nTtmdzv4foJ
1198,9482626#1dSJpdjC86c,5324349,-10258629,9476966.5,6095875#Fa0dfrR3rr5zLr,-3121358,-7227501,5175715,4384396.00,-9854811,8840675,-1434572,9684322#Wl2Py8ERRJ0J3R8QBne
1199,8968284#D7kkfIkG2Kb,2007289,10542486,10589802.5,4251024#HjbOr1IXYMsYOl,10283437,4388502,2281043,-2030015.21,6069250,11792045,-5270312,4174217#UETIkikb9XgvTMyNbFl
1200,5068017#Cfx2Nrngjue,2045782,-5753529,-3610302.4,728421#ivVQQf19CjuqxI,5212376,-4340927,-3598561,-2345264.42,-9556165,-3814569,-1990845,1340359#3cqhDly3naf4ZYOZCoq
1201,6354629#bvJh8GoZzyg,-8459346,2637049,-4005229.3,3943505#4OcXv442f6QHJJ,-10400577,8262206,-945411,3788942.33,-1420239,-9018804,404129,11021278#fh9oBJplEKqciFxX4zr
1202,10733849#EGdgwCZTKjU,860944,11881524,-8138445.7,9349102#kAkpqW7ZEepdak,11389595,-1078283,-10930481,11358664.76,10949324,-10132000,1329164,4039824#nPfoVG2CDRZ4LqKSmlZ
1203,1236115#nG6D6TMmsS8,-3876495,9274167,6667405.7,6230663#psBAxCNoKwfw7J,572059,-9265878,-117921,8609682.20,6565925,3024836,-7055523,4739149#P91u2F4o0tKLG2nMboD
1204,8945350#4Iab8iMHHAW,1658540,-11840726,-10851969.5,367986#ScPXUlnqjqeza7,5193940,-2674681,-3959179,-2048179.61,-7222934,3234303,9314814,1116475#0fzUmETODGunt3GGQJC
1205,12018865#F48QIWG1S6H,-10953568,-6541265,8544722.4,4963285#0WADoaBYDK7bfE,8563645,-9755900,1595631,6743700.69,9832146,-5838904,-5890544,11812291#ebcCUBqCsjUjU28BUxn
1206,6089025#rWQ03nnihSS,-6420515,-3257439,6670512.5,6623299#qsVWYmHyETqVpW,-10666976,-12043947,-2699267,5344124.76,3211661,5290135,876817,10993951#OrHR2wSIe73PqJDOERs
1207,8294119#1LcnpUitmpt,10351050,-3494601,2977271.3,9902053#qLOXdWOjY3wvEe,-4885697,-1289703,7294192,-3940571.49,7081692,-2661605,-4951712,2191064#r470VocoPYRP5SkfGyT
1208,11267421#5e7spyA7ljS,7651725,335634,5906128.9,7364645#9mKkocktUrGrdE,-9223291,-4311330,6550203,-3079180.63,-4499111,-3283458,1152015,6143337#w1WGsO8mlboklcjLvJ0
1209,10751039#eloE1W0O1HH,3130085,-1156556,-7245733.0,7090349#ISbxyxBXBIPcGN,-2132985,4597025,-4392612,9431825.41,7118147,7980614,6550675,10071734#3GGxPLODx74Z3fxH3mg
1210,6266877#E5c4ZzwBJiJ,-10553471,1753976,-8189440.2,1328367#dFd5F8Rkze9KfR,11104101,9547103,-8490477,164956.07,6326301,3532770,-10558421,4293796#ZHuVO2G9DOpK1cGkGRK
1211,1744342#qjPoYAvRM2g,6472495,-2693075,3512154.6,2607360#nVf8MjJChTYJrC,-1747914,7318510,-11911352,899649.02,-7566368,-6274537,1481804,6514916#4UE3qChxnxTAaclEt6q
1212,1641630#5DhJV67YVnO,-3928899,2249362,-4795290.4,7498679#4E9iL8rUhJ9OLe,-4367914,11708267,-11445313,697803.58,-9244547,4724142,-10267844,5733225#Lr33djE29tgEA41hzCK
1213,11681141#ty64BYFYBhU,9133057,-4929634,4143749.2,1945565#TCughP3k50teDI,-8005140,-10364352,9739763,2382009.52,-1116371,-2336115,-6597322,4275367#Unixo2wllnoXgLSK1m1
1214,2385970#zibXS81Y2bl,-6542423,11816508,8307582.9,2547192#d8yfNFLCuhkfIX,-5587863,4970380,11631782,4850590.10,-10653195,-3594652,11459241,7615472#iJxmPKuDDFaQOgw6Nrq
1215,12023894#HoCDNLded58,8571189,2370292,5751117.9,1966311#w3xymmhrVCsuPB,1579042,-9757463,-1387821,8746199.37,2759293,7174239,2067850,7796436#VywWwiuWfLArrUAtvQs
1216,8265292#ixTMz16n6Ye,-5260193,8442833,10494283.5,9241037#JT5l3bAbP7C1nU,3595867,10039699,6621632,1742149.14,-5053376,-2129582,3821204,9741469#NmHadhA1OmGLFgHSatF
1217,3184018#nBQq5GhJHDt,9229554,-555330,-9735422.6,11666184#cjMofPpQQJi0WF,1183270,4296383,-3374162,4115810.07,-2763979,8552475,8770879,7325383#u71YOFUh0LFXL7QCCmq
1218,7872269#IV2bJxkqf3T,9154115,4587565,-7425538.3,3020902#OxzeBQmeCwIfFC,-4995487,7273977,-9085088,1609349.29,-9248891,-5398440,-11291224,7827543#Updwaz1r9WRJV0yC5Xs
1219,11249027#IIfPE8Vjsd8,-7522309,-8873881,-10759947.8,4280478#LfgJIEjB0Aq4zJ,-4466950,68538,2095296,10403688.04,-6533528,4080183,8913184,5449422#QP7GcF1Uu9MuVnECvvY
1220,2602826#MQPrrqmnKBW,-10356195,8211613,555553.9,10856178#c7uurxgk0lcvTI,11728751,4662753,310808,-8036984.18,-9396786,-6616627,-746112,8887789#zSILF9hnV2CW5arFoor
1221,11520031#uj4mHsnzntz,7986669,-9856851,-5693830.2,6023202#Gp1WZpmA3whAMk,3557321,-2911353,-7259522,6432645.27,-2539352,-2050488,5059651,12172314#Rl6KSVfvS1wvNiSaDdb
1222,3183165#84c8RcxgYaq,5570341,12063278,4151565.5,1190056#al0KvxX3f8DyEK,-561624,1271914,-492548,-1390117.27,-6660881,5170789,934835,8865710#JAY2MJVRdjUacSJI7SV
1223,6258453#6k87jHuIxjX,-2385214,-5787037,-7794635.1,1863279#L8y8ie00LwUbpu,5348692,-2397386,-4447072,-7079499.17,-97664,8412116,6243079,9614368#RRRN45ZgQrYbJqIQNrc
1224,11337473#irc0PGWGDiG,10990716,8070638,5512387.5,3138514#A15RX1LWw3WXQW,9827741,11712659,7719524,-11029243.87,952984,2148516,6532266,8235653#2E4QRxrU8AvGsR5cZ1k
1225,10526129#5b38Le8aScL,3422030,10304361,-6953025.2,6763432#9nMXVI0wAMl7RS,10671584,-5387827,-4501058,6690760.19,6686569,8617715,-1424411,2205101#jFHwpelW7N6fSad0Rsu
1226,220340#fNY7Ohj4L6T,9171494,6078937,-8916297.6,5028211#xyjBPxHbW94noq,8682726,7745560,1866539,-10352935.46,9027713,9689701,-9492577,10642152#Klt0fTA3dxl50JoGC4t
1227,3999139#r6znInC4chx,5999991,-567471,3948779.2,1520930#3ulZrqKO2KMgqx,7341479,-6332697,-10644887,-1545936.36,4819855,11106368,-595059,1606998#zLVkrIlOlGJqHL3zspB
1228,4778972#lNzBGkjVHvS,5584821,7816131,-919257.7,11615333#BZzPTPLuf0ujB2,-577074,9064783,381337,8061547.11,-9304812,5385267,-1504522,6811757#lREoaOFbdW5rKkRlWom
1229,1046204#utBHIwfa0me,-10772221,-4865158,491276.4,3560673#NSz6hRHnUJWecS,5863226,-1421443,-1239637,3261666.46,-3371124,10925107,-4435209,7984650#aYERmMHvvlQPXdBawem
1230,7920351#3WU9raeWaB3,-5350372,-4891912,7856059.1,3795562#jl5LKesJiDCX1b,-7624348,-4411360,-2493197,-10870349.64,-2631893,-1265737,1491681,7537112#GRKP0Wag7ftTUBkXPtG
1231,4653124#2ulaDNTsPO7,1615083,10379948,2657570.3,3693025#DEjwYc4qb6FgRl,9401583,10323199,-11913066,-4005115.16,3009082,5902185,-11766004,7051061#Ma3eCBwdHp33dsC6RCy
1232,1914406#Asne0jAHSXB,-3734721,7149155,10123503.4,10894200#dkf88uNxis8ONz,1119224,1851470,4138741,-999222.85,10981013,-6167361,-3609319,837141#dUQ9NoeEe1kiUMV1oq9
1233,6183636#t8Ew5uYhcJz,5710396,-7617232,-9129312.1,1134531#vUWCSDBanfldai,8296661,358273,-11489736,-5669821.17,-11507957,6570680,4727553,8994232#aePxZzqC76ld96pL7tz
1234,10491851#K17pVDUm4kE,1091167,-2467611,11083442.1,5423797#YQAogyYWLHHNH4,3860054,5397826,2253812,1146313.96,7470282,5769815,-8661565,9939537#srErwnqdXd9sAfbjA1U
1235,10919960#CyxbgetnBuU,-5497467,-7448678,3092748.2,4946168#tZaim9JbQD9P67,9157002,11354033,-11053876,11453647.27,-7098744,7251494,-7689371,6936283#4aWlTMUF0Wy417nSKEi
1236,1726383#e8ZMwMwA0nf,-9153413,-10643496,-11709061.1,11122138#m8WsYrnMtFK7ya,-6157052,5042491,-5809286,10233590.48,-10587324,-1270665,-1867085,613346#SX3Qw2WCKcK3T3tDqtw
1237,5715456#wINwqjn89VM,-5181065,-3514304,-11794528.1,8998844#u6JAD9Ed9WTEtp,1507621,-9017865,9447923,568036.17,8920537,-3826595,2666806,5915136#qBl7kJLNAAo949tTIBu
1238,5651990#I04KILpjqRS,-5195303,-6083636,8991710.2,2115406#er8ESFjI6eB25c,-3136614,-4416930,-8130894,-2984570.56,10941035,-10059958,-5126770,1732126#zAOVqHFAsxUeFgnjbYN
1239,2360823#jkt1hMk3Q8f,1916281,-5746852,-5769879.0,8013352#DfTmgOlGKZffbF,12310970,-6219564,-10445191,-477050.77,-998317,-3787530,-5992238,2814221#xha2dTJ1alGLKahxtxb
1240,10829574#doLDqRsGQ0T,4655249,7691076,-5574514.4,11630777#QQGDxRL35fIOL6,7557732,-631688,12331277,-4798688.91,8962947,-6071151,11269624,10382484#BVB0huobVOIZ7eQNwPe
1241,8113027#IIfPE8Vjsd8,-10967175,-6566849,9156956.7,7669130#Z3KJJ88GAPXfuL,-1005539,-9233678,-2681927,11992564.90,11246015,5841592,-12350708,8598623#Jz87SD1PrBoIMe7PyOC
1242,1996537#uPvTWj23cfu,-7970271,11054699,2987997.6,5513906#FOLM3d8i3QrRm2,11765403,-7396498,3417347,2615192.22,11900147,5309986,12026886,9024022#IJt9ifEo7AuFyf2MCO4
1243,3787213#RevlwMvtZjP,-8442816,11193197,-4627654.4,11550863#YFRHQx7jH7Na6P,8621119,-8938641,7537728,878702.05,-10853268,3436826,-3812140,688231#LBLxyYr7AizIh3uL03I
1244,6431091#UacrZMEcL0A,11094171,-8444615,-8154772.5,5542569#VHwxYzZu5Hff53,-8148733,-10627051,-3762989,-9623327.04,4002550,11785701,5594504,9892980#SNUQ1jdWQrLkJMxG7gq
1245,3624916#a4r9846SkDm,149164,-8888870,-3982241.4,9129085#yEOTG1H77Q9otD,10706063,-1055622,8858316,-11181167.73,6369943,-10449583,12102204,6455224#apvzmaNElbZGy0OV2w9
1246,10495657#dVx6IbdIflG,2049496,-5306441,8852536.8,2171310#61oswZZC4Yl9sm,5086999,6823707,-58807,-10324518.84,11131860,-2050931,7563455,1714837#xLhX8otC8GP9Gj32wW2
1247,4138619#9X4GBQmwnsf,7435501,-7483532,-10175852.1,3902129#SoZeD5HpS2RRY8,6173397,-10839959,8018154,-1692312.68,-5700889,258078,-10057243,6909780#Rk04NcS6qioWDMgyKjI
1248,9878076#HWRvLYlj9Zt,5546937,-10686967,9872353.0,6350206#3dDhsftokRh1gM,-3252020,-7528797,5391970,4567367.00,-10265801,9209900,-1494747,10088315#1a4Cc8PYBeb2nZxL56f
1249,9341896#EWuCibGMLt1,2091126,10982367,11031114.5,4428127#5b8flcUsnefEbv,10712537,4571691,2375968,-2114490.71,6322555,12283532,-5490412,4347910#gYMadeJFFMyOcKKbMMC
1250,5278781#1Lx73SGY33g,2131007,-5993479,-3760530.4,758674#z2uyC6tZYscTu8,5429501,-4521392,-3748467,-2442677.92,-9954490,-3973637,-2074095,1396206#S4mkUiFW0wSOTXuGxPv
1251,6619007#Gfxy3KT1EdY,-8811246,2746799,-4172279.8,4107397#wh2RUboW4OUc0G,-10833408,8605891,-984561,3946505.83,-1479489,-9394092,421042,11480100#yDbcoadS9EK3VZbEO22
1252,11180297#u6gXa0cC9Xr,896719,12375974,-8477221.7,9737596#ApQj8SIsWrGdWD,11863345,-1123092,-11384781,11831307.76,11404574,-10553725,1384777,4207694#QqXqXssBltefh7kpT6h
1253,1287184#13stTouQgWE,-4037451,9659954,6944489.2,6489267#ayVSu1Vfus5xTz,596134,-9651151,-122809,8967176.20,6838825,3150667,-7348611,4935865#Hu0cMK5eB3nDG4gF02z
1254,9316690#89QCPnzb0NA,1727571,-12332695,-11302840.0,383210#mRlv7waP1mBy6j,5410027,-2785412,-4123454,-2133188.11,-7523009,3368753,9701677,1162815#3hhN3pmxFTav1RiodGe
1255,12517504#CnYSckGr1QN,-11408395,-6812614,8899356.9,5169020#bbsD226VXkyb3N,8919245,-10160778,1661643,7023821.69,10239946,-6080829,-6135259,12302389#vIcSgjZqptYELdmUA1n
1256,6341351#3WU9raeWaB3,-6686740,-3392189,6946908.5,6897748#6HaQhE3zCDEweJ,-11109076,-12543637,-2810954,5565829.26,3344661,5509616,913130,11449723#obnMbvxUzR3O5ISTInu
1257,8637430#ok6hTJHcJKb,10779487,-3639426,3100625.3,10312092#ff23bWDu30pqWH,-5087710,-1342797,7596530,-4103448.49,7375217,-2771530,-5156870,2281645#iKM3rYaIB7E7vzWKT2e
1258,11733684#vIEmocD5jFd,7968687,349265,6150776.9,7669470#cf2EpRCoxjrG3n,-9604779,-4489783,6820965,-3206265.13,-4684936,-3419483,1199465,6397208#qwVIYeWH6rgjOZt0mes
1259,11195476#DtNGYjHbWTt,3259175,-1204019,-7545320.5,7383406#er8ESFjI6eB25c,-2221285,4787304,-4574637,9821933.41,7412222,8310323,6821747,10488217#UETIkikb9XgvTMyNbFl
1260,6525515#jF8UNPh2LZk,-10989440,1826676,-8527553.2,1383149#H8d3rR6aPh31av,11562578,9941605,-8841239,171618.57,6587538,3679032,-10995034,4471200#cVSoPL6hAsQllLDL5eC
1261,1815956#lii2f1jbNrq,6739926,-2804113,3657058.1,2714939#4M2txGwhzdDTtW,-1820014,7620711,-12403533,936950.52,-7879081,-6533901,1543254,6783681#A5EzyTzunsAXYv9sR8y
1262,1709071#L5ime901b6O,-4090586,2341937,-4993050.9,7807801#nRm1FkytryJv8E,-4548064,12191543,-11917175,726419.08,-9625735,4919289,-10691619,5969725#bZYm2jAjfJTAVK70Vsp
1263,12162487#oUmki6x0gH1,9509282,-5132896,4314365.7,2025478#LfgJIEjB0Aq4zJ,-8335190,-10791843,10141638,2479830.52,-1162446,-2432477,-6869272,4451401#AoRI4BwhcbDktBltnSB
1264,2483980#acQaiYoGyaf,-6811710,12303202,8649696.9,2651727#CELsyOhUC39Msa,-5817950,5175218,12110557,5050085.10,-11092245,-3742365,11931341,7929006#d5a9qfKw0PMymraAwHg
1265,12518685#FLstBSRvFuj,8924095,2467920,5987545.4,2046909#7oqF8X7C3QsqN8,1643967,-10158846,-1444890,9106274.87,2873055,7469564,2152750,8117003#i8oBoEZG7zZYVTbhI1i
1266,8604832#FZJ0IlRYxUg,-5476086,8790096,10925630.0,9620775#QcDzaoEs5YBzag,3743617,10452182,6893995,1813794.14,-5261476,-2216882,3978395,10141703#jSRWDPJ0GTYtNVIh6ud
1267,3314422#ZbXsiWCURhw,9609004,-578480,-10135504.1,12145319#A3mDltczfaavaU,1231757,4472629,-3513099,4284787.57,-2877473,8903859,9130979,7626057#seZrmm9BCYoxeZxlg72
1268,8195222#gg6PqunMufx,9530140,4776190,-7730708.3,3144821#CmgnS3yc9MIOGT,-5200650,7572844,-9458029,1675239.79,-9628591,-5619840,-11754449,8148700#GUSGNrPnsFtIXd0nRZp
1269,11710275#Vn4xTC3SCop,-7830934,-9238118,-11201249.8,4455720#RA2Jd5GzHeGc6P,-4650350,71483,2181571,10830218.54,-6801128,4247520,9279060,5672899#RzSttIFGPe7yQXmWD9Y
1270,2709178#XTcGeM5COU5,-10780645,8548013,578723.4,11300801#nRm1FkytryJv8E,12209626,4853816,323883,-8366173.68,-9781674,-6887702,-776762,9251984#VVbi5iQTtSpCiuwvJ2Y
1271,11991667#KfoNEpeQoHS,8313631,-10260676,-5927372.2,6269706#9k1acdLOGSUY1g,3703252,-3030224,-7556518,6696426.27,-2643564,-2134138,5266444,12670713#sGThOT68JXQE0KCxFZc
1272,3313011#j83003Kxrp5,5798078,12557003,4321025.0,1238365#t8mcndWBsgoFx3,-584824,1324041,-512448,-1447302.77,-6933718,5382239,973098,9228144#H3GuZwhSpf8YT4Ye6dO
1273,6514053#pKwOS8CTE4p,-2482619,-6023412,-8112905.1,1939083#Wi0TTuX1MaSYPN,5567567,-2495611,-4628797,-7368645.67,-101539,8756353,6498704,10007066#X2YuBWZW37bYBmW6hi4
1274,11800585#YGfpG6VjqN7,11439316,8400413,5737710.0,3266672#FvGthDMGnmaWDY,10229091,12191004,8034849,-11480097.37,992009,2236241,6799135,8571838#VyJxcP2TZxF98u8rtt9
1275,10955450#MEnRGaj79pX,3561967,10724911,-7236697.7,7039150#DYeFvynjejOb49,11106834,-5607568,-4684833,6964225.69,6959394,8969728,-1482199,2294718#BdsvxkbwjdmQ0tYjrkP
1276,229237#GxzA2S0MuMw,9545594,6326568,-9279824.6,5233019#qiNVZSGKqC8pU7,9037201,8061547,1942370,-10775251.46,9395488,10084551,-9879626,11075849#MYBwljoDztljUrM6yat
1277,4161911#rFKd05XdAby,6244704,-590334,4110016.7,1582616#dAOpNQ1TGTF79h,7640804,-6590349,-11078337,-1608754.86,5016043,11559355,-618934,1672103#bWHpksJzwzwyT46HkAJ
1278,4973233#aQVbtmf4iOH,5812396,8134031,-956667.7,12088043#kukkceOL7rm2QA,-600449,9433729,396787,8389645.11,-9683949,5604592,-1565556,7088786#p08CcxaeJztPC1hZspB
1279,1088370#20B7SMm0xCn,-11210384,-5062958,511266.9,3705412#xZylUjiCES28tl,6101949,-1479178,-1290112,3394411.46,-3508274,11369838,-4615996,8309458#QbNSM8MMYLyzegms4Em
1280,8241919#3suYzBOkoOS,-5567918,-5090650,8175427.1,3949535#XXH5sz6QDryF7D,-7934348,-4590674,-2594888,-11312174.14,-2738893,-1317031,1552493,7843176#4PgmQjbtEOixychzd3U
1281,4841885#UBWGX0FT6jN,1680620,10801536,2765550.8,3843014#U6BZUrTfccSdyD,9783445,10742127,-12396578,-4168036.66,3131432,6141560,-12243572,7337444#yCurCQmWgAwVOajmzoP
1282,1991852#575FZDwP2GP,-3886496,7439355,10533955.9,11336050#gCjfAgu9OjQT7p,1164888,1926855,4306366,-1039687.85,11426588,-6417461,-3756069,871010#3YRKurSB1jqYTQQZbzD
1283,6434297#u6gXa0cC9Xr,5942135,-7925932,-9499277.1,1180461#EYh3zE8VXuYHQM,8633260,372619,-11955436,-5899790.17,-11974882,6837111,4919578,9358646#pZuO0rUzj5PNOGGZewF
1284,10916568#EXLQouQEi67,1135367,-2567299,11532264.1,5643549#TeYfms20SkhpLj,4016679,5616743,2345225,1192892.96,7772882,6003890,-9012445,10341978#6tW4V2Vuk1nU9ubbGPG
1285,11362055#uHKjTSBR3by,-5720420,-7750634,3218203.2,5146190#mrEx1FnTKfOEMn,9527802,11813772,-11501376,11917511.27,-7386269,7545094,-8000996,7216980#SNUQ1jdWQrLkJMxG7gq
1286,1796133#QfdPnMOXpLD,-9523708,-11073764,-12182599.1,11571921#QkK0YUBlWlN4xf,-6406102,5246847,-6044149,10647678.98,-11015512,-1321784,-1942918,638109#E8CNI3tDjD4QydBlS1l
1287,5946229#HnTmfCa59nY,-5390690,-3656323,-12271302.1,9362507#Qw3u9FwkgEffDm,1568846,-9382425,9829860,591180.17,9280750,-3981070,2774206,6153944#ZtiwCj5xfCJi2otySJe
1288,5879871#1ny4RXnTnak,-5405234,-6328986,9355106.7,2200773#Z0hvQEgG1Nv2MM,-3263202,-4595244,-8459519,-3105146.56,11383035,-10466492,-5333670,1801681#A5EzyTzunsAXYv9sR8y
1289,2455983#fRQfZIA6onR,1993756,-5978686,-6002345.0,8336445#FhX4JcyfwrllFJ,12807713,-6470583,-10866691,-496670.77,-1038255,-3940105,-6234113,2927632#9WNspd5xuUQyCcibVte
1290,11266066#7EUI2FhxsAE,4842889,8001426,-5799323.4,12099531#vUWCSDBanfldai,7862325,-657011,12828133,-4992355.41,9324484,-6316151,11724374,10800823#pdPavhj1xhHZeBtoJRb
1291,8439717#VMOs1hKcEp3,-11409075,-6831599,9526057.2,7977827#9ihXUNXXKJcmbX,-1046389,-9605519,-2790139,12475720.90,11698827,6076767,-12847921,8944792#cS5beFd6WyTzZuqpB79
1292,2076785#GCx0DRpjOEM,-8291421,11499724,3108093.1,5735620#0amlB7hrbrPvzv,12238728,-7693995,3555209,2720568.22,12379275,5524061,12511061,9387169#ac62xyqh2TpUoseh3e4
1293,3939315#2aKGShuVpdP,-8782091,11643766,-4813892.4,12015389#FEQgxJmTT5So5W,8967969,-9298305,7841203,914177.05,-11289793,3575370,-3965753,715794#DUXilAuopTt4HAlmUl5
1294,6689190#5NKB2tw1CHS,11540402,-8783715,-8482833.0,5765129#SoZeD5HpS2RRY8,-8476283,-11054502,-3914601,-10010301.54,4163656,12259660,5819142,10290510#rVpn09lX72x8A0poCGX
1295,3770478#LnHesGYHmBX,155014,-9245674,-4141977.9,9495434#PWAAz2QnsHyHQZ,11136238,-1098407,9213866,-11630502.23,6625968,-10869146,12588313,6714175#rOVyLZm8N1ZCeCJgyF6
1296,10916520#2Jpnn4ELH4s,2131671,-5519641,9207882.8,2258221#LGIlIeSYv5FIoQ,5291499,7097389,-61344,-10738761.34,11578385,-2133293,7867230,1783342#277BEXvwFs07igCAisx
1297,4304196#28PHy2vtGyx,7733626,-7783457,-10583531.6,4058542#MxdGXjgZIBpLhB,6420947,-11274400,8339566,-1760220.68,-5929355,268709,-10460218,7186804#y3pqDBfUMl0QiMXQju3
1298,10273527#mmlXgg730vx,5769524,-11115304,10267739.5,6604537#nJB94J72mYKpXY,-3382683,-7830092,5608225,4750338.00,-10676792,9579125,-1554922,10492309#CZYydTQDFLAzTdVi19q
1299,9715508#S6WJSRAyBgu,2174964,11422248,11472426.5,4605230#IpAJICqllw5OUC,11141637,4754879,2470893,-2198966.21,6575860,12775020,-5710512,4521603#PkhcGVQYS2PPypdNml9
1300,5489546#kPR0SZ433Pr,2216232,-6233429,-3910758.4,788926#l7FNTY4l9I8nBd,5646626,-4701857,-3898373,-2540091.42,-10352815,-4132706,-2157345,1452053#Hbvhu1kpgy00CnpJPbH
1301,6883386#zdpHDUUCRJN,-9163146,2856549,-4339330.3,4271289#mXsJKjD9lYjaRi,-11266239,8949577,-1023711,4104069.33,-1538739,-9769379,437954,11938923#QaUcwd7Dmwpgg6qLC5K
1302,11626746#Syfl4Dk2Qt1,932494,12870424,-8815997.7,10126089#NBLlqy9QSSeRnu,12337095,-1167901,-11839081,12303950.76,11859824,-10975450,1440389,4375565#JPTaXnBAFlpdzgNHxEa
1303,1338253#SeQi1YuTrvM,-4198407,10045742,7221572.7,6747871#soAVJQNiHpy7AB,620209,-10036423,-127696,9324670.20,7111725,3276498,-7641698,5132582#33rTvU8WyzKtzsyZ3cV
1304,9688030#iXPI1u5YREz,1796602,-12824663,-11753710.5,398434#PWAAz2QnsHyHQZ,5626115,-2896143,-4287729,-2218196.61,-7823084,3503203,10088539,1209154#czUajXgI8wjdn8WC1ld
1305,13016144#4nCwMWS0H1B,-11863222,-7083963,9253991.4,5374754#F9S8ljqwrWeipq,9274845,-10565655,1727656,7303942.69,10647746,-6322754,-6379975,12792487#UwTQ99jCyhh5VqstoXP
1306,6593677#f6v2LN71nS2,-6952965,-3526939,7223304.5,7172197#rTLnPcNTxD8eIV,-11551176,-13043326,-2922642,5787533.76,3477661,5729097,949442,11905494#E8lkiVeJyhVNNkR4u6O
1307,8980740#F17svBB50dS,11207925,-3784251,3223979.3,10722130#Z3KJJ88GAPXfuL,-5289722,-1395890,7898867,-4266325.49,7668742,-2881455,-5362027,2372226#AYYcEGztQSj7qo9TJuu
1308,12199947#AWJP6O7iM2z,8285650,362896,6395424.9,7974295#QY0Dq6X5ZWaqL5,-9986266,-4668236,7091728,-3333349.63,-4870761,-3555508,1246915,6651080#DLOkODrOXoSR4cTAyif
1309,11639913#dQ2MytGnC0R,3388266,-1251481,-7844908.0,7676463#sZNnuCOhpY06M4,-2309585,4977582,-4756662,10212041.41,7706297,8640032,7092818,10904700#GUSGNrPnsFtIXd0nRZp
1310,6784153#2gZ79NomqC5,-11425408,1899376,-8865666.2,1437931#IiQBhqvv22XjgQ,12021055,10336107,-9192002,178281.07,6848776,3825295,-11431646,4648604#dPdMLEFUZQKt6TqnpoW
1311,1887570#J9vlrKVZeu0,7007357,-2915150,3801961.6,2822519#zc93JpGpwr4vy4,-1892114,7922911,-12895714,974252.02,-8191793,-6793265,1604704,7052446#TQoT5aYOc826VuGtbQ0
1312,1776513#S3BN8CTBRdT,-4252274,2434512,-5190811.4,8116923#JOMozgWiO5c0aN,-4728214,12674819,-12389038,755034.58,-10006922,5114435,-11115394,6206226#AYYcEGztQSj7qo9TJuu
1313,12643832#FZJ0IlRYxUg,9885507,-5336159,4484982.2,2105390#mkFwaRK1hxpKac,-8665240,-11219333,10543513,2577651.52,-1208521,-2528840,-7141222,4627434#qusOoOJoOiAxlGILLOa
1314,2581990#I04KILpjqRS,-7080998,12789895,8991810.9,2756261#AQ9BWVpyCjYTRz,-6048038,5380055,12589332,5249580.10,-11531295,-3890077,12403441,8242540#E2Eiuq3EoC5JS4IYxHp
1315,13013476#DtNGYjHbWTt,9277001,2565548,6223972.9,2127508#vpYZSAsWUtm1aD,1708892,-10560229,-1501958,9466350.37,2986818,7764889,2237650,8437570#V08JsBeE89x81BWx5J3
1316,8944373#3r0GnjjMTEJ,-5691980,9137358,11356976.5,10000512#PkCLiWaDqj3CLI,3891367,10864664,7166357,1885439.14,-5469576,-2304182,4135587,10541937#Gy3hzXgoC5MehxueFe5
1317,3444826#MQPrrqmnKBW,9988454,-601630,-10535585.6,12624454#0iOWOkVxsj6yAY,1280245,4648875,-3652037,4453765.07,-2990966,9255243,9491079,7926731#lfBeLRdJFhEJnHIiF8K
1318,8518175#dagU7wQntO3,9906165,4964815,-8035878.3,3268739#TYfwKiO7HMQ1pg,-5405812,7871711,-9830970,1741130.29,-10008291,-5841241,-12217674,8469858#JdBhiJjqEXkU1plwFGb
1319,12171523#hLiIpKLuuyJ,-8139559,-9602356,-11642551.8,4630962#ZvNp42uuxeGD4U,-4833750,74429,2267846,11256749.04,-7068728,4414858,9644937,5896376#I36Pifjn54RXmPgd7CI
1320,2815530#3NFqLEHbJJa,-11205095,8884413,601892.9,11745424#YLhp7tvMoSPp3K,12690501,5044879,336958,-8695363.18,-10166561,-7158777,-807412,9616180#2eewkyl6bSxZzB4dEb0
1321,12463304#KM9uDI6P1Z4,8640594,-10664501,-6160914.2,6516210#mRlv7waP1mBy6j,3849183,-3149095,-7853514,6960207.27,-2747777,-2217788,5473238,13169111#EOCGlMApBvbstzyO9K7
1322,3442857#ikuiwY6BlXu,6025816,13050728,4490484.5,1286675#0SG4lT2ywcICdH,-608024,1376168,-532348,-1504488.27,-7206556,5593689,1011360,9590578#wn5s9Jrmuj2MEO4axs6
1323,6769653#h3qbKtyiMmw,-2580024,-6259787,-8431175.1,2014887#BMY8arC29ij9wP,5786442,-2593835,-4810522,-7657792.17,-105414,9100591,6754329,10399764#jk4zVydOUd1DMdW7vdz
1324,12263698#VRxkXhukxHZ,11887916,8730188,5963032.5,3394830#jdor0QNG75s9un,10630441,12669349,8350174,-11930950.87,1031034,2323966,7066003,8908022#IJt9ifEo7AuFyf2MCO4
1325,11384771#K8DfA8L4yX7,3701905,11145461,-7520370.2,7314869#qEJzbc2Z67yS3g,11542084,-5827308,-4868608,7237691.19,7232219,9321740,-1539986,2384335#DKSX79MNoDpsnUlXpwH
1326,238134#toJMbML2j2a,9919694,6574199,-9643351.6,5437828#X7u4oNmiY0YiEA,9391676,8377534,2018201,-11197567.46,9763263,10479401,-10266676,11509545#32DqNbUiDOOG5QmVpFf
1327,4324684#vIEmocD5jFd,6489416,-613196,4271254.2,1644302#EqPFlIa1ADUau3,7940129,-6848001,-11511787,-1671573.36,5212230,12012343,-642809,1737208#qwVIYeWH6rgjOZt0mes
1328,5167494#d297sA8hnnD,6039971,8451931,-994077.7,12560754#F9S8ljqwrWeipq,-623824,9802675,412237,8717743.11,-10063087,5823917,-1626590,7365816#nniiEuNl0z1yXezGzNY
1329,1130536#d8ZBvEBBwW4,-11648546,-5260758,531257.4,3850150#DYeFvynjejOb49,6340672,-1536912,-1340587,3527156.46,-3645424,11814569,-4796784,8634266#54TrRJE8Qi5mYGdfkIt
1330,8563486#lC5xdR9UaCR,-5785465,-5289387,8494795.1,4103508#vpYZSAsWUtm1aD,-8244348,-4769988,-2696578,-11753998.64,-2845893,-1368324,1613306,8149239#x8U1ZhoO4PzxIbIVzDN
1331,5030646#yZabzKj3as7,1746158,11223123,2873531.3,3993002#xd1UidbnsgXg4y,10165308,11161055,-12880091,-4330958.16,3253782,6380935,-12721141,7623828#T5qCakds24nVxvRI9BK
1332,2069298#lo6hAGUjvwM,-4038271,7729555,10944408.4,11777900#n7J4bjYeWPjvvK,1210552,2002241,4473991,-1080152.85,11872163,-6667561,-3902819,904879#0lwVWUcjU5cNYgcsQtW
1333,6684959#6ethEEVL5l5,6173874,-8234632,-9869242.1,1226392#XHuSGNyg64MFuE,8969858,386965,-12421136,-6129759.17,-12441807,7103542,5111603,9723059#FaVWCAy1EysrCT0XqzM
1334,11341285#nItrnqaYZJj,1179567,-2666986,11981086.1,5863302#EqPFlIa1ADUau3,4173304,5835660,2436637,1239471.96,8075482,6237965,-9363324,10744419#5e84lZV36w7WvTOknKW
1335,11804150#w1Hu9ecZDZ2,-5943373,-8052590,3343658.2,5346212#DzuIdaV1zJLMoH,9898602,12273510,-11948876,12381375.27,-7673794,7838694,-8312621,7497677#tzSVnkSHxfww8eLC9IQ
1336,1865883#1Efl0rNcDAr,-9894003,-11504033,-12656137.1,12021704#RxISkmxDVjOAAx,-6655152,5451203,-6279011,11061767.48,-11443699,-1372902,-2018752,662872#dIRJjPmcJ2LcyoDsae5
1337,6177002#VGBNgLyrNHv,-5600315,-3798341,-12748076.1,9726170#zjAeuNRCjn1SLW,1630071,-9746984,10211798,614324.17,9640962,-4135545,2881606,6392752#krOzPQj9XqtJPtscMrT
1338,6107752#R6IwdBMlLrm,-5615165,-6574336,9718503.2,2286140#v9fodM0dBNv3DK,-3389789,-4773557,-8788144,-3225722.56,11825035,-10873026,-5540570,1871235#6gjhsHMglxuG8NhGs5I
1339,2551144#4nCwMWS0H1B,2071231,-6210520,-6234811.0,8659538#FQtr00qjZNxLeQ,13304457,-6721602,-11288191,-516290.77,-1078192,-4092680,-6475988,3041043#4OnOIl0Xb2dMKFMU1DJ
1340,11702557#IxC4nDvvGAi,5030530,8311776,-6024132.4,12568286#vDeMu4RYPgApFi,8166919,-682335,13324989,-5186021.91,9686022,-6561151,12179124,11219162#65M3l4Pgw9J1PhcjQor
1341,8766407#TtA10N4p5EC,-11850975,-7096349,9895157.7,8286523#JOJSv22jC5Q6Mx,-1087239,-9977361,-2898352,12958876.90,12151640,6311942,-13345133,9290962#bxZBiGeMXuAp6wl1q1q
1342,2157033#6MuPai5cpEv,-8612571,11944749,3228188.6,5957334#Yfkn6Dx6G2oIVT,12712053,-7991492,3693072,2825944.22,12858403,5738136,12995236,9750316#627e9De0HxWbPJjNmEY
1343,4091417#3RmgNHbZInj,-9121366,12094334,-5000130.4,12479916#hE8SQULs2j95im,9314819,-9657968,8144678,949652.05,-11726318,3713913,-4119365,743357#n1XsddS7gF4aPWiYhfA
1344,6947289#6Sa8jRjKIhG,11986633,-9122815,-8810893.5,5987688#pAhbHQbyNKJr4D,-8803833,-11481954,-4066214,-10397276.04,4324762,12733619,6043779,10688039#9PYvZ4Beks5QjfNRgel
1345,3916040#PPy8mSyflYr,160864,-9602479,-4301714.4,9861782#fwS1i8nj0EAu3S,11566413,-1141191,9569416,-12079836.73,6881993,-11288708,13074422,6973126#zAOVqHFAsxUeFgnjbYN
1346,11337384#EZE0Qb8uw6E,2213846,-5732841,9563228.8,2345132#1qxjQ1Mf97oqlw,5495999,7371071,-63882,-11153003.84,12024910,-2215656,8171005,1851846#Gdv3L61xpw4l3oiimwE
1347,4469772#sOm9Cn98gyp,8031751,-8083382,-10991211.1,4214956#SUsfkNkeqFdZ3F,6668497,-11708841,8660979,-1828128.68,-6157820,279340,-10863193,7463828#T5qCakds24nVxvRI9BK
1348,10668977#MdwF4h658e5,5992112,-11543642,10663126.0,6858868#9YhGhchMRaBjjP,-3513345,-8131388,5824480,4933309.00,-11087782,9948350,-1615097,10896302#QJVjSlFjCqwLhu1HOo5
1349,10089120#QVEEDK3QFZi,2258801,11862129,11913738.5,4782333#BZzPTPLuf0ujB2,11570737,4938068,2565818,-2283441.71,6829165,13266507,-5930612,4695296#WHAMo984MwNaTRsYKo7
1350,5700310#LZt0pU8EVFN,2301457,-6473379,-4060986.4,819179#4uqUyrBPyczihj,5863751,-4882322,-4048279,-2637504.92,-10751140,-4291774,-2240595,1507900#krNzdamQhw4knTe4TWn
1351,7147764#4FUWkYL3Ojh,-9515046,2966299,-4506380.8,4435181#QiPMd51gtUJoUj,-11699070,9293262,-1062861,4261632.83,-1597989,-10144667,454867,12397745#PvEW0XEs2ycodmQzXmg
1352,12073194#OHSJE36kmtp,968269,13364874,-9154773.7,10514583#lzwhbJjUW08uMP,12810845,-1212710,-12293381,12776593.76,12315074,-11397175,1496002,4543435#ZdWP6Ew9Fh8T9KchOYP
1353,1389322#Y7L3rM854u8,-4359363,10431529,7498656.2,7006475#kjHnAvw571PMLT,644284,-10421696,-132584,9682164.20,7384625,3402329,-7934786,5329298#3OC7iWf1T4bDXBcOPuo
1354,10059370#20B7SMm0xCn,1865633,-13316632,-12204581.0,413658#i3Ax8Oc2LFVEjY,5842202,-3006874,-4452004,-2303205.11,-8123159,3637653,10475402,1255494#E8lkiVeJyhVNNkR4u6O
1355,13514783#veKvcsNGZwZ,-12318049,-7355312,9608625.9,5580489#az0j4HkP4oCJ0c,9630445,-10970533,1793668,7584063.69,11055546,-6564679,-6624690,13282585#3VXUAoPJBnA6Q1142d4
1356,6846003#v0lK80Z9D1W,-7219190,-3661689,7499700.5,7446646#1nDZCWCOIwUQFw,-11993276,-13543016,-3034329,6009238.26,3610661,5948578,985755,12361266#54TrRJE8Qi5mYGdfkIt
1357,9324051#XyYuBTWNz5D,11636362,-3929076,3347333.3,11132169#YGHDcJoDLFTHdp,-5491735,-1448984,8201205,-4429202.49,7962267,-2991380,-5567185,2462807#p2l9W62wYZeWei4U7Ke
1358,12666210#2Cu1Rl8VEDn,8602612,376527,6640072.9,8279120#xZrDsGMM7u06st,-10367754,-4846689,7362490,-3460434.13,-5056586,-3691533,1294365,6904951#OrHR2wSIe73PqJDOERs
1359,12084350#4Iab8iMHHAW,3517356,-1298944,-8144495.5,7969520#dkmlDEKiqIgJN7,-2397885,5167861,-4938687,10602149.41,8000372,8969741,7363890,11321183#Kvmzb6cPrRThu3DURKe
1360,7042791#5iSrBs4xUhe,-11861377,1972076,-9203779.2,1492713#94W0Kw6fAEYi1k,12479532,10730609,-9542764,184943.57,7110013,3971557,-11868259,4826008#r6rmMM8aSJjbJe19gya
1361,1959184#13stTouQgWE,7274788,-3026188,3946865.1,2930098#AzBzEA0QBULSex,-1964214,8225112,-13387895,1011553.52,-8504506,-7052629,1666154,7321211#MXONQY6SBrAa2SQsMW4
1362,1843954#SE0Ns8f2jxT,-4413961,2527087,-5388571.9,8426045#Jlz1w8Z14kzhTi,-4908364,13158095,-12860900,783650.08,-10388110,5309582,-11539169,6442726#fNypGg5ZeClgz1d5xBG
1363,13125178#XTcGeM5COU5,10261732,-5539421,4655598.7,2185303#6h8EvSGEVk6bxB,-8995290,-11646824,10945388,2675472.52,-1254596,-2625202,-7413172,4803468#LHyp1e64hQTRV1ckssw
1364,2680000#PLiHdYtmhkZ,-7350285,13276589,9333924.9,2860796#85FCkhFw1Mt5bM,-6278125,5584893,13068107,5449075.10,-11970345,-4037790,12875541,8556074#shwDccyxrOrLW5Sl0f1
1365,13508267#Vml6tSnYR9c,9629907,2663176,6460400.4,2208106#HmwziMqKLLkAFr,1773817,-10961612,-1559027,9826425.87,3100580,8060214,2322550,8758137#DNiDqb2w6biLlS8Jlqn
1366,9283913#dQ2MytGnC0R,-5907873,9484621,11788323.0,10380250#2ifhq6ej7Eeyuh,4039117,11277147,7438720,1957084.14,-5677676,-2391482,4292778,10942171#tYCKrk0MapVlbciB1C2
1367,3575230#QSwNeTNDCWN,10367904,-624780,-10935667.1,13103589#2iG4YFOgYAQkDK,1328732,4825121,-3790974,4622742.57,-3104460,9606627,9851179,8227405#1EzM82tQQHYECohrTkf
1368,8841128#4tJq3HUvhMT,10282190,5153440,-8341048.3,3392658#i3Ax8Oc2LFVEjY,-5610975,8170578,-10203911,1807020.79,-10387991,-6062641,-12680899,8791015#DL60gQc0HsBgsTAaCCd
1369,12632771#K8DfA8L4yX7,-8448184,-9966593,-12083853.8,4806204#MjrLkFrc0qLzm7,-5017150,77374,2354121,11683279.54,-7336328,4582195,10010813,6119853#vm2JCQhI2HPnreYe0J7
1370,2921882#DPFgrcf8P7E,-11629545,9220813,625062.4,12190047#Z05MVWQKGXfB5g,13171376,5235942,350033,-9024552.68,-10551449,-7429852,-838062,9980375#vd63kELpNUQMOeWhxCs
1371,12934940#8GijAe6gs27,8967556,-11068326,-6394456.2,6762714#WdHeU1gDnDJiV5,3995114,-3267966,-8150510,7223988.27,-2851989,-2301438,5680031,13667510#rVpn09lX72x8A0poCGX
1372,3572703#jmangmLDhrf,6253553,13544453,4659944.0,1334984#yhuiwli28q9AL2,-631224,1428295,-552248,-1561673.77,-7479393,5805139,1049623,9953012#xh5u3ib0l2iRzcbWHgQ
1373,7025253#SeQi1YuTrvM,-2677429,-6496162,-8749445.1,2090691#4z2kzoQ6cq4UwZ,6005317,-2692060,-4992247,-7946938.67,-109289,9444828,7009954,10792462#9U8i337rVHCCPyd6yeb
1374,12726810#4looUacw1VK,12336516,9059963,6188355.0,3522988#u5rJlX5CO8DXTC,11031791,13147694,8665499,-12381804.37,1070059,2411691,7332872,9244207#snmtpYhUDAVPnjAPUnd
1375,11814092#q0ga87gv5Ko,3841842,11566011,-7804042.7,7590587#q7xOdDFmzY1qxo,11977334,-6047049,-5052383,7511156.69,7505044,9673753,-1597774,2473952#HGnENIBWvXimYJ46GKw
1376,247031#uj4mHsnzntz,10293794,6821830,-10006878.6,5642636#l7cJhOVfrwLc7B,9746151,8693521,2094032,-11619883.46,10131038,10874251,-10653725,11943242#vgF8xRJI6YV7hpnoKnn
1377,4487456#wINwqjn89VM,6734129,-636059,4432491.7,1705988#u5rJlX5CO8DXTC,8239454,-7105653,-11945237,-1734391.86,5408418,12465330,-666684,1802313#H1JPBr6pRTxhRxZLUKx
1378,5361755#A4X9O0vmkoI,6267546,8769831,-1031487.7,13033464#uxigJb0Cl9jLow,-647199,10171621,427687,9045841.11,-10442224,6043242,-1687624,7642845#oXkUJI8w3flCDsjeYsR
1379,1172702#9O6nHMFx3I7,-12086709,-5458558,551247.9,3994889#zLIz5KPWVdtkWR,6579395,-1594647,-1391062,3659901.46,-3782574,12259300,-4977571,8959074#shwDccyxrOrLW5Sl0f1
1380,8885054#Ai8XpMBsdbW,-6003011,-5488125,8814163.1,4257481#jXNx1vyno5HsVt,-8554348,-4949302,-2798269,-12195823.14,-2952893,-1419618,1674118,8455303#eIMWCw0bImqwehvBkPQ
1381,5219407#TtA10N4p5EC,1811695,11644711,2981511.8,4142991#jNhK5Dcojii8Wg,10547170,11579983,-13363603,-4493879.66,3376132,6620310,-13198709,7910211#MXONQY6SBrAa2SQsMW4
1382,2146744#rXOyNnZlX3E,-4190046,8019755,11354860.9,12219750#O5DgpfO9AYtUyn,1256216,2077626,4641616,-1120617.85,12317738,-6917661,-4049569,938748#9LQCXm3qTYI3BsKM5Zq
1383,6935620#CZKHbOOmK8Q,6405613,-8543332,-10239207.1,1272322#LdqpbFf29ccGmj,9306457,401311,-12886836,-6359728.17,-12908732,7369973,5303628,10087473#5nFrhcK0jYAcMQtPog3
1384,11766002#VGBNgLyrNHv,1223767,-2766674,12429908.1,6083054#c3WZHPWnPJizCx,4329929,6054577,2528050,1286050.96,8378082,6472040,-9714204,11146860#v7EYCUUbjECktTQxQ1v
1385,12246245#2DsXf98cx5A,-6166326,-8354546,3469113.2,5546234#AF29l8GxsaH9Ff,10269402,12733249,-12396376,12845239.27,-7961319,8132294,-8624246,7778374#ZLjtn7vflrfi4pxJTsG
1386,1935633#PySHbhP4x1U,-10264298,-11934301,-13129675.1,12471487#g5vDvWB3niwgsx,-6904202,5655559,-6513874,11475855.98,-11871887,-1424021,-2094585,687635#7RYhlSdyfBhd5cxeBCZ
1387,6407775#XYSRono9XKG,-5809940,-3940360,-13224850.1,10089833#BohV4WgoRsym45,1691296,-10111544,10593735,637468.17,10001175,-4290020,2989006,6631560#HY9k0I9aLnxfsLxccGG
1388,6335633#PySHbhP4x1U,-5825096,-6819686,10081899.7,2371507#Qw3u9FwkgEffDm,-3516377,-4951871,-9116769,-3346298.56,12267035,-11279560,-5747470,1940790#QVHdcOYimhRyVH6eAnd
1389,2646304#KM9uDI6P1Z4,2148706,-6442354,-6467277.0,8982631#hocivGlzTTJMUK,13801200,-6972621,-11709691,-535910.77,-1118130,-4245255,-6717863,3154454#GYBdEsg9RctdkFlBlN7
1390,12139049#xCb2wOAAtXa,5218170,8622126,-6248941.4,13037040#o2my9rQct0eirI,8471512,-707658,13821845,-5379688.41,10047559,-6806151,12633874,11637501#6aynWVf0qUNmZEqgutc
1391,9093097#Wu2BEKkLidm,-12292875,-7361099,10264258.2,8595220#TW7f58RMwZjw7H,-1128089,-10349202,-3006564,13442032.90,12604452,6547117,-13842346,9637131#yhpxtE01uYXvbPXrMCB
1392,2237281#jdRoUgPuOgh,-8933721,12389774,3348284.1,6179048#YJNm4E3f2V95LY,13185378,-8288989,3830934,2931320.22,13337531,5952211,13479411,10113463#NuxiCQraWXx1dvPHmeW
1393,4243519#m8pUTBpCkVN,-9460641,12544903,-5186368.4,12944442#E0c8O0uvSiWj22,9661669,-10017632,8448153,985127.05,-12162843,3852457,-4272978,770920#VGFJnjNEU6E83ihxnhP
1394,7205388#Fe5eQEVnSrk,12432864,-9461915,-9138954.0,6210248#au7YEgygWjxu3q,-9131383,-11909405,-4217826,-10784250.54,4485868,13207578,6268417,11085569#sHaMNgszprIIY9MUNl7
1395,4061602#xlsM14Qnbgo,166714,-9959283,-4461450.9,10228131#VeVVfqr1Zw5keY,11996588,-1183976,9924966,-12529171.23,7138018,-11708271,13560531,7232077#jj2yTEfpGNrTpGAz6qW
1396,11758247#FcI4xFCkKyW,2296021,-5946041,9918574.8,2432043#kukkceOL7rm2QA,5700499,7644753,-66419,-11567246.34,12471435,-2298018,8474780,1920351#FOR4a7ZgH5xow7eJeZr
1397,4635349#IBebca28XGj,8329876,-8383307,-11398890.6,4371369#sfdDyT03IBmI8W,6916047,-12143282,8982391,-1896036.68,-6386286,289971,-11266168,7740852#d9fpQm2pg0m6EKIeQff
1398,11064428#XOqda5TbQZZ,6214699,-11971979,11058512.5,7113199#QJmXpg6giLCn0m,-3644008,-8432683,6040735,5116280.00,-11498773,10317575,-1675272,11300296#WHAMo984MwNaTRsYKo7
1399,10462732#PYWXme2ecsM,2342639,12302010,12355050.5,4959436#kPTDYbgdhrwahq,11999837,5121256,2660743,-2367917.21,7082470,13757995,-6150712,4868989#CCl3fNGlqojXhqOJlh5
1400,5911075#Mkzg1SgFBri,2386682,-6713329,-4211214.4,849431#GBecjI9iQVrVvb,6080876,-5062787,-4198185,-2734918.42,-11149465,-4450843,-2323845,1563747#AYNcPb7Xr4tfszYEOit
1401,7412143#iVWnD01taEa,-9866946,3076049,-4673431.3,4599073#HI57rxBLyL1tqG,-12131901,9636948,-1102011,4419196.33,-1657239,-10519954,471779,12856568#v5erNwaj5SjVvJBN6Hh
1402,12519643#txaEaxrxQkN,1004044,13859324,-9493549.7,10903076#xz2AUXhwJPPySJ,13284595,-1257519,-12747681,13249236.76,12770324,-11818900,1551614,4711306#36bdRM26vdn4KQFMeVJ
1403,1440391#fsplT7p3GW5,-4520319,10817317,7775739.7,7265079#5EFmEfGn9Q1SX7,668359,-10806968,-137471,10039658.20,7657525,3528160,-8227873,5526015#DL60gQc0HsBgsTAaCCd
1404,10430710#od5kxOgi5Es,1934664,-13808600,-12655451.5,428882#p3GttZR53OXA06,6058290,-3117605,-4616279,-2388213.61,-8423234,3772103,10862264,1301833#t5VTScq4S3uYRK1AQsN
1405,14013423#WJNDiuT0Ubb,-12772876,-7626661,9963260.4,5786223#TaUqXh62tmgMm4,9986045,-11375410,1859681,7864184.69,11463346,-6806604,-6869406,13772683#IfeUPszvWyJchAQ1SoS
1406,7098329#LiPuz64ZYT2,-7485415,-3796439,7776096.5,7721095#5Smjr3GlhbTNUg,-12435376,-14042705,-3146017,6230942.76,3743661,6168059,1022067,12817037#8eQv2vU9zLczP8fXeI9
1407,9667361#SvmwKVWByMA,12064800,-4073901,3470687.3,11542207#UDrKltVs9MuPP0,-5693747,-1502077,8503542,-4592079.49,8255792,-3101305,-5772342,2553388#sIfexOp9jq46eLekvR9
1408,13132473#irc0PGWGDiG,8919575,390158,6884720.9,8583945#AjZYnPrjyrzDlS,-10749241,-5025142,7633253,-3587518.63,-5242411,-3827558,1341815,7158823#pdPavhj1xhHZeBtoJRb
1409,12528787#ew8olkxP2Bh,3646447,-1346406,-8444083.0,8262577#MUzWQis0uXuDW3,-2486185,5358139,-5120712,10992257.41,8294447,9299450,7634961,11737666#J4oLe0xHKA52yNBmmIH
1410,7301429#YNVTQ9Gqo8w,-12297345,2044776,-9541892.2,1547495#Jb15lxOuR0LJzs,12938009,11125111,-9893527,191606.07,7371251,4117820,-12304871,5003412#2nyVKLMPSqcq8CAtd24
1411,2030798#T1dwHkWAQCD,7542219,-3137225,4091768.6,3037678#cr3kw3jm6ulWBb,-2036314,8527312,-13880076,1048855.02,-8817218,-7311993,1727604,7589976#wWh86bwwUz5CarbrcVI
1412,1911396#4eTNfB5fcZO,-4575649,2619662,-5586332.4,8735167#pDQkhSDJUcDXUv,-5088514,13641371,-13332763,812265.58,-10769297,5504728,-11962944,6679227#Gs6yErxA37oSh27MGOP
1413,13606523#hLiIpKLuuyJ,10637957,-5742684,4826215.2,2265215#JbS2sN69yRWXnP,-9325340,-12074314,11347263,2773293.52,-1300671,-2721565,-7685122,4979501#6aynWVf0qUNmZEqgutc
1414,2778010#4kp3rHfbuoc,-7619573,13763282,9676038.9,2965330#uedmIlSQP5xVYd,-6508213,5789730,13546882,5648570.10,-12409395,-4185502,13347641,8869608#AjluUi7FOF3ilV335Xj
1415,14003058#q1QlndkkZDb,9982813,2760804,6696827.9,2288705#iUn6dJ4UGxbptJ,1838742,-11362995,-1616095,10186501.37,3214343,8355539,2407450,9078704#3zeZ3V5TQatavYxdjAp
1416,9623454#cIgCsdoR9V2,-6123767,9831883,12219669.5,10759987#BOd3Sdp079WoKd,4186867,11689629,7711082,2028729.14,-5885776,-2478782,4449970,11342405#1EzM82tQQHYECohrTkf
1417,3705634#jHJ0CAYbsiW,10747354,-647930,-11335748.6,13582724#PqgQnIlN8RgtHv,1377220,5001367,-3929912,4791720.07,-3217953,9958011,10211279,8528079#ztfMqi5Q9J2pvqFFiFz
1418,9164081#SpINQL3vbDF,10658215,5342065,-8646218.3,3516576#rpOyREw0VxTPQM,-5816137,8469445,-10576852,1872911.29,-10767691,-6284042,-13144124,9112173#Lek236EMvKTUH7WYrYs
1419,13094019#vtxp919ABpC,-8756809,-10330831,-12525155.8,4981446#FKHSZF2SCubIqo,-5200550,80320,2440396,12109810.04,-7603928,4749533,10376690,6343330#ZOFIdGF0iSJSMpEu1tY
1420,3028234#qpsWkXScval,-12053995,9557213,648231.9,12634670#ptwZLaXjnxItdH,13652251,5427005,363108,-9353742.18,-10936336,-7700927,-868712,10344571#mThc2HIuCvsHZv28W15
1421,13406577#gGoE0qHbzEi,9294519,-11472151,-6627998.2,7009218#BOxmnDHEMPhRMU,4141045,-3386837,-8447506,7487769.27,-2956202,-2385088,5886825,14165908#XiymLwvuJcpmyXM4T4G
1422,3702549#I7qQLxAifNp,6481291,14038178,4829403.5,1383294#spiXi92TtydO6N,-654424,1480422,-572148,-1618859.27,-7752231,6016589,1087885,10315446#TQoT5aYOc826VuGtbQ0
1423,7280853#CmlamqN4ZRe,-2774834,-6732537,-9067715.1,2166495#Jb15lxOuR0LJzs,6224192,-2790284,-5173972,-8236085.17,-113164,9789066,7265579,11185160#UgWqnrmIjpGFrENVVhv
1424,13189923#ciLoXcNJ0ma,12785116,9389738,6413677.5,3651146#JD5MyPezM3wIse,11433141,13626039,8980824,-12832657.87,1109084,2499416,7599740,9580391#I5QJoawPC0kW2qij0kC
1425,12243413#IEFmjSMZulV,3981780,11986561,-8087715.2,7866306#WS2xUD9GzOv2P7,12412584,-6266789,-5236158,7784622.19,7777869,10025765,-1655561,2563569#sHaMNgszprIIY9MUNl7
1426,255928#DVq7n3cZOdm,10667894,7069461,-10370405.6,5847445#FhX4JcyfwrllFJ,10100626,9009508,2169863,-12042199.46,10498813,11269101,-11040775,12376938#f1r4BCrd2GBJLZkGhCz
1427,4650229#HnTmfCa59nY,6978841,-658921,4593729.2,1767674#z2uyC6tZYscTu8,8538779,-7363305,-12378687,-1797210.36,5604605,12918318,-690559,1867418#7EPrg7gRkSSwIDKXKbc
1428,5556016#71rxUThsZoZ,6495121,9087731,-1068897.7,13506175#fc1l1Qls5OqBmb,-670574,10540567,443137,9373939.11,-10821362,6262567,-1748658,7919875#5t6odGFD5k7eX5zHJ74
1429,1214868#s1bDP6UD4Qg,-12524871,-5656358,571238.4,4139627#7yyZ5xGW28CRuu,6818118,-1652381,-1441537,3792646.46,-3919724,12704031,-5158359,9283882#e4Ayu6hBxSEr5dbHGEj
1430,9206621#NZez2lyqbWp,-6220558,-5686862,9133531.1,4411454#0iOWOkVxsj6yAY,-8864348,-5128616,-2899959,-12637647.64,-3059893,-1470911,1734931,8761366#xcVYjE2lDziNkpAsPPw
1431,5408168#0W87CRrTTtz,1877233,12066298,3089492.3,4292979#sHaIGmkcl8AsUy,10929033,11998911,-13847116,-4656801.16,3498482,6859685,-13676278,8196595#48Mvo7CvGwZTU7SLVTo
1432,2224190#5NKB2tw1CHS,-4341821,8309955,11765313.4,12661600#WV4SxDjrpYPUgE,1301880,2153012,4809241,-1161082.85,12763313,-7167761,-4196319,972617#lBcEKmxO1PV6fQ3WUCQ
1433,7186282#5EjRUoi6tIZ,6637352,-8852032,-10609172.1,1318253#WzqE2tpjD74Lbd,9643055,415657,-13352536,-6589697.17,-13375657,7636404,5495653,10451886#s1bRdr0YgElNmtafZLD
1434,12190719#ooOwU135L4x,1267967,-2866361,12878730.1,6302807#LXBAXgXM4tBgpV,4486554,6273494,2619462,1332629.96,8680682,6706115,-10065083,11549301#gg0FS1Wn0Ycuta8KJnT
1435,12688340#fNY7Ohj4L6T,-6389279,-8656502,3594568.2,5746256#E9SNHNGp0y59pW,10640202,13192987,-12843876,13309103.27,-8248844,8425894,-8935871,8059071#4zATs16PEv8Rvvnkmsk
1436,2005383#e8ZMwMwA0nf,-10634593,-12364570,-13603213.1,12921270#Y48PrUEiQwKJ6E,-7153252,5859915,-6748736,11889944.48,-12300074,-1475139,-2170419,712398#b7Hh2Gr5Go19TCsrl8t
1437,6638548#HvgOqpYQ60H,-6019565,-4082378,-13701624.1,10453496#vUmdM4ErAH9oCw,1752521,-10476103,10975673,660612.17,10361387,-4444495,3096406,6870368#RRRN45ZgQrYbJqIQNrc
1438,6563514#DD1WdyXVhnn,-6035027,-7065036,10445296.2,2456874#6nlNYIlYjSFuYZ,-3642964,-5130184,-9445394,-3466874.56,12709035,-11686094,-5954370,2010344#Zu94LcNHIClNyTIBnMO
1439,2741465#8AIJmcsGeqL,2226181,-6674188,-6699743.0,9305724#PqgQnIlN8RgtHv,14297944,-7223640,-12131191,-555530.77,-1158067,-4397830,-6959738,3267865#Hu0cMK5eB3nDG4gF02z
1440,12575540#8xuG3CVnFko,5405811,8932476,-6473750.4,13505795#FCmi3v9rLrWgAX,8776106,-732982,14318701,-5573354.91,10409097,-7051151,13088624,12055840#eKrvr4rxpXtrE1QwJWP
1441,9419787#ew8olkxP2Bh,-12734775,-7625849,10633358.7,8903916#hE8SQULs2j95im,-1168939,-10721044,-3114777,13925188.90,13057265,6782292,-14339558,9983301#gg0FS1Wn0Ycuta8KJnT
1442,2317529#cjwn7v3uXHZ,-9254871,12834799,3468379.6,6400762#zFVD5sowWXFeHh,13658703,-8586486,3968797,3036696.22,13816659,6166286,13963586,10476610#nA6NUhFbvu4t2M7ZfiM
1443,4395621#NZez2lyqbWp,-9799916,12995471,-5372606.4,13408969#ccjInq6yGqsW2M,10008519,-10377295,8751628,1020602.05,-12599368,3991000,-4426590,798483#Av4UwVbQACvSKunxMVU
1444,7463487#oUmki6x0gH1,12879095,-9801015,-9467014.5,6432807#LXBAXgXM4tBgpV,-9458933,-12336857,-4369439,-11171225.04,4646974,13681537,6493054,11483098#2fORnIafSLSe22utVzD
1445,4207164#GIoTFAS2wQb,172564,-10316088,-4621187.4,10594479#FSBcYyqibFt2fH,12426763,-1226760,10280516,-12978505.73,7394043,-12127833,14046640,7491028#mlxo2QHMLWouWCVmbLr
1446,12179111#4HNQ0Jk8Y0V,2378196,-6159241,10273920.8,2518954#5rNNuwvVuTHygM,5904999,7918435,-68957,-11981488.84,12917960,-2380381,8778555,1988855#yXXniiGiTemsP2ulbVY
1447,4800925#X8kg0Po3htp,8628001,-8683232,-11806570.1,4527783#cPHLvuNlukSmzx,7163597,-12577723,9303804,-1963944.68,-6614751,300602,-11669143,8017876#OWLH8GwCrR5WsBGKohw
1448,11459878#oEX2ok4BEY0,6437287,-12400317,11453899.0,7367530#0wGXnb4Xww78Qe,-3774670,-8733979,6256990,5299251.00,-11909763,10686800,-1735447,11704289#pyKZOopVFKnEzfgzN6r
1449,10836344#Z0IWDPse48j,2426476,12741891,12796362.5,5136539#1oXXNI4ES3JMaS,12428937,5304445,2755668,-2452392.71,7335775,14249482,-6370812,5042682#7MDkkAgvHNUb3OeL2WM
1450,6121839#5GaVCnFuwNB,2471907,-6953279,-4361442.4,879684#Sp4YvvHLDD8ikn,6298001,-5243252,-4348091,-2832331.92,-11547790,-4609911,-2407095,1619594#l7HRfNqjSJGmJjhWeaV
1451,7676521#ZWfg8EFHvqh,-10218846,3185799,-4840481.8,4762965#kDxEmEYtbaMCHo,-12564732,9980633,-1141161,4576759.83,-1716489,-10895242,488692,13315390#mqtCvwg8PMY8VLHxymb
1452,12966091#UacrZMEcL0A,1039819,14353774,-9832325.7,11291570#30dDRNP9wOrN37,13758345,-1302328,-13201981,13721879.76,13225574,-12240625,1607227,4879176#4PgmQjbtEOixychzd3U
1453,1491460#1pqlMUz3X3V,-4681275,11203104,8052823.2,7523683#HGjHkvgjz0S3He,692434,-11192241,-142359,10397152.20,7930425,3653991,-8520961,5722731#lfBeLRdJFhEJnHIiF8K
1454,10802050#7Pw4WBa8Gyt,2003695,-14300569,-13106322.0,444106#HmwziMqKLLkAFr,6274377,-3228336,-4780554,-2473222.11,-8723309,3906553,11249127,1348173#Lek236EMvKTUH7WYrYs
1455,14512062#Qo1XjJ8FErI,-13227703,-7898010,10317894.9,5991958#0pAKIU9HWeQbZl,10341645,-11780288,1925693,8144305.69,11871146,-7048529,-7114121,14262781#VahRJDkPhfR6eg6wgWh
1456,7350655#T7CiNYmcTCL,-7751640,-3931189,8052492.5,7995544#824JXGkmkNSCwz,-12877476,-14542395,-3257704,6452647.26,3876661,6387540,1058380,13272809#Ce84gDKoz4XzyL5a9qh
1457,10010672#yY8qurlkqpO,12493237,-4218726,3594041.3,11952246#wmqRUImT4J3prD,-5895760,-1555171,8805880,-4754956.49,8549317,-3211230,-5977500,2643969#SLgbRa06nNEKxBYkacU
1458,13598736#IGT4GvXssBe,9236537,403789,7129368.9,8888770#EA9OCPWxRfWnZ5,-11130729,-5203595,7904015,-3714603.13,-5428236,-3963583,1389265,7412694#QqXqXssBltefh7kpT6h
1459,12973224#XSUJaU9NOc9,3775537,-1393869,-8743670.5,8555634#o27hXJOK4Ye2S5,-2574485,5548418,-5302737,11382365.41,8588522,9629159,7906033,12154149#P91u2F4o0tKLG2nMboD
1460,7560067#VHeROXYEdm3,-12733314,2117476,-9880005.2,1602277#A90WgGZTaLGrB4,13396486,11519613,-10244289,198268.57,7632488,4264082,-12741484,5180816#nniiEuNl0z1yXezGzNY
1461,2102412#BQ10u373Mk8,7809650,-3248263,4236672.1,3145257#fywfS61hRat9rV,-2108414,8829513,-14372257,1086156.52,-9129931,-7571357,1789054,7858741#mpve6cwM2BDVh3F3PxX
1462,1978837#zKjes0yuHh0,-4737336,2712237,-5784092.9,9044289#mXsJKjD9lYjaRi,-5268664,14124647,-13804625,840881.08,-11150485,5699875,-12386719,6915727#iQXCbj9mIZBiJUlqUNf
1463,14087869#eBU48C0zVEw,11014182,-5945946,4996831.7,2345128#IgfYxSypEequj5,-9655390,-12501805,11749138,2871114.52,-1346746,-2817927,-7957072,5155535#PVifX5LHijfZUePOczh
1464,2876020#XaXOlSJboxh,-7888860,14249976,10018152.9,3069865#C5jkw2hQKyiutJ,-6738300,5994568,14025657,5848065.10,-12848445,-4333215,13819741,9183142#BsKC1dCvZerV3W4Wq92
1465,14497849#EGdgwCZTKjU,10335719,2858432,6933255.4,2369303#6h8EvSGEVk6bxB,1903667,-11764378,-1673164,10546576.87,3328105,8650864,2492350,9399271#NzHrR6vJbhU4EpDWXzg
1466,9962994#tI2KWL2Z6Dy,-6339660,10179146,12651016.0,11139725#vPRY8ZcQXvMzO7,4334617,12102112,7983445,2100374.14,-6093876,-2566082,4607161,11742639#uWNDZfvXapvNSi1k7A0
1467,3836038#bv0PMuFbgO9,11126804,-671080,-11735830.1,14061859#lDPmJk2eD2Jsx8,1425707,5177613,-4068849,4960697.57,-3331447,10309395,10571379,8828753#vSnlBc3t68Zw4XNMwyZ
1468,9487034#2JS86oEXEBn,11034240,5530690,-8951388.3,3640495#Jb15lxOuR0LJzs,-6021300,8768312,-10949793,1938801.79,-11147391,-6505442,-13607349,9433330#ZOFIdGF0iSJSMpEu1tY
1469,13555267#Vml6tSnYR9c,-9065434,-10695068,-12966457.8,5156688#pAhbHQbyNKJr4D,-5383950,83265,2526671,12536340.54,-7871528,4916870,10742566,6566807#p2l9W62wYZeWei4U7Ke
1470,3134586#Qxbsz5qr3bV,-12478445,9893613,671401.4,13079293#N6z6A1e9G6djah,14133126,5618068,376183,-9682931.68,-11321224,-7972002,-899362,10708766#EKXaievm3nk0ltYIgow
1471,13878213#RevlwMvtZjP,9621481,-11875976,-6861540.2,7255722#CucetMQjgYxKjp,4286976,-3505708,-8744502,7751550.27,-3060414,-2468738,6093618,14664307#JrS1aY7HuS8UhHFKCuI
1472,3832395#OCwUWYVhcb9,6709028,14531903,4998863.0,1431603#5ZoLdymmNt9wIz,-677624,1532549,-592048,-1676044.77,-8025068,6228039,1126148,10677880#7BBML4vtEXSp0SdbnOX
1473,7536453#6k87jHuIxjX,-2872239,-6968912,-9385985.1,2242299#qsVWYmHyETqVpW,6443067,-2888509,-5355697,-8525231.67,-117039,10133303,7521204,11577858#JdBhiJjqEXkU1plwFGb
1474,13653035#eBY7TfQ6F8Q,13233716,9719513,6639000.0,3779304#MmAKt9tIqzTSsv,11834491,14104384,9296149,-13283511.37,1148109,2587141,7866609,9916576#6EDKysxVpFb94lprYRO
1475,12672734#gGJ3ULhmipg,4121717,12407111,-8371387.7,8142024#HjbOr1IXYMsYOl,12847834,-6486530,-5419933,8058087.69,8050694,10377778,-1713349,2653186#VWj2sfSVPQkEqDnMaQu
1476,264825#9Y8dAjjhyBe,11041994,7317092,-10733932.6,6052253#WzqE2tpjD74Lbd,10455101,9325495,2245694,-12464515.46,10866588,11663951,-11427824,12810635#7RYhlSdyfBhd5cxeBCZ
1477,4813001#hMWKsXMZRrY,7223554,-681784,4754966.7,1829360#nVf8MjJChTYJrC,8838104,-7620957,-12812137,-1860028.86,5800793,13371305,-714434,1932523#OKDLLmsKxftNdA0itrt
1478,5750277#93ZmefIYC2Q,6722696,9405631,-1106307.7,13978885#3aPNHR6sQWvglp,-693949,10909513,458587,9702037.11,-11200499,6481892,-1809692,8196904#YLqqFNPPwhUVGioi4ad
1479,1257034#2JS86oEXEBn,-12963034,-5854158,591228.9,4284366#Dno7awp5EsOKS0,7056841,-1710116,-1492012,3925391.46,-4056874,13148762,-5339146,9608690#95LCPw3Cf7obj0tSPEh
1480,9528189#DC2grhc6oSJ,-6438104,-5885600,9452899.1,4565427#8mMkL78hqg55Od,-9174348,-5307930,-3001650,-13079472.14,-3166893,-1522205,1795743,9067430#xOtyzfkFCW5atH2kRdU
1481,5596929#EwBIFmPDvhd,1942770,12487886,3197472.8,4442968#ZZAbiDsnH06hHG,11310895,12417839,-14330628,-4819722.66,3620832,7099060,-14153846,8482978#6tW4V2Vuk1nU9ubbGPG
1482,2301636#t8Ew5uYhcJz,-4493596,8600155,12175765.9,13103450#MKn5rcOtyH4tmk,1347544,2228397,4976866,-1201547.85,13208888,-7417861,-4343069,1006486#Wf0De5ITaU9Hb7n5uCT
1483,7436943#YiEAfgwnD3O,6869091,-9160732,-10979137.1,1364183#yw6KMzbhTOJcTU,9979654,430003,-13818236,-6819666.17,-13842582,7902835,5687678,10816300#Klz8wtNbxyBcUM30tuw
1484,12615436#3SQ5Wbe9Q3b,1312167,-2966049,13327552.1,6522559#myIqj3iFzO37hT,4643179,6492411,2710875,1379208.96,8983282,6940190,-10415963,11951742#ikXE8IROLESJALwsLFB
1485,13130435#zU6fwmoPseb,-6612232,-8958458,3720023.2,5946278#RgzR75OluQMyeM,11011002,13652726,-13291376,13772967.27,-8536369,8719494,-9247496,8339768#r7ssQIklz4KQU5mTAgT
1486,2075133#QfdPnMOXpLD,-11004888,-12794838,-14076751.1,13371053#qLOXdWOjY3wvEe,-7402302,6064271,-6983599,12304032.98,-12728262,-1526258,-2246252,737161#NdqcVlGN1NL2iiHQe5H
1487,6869321#GujPCspB1aX,-6229190,-4224397,-14178398.1,10817159#jTQvOtHzI406Rn,1813746,-10840663,11357610,683756.17,10721600,-4598970,3203806,7109176#4PgmQjbtEOixychzd3U
1488,6791395#OCwUWYVhcb9,-6244958,-7310386,10808692.7,2542241#oFJMIDC4OGBojN,-3769552,-5308498,-9774019,-3587450.56,13151035,-12092628,-6161270,2079899#RzSttIFGPe7yQXmWD9Y
1489,2836625#wSQkE7CAasD,2303656,-6906022,-6932209.0,9628817#kbTr5ik8kFNYaf,14794687,-7474659,-12552691,-575150.77,-1198005,-4550405,-7201613,3381276#iTvgRhK5fGBCxxIBVsc
1490,13012032#1FmArke3aCy,5593451,9242826,-6698559.4,13974549#TeYfms20SkhpLj,9080699,-758305,14815557,-5767021.41,10770634,-7296151,13543374,12474179#qKTlUwOXecmQJRLjJco
1491,9746477#L8W3PYHj9Tf,-13176675,-7890599,11002459.2,9212613#MoBmGDMKwpac0H,-1209789,-11092885,-3222989,14408344.90,13510077,7017467,-14836771,10329470#9H7sZllJEJR3RpjUhhl
1492,2397777#3itfH6NXgT2,-9576021,13279824,3588475.1,6622476#0zfQZQ0pxzNG93,14132028,-8883983,4106659,3142072.22,14295787,6380361,14447761,10839757#lREoaOFbdW5rKkRlWom
1493,4547723#sELYBzPuPDf,-10139191,13446040,-5558844.4,13873495#Jb15lxOuR0LJzs,10355369,-10736959,9055103,1056077.05,-13035893,4129544,-4580203,826046#3XI7GvdODL0S4FEnXY2
1494,7721586#Qxbsz5qr3bV,13325326,-10140115,-9795075.0,6655367#dFd5F8Rkze9KfR,-9786483,-12764308,-4521051,-11558199.54,4808080,14155496,6717692,11880628#N5x5xSzR069wByIu6ta
1495,4352726#gMZhUee9GmD,178414,-10672892,-4780923.9,10960828#X7u4oNmiY0YiEA,12856938,-1269545,10636066,-13427840.23,7650068,-12547396,14532749,7749979#8XzQOWXUmZQ1OqqM4YK
1496,12599974#q1HVRfZB2le,2460371,-6372441,10629266.8,2605865#C5jkw2hQKyiutJ,6109499,8192117,-71494,-12395731.34,13364485,-2462743,9082330,2057360#liTuxMSwocxVxPutuEk
1497,4966502#Y1yoUJ0KCbd,8926126,-8983157,-12214249.6,4684196#8wfpRv1sMXkoqX,7411147,-13012164,9625216,-2031852.68,-6843217,311233,-12072118,8294900#krNzdamQhw4knTe4TWn
1498,11855329#LiPuz64ZYT2,6659874,-12828654,11849285.5,7621861#hRlKYObpc4yYOB,-3905333,-9035274,6473245,5482222.00,-12320754,11056025,-1795622,12108283#4aWlTMUF0Wy417nSKEi
1499,11209956#lii2f1jbNrq,2510314,13181772,13237674.5,5313642#QCXzBfnZvcXSuz,12858037,5487633,2850593,-2536868.21,7589080,14740970,-6590912,5216375#vd63kELpNUQMOeWhxCs
1500,6332604#L5aC4Smdcp4,2557132,-7193229,-4511670.4,909936#cZiTbU28Vd3EuA,6515126,-5423717,-4497997,-2929745.42,-11946115,-4768980,-2490345,1675441#jDVNrOgV8Ay4VEyOzCc
1501,7940900#p42DGEC1bhA,-10570746,3295549,-5007532.3,4926857#Wo4jMxdeB9qsgl,-12997563,10324319,-1180311,4734323.33,-1775739,-11270529,505604,13774213#Fzbu63LPfxFNRZ8Jsbv
1502,13412540#8xuG3CVnFko,1075594,14848224,-10171101.7,11680063#6Iu6xjmP2KpoFg,14232095,-1347137,-13656281,14194522.76,13680824,-12662350,1662839,5047047#pPkPD7vbczmynTRoYnB
1503,1542529#cjwn7v3uXHZ,-4842231,11588892,8329906.7,7782287#SIJf4RFRrgolZy,716509,-11577513,-147246,10754646.20,8203325,3779822,-8814048,5919448#0c8ghyISyGulTsWGoun
1504,11173390#5021J1Vztmx,2072726,-14792537,-13557192.5,459330#uedmIlSQP5xVYd,6490465,-3339067,-4944829,-2558230.61,-9023384,4041003,11635989,1394512#1StKKR4UTyn3qAcHUNO
1505,15010702#9O6nHMFx3I7,-13682530,-8169359,10672529.4,6197692#gW9gzDZxbUFdfl,10697245,-12185165,1991706,8424426.69,12278946,-7290454,-7358837,14752879#0lwVWUcjU5cNYgcsQtW
1506,7602981#FWPojJkhwmR,-8017865,-4065939,8328888.5,8269993#NOFVHZ9HBTuCL4,-13319576,-15042084,-3369392,6674351.76,4009661,6607021,1094692,13728580#r3YPInDTlX471f3iqKT
1507,10353982#d8SCvTTIxKG,12921675,-4363551,3717395.3,12362284#Fb0Epz6J3HUiw2,-6097772,-1608264,9108217,-4917833.49,8842842,-3321155,-6182657,2734550#eeUEiKniPqKV6NOCme1
1508,14064999#OB9cvAIDDJr,9553500,417420,7374016.9,9193595#Xw2JvYkD94OVwf,-11512216,-5382048,8174778,-3841687.63,-5614061,-4099608,1436715,7666566#IJdx1nt6uz6CmLBlSXh
