2263,21789397#SMln0mJkIOJ,17033782,-9198146,7726695.7,3623728#wfZDPavEBmqxx1,-14936190,-19341653,18179138,4436250.52,-2083946,-4359727,-12308272,7972071#4zATs16PEv8Rvvnkmsk
2264,4444180#6W8e8r9TUCP,-12197460,22037072,15491976.9,4742417#QmiK4PNYXPNhOn,-10419700,9271968,21686057,9039985.10,-19873245,-6696615,21373341,14199686#54s4XlUYFJFhm27t3ww
2265,22414505#8Vaz45S1YbN,15982215,4420480,10716095.4,3658879#77YYEpMXR6wwKV,2942467,-18186506,-2586260,16307784.87,5148305,13376064,3850750,14528343#Tzjch405mNISXjpeXge
2266,15395642#0q8CD3XEQdU,-9793956,15735346,19552560.0,17215525#9u9ftiQ1qCapSf,6698617,18701832,12341245,3246694.14,-9423476,-3962882,7122225,18146383#u71YOFUh0LFXL7QCCmq
2267,5922502#Y1yoUJ0KCbd,17198004,-1041480,-18137134.1,21728019#qiNVZSGKqC8pU7,2201507,7997549,-6291849,7664337.57,-5147343,15931539,16332979,13639537#srErwnqdXd9sAfbjA1U
2268,14654282#5EjRUoi6tIZ,17050640,8548690,-13834108.3,5623191#AQHpAzUoyS7h0r,-9303900,13550184,-16916849,2993049.79,-17222591,-10047850,-21018949,14571850#HGTriec7r5idkCk5N1a
2269,20935235#OQf2xKbZ48R,-14003434,-16522868,-20027289.8,7960560#TWEsGlO6x8tj4N,-8318350,130393,3907071,19360828.54,-12153128,7594270,16596590,10142439#FXwndiJREzSEt0QtPq7
2270,4836218#HbXePKmU9tp,-19269645,15276013,1042113.4,20193261#AQ9BWVpyCjYTRz,21827126,8675076,585383,-14949963.68,-17479424,-12309202,-1389762,16535894#k7Rl9SJhxtw53dz017j
2271,21424397#SMln0mJkIOJ,14852881,-18337176,-10598212.2,11199786#i9GV24o0uuw4w0,6621872,-5407644,-13496438,11972046.27,-4727814,-3807138,9402314,22638683#IfeUPszvWyJchAQ1SoS
2272,5909931#TxAvgJb24zR,10352828,22431503,7710215.0,2204555#BhoBo8aokMhYco,-1048824,2366581,-910448,-2591012.77,-12390468,9611239,1738348,16476824#nPfoVG2CDRZ4LqKSmlZ
2273,11626053#pKwOS8CTE4p,-4430719,-10750912,-14478305.1,3455163#bkv6vGvG67Q3L5,9945067,-4460101,-8263297,-13151575.67,-179039,15641103,11611204,17861026#m0oRXtK4rKcrtj9qudy
2274,21062835#8mlc3cP3qRo,20411316,14995913,10244160.0,5829832#D3NOuNYvB6QgIh,18256091,21757904,14341349,-20497167.37,1772509,3990741,12136505,15295528#26QIHH7eeYbY4ekMdIj
2275,19541870#5Sutb8R5BZd,6360717,19135911,-12910147.7,12553520#dkmlDEKiqIgJN7,19811834,-10002378,-8360333,12433535.69,12415894,16009978,-2637949,4087058#QnC4AXUuuIdKo1nA6U5
2276,407177#00Y93wL3PnJ,17027594,11279188,-16550364.6,9329189#aHludW1Az6hkkf,16126701,14381287,3458990,-19221571.46,16750988,17981551,-17620616,19749779#xqoNpWaj3VIog8409zM
2277,7417361#SvmwKVWByMA,11138954,-1047584,7334766.7,2816336#Nwv1G3ErAqFDu3,13627304,-11743389,-19747337,-2865124.86,8939793,20619105,-1096434,2974203#nG597Nnl1BduNpyQayN
2278,8858453#6k87jHuIxjX,10363896,14492031,-1704867.7,21542253#WzqE2tpjD74Lbd,-1067949,16812649,705787,14951605.11,-17266699,9991092,-2786236,12629376#I36Pifjn54RXmPgd7CI
2279,1931690#89QCPnzb0NA,-19973634,-9018958,911076.9,6600182#29LZ4FUQpL0kW3,10876409,-2633868,-2299612,6049311.46,-6251274,20264458,-8231746,14805618#xlgipyMV995thSUn1Tv
2280,14673269#IV2bJxkqf3T,-9918848,-9065400,14562787.1,7028995#eQFfvc9htHpkTF,-14134348,-8176954,-4628698,-20148664.14,-4878893,-2342901,2768743,13964446#TQoT5aYOc826VuGtbQ0
2281,8617105#ej1oeN9Bs7Q,2991370,19233286,4925160.8,6842784#6bHix4SgoriqtF,17420695,19120687,-22066828,-7426466.66,5578432,10929060,-21794942,13065114#1BP0h0pUpnH2j5kAbBr
2282,3540772#sOm9Cn98gyp,-6921996,13243355,18743005.9,20173050#gCjfAgu9OjQT7p,2078168,3434565,7658866,-1848987.85,20338088,-11419461,-6691069,1548390#mqtCvwg8PMY8VLHxymb
2283,11447527#mmlXgg730vx,10576915,-14099932,-16898577.1,2099071#b7qLcka9l1M8PK,15365230,659539,-21269436,-10499170.17,-21313382,12165731,8760078,16646916#4UE3qChxnxTAaclEt6q
2284,19410908#qjYPdLqIYvd,2019367,-4561049,20508704.1,10038599#anlrHXcXz9kHUN,7149179,9995083,4173475,2124472.96,13824882,10685390,-16030035,18390798#eZGYbFqFCMmbSxcc8Wt
2285,20203955#194dRrEv5Dq,-10179480,-13789754,5727303.2,9146630#P5PxW5PCOCh2xI,16943802,21008542,-20451376,21194791.27,-13136769,13417094,-14233496,12830920#VGFJnjNEU6E83ihxnhP
2286,3191133#QfdPnMOXpLD,-16929608,-19679134,-21653359.1,20567581#yQWBYSBnCjGDc6,-11387102,9333967,-10741399,18929448.98,-19579262,-2344154,-3459588,1133369#EMZISotsQUR9mp1whf1
2287,10561689#i2xdKqLvxdc,-9583190,-6496693,-21806782.1,16635767#9rfYiVSnhQNb2v,2793346,-16673615,17468610,1054060.17,16485000,-7070570,4922206,10930104#CGJIG16bX7lq8xqojKQ
2288,10437491#Q2SmTNXxn5v,-9603854,-11235986,16623036.7,3908113#38Y7jgJbJWO0PG,-5794952,-8161514,-15032019,-5516666.56,20223035,-18597172,-9471670,3192771#0jz0pIm6UMAUdkAOqHP
2289,4359193#0sEFfTlunrU,3543256,-10615366,-10651665.0,14798305#zwYwrA0VZUIIso,22742583,-11490963,-19296691,-889070.77,-1837005,-6991605,-11071613,5195852#d9fpQm2pg0m6EKIeQff
2290,19995896#EWuCibGMLt1,8595699,14208426,-10295503.4,21474621#hy4Y73CmofHidA,13954195,-1163481,22765253,-8865685.41,16555234,-11216151,20819374,19167603#PkhcGVQYS2PPypdNml9
2291,14973517#gS8UAENtn3k,-20247075,-12126599,16908067.2,14151757#kG94ZWncjDaLZk,-1863389,-17042349,-4954389,22138840.90,20755077,10780267,-22792171,15868182#vKXbV4IOprcePF4Tm1b
2292,3681745#DCjTgzHBk1b,-14714421,20400224,5510003.1,10169900#n7J4bjYeWPjvvK,21705228,-13643935,6312459,4828088.22,21961835,9805561,22194561,16650109#E8CNI3tDjD4QydBlS1l
2293,6981355#fny8fPR7u8H,-15567591,20655136,-8538652.4,21305919#EIhTXHcFbJlFha,15904969,-16491575,13910703,1623677.05,-20020293,6346240,-7038003,1267054#nKIGJ9SDtwJ8pOudFLd
2294,11851170#F4cTLkrh5DN,20465022,-15565715,-15044043.0,10216319#A3mDltczfaavaU,-15027283,-19603532,-6946851,-17749791.54,7385776,21738840,10311892,18241100#yDbcoadS9EK3VZbEO22
2295,6681718#lGUrOcuNpcc,272014,-16381764,-7336707.9,16822404#ftIwYl0V27PIEl,19739738,-1954097,16324866,-20617192.23,11746468,-19260396,22310493,11893195#UGfo3OQlRRCyLooVb6h
2296,19333790#1Xzl1lSmumS,3775171,-9783641,16314802.8,3996441#89xI6Ybt58FjGF,9381499,12571029,-112094,-19023611.34,20508885,-3780543,13942730,3153432#gGidMAKGcs41G7pyM7V
2297,7615726#gMZhUee9GmD,13696126,-13781957,-18737121.6,7186812#HOWub5C7ODpwzL,11371947,-19963220,14767816,-3118380.68,-10498665,481329,-18519718,12727284#z1hXyKg3nYGpA94uxe7
2298,18182537#uPvTWj23cfu,10221274,-19682054,18175469.5,11691157#0Ar1NQF29qpwoT,-5995933,-13856002,9933325,8409758.00,-18896602,16963625,-2758422,18572179#qKTlUwOXecmQJRLjJco
2299,17187748#ZwMbmkIyRVy,3851714,20219868,20298666.5,8147290#1GR00FDxXqTztQ,19723637,8418649,4369393,-3888476.21,11641960,22604770,-10112512,7995463#NuxiCQraWXx1dvPHmeW
2300,9704836#8QTzNxWcHjT,3920732,-11032429,-6915318.4,1393976#IYPcGJHnQDSLRf,9989126,-8311157,-6896493,-4488361.42,-18319315,-7314076,-3822345,2568993#1mHnHCIaoDflyMCmG7n
2301,12170956#lii2f1jbNrq,-16201146,5051549,-7680340.3,7549129#SoZeD5HpS2RRY8,-19922859,15823287,-1806711,7255339.33,-2723739,-17275129,776204,21115373#ZqEINEBmsOhMiTMEQVk
2302,20555716#DhnxXDIkzE5,1647994,22759424,-15591517.7,17895959#zszpUi2ECtFYIi,21812095,-2064081,-20925081,21756810.76,20964824,-19409950,2552639,7732975#9HZIjgTd08Jwg9IjLOo
2303,2359633#PySHbhP4x1U,-7417527,17761492,12763242.7,11919951#6QKhLDDlxeOHSo,1101709,-17741873,-225446,16474550.20,12569725,5793118,-13503448,9066912#JAhIlFvSvK1gzHMZQBb
2304,17114830#ga7AljyNWLi,3177222,-22664033,-20771120.5,702914#tXU2H6TsqNiL8y,9947865,-5110763,-7573229,-3918366.61,-13824584,6192203,17825789,2135944#ZtiwCj5xfCJi2otySJe
2305,22988934#vthQsqNlZta,-20959762,-12510943,16346681.4,9489444#BsZcOoAgIOaIjq,16386845,-18663205,3047906,12906362.69,18803746,-11161254,-11274285,22594447#97fB74ImEYcbaR46kh3
2306,11640197#5SlgDkddrMl,-12277465,-6221939,12751224.5,12661177#naAcXltB7HpPE0,-20393176,-23037116,-5156392,10221623.76,6137661,10118717,1675692,21020924#nemf8dVTIB7ea59gitX
2307,15846950#P1Z1reEOid8,19776675,-6680751,5691059.3,18922900#n7J4bjYeWPjvvK,-9329972,-2457760,13945617,-7523865.49,13539242,-5079955,-9465177,4183846#Gdv3L61xpw4l3oiimwE
2308,21525207#npiAygtKJVE,14624900,635516,11288384.9,14070795#FCmi3v9rLrWgAX,-17616016,-8237296,12506978,-5875039.63,-8587261,-6276008,2195915,11728510#rVpn09lX72x8A0poCGX
2309,20528653#h3qbKtyiMmw,5970076,-2200731,-13836658.0,13537603#5ZoLdymmNt9wIz,-4075585,8783152,-8397162,18014201.41,13587797,15234212,12514248,19234360#liTuxMSwocxVxPutuEk
2310,11956913#dQ2MytGnC0R,-20144778,3353376,-15627926.2,2533571#X7wzlvzqxuI3XI,21190595,18226147,-16207252,311531.07,12073526,6750545,-20163896,8196684#s11M8GVxXNlve81LalC
2311,3319850#vpde4tF1Vq3,12355977,-5135900,6700031.6,4974109#1hpT102fbuAOuA,-3334114,13966921,-22739334,1720282.02,-14446043,-11980545,2833704,12427746#ktJn5JGb8CCKtobLkZE
2312,3125343#IijdJ414T5P,-7486024,4286012,-9146021.4,14299363#zzMIZQyK7KGlKb,-8331214,22340339,-21826288,1327344.58,-17630672,9017365,-19590894,10936236#4OaCM5MzYPgTDb8KpfA
2313,22270742#Pe780jGekDI,17410007,-9401409,7897312.2,3703640#KAKuyQ95CN6MSx,-15266240,-19769143,18581013,4534071.52,-2130021,-4456090,-12580222,8148104#CGJIG16bX7lq8xqojKQ
2314,4542190#5NKB2tw1CHS,-12466748,22523765,15834090.9,4846951#6QKhLDDlxeOHSo,-10649788,9476805,22164832,9239480.10,-20312295,-6844327,21845441,14513220#e523oMH5zXwPM6695GR
2315,22909296#1lcmuOVYtM2,16335121,4518108,10952522.9,3739478#LfgJIEjB0Aq4zJ,3007392,-18587889,-2643328,16667860.37,5262068,13671389,3935650,14848910#gYMadeJFFMyOcKKbMMC
2316,15735183#0vgJZE8Sjbk,-10009850,16082608,19983906.5,17595262#26mKE7cRYISFyn,6846367,19114314,12613607,3318339.14,-9631576,-4050182,7279417,18546617#lBcEKmxO1PV6fQ3WUCQ
2317,6052906#RrEmZZaZ18P,17577454,-1064630,-18537215.6,22207154#xf5LVjBZO1fipp,2249995,8173795,-6430787,7833315.07,-5260836,16282923,16693079,13940211#MXONQY6SBrAa2SQsMW4
2318,14977235#OQf2xKbZ48R,17426665,8737315,-14139278.3,5747109#1hpT102fbuAOuA,-9509062,13849051,-17289790,3058940.29,-17602291,-10269251,-21482174,14893008#r6rmMM8aSJjbJe19gya
2319,21396483#6Z3sVYIi2mq,-14312059,-16887106,-20468591.8,8135802#mq9ubE9NcBgdjE,-8501750,133339,3993346,19787359.04,-12420728,7761608,16962467,10365916#4UE3qChxnxTAaclEt6q
2320,4942570#J9vlrKVZeu0,-19694095,15612413,1065282.9,20637884#pgbaDjeBinqOWN,22308001,8866139,598458,-15279153.18,-17864311,-12580277,-1420412,16900090#cCq4Q3UGd5wlgRwyVM0
2321,21896034#2JS86oEXEBn,15179844,-18741001,-10831754.2,11446290#1GR00FDxXqTztQ,6767803,-5526515,-13793434,12235827.27,-4832027,-3890788,9609108,23137081#zUTYILAo8MIzAN9XuwZ
2322,6039777#3itfH6NXgT2,10580566,22925228,7879674.5,2252865#C5jkw2hQKyiutJ,-1072024,2418708,-930348,-2648198.27,-12663306,9822689,1776610,16839258#bJYPTCqCgQPuvqpIT9y
2323,11881653#h3qbKtyiMmw,-4528124,-10987287,-14796575.1,3530967#XWm8tRBodcGXIe,10163942,-4558325,-8445022,-13440722.17,-182914,15985341,11866829,18253724#QINH3cddp1RYxPqqoih
2324,21525948#kpyw2eip4CU,20859916,15325688,10469482.5,5957990#opU2va9Nla3LLa,18657441,22236249,14656674,-20948020.87,1811534,4078466,12403373,15631712#GjkroKi1Ek2En7nLZ6p
2325,19971191#kUGsTM401mS,6500655,19556461,-13193820.2,12829239#5t3qJF2TaZrC3c,20247084,-10222118,-8544108,12707001.19,12688719,16361990,-2695736,4176675#MN9K32Or7oHlOVAzavr
2326,416074#thUiW5mOIVC,17401694,11526819,-16913891.6,9533998#9UxBlUkZTopDJ8,16481176,14697274,3534821,-19643887.46,17118763,18376401,-18007666,20183475#0fzUmETODGunt3GGQJC
2327,7580134#toJMbML2j2a,11383666,-1070446,7496004.2,2878022#6RNNJB9XttOkCF,13926629,-12001041,-20180787,-2927943.36,9135980,21072093,-1120309,3039308#iFhqsvw3W0yR2L7jKba
2328,9052714#VT4Nicpua2u,10591471,14809931,-1742277.7,22014964#16xvZDCLGIwXTn,-1091324,17181595,721237,15279703.11,-17645837,10210417,-2847270,12906406#17QsU1zRbgH0YH1n9ED
2329,1973856#tOjMfNA4dR6,-20411796,-9216758,931067.4,6744920#5NGWOE9kFVcDWl,11115132,-2691602,-2350087,6182056.46,-6388424,20709189,-8412534,15130426#3N7qDirkMIZFGEN5nfD
2330,14994836#8QTzNxWcHjT,-10136395,-9264137,14882155.1,7182968#ZZAbiDsnH06hHG,-14444348,-8356268,-4730388,-20590488.64,-4985893,-2394194,2829556,14270509#yshJVExswTERBVlPfFg
2331,8805866#liqhWaXzpGA,3056908,19654873,5033141.3,6992772#48xr4EPwez5zel,17802558,19539615,-22550341,-7589388.16,5700782,11168435,-22272511,13351498#M0wW8pqH7b1AIkj6qgc
2332,3618218#HbXePKmU9tp,-7073771,13533555,19153458.4,20614900#n7J4bjYeWPjvvK,2123832,3509951,7826491,-1889452.85,20783663,-11669561,-6837819,1582259#BhsbOSgppbGEwuWafpI
2333,11698189#DC2grhc6oSJ,10808654,-14408632,-17268542.1,2145002#xd1UidbnsgXg4y,15701828,673885,-21735136,-10729139.17,-21780307,12432162,8952103,17011329#IiVDp25YEglncgdIfBG
2334,19835625#wSQkE7CAasD,2063567,-4660736,20957526.1,10258352#DfTmgOlGKZffbF,7305804,10214000,4264887,2171051.96,14127482,10919465,-16380914,18793239#x8U1ZhoO4PzxIbIVzDN
2335,20646050#7Pw4WBa8Gyt,-10402433,-14091710,5852758.2,9346652#GfND0ucHj44xPW,17314602,21468280,-20898876,21658655.27,-13424294,13710694,-14545121,13111617#lBcEKmxO1PV6fQ3WUCQ
2336,3260883#1Efl0rNcDAr,-17299903,-20109403,-22126897.1,21017364#WPaPsgFdRF6TQE,-11636152,9538323,-10976261,19343537.48,-20007449,-2395272,-3535422,1158132#vMu3HKzSIGRhHas49bd
2337,10792462#SUTycpqgHpj,-9792815,-6638711,-22283556.1,16999430#fwtiAlgfAo0Fcs,2854571,-17038174,17850548,1077204.17,16845212,-7225045,5029606,11168912#JAhIlFvSvK1gzHMZQBb
2338,10665372#eK53FbboONa,-9813785,-11481336,16986433.2,3993480#mIqovNapP2dp2P,-5921539,-8339827,-15360644,-5637242.56,20665035,-19003706,-9678570,3262325#ol3m0ACsYJLVxOisMSd
2339,4454354#w6CkLLJfWiC,3620731,-10847200,-10884131.0,15121398#m8Bh029KrvIDvK,23239327,-11741982,-19718191,-908690.77,-1876942,-7144180,-11313488,5309263#Tta7RwNAg3ucfRHM74C
2340,20432387#jNeLhsfh8xd,8783340,14518776,-10520312.4,21943376#EwICs9KETmvAn3,14258789,-1188805,23262109,-9059351.91,16916772,-11461151,21274124,19585942#z7lORr2Vf3ToXvTW95Y
2341,15300207#npiAygtKJVE,-20688975,-12391349,17277167.7,14460453#CFUMpY4kQAPHKU,-1904239,-17414191,-5062602,22621996.90,21207890,11015442,-23289383,16214352#RLVzmFFrqsmrfveqQfi
2342,3761993#PsKJafbprZa,-15035571,20845249,5630098.6,10391614#JQpkq4X5hrv2PW,22178553,-13941432,6450322,4933464.22,22440963,10019636,22678736,17013256#2TkF03QK4JWCqxaHcUy
2343,7133457#0U8W7eYilKO,-15906866,21105704,-8724890.4,21770446#FKHSZF2SCubIqo,16251819,-16851238,14214178,1659152.05,-20456818,6484783,-7191615,1294617#lBcEKmxO1PV6fQ3WUCQ
2344,12109269#IV2bJxkqf3T,20911253,-15904815,-15372103.5,10438878#KFmYAwBGH2EpCU,-15354833,-20030984,-7098464,-18136766.04,7546882,22212799,10536529,18638629#5di14lVTcONVJf9LaDw
2345,6827280#ZvOMRjg8CWO,277864,-16738569,-7496444.4,17188752#lzWs47TzIbtQcG,20169913,-1996881,16680416,-21066526.73,12002493,-19679958,22796602,12152146#5LmFect9bCw9jeiUMeJ
2346,19754654#HvnGX5EEMpR,3857346,-9996841,16670148.8,4083352#DfTmgOlGKZffbF,9585999,12844711,-114632,-19437853.84,20955410,-3862906,14246505,3221936#nT5CqOSucNIMhRnAKfV
2347,7781302#s4SiSiRTKKU,13994251,-14081882,-19144801.1,7343226#mfCCs5GKlHg4kE,11619497,-20397661,15089229,-3186288.68,-10727130,491960,-18922693,13004308#iFhqsvw3W0yR2L7jKba
2348,18577987#6BKdHsGIYwO,10443862,-20110392,18570856.0,11945488#2Ze2bCph1Qut1c,-6126595,-14157298,10149580,8592729.00,-19307592,17332850,-2818597,18976172#c6rZjuT143IxSfptTXP
2349,17561360#DM7eFCBJBob,3935551,20659749,20739978.5,8324393#qQ5ZuU762pFYFy,20152737,8601838,4464318,-3972951.71,11895265,23096257,-10332612,8169156#sf2kypSOY8lloCiqKIP
2350,9915600#64BcZOJyi2Y,4005957,-11272379,-7065546.4,1424229#EgPWImTCWNAg5a,10206251,-8491622,-7046399,-4585774.92,-18717640,-7473144,-3905595,2624840#eKrvr4rxpXtrE1QwJWP
2351,12435334#CXhaORgErj2,-16553046,5161299,-7847390.8,7713021#2EVUPqSo4u6ZBo,-20355690,16166972,-1845861,7412902.83,-2782989,-17650417,793117,21574195#UGfo3OQlRRCyLooVb6h
2352,21002164#GIoTFAS2wQb,1683769,23253874,-15930293.7,18284453#CFUMpY4kQAPHKU,22285845,-2108890,-21379381,22229453.76,21420074,-19831675,2608252,7900845#oXkUJI8w3flCDsjeYsR
2353,2410702#9O6nHMFx3I7,-7578483,18147279,13040326.2,12178555#BhoBo8aokMhYco,1125784,-18127146,-230334,16832044.20,12842625,5918949,-13796536,9263628#N5x5xSzR069wByIu6ta
2354,17486170#F4cTLkrh5DN,3246253,-23156002,-21221991.0,718138#m8WsYrnMtFK7ya,10163952,-5221494,-7737504,-4003375.11,-14124659,6326653,18212652,2182284#z1hXyKg3nYGpA94uxe7
2355,23487573#lzeOrtP0IH3,-21414589,-12782292,16701315.9,9695179#4uqUyrBPyczihj,16742445,-19068083,3113918,13186483.69,19211546,-11403179,-11519000,23084545#32DqNbUiDOOG5QmVpFf
2356,11892523#hLiIpKLuuyJ,-12543690,-6356689,13027620.5,12935626#6OMUHGtequE2mO,-20835276,-23536806,-5268079,10443328.26,6270661,10338198,1712005,21476696#dUWd6h3BzcLUuftBGou
2357,16190261#0DgrTriEfyK,20205112,-6825576,5814413.3,19332939#4M2txGwhzdDTtW,-9531985,-2510854,14247955,-7686742.49,13832767,-5189880,-9670335,4274427#62WIcxJt77AK0yYEUh2
2358,21991470#Wr29taPd3MU,14941862,649147,11533032.9,14375620#0amlB7hrbrPvzv,-17997504,-8415749,12777740,-6002124.13,-8773086,-6412033,2243365,11982381#62TIPmW5qUiat1uq3YS
2359,20973090#EfvjTGAcCx2,6099166,-2248194,-14136245.5,13830660#Y1LVcqrOM2dht5,-4163885,8973431,-8579187,18404309.41,13881872,15563921,12785320,19650843#gQndRWyPOsfWcZUsDku
2360,12215551#LL9vCFtK5ts,-20580747,3426076,-15966039.2,2588353#CZgllscfkycu6R,21649072,18620649,-16558014,318193.57,12334763,6896807,-20600509,8374088#A9job6WOPjlYBhlWGZh
2361,3391464#4sW1MPewflN,12623408,-5246938,6844935.1,5081688#pAhbHQbyNKJr4D,-3406214,14269122,-23231515,1757583.52,-14758756,-12239909,2895154,12696511#WfltQNWMHSVTrpk72kE
2362,3192784#ETaP9T0wOD7,-7647711,4378587,-9343781.9,14608485#BafzlzQi01M9XM,-8511364,22823615,-22298150,1355960.08,-18011860,9212512,-20014669,11172736#2SUi4sMW9Kdb23lJh0J
2363,22752088#ruhMBg3hDTt,17786232,-9604671,8067928.7,3783553#KkNK5NMhJ7cUPr,-15596290,-20196634,18982888,4631892.52,-2176096,-4552452,-12852172,8324138#Zrq8AQXO8G3DuiQVxqI
2364,4640200#jycPGPFTHLZ,-12736035,23010459,16176204.9,4951486#2ryQSehGjgeGr8,-10879875,9681643,22643607,9438975.10,-20751345,-6992040,22317541,14826754#jazr7jmdHAzaidHV3x1
2365,23404087#08Ky8BuS0Os,16688027,4615736,11188950.4,3820076#xz2AUXhwJPPySJ,3072317,-18989272,-2700397,17027935.87,5375830,13966714,4020550,15169477#jRqEuD69bFXi3APpolP
2366,16074723#sELYBzPuPDf,-10225743,16429871,20415253.0,17975000#KKGg1krxiecnAd,6994117,19526797,12885970,3389984.14,-9839676,-4137482,7436608,18946851#3mNfp1KZ5GYducuIIX7
2367,6183310#LZt0pU8EVFN,17956904,-1087780,-18937297.1,22686289#mXsJKjD9lYjaRi,2298482,8350041,-6569724,8002292.57,-5374330,16634307,17053179,14240885#Ej3qZMqLGCiZzcGfkS8
2368,15300188#slUx4AzPhbL,17802690,8925940,-14444448.3,5871028#lE5Wd0q6EINdw9,-9714225,14147918,-17662731,3124830.79,-17981991,-10490651,-21945399,15214165#jioLTAtC6eF1OlQhS6M
2369,21857731#kPopRGq20Hg,-14620684,-17251343,-20909893.8,8311044#gzLZ1AYNJgvCso,-8685150,136284,4079621,20213889.54,-12688328,7928945,17328343,10589393#fFqh9nnTBVSokEqWPnP
2370,5048922#dC99kdw8q9N,-20118545,15948813,1088452.4,21082507#Qw3u9FwkgEffDm,22788876,9057202,611533,-15608342.68,-18249199,-12851352,-1451062,17264285#ytJ63yHjdHPjSU4KgCz
2371,22367670#FdauY9FpFpK,15506806,-19144826,-11065296.2,11692794#XCTngnDdvYNCew,6913734,-5645386,-14090430,12499608.27,-4936239,-3974438,9815901,23635480#AxjHcRhaSY4D7zcbGHh
2372,6169623#bRMajCa430q,10808303,23418953,8049134.0,2301174#YHs4tKkDYMQ9BE,-1095224,2470835,-950248,-2705383.77,-12936143,10034139,1814873,17201692#YIhoI4PNBCM2TAkJiH7
2373,12137253#SeQi1YuTrvM,-4625529,-11223662,-15114845.1,3606771#HkssOFpN7oKgJw,10382817,-4656550,-8626747,-13729868.67,-186789,16329578,12122454,18646422#QP7GcF1Uu9MuVnECvvY
2374,21989060#MDgmN4Sv3gh,21308516,15655463,10694805.0,6086148#yQiuqXTcQbC7sJ,19058791,22714594,14971999,-21398874.37,1850559,4166191,12670242,15967897#0nJpjQLnbN6I9cneMo9
2375,20400512#KHhAHFJ7lMR,6640592,19977011,-13477492.7,13104957#8lBmtYbe3vawzJ,20682334,-10441859,-8727883,12980466.69,12961544,16714003,-2753524,4266292#Dhqu05gXiB7tzZRUVoF
2376,424971#Mb1WjPGxa7Y,17775794,11774450,-17277418.6,9738806#GN2ASY5ib5cdwg,16835651,15013261,3610652,-20066203.46,17486538,18771251,-18394715,20617172#c6rZjuT143IxSfptTXP
2377,7742906#RrEmZZaZ18P,11628379,-1093309,7657241.7,2939708#qCMUapV1fH2v0Y,14225954,-12258693,-20614237,-2990761.86,9332168,21525080,-1144184,3104413#NKXBZwzkaEz75UkfCAs
2378,9246975#Hqz8B4rxxTg,10819046,15127831,-1779687.7,22487674#z2uyC6tZYscTu8,-1114699,17550541,736687,15607801.11,-18024974,10429742,-2908304,13183435#ZdWP6Ew9Fh8T9KchOYP
2379,2016022#RG4dXdHcyyo,-20849959,-9414558,951057.9,6889659#mh0AFQSVMOM8BW,11353855,-2749337,-2400562,6314801.46,-6525574,21153920,-8593321,15455234#6BuEdFeXsUypVFfhgJs
2380,15316404#Tlo0qGdev0T,-10353941,-9462875,15201523.1,7336941#wFBwHFJUzGOJul,-14754348,-8535582,-4832079,-21032313.14,-5092893,-2445488,2890368,14576573#DLdasvEDdAcEvLys4MJ
2381,8994627#rerp0PjHuzT,3122445,20076461,5141121.8,7142761#GfiGarbGuivDZf,18184420,19958543,-23033853,-7752309.66,5823132,11407810,-22750079,13637881#6GQotyhqFUrDwelIFnV
2382,3695664#FTn2YNS6x3x,-7225546,13823755,19563910.9,21056750#O5DgpfO9AYtUyn,2169496,3585336,7994116,-1929917.85,21229238,-11919661,-6984569,1616128#dmSCWyxRYc5uwNjs7DW
2383,11948850#vpde4tF1Vq3,11040393,-14717332,-17638507.1,2190932#P9bwPJFXf23yFD,16038427,688231,-22200836,-10959108.17,-22247232,12698593,9144128,17375743#cy187NdXlIGLy8lXl74
2384,20260342#qjPoYAvRM2g,2107767,-4760424,21406348.1,10478104#1yV78D51vonApr,7462429,10432917,4356300,2217630.96,14430082,11153540,-16731794,19195680#o0Eo65dLC4unehEt4qe
2385,21088145#lgAzW1PIh1Q,-10625386,-14393666,5978213.2,9546674#z2uyC6tZYscTu8,17685402,21928019,-21346376,22122519.27,-13711819,14004294,-14856746,13392314#Rl6KSVfvS1wvNiSaDdb
2386,3330633#PySHbhP4x1U,-17670198,-20539671,-22600435.1,21467147#fKcrtnBfWWPBbB,-11885202,9742679,-11211124,19757625.98,-20435637,-2446391,-3611255,1182895#Z79AOqILYqA2iZL8j6O
2387,11023235#OQf2xKbZ48R,-10002440,-6780730,-22760330.1,17363093#ig9ZGg4eFswsbT,2915796,-17402734,18232485,1100348.17,17205425,-7379520,5137006,11407720#ghyeVRCamdh0G7FYjEY
2388,10893253#SeQi1YuTrvM,-10023716,-11726686,17349829.7,4078847#DhYjCIquCV1aPC,-6048127,-8518141,-15689269,-5757818.56,21107035,-19410240,-9885470,3331880#7BBML4vtEXSp0SdbnOX
2389,4549514#DD1WdyXVhnn,3698206,-11079034,-11116597.0,15444491#1KJKXMoU4dQDyW,23736070,-11993001,-20139691,-928310.77,-1916880,-7296755,-11555363,5422674#bTfYSkGlOLluoaX9HlX
2390,20868879#Txjfi622SV6,8970980,14829126,-10745121.4,22412130#Z3KJJ88GAPXfuL,14563382,-1214128,23758965,-9253018.41,17278309,-11706151,21728874,20004281#UpMXyhlBcP961GdrvgR
2391,15626897#7OoByiyRio7,-21130875,-12656099,17646268.2,14769150#DYeFvynjejOb49,-1945089,-17786032,-5170814,23105152.90,21660702,11250617,-23786596,16560521#Nq2Y2Iad10zk5WpNrFw
2392,3842241#714hnupIeEz,-15356721,21290274,5750194.1,10613328#knMIXjuZrP3FWO,22651878,-14238929,6588184,5038840.22,22920091,10233711,23162911,17376403#xLBaO1L5ZHYuX0ytFM1
2393,7285559#AEj8Vz8WGG1,-16246141,21556273,-8911128.4,22234972#qoYB9Nm4VLrafm,16598669,-17210902,14517653,1694627.05,-20893343,6623327,-7345228,1322180#2eewkyl6bSxZzB4dEb0
2394,12367368#CVubVfDepUR,21357484,-16243915,-15700164.0,10661438#V3ceTVejfC6TfV,-15682383,-20458435,-7250076,-18523740.54,7707988,22686758,10761167,19036159#Q54mbPkQPZ5DYI8fhJy
2395,6972842#ved108Mq5qG,283714,-17095373,-7656180.9,17555101#FywKnQs97NxpQy,20600088,-2039666,17035966,-21515861.23,12258518,-20099521,23282711,12411097#QhZdtYY4Z4CNYCYfQ3f
2396,20175517#gS8UAENtn3k,3939521,-10210041,17025494.8,4170263#68RFenamaonpNE,9790499,13118393,-117169,-19852096.34,21401935,-3945268,14550280,3290441#jDVNrOgV8Ay4VEyOzCc
2397,7946879#Txjfi622SV6,14292376,-14381807,-19552480.6,7499639#v0QH6f9XPelyzc,11867047,-20832102,15410641,-3254196.68,-10955596,502591,-19325668,13281332#CltmiwJHnxlCkYY5WFE
2398,18973438#WNeL4WO7nzs,10666449,-20538729,18966242.5,12199819#chtki3XIufHagB,-6257258,-14458593,10365835,8775700.00,-19718583,17702075,-2878772,19380166#w27JKW96ZiwGsV7p89b
2399,17934972#lNzBGkjVHvS,4019389,21099630,21181290.5,8501496#vUmdM4ErAH9oCw,20581837,8785026,4559243,-4057427.21,12148570,23587745,-10552712,8342849#MYBwljoDztljUrM6yat
2400,10126365#i6IEkOWzStF,4091182,-11512329,-7215774.4,1454481#jXNx1vyno5HsVt,10423376,-8672087,-7196305,-4683188.42,-19115965,-7632213,-3988845,2680687#EBCgf79e132xoqeBpjB
2401,12699713#gNx0e8hTv9D,-16904946,5271049,-8014441.3,7876913#mjbblUlXizdK01,-20788521,16510658,-1885011,7570466.33,-2842239,-18025704,810029,22033018#ZoLFMUnkVZnqE4VEeq9
2402,21448613#LFHNTltaiC7,1719544,23748324,-16269069.7,18672946#x3OB7w4z1LlsTx,22759595,-2153699,-21833681,22702096.76,21875324,-20253400,2663864,8068716#FrYfq8y2gcGYoAJlpc6
2403,2461771#K8DfA8L4yX7,-7739439,18533067,13317409.7,12437159#jTQvOtHzI406Rn,1149859,-18512418,-235221,17189538.20,13115525,6044780,-14089623,9460345#Vladr0ehWPQu2orvWju
2404,17857510#hKSI5yi4zQk,3315284,-23647970,-21672861.5,733362#zcR1G3uZwvMdBP,10380040,-5332225,-7901779,-4088383.61,-14424734,6461103,18599514,2228623#Jz87SD1PrBoIMe7PyOC
2405,23986213#RevlwMvtZjP,-21869416,-13053641,17055950.4,9900913#mjbblUlXizdK01,17098045,-19472960,3179931,13466604.69,19619346,-11645104,-11763716,23574643#9CZRaw6lTeboH5fJssr
2406,12144849#EGdgwCZTKjU,-12809915,-6491439,13304016.5,13210075#Dz0PC3Krzbd7kZ,-21277376,-24036495,-5379767,10665032.76,6403661,10557679,1748317,21932467#EpyolUlpOOeYwtjGD9v
2407,16533571#sb1TiNRHjPh,20633550,-6970401,5937767.3,19742977#o6obvX1tAYgIfF,-9733997,-2563947,14550292,-7849619.49,14126292,-5299805,-9875492,4365008#r6rmMM8aSJjbJe19gya
2408,22457733#SWIHsWkn1Df,15258825,662778,11777680.9,14680445#FhX4JcyfwrllFJ,-18378991,-8594202,13048503,-6129208.63,-8958911,-6548058,2290815,12236253#VpUCP0JcnFxClG5Etw4
2409,21417527#mmlXgg730vx,6228257,-2295656,-14435833.0,14123717#EYpAJogeUBHqbG,-4252185,9163709,-8761212,18794417.41,14175947,15893630,13056391,20067326#NX7CoRqgGUUjZikYDo6
2410,12474189#DC2grhc6oSJ,-21016715,3498776,-16304152.2,2643135#q2ptFrSWFRxOmk,22107549,19015151,-16908777,324856.07,12596001,7043070,-21037121,8551492#ymRlKMDl0I0cowts9Ir
2411,3463078#Qkks772kxvi,12890839,-5357975,6989838.6,5189268#89OOJRcNN74e5h,-3478314,14571322,-23723696,1794885.02,-15071468,-12499273,2956604,12965276#iTvgRhK5fGBCxxIBVsc
2412,3260226#0KaXGyOY7Xp,-7809399,4471162,-9541542.4,14917607#aiGQ1Po6tZ8Agf,-8691514,23306891,-22770013,1384575.58,-18393047,9407658,-20438444,11409237#Rgjir7NLotiFW82F167
2413,23233433#03dbwwYanE6,18162457,-9807934,8238545.2,3863465#9nySA4jtOKZ2L6,-15926340,-20624124,19384763,4729713.52,-2222171,-4648815,-13124122,8500171#tYCKrk0MapVlbciB1C2
2414,4738210#2Cu1Rl8VEDn,-13005323,23497152,16518318.9,5056020#bbsD226VXkyb3N,-11109963,9886480,23122382,9638470.10,-21190395,-7139752,22789641,15140288#sxPXWJzDuzPMcdluTiM
2415,23898878#oEX2ok4BEY0,17040933,4713364,11425377.9,3900675#0SG4lT2ywcICdH,3137242,-19390655,-2757465,17388011.37,5489593,14262039,4105450,15490044#Ku8pXcm7lmzBgAuEJJg
2416,16414264#OHRiqlS1KSe,-10441637,16777133,20846599.5,18354737#noDYAbmT74fKeI,7141867,19939279,13158332,3461629.14,-10047776,-4224782,7593800,19347085#KbzWdh9tTm8O188TMIV
2417,6313714#VT4Nicpua2u,18336354,-1110930,-19337378.6,23165424#YLhp7tvMoSPp3K,2346970,8526287,-6708662,8171270.07,-5487823,16985691,17413279,14541559#6gXV4FwL5ur98Qvmbgn
2418,15623141#ty64BYFYBhU,18178715,9114565,-14749618.3,5994946#x3OB7w4z1LlsTx,-9919387,14446785,-18035672,3190721.29,-18361691,-10712052,-22408624,15535323#exxG90yczVWyeCrGrLX
2419,22318979#3ZQEa0nP314,-14929309,-17615581,-21351195.8,8486286#vDeMu4RYPgApFi,-8868550,139230,4165896,20640420.04,-12955928,8096283,17694220,10812870#ZjAwFRPwZefDR96n1ZA
2420,5155274#zBG1kUT7nyI,-20542995,16285213,1111621.9,21527130#Z3KJJ88GAPXfuL,23269751,9248265,624608,-15937532.18,-18634086,-13122427,-1481712,17628481#7RdRipM67WxCVPvxtQ7
2421,22839307#2rtCFwTN0ZM,15833769,-19548651,-11298838.2,11939298#fbGyr26z7lnrcu,7059665,-5764257,-14387426,12763389.27,-5040452,-4058088,10022695,24133878#jK3Nj7k9SzlBC4Kopfv
2422,6299469#NLFuHVtWTRr,11036041,23912678,8218593.5,2349484#HhgnR1ABPYnl7S,-1118424,2522962,-970148,-2762569.27,-13208981,10245589,1853135,17564126#zAOVqHFAsxUeFgnjbYN
2423,12392853#CmlamqN4ZRe,-4722934,-11460037,-15433115.1,3682575#LxDuoU5OI2TvWQ,10601692,-4754774,-8808472,-14019015.17,-190664,16673816,12378079,19039120#Ag2dYcI9Gbb6yco6JGo
2424,22452173#exmOujQgW2S,21757116,15985238,10920127.5,6214306#WS2xUD9GzOv2P7,19460141,23192939,15287324,-21849727.87,1889584,4253916,12937110,16304081#zUTYILAo8MIzAN9XuwZ
2425,20829833#lvrw8mIySSe,6780530,20397561,-13761165.2,13380676#jyLtJjXjMjSsfQ,21117584,-10661599,-8911658,13253932.19,13234369,17066015,-2811311,4355909#bjEFrULIiYsCPmPqR3L
2426,433868#s1bDP6UD4Qg,18149894,12022081,-17640945.6,9943615#B4iQXsrutbM3lR,17190126,15329248,3686483,-20488519.46,17854313,19166101,-18781765,21050868#RIdRwGKDv4G0SwKUCak
2427,7905679#nQKLs7qTfPD,11873091,-1116171,7818479.2,3001394#p6iwqQrFQV9dVX,14525279,-12516345,-21047687,-3053580.36,9528355,21978068,-1168059,3169518#ISNoeWjTJIH7wZw95hk
2428,9441236#U0d1PlYZJTS,11046621,15445731,-1817097.7,22960385#dQa5yBCxTEzG4a,-1138074,17919487,752137,15935899.11,-18404112,10649067,-2969338,13460465#hCquZTpUQWD2O3YIyyN
2429,2058188#slUx4AzPhbL,-21288121,-9612358,971048.4,7034397#wh2RUboW4OUc0G,11592578,-2807071,-2451037,6447546.46,-6662724,21598651,-8774109,15780042#w9GxvE2WHzw7Iukt1uT
2430,15637971#Mb1WjPGxa7Y,-10571488,-9661612,15520891.1,7490914#tXU2H6TsqNiL8y,-15064348,-8714896,-4933769,-21474137.64,-5199893,-2496781,2951181,14882636#c8Lv2WTNjPCpNhR5O7z
2431,9183388#Fe5eQEVnSrk,3187983,20498048,5249102.3,7292749#k6gvEjRVwahllR,18566283,20377471,-23517366,-7915231.16,5945482,11647185,-23227648,13924265#USDEbO6Sfa7IXrwLPsw
2432,3773110#SbQi21FAKLE,-7377321,14113955,19974363.4,21498600#WV4SxDjrpYPUgE,2215160,3660722,8161741,-1970382.85,21674813,-12169761,-7131319,1649997#srvKbNpbxJdlCOqtHG8
2433,12199512#KHhAHFJ7lMR,11272132,-15026032,-18008472.1,2236863#YFRHQx7jH7Na6P,16375025,702577,-22666536,-11189077.17,-22714157,12965024,9336153,17740156#sf2kypSOY8lloCiqKIP
2434,20685059#rrYbsTFcXAL,2151967,-4860111,21855170.1,10697857#Wo4jMxdeB9qsgl,7619054,10651834,4447712,2264209.96,14732682,11387615,-17082673,19598121#no00ZBxIukGPCkawKk6
2435,21530240#NrA8MglUj5w,-10848339,-14695622,6103668.2,9746696#4F0HurHEWUWHkb,18056202,22387757,-21793876,22586383.27,-13999344,14297894,-15168371,13673011#qNVUQFzcWzHoagZiHuw
2436,3400383#e8ZMwMwA0nf,-18040493,-20969940,-23073973.1,21916930#3ulZrqKO2KMgqx,-12134252,9947035,-11445986,20171714.48,-20863824,-2497509,-3687089,1207658#Z4JpiXGpDwqUSlxgX2Y
2437,11254008#TgNWkxfggeQ,-10212065,-6922748,-23237104.1,17726756#rTSxnrudyTGfaj,2977021,-17767293,18614423,1123492.17,17565637,-7533995,5244406,11646528#26QIHH7eeYbY4ekMdIj
2438,11121134#toJMbML2j2a,-10233647,-11972036,17713226.2,4164214#7Ubkllkda4Zksx,-6174714,-8696454,-16017894,-5878394.56,21549035,-19816774,-10092370,3401434#qusOoOJoOiAxlGILLOa
2439,4644675#Nth68od6tlb,3775681,-11310868,-11349063.0,15767584#sHPl18T3S5tUNE,24232814,-12244020,-20561191,-947930.77,-1956817,-7449330,-11797238,5536085#KbzWdh9tTm8O188TMIV
2440,21305370#20B7SMm0xCn,9158621,15139476,-10969930.4,22880885#3aPNHR6sQWvglp,14867976,-1239452,24255821,-9446684.91,17639847,-11951151,22183624,20422620#px0e2K623IfdfXigMAP
2441,15953587#G55ibdzxFB9,-21572775,-12920849,18015368.7,15077846#JIUhJCXJZz0SSv,-1985939,-18157874,-5279027,23588308.90,22113515,11485792,-24283808,16906691#IMVjH357xLfmRJng5sP
2442,3922489#b4GAVhkg2EN,-15677871,21735299,5870289.6,10835042#scb41AvtckeAEf,23125203,-14536426,6726047,5144216.22,23399219,10447786,23647086,17739550#eeUEiKniPqKV6NOCme1
2443,7437661#H6yXqlH6A7E,-16585416,22006841,-9097366.4,22699499#yhkokZyy2uO9lq,16945519,-17570565,14821128,1730102.05,-21329868,6761870,-7498840,1349743#cy187NdXlIGLy8lXl74
2444,12625467#cGV7rhXZU07,21803715,-16583015,-16028224.5,10883997#wmklZVSCm6SWuF,-16009933,-20885887,-7401689,-18910715.04,7869094,23160717,10985804,19433688#qdlzx9LemRlli2fOdcJ
2445,7118404#Tlo0qGdev0T,289564,-17452178,-7815917.4,17921449#yFpgf61LQGhSgn,21030263,-2082450,17391516,-21965195.73,12514543,-20519083,23768820,12670048#UqcejOSfVOsoCxAVr4n
2446,20596381#pkXGnJb8bIp,4021696,-10423241,17380840.8,4257174#YHs4tKkDYMQ9BE,9994999,13392075,-119707,-20266338.84,21848460,-4027631,14854055,3358945#0kKLK7Xmk2TBEvqR013
2447,8112455#gcEkUpbYesv,14590501,-14681732,-19960160.1,7656053#qLOXdWOjY3wvEe,12114597,-21266543,15732054,-3322104.68,-11184061,513222,-19728643,13558356#QZkdBubKCoFlThTfLMA
2448,19368888#A9VLareLVDc,10889037,-20967067,19361629.0,12454150#DYeFvynjejOb49,-6387920,-14759889,10582090,8958671.00,-20129573,18071300,-2938947,19784159#Q54mbPkQPZ5DYI8fhJy
2449,18308584#fhkLtzcDDYF,4103226,21539511,21622602.5,8678599#anlrHXcXz9kHUN,21010937,8968215,4654168,-4141902.71,12401875,24079232,-10772812,8516542#EsDSGJKY6izxhKcNNRx
2450,10337129#5b38Le8aScL,4176407,-11752279,-7366002.4,1484734#baMgzIiNNymQT7,10640501,-8852552,-7346211,-4780601.92,-19514290,-7791281,-4072095,2736534#uJQvrJJHsrgGJDRaUAs
2451,12964091#UacrZMEcL0A,-17256846,5380799,-8181491.8,8040805#Rhg04IpFTANJm7,-21221352,16854343,-1924161,7728029.83,-2901489,-18400992,826942,22491840#eKrvr4rxpXtrE1QwJWP
2452,21895061#QyVwIGctZ6K,1755319,24242774,-16607845.7,19061440#dGO6NIWCkhETFA,23233345,-2198508,-22287981,23174739.76,22330574,-20675125,2719477,8236586#IOIVFHePcQCNUavCcvv
2453,2512840#NzP7emYHjnN,-7900395,18918854,13594493.2,12695763#3yBRgnVcOaN4dg,1173934,-18897691,-240109,17547032.20,13388425,6170611,-14382711,9657061#Ma3eCBwdHp33dsC6RCy
2454,18228850#vpde4tF1Vq3,3384315,-24139939,-22123732.0,748586#lwjcv9EglZRG3C,10596127,-5442956,-8066054,-4173392.11,-14724809,6595553,18986377,2274963#vy4jwXiSUTwy3qfLsou
2455,24484852#575FZDwP2GP,-22324243,-13324990,17410584.9,10106648#Jj8pFX4kkszEYH,17453645,-19877838,3245943,13746725.69,20027146,-11887029,-12008431,24064741#mpve6cwM2BDVh3F3PxX
2456,12397175#dagU7wQntO3,-13076140,-6626189,13580412.5,13484524#sfgvBjGj6fdOkN,-21719476,-24536185,-5491454,10886737.26,6536661,10777160,1784630,22388239#x8U1ZhoO4PzxIbIVzDN
2457,16876882#DPFgrcf8P7E,21061987,-7115226,6061121.3,20153016#lKMC8WXi9MNSEe,-9936010,-2617041,14852630,-8012496.49,14419817,-5409730,-10080650,4455589#sslraqkNPCX69Q4UkUU
2458,22923996#ffu7iGEUKRa,15575787,676409,12022328.9,14985270#Y48PrUEiQwKJ6E,-18760479,-8772655,13319265,-6256293.13,-9144736,-6684083,2338265,12490124#JZZFO9C1BCf37stvmMl
2459,21861964#3eMUzGpW9DC,6357347,-2343119,-14735420.5,14416774#OGYlC2lQYKf7uw,-4340485,9353988,-8943237,19184525.41,14470022,16223339,13327463,20483809#Ce84gDKoz4XzyL5a9qh
2460,12732827#Iea19ocuOlA,-21452684,3571476,-16642265.2,2697917#TVF2Yl9MjVDbmD,22566026,19409653,-17259539,331518.57,12857238,7189332,-21473734,8728896#nAMmsgKf02r83IzFbAa
2461,3534692#MBVjAq7VHUf,13158270,-5469013,7134742.1,5296847#DhYjCIquCV1aPC,-3550414,14873523,-24215877,1832186.52,-15384181,-12758637,3018054,13234041#OghUrGJcsBgetTXHrkE
2462,3327667#KfoNEpeQoHS,-7971086,4563737,-9739302.9,15226729#djgtTbcu4G69pZ,-8871664,23790167,-23241875,1413191.08,-18774235,9602805,-20862219,11645737#uN3zaTNmTOXfX2A6ubo
2463,23714779#ertN9tdChDt,18538682,-10011196,8409161.7,3943378#nBVJ98UqSiLjb4,-16256390,-21051615,19786638,4827534.52,-2268246,-4745177,-13396072,8676205#roi7xxjgKs4XOFPaMOm
2464,4836220#j0MiCI6sfLP,-13274610,23983846,16860432.9,5160555#BhoBo8aokMhYco,-11340050,10091318,23601157,9837965.10,-21629445,-7287465,23261741,15453822#7mwuxZAFvc5Y7b1Zq0R
2465,24393669#YJsoMzCLC93,17393839,4810992,11661805.4,3981273#fm3iQbUsob4TUA,3202167,-19792038,-2814534,17748086.87,5603355,14557364,4190350,15810611#q6pQiMAC1xjl90vo3wA
2466,16753804#z28w75VJBij,-10657530,17124396,21277946.0,18734475#kjHnAvw571PMLT,7289617,20351762,13430695,3533274.14,-10255876,-4312082,7750991,19747319#dqUiqBk45fos123kVDj
2467,6444118#YiaFYoT6SZa,18715804,-1134080,-19737460.1,23644559#myIqj3iFzO37hT,2395457,8702533,-6847599,8340247.57,-5601317,17337075,17773379,14842233#ORDDamHf9y2VTzIzpO9
2468,15946094#KuijxZ5YawR,18554740,9303190,-15054788.3,6118865#C5jkw2hQKyiutJ,-10124550,14745652,-18408613,3256611.79,-18741391,-10933452,-22871849,15856480#AxjHcRhaSY4D7zcbGHh
2469,22780227#QO5G52Bo6VB,-15237934,-17979818,-21792497.8,8661528#Jd9ux0HwOCF8Y9,-9051950,142175,4252171,21066950.54,-13223528,8263620,18060096,11036347#cvMQBAdKjCgYHU8lySg
2470,5261626#1dSJpdjC86c,-20967445,16621613,1134791.4,21971753#sFcvSwjGaxB5p7,23750626,9439328,637683,-16266721.68,-19018974,-13393502,-1512362,17992676#e1G2XNYdCWlNs7wnXvA
2471,23310943#YiEAfgwnD3O,16160731,-19952476,-11532380.2,12185802#mq9ubE9NcBgdjE,7205596,-5883128,-14684422,13027170.27,-5144664,-4141738,10229488,24632277#r1qCFyDyW96r6tAN9DR
2472,6429315#2aKGShuVpdP,11263778,24406403,8388053.0,2397793#uNw5zsj7nEjxN4,-1141624,2575089,-990048,-2819754.77,-13481818,10457039,1891398,17926560#HY9k0I9aLnxfsLxccGG
2473,12648453#6k87jHuIxjX,-4820339,-11696412,-15751385.1,3758379#VemHbtCbyagqh2,10820567,-4852999,-8990197,-14308161.67,-194539,17018053,12633704,19431818#tHjseLAknnrkAKesAQD
2474,22915285#nItrnqaYZJj,22205716,16315013,11145450.0,6342464#uxigJb0Cl9jLow,19861491,23671284,15602649,-22300581.37,1928609,4341641,13203979,16640266#54TrRJE8Qi5mYGdfkIt
2475,21259154#RfCkmlPJ5aH,6920467,20818111,-14044837.7,13656394#p6iwqQrFQV9dVX,21552834,-10881340,-9095433,13527397.69,13507194,17418028,-2869099,4445526#WCI5TSDSL31oJHEtauW
2476,442765#BKVruhf5YEg,18523994,12269712,-18004472.6,10148423#sRHHNU65CADiBX,17544601,15645235,3762314,-20910835.46,18222088,19560951,-19168814,21484565#JPTaXnBAFlpdzgNHxEa
2477,8068451#1A5HPAReb0V,12117804,-1139034,7979716.7,3063080#8y77MvES8bLCap,14824604,-12773997,-21481137,-3116398.86,9724543,22431055,-1191934,3234623#Jz87SD1PrBoIMe7PyOC
2478,9635497#MfpOmABVMLZ,11274196,15763631,-1854507.7,23433095#5Smjr3GlhbTNUg,-1161449,18288433,767587,16263997.11,-18783249,10868392,-3030372,13737494#E8lkiVeJyhVNNkR4u6O
2479,2100354#w6CkLLJfWiC,-21726284,-9810158,991038.9,7179136#XNxNhxSHDvQtsf,11831301,-2864806,-2501512,6580291.46,-6799874,22043382,-8954896,16104850#HGTriec7r5idkCk5N1a
2480,15959539#f2eMisVdLiD,-10789034,-9860350,15840259.1,7644887#BMY8arC29ij9wP,-15374348,-8894210,-5035460,-21915962.14,-5306893,-2548075,3011993,15188700#GUSGNrPnsFtIXd0nRZp
2481,9372149#btLBl5fRirZ,3253520,20919636,5357082.8,7442738#EWpEGIGpEGyvMb,18948145,20796399,-24000878,-8078152.66,6067832,11886560,-23705216,14210648#HnY0rmts22gdKM8I2Bs
2482,3850556#zgUR4jgW92g,-7529096,14404155,20384815.9,21940450#MKn5rcOtyH4tmk,2260824,3736107,8329366,-2010847.85,22120388,-12419861,-7278069,1683866#eUEkEa5uIuRhrH044oa
2483,12450173#exmOujQgW2S,11503871,-15334732,-18378437.1,2282793#uNw5zsj7nEjxN4,16711624,716923,-23132236,-11419046.17,-23181082,13231455,9528178,18104570#V08JsBeE89x81BWx5J3
2484,21109776#xnXaljVxJAY,2196167,-4959799,22303992.1,10917609#a1U130r1tAawze,7775679,10870751,4539125,2310788.96,15035282,11621690,-17433553,20000562#vGjnrljFHeSOj4bOeml
2485,21972335#uj6hHxmsBQ9,-11071292,-14997578,6229123.2,9946718#6nz1AuKhi97Mxh,18427002,22847496,-22241376,23050247.27,-14286869,14591494,-15479996,13953708#TD460NQ3AQ25pOSZKC8
2486,3470133#QfdPnMOXpLD,-18410788,-21400208,-23547511.1,22366713#94W0Kw6fAEYi1k,-12383302,10151391,-11680849,20585802.98,-21292012,-2548628,-3762922,1232421#A7o2mqb1GKACzZoC3Tf
2487,11484781#1Lx73SGY33g,-10421690,-7064767,-23713878.1,18090419#LDVrLBSO2rfYpp,3038246,-18131853,18996360,1146636.17,17925850,-7688470,5351806,11885336#v9e6i7tPfIxK0RnVvfR
2488,11349015#1ZRbG4GLksM,-10443578,-12217386,18076622.7,4249581#yQWBYSBnCjGDc6,-6301302,-8874768,-16346519,-5998970.56,21991035,-20223308,-10299270,3470989#CCl3fNGlqojXhqOJlh5
2489,4739835#8mlc3cP3qRo,3853156,-11542702,-11581529.0,16090677#VeygDG2vE7dFpI,24729557,-12495039,-20982691,-967550.77,-1996755,-7601905,-12039113,5649496#BgXDgxPF33JlDScs68p
2490,21741862#9xMa0B4Uhtp,9346261,15449826,-11194739.4,23349639#v0QH6f9XPelyzc,15172569,-1264775,24752677,-9640351.41,18001384,-12196151,22638374,20840959#ogkq8bdULzEdrHvY8WV
2491,16280277#93ZmefIYC2Q,-22014675,-13185599,18384469.2,15386543#MOkoLFHBELW4Du,-2026789,-18529715,-5387239,24071464.90,22566327,11720967,-24781021,17252860#v7EYCUUbjECktTQxQ1v
2492,4002737#fJU2iNRxUIv,-15999021,22180324,5990385.1,11056756#rTSxnrudyTGfaj,23598528,-14833923,6863909,5249592.22,23878347,10661861,24131261,18102697#2IjCAogaIo07ceBdMSc
2493,7589763#wr5e81gB8t1,-16924691,22457410,-9283604.4,23164025#DEjwYc4qb6FgRl,17292369,-17930229,15124603,1765577.05,-21766393,6900414,-7652453,1377306#36bdRM26vdn4KQFMeVJ
2494,12883566#zShLjhn8Gxr,22249946,-16922115,-16356285.0,11106557#eveoybhjlZAQB3,-16337483,-21313338,-7553301,-19297689.54,8030200,23634676,11210442,19831218#O0sPMkVe8zh4LDvCNE6
2495,7263966#Pat5KkDqFaW,295414,-17808982,-7975653.9,18287798#ho9RXVYfkdAZJN,21460438,-2125235,17747066,-22414530.23,12770568,-20938646,24254929,12928999#dR5rEW6HW3F4jeXSnLi
2496,21017244#N49rwJJ4fsF,4103871,-10636441,17736186.8,4344085#yEOTG1H77Q9otD,10199499,13665757,-122244,-20680581.34,22294985,-4109993,15157830,3427450#xBsPbrjRE2ooXgrkImC
2497,8278032#1FmArke3aCy,14888626,-14981657,-20367839.6,7812466#R8IvHaQcDsop8y,12362147,-21700984,16053466,-3390012.68,-11412527,523853,-20131618,13835380#hWWc8q4Msp8SzJYoGj2
2498,19764339#nV3TI32YmlD,11111624,-21395404,19757015.5,12708481#jXNx1vyno5HsVt,-6518583,-15061184,10798345,9141642.00,-20540564,18440525,-2999122,20188153#FXCbhhQfC8wT5DX5gNR
2499,18682196#28PHy2vtGyx,4187064,21979392,22063914.5,8855702#DPsZqZ92P90F3E,21440037,9151403,4749093,-4226378.21,12655180,24570720,-10992912,8690235#6gjhsHMglxuG8NhGs5I
2500,10547894#HoCDNLded58,4261632,-11992229,-7516230.4,1514986#ScPXUlnqjqeza7,10857626,-9033017,-7496117,-4878015.42,-19912615,-7950350,-4155345,2792381#62TIPmW5qUiat1uq3YS
2501,13228470#Wr29taPd3MU,-17608746,5490549,-8348542.3,8204697#tt4lVYAyLExILg,-21654183,17198029,-1963311,7885593.33,-2960739,-18776279,843854,22950663#GBhvx9SxjumsPxpIQx2
2502,22341510#hKSI5yi4zQk,1791094,24737224,-16946621.7,19449933#g0ZqsKlRueZspE,23707095,-2243317,-22742281,23647382.76,22785824,-21096850,2775089,8404457#YPXNofUlwEDFhQnQkL5
2503,2563909#aqNAWwwcMlE,-8061351,19304642,13871576.7,12954367#dFd5F8Rkze9KfR,1198009,-19282963,-244996,17904526.20,13661325,6296442,-14675798,9853778#pqKFGCEF8UxyJqEC9ZB
2504,18600190#5NKB2tw1CHS,3453346,-24631907,-22574602.5,763810#KnHTkZbjYcIIU0,10812215,-5553687,-8230329,-4258400.61,-15024884,6730003,19373239,2321302#QJVjSlFjCqwLhu1HOo5
2505,24983492#psGtQprFt8s,-22779070,-13596339,17765219.4,10312382#vJEefM9OE5hcir,17809245,-20282715,3311956,14026846.69,20434946,-12128954,-12253147,24554839#8DIVm1t1DmxUe2T3wdP
2506,12649501#57nS9N8wCbX,-13342365,-6760939,13856808.5,13758973#yJthVY4Mr06ulx,-22161576,-25035874,-5603142,11108441.76,6669661,10996641,1820942,22844010#3YRKurSB1jqYTQQZbzD
2507,17220192#6VTpt8GAFWd,21490425,-7260051,6184475.3,20563054#c3WZHPWnPJizCx,-10138022,-2670134,15154967,-8175373.49,14713342,-5519655,-10285807,4546170#mEssYEwPGV7sbs1B49X
2508,23390259#XZqH2KWD2HU,15892750,690040,12266976.9,15290095#5Smjr3GlhbTNUg,-19141966,-8951108,13590028,-6383377.63,-9330561,-6820108,2385715,12743996#hRfUcGx1MQtkPVL4aWs
2509,22306401#DWIUnYW4iIG,6486438,-2390581,-15035008.0,14709831#4Kbd9DTPd7ZJI8,-4428785,9544266,-9125262,19574633.41,14764097,16553048,13598534,20900292#Dhqu05gXiB7tzZRUVoF
2510,12991465#8AIJmcsGeqL,-21888652,3644176,-16980378.2,2752699#kangzXudynYx4O,23024503,19804155,-17610302,338181.07,13118476,7335595,-21910346,8906300#Klz8wtNbxyBcUM30tuw
2511,3606306#S41tHWTGWpX,13425701,-5580050,7279645.6,5404427#8mMkL78hqg55Od,-3622514,15175723,-24708058,1869488.02,-15696893,-13018001,3079504,13502806#9ung3SUFM46a9etmAk6
2512,3395109#4W2g71VcncN,-8132774,4656312,-9937063.4,15535851#rVw4m5kuv54iXJ,-9051814,24273443,-23713738,1441806.58,-19155422,9797951,-21285994,11882238#w7wa2ZYzgc0h3evde6r
2513,24196124#2ulaDNTsPO7,18914907,-10214459,8579778.2,4023290#1GR00FDxXqTztQ,-16586440,-21479105,20188513,4925355.52,-2314321,-4841540,-13668022,8852238#w7wa2ZYzgc0h3evde6r
2514,4934230#QSwNeTNDCWN,-13543898,24470539,17202546.9,5265089#NBLlqy9QSSeRnu,-11570138,10296155,24079932,10037460.10,-22068495,-7435177,23733841,15767356#QZkdBubKCoFlThTfLMA
2515,24888460#1pqlMUz3X3V,17746745,4908620,11898232.9,4061872#Qk5E1xGEMoZkG4,3267092,-20193421,-2871602,18108162.37,5717118,14852689,4275250,16131178#OqdvJBHiuiaOrOPxRZ7
2516,17093345#iOoZ4EDaXkG,-10873424,17471658,21709292.5,19114212#DzuIdaV1zJLMoH,7437367,20764244,13703057,3604919.14,-10463976,-4399382,7908183,20147553#Hv7ekfR43U2Gi2glqQz
2517,6574522#ia2DudOqBlq,19095254,-1157230,-20137541.6,24123694#pdnzy1euoNcpFj,2443945,8878779,-6986537,8509225.07,-5714810,17688459,18133479,15142907#Ty9JH64rWKl0IL3Xl45
2518,16269047#LKCwexm7mry,18930765,9491815,-15359958.3,6242783#cPHLvuNlukSmzx,-10329712,15044519,-18781554,3322502.29,-19121091,-11154853,-23335074,16177638#Q7fSMM6xdqTwOOyXaif
2519,23241475#MtU0UTaDsk4,-15546559,-18344056,-22233799.8,8836770#EA9OCPWxRfWnZ5,-9235350,145121,4338446,21493481.04,-13491128,8430958,18425973,11259824#nPfoVG2CDRZ4LqKSmlZ
2520,5367978#Hl1Dx7ahirh,-21391895,16958013,1157960.9,22416376#EwICs9KETmvAn3,24231501,9630391,650758,-16595911.18,-19403861,-13664577,-1543012,18356872#dIRJjPmcJ2LcyoDsae5
2521,23782580#odWlU35K6Mg,16487694,-20356301,-11765922.2,12432306#WS2xUD9GzOv2P7,7351527,-6001999,-14981418,13290951.27,-5248877,-4225388,10436282,25130675#MN9K32Or7oHlOVAzavr
2522,6559161#RFCM23FT72e,11491516,24900128,8557512.5,2446103#CqIooQnjmILln9,-1164824,2627216,-1009948,-2876940.27,-13754656,10668489,1929660,18288994#sJfuyZqFo0fLKmz3Krq
2523,12904053#pKwOS8CTE4p,-4917744,-11932787,-16069655.1,3834183#yw6KMzbhTOJcTU,11039442,-4951223,-9171922,-14597308.17,-198414,17362291,12889329,19824516#wDB6G6APnT8yQZutyuu
2524,23378398#bUXtURNhIBp,22654316,16644788,11370772.5,6470622#o47aqcV2shmPKI,20262841,24149629,15917974,-22751434.87,1967634,4429366,13470847,16976450#xBsPbrjRE2ooXgrkImC
2525,21688475#MtU0UTaDsk4,7060405,21238661,-14328510.2,13932113#38Y7jgJbJWO0PG,21988084,-11101080,-9279208,13800863.19,13780019,17770040,-2926886,4535143#K6CiubX5UswQgoDBzx8
2526,451662#VXOzc2dTnF1,18898094,12517343,-18367999.6,10353232#4ozQBWy8oCNv9m,17899076,15961222,3838145,-21333151.46,18589863,19955801,-19555864,21918261#QpgsGDy4LTv69z3c64F
2527,8231224#XSUJaU9NOc9,12362516,-1161896,8140954.2,3124766#SUrP4YtlolwgTi,15123929,-13031649,-21914587,-3179217.36,9920730,22884043,-1215809,3299728#Zh5gHv5eG5MYnzBrfTG
2528,9829758#jnDHJpfM1Kc,11501771,16081531,-1891917.7,23905806#GN2ASY5ib5cdwg,-1184824,18657379,783037,16592095.11,-19162387,11087717,-3091406,14014524#XMSfqPQwXJ13D29NP6x
2529,2142520#2Jpnn4ELH4s,-22164446,-10007958,1011029.4,7323874#6nlNYIlYjSFuYZ,12070024,-2922540,-2551987,6713036.46,-6937024,22488113,-9135684,16429658#Z4JpiXGpDwqUSlxgX2Y
2530,16281106#xRRGUgrrZA5,-11006581,-10059087,16159627.1,7798860#YrP1EPSfQIFo2D,-15684348,-9073524,-5137150,-22357786.64,-5413893,-2599368,3072806,15494763#WZ9TivtpwUkKWFkDcXU
2531,9560910#i6XDKPqED0c,3319058,21341223,5465063.3,7592726#tDBc5fpm2vOnFZ,19330008,21215327,-24484391,-8241074.16,6190182,12125935,-24182785,14497032#70ToFStHs9lRJVAErKW
2532,3928002#VGBNgLyrNHv,-7680871,14694355,20795268.4,22382300#sPJqyKe2OIuhjb,2306488,3811493,8496991,-2051312.85,22565963,-12669961,-7424819,1717735#1OIMIDWGxWq0m4DURer
2533,12700835#8mlc3cP3qRo,11735610,-15643432,-18748402.1,2328724#PqgQnIlN8RgtHv,17048222,731269,-23597936,-11649015.17,-23648007,13497886,9720203,18468983#2DZICpQi1ZYcuhp6rw3
2534,21534493#9d8rLA2JsWU,2240367,-5059486,22752814.1,11137362#zcR1G3uZwvMdBP,7932304,11089668,4630537,2357367.96,15337882,11855765,-17784432,20403003#i8oBoEZG7zZYVTbhI1i
2535,22414430#ok6hTJHcJKb,-11294245,-15299534,6354578.2,10146740#f87liDW9QBWXjE,18797802,23307234,-22688876,23514111.27,-14574394,14885094,-15791621,14234405#1EzM82tQQHYECohrTkf
2536,3539883#1Efl0rNcDAr,-18781083,-21830477,-24021049.1,22816496#vUmdM4ErAH9oCw,-12632352,10355747,-11915711,20999891.48,-21720199,-2599746,-3838756,1257184#BDBIjcIhGIhJBVqHf8L
2537,11715554#RjghAiIQAG8,-10631315,-7206785,-24190652.1,18454082#XmtVIFHvvLNcnd,3099471,-18496412,19378298,1169780.17,18286062,-7842945,5459206,12124144#H3GuZwhSpf8YT4Ye6dO
2538,11576896#EWuCibGMLt1,-10653509,-12462736,18440019.2,4334948#tc02QezGDXvsqt,-6427889,-9053081,-16675144,-6119546.56,22433035,-20629842,-10506170,3540543#Updwaz1r9WRJV0yC5Xs
2539,4834996#ffu7iGEUKRa,3930631,-11774536,-11813995.0,16413770#EA9OCPWxRfWnZ5,25226301,-12746058,-21404191,-987170.77,-2036692,-7754480,-12280988,5762907#Ty9JH64rWKl0IL3Xl45
2540,22178353#ffJ97P3q8I5,9533902,15760176,-11419548.4,23818394#p6iwqQrFQV9dVX,15477163,-1290099,25249533,-9834017.91,18362922,-12441151,23093124,21259298#3OC7iWf1T4bDXBcOPuo
2541,16606967#uOf6BnlXZnZ,-22456575,-13450349,18753569.7,15695239#5t3qJF2TaZrC3c,-2067639,-18901557,-5495452,24554620.90,23019140,11956142,-25278233,17599030#vRAEvnNi6kHKFxQp8wP
2542,4082985#M8HSafY0OKv,-16320171,22625349,6110480.6,11278470#cf2EpRCoxjrG3n,24071853,-15131420,7001772,5354968.22,24357475,10875936,24615436,18465844#UqE36JCt11zGy4WFRPT
2543,7741865#F48QIWG1S6H,-17263966,22907978,-9469842.4,23628552#ocJni663X4Ggqj,17639219,-18289892,15428078,1801052.05,-22202918,7038957,-7806065,1404869#xne8PeJ5SR4vVugARJm
2544,13141665#w7jw2TCXNYe,22696177,-17261215,-16684345.5,11329116#bsnWAupx0A2Mzo,-16665033,-21740790,-7704914,-19684664.04,8191306,24108635,11435079,20228747#AYNcPb7Xr4tfszYEOit
2545,7409528#0EOCPzYaJD8,301264,-18165787,-8135390.4,18654146#JD5MyPezM3wIse,21890613,-2168019,18102616,-22863864.73,13026593,-21358208,24741038,13187950#ooMfewkU0bBi2CFSxhg
2546,21438108#fMMyvDyYdPn,4186046,-10849641,18091532.8,4430996#EI2e6gUyGX5d83,10403999,13939439,-124782,-21094823.84,22741510,-4192356,15461605,3495954#bfwoiWlmGO1agtfmejD
2547,8443608#FpNu9qNbvzL,15186751,-15281582,-20775519.1,7968880#wuaLhcBKxUYA4I,12609697,-22135425,16374879,-3457920.68,-11640992,534484,-20534593,14112404#qnFSXx8xEguudGOKK02
2548,20159789#iRpruWwPmTA,11334212,-21823742,20152402.0,12962812#HOWub5C7ODpwzL,-6649245,-15362480,11014600,9324613.00,-20951554,18809750,-3059297,20592146#5LmFect9bCw9jeiUMeJ
2549,19055808#MY8N7IagTGh,4270901,22419273,22505226.5,9032805#Rhg04IpFTANJm7,21869137,9334592,4844018,-4310853.71,12908485,25062207,-11213012,8863928#rc6m6QUljueVJfXlYqG
2550,10758658#TjXxioFlSYz,4346857,-12232179,-7666458.4,1545239#5t3qJF2TaZrC3c,11074751,-9213482,-7646023,-4975428.92,-20310940,-8109418,-4238595,2848228#gOOZQExkFqZ6HXjjf3H
2551,13492848#0m0lCip0WVb,-17960646,5600299,-8515592.8,8368589#2iG4YFOgYAQkDK,-22087014,17541714,-2002461,8043156.83,-3019989,-19151567,860767,23409485#m4J8eQ0wp33d3MLvjqY
2552,22787958#nLLGFcgsfKL,1826869,25231674,-17285397.7,19838427#8mMkL78hqg55Od,24180845,-2288126,-23196581,24120025.76,23241074,-21518575,2830702,8572327#qDg6eVRCvD0v1LMH3t6
2553,2614978#Hl1Dx7ahirh,-8222307,19690429,14148660.2,13212971#Wlx9Ni5g8Ab09H,1222084,-19668236,-249884,18262020.20,13934225,6422273,-14968886,10050494#E8lkiVeJyhVNNkR4u6O
2554,18971530#3NFqLEHbJJa,3522377,-25123876,-23025473.0,779034#QrSjI8hBI15Kp4,11028302,-5664418,-8394604,-4343409.11,-15324959,6864453,19760102,2367642#QBUCNt1gIfrwZOPDSqv
2555,25482131#XpNO9Kwh5Ge,-23233897,-13867688,18119853.9,10518117#6OuJV5BEvWsQgH,18164845,-20687593,3377968,14306967.69,20842746,-12370879,-12497862,25044937#Gy3hzXgoC5MehxueFe5
2556,12901827#Iea19ocuOlA,-13608590,-6895689,14133204.5,14033422#jOlrR9TFHvuqqq,-22603676,-25535564,-5714829,11330146.26,6802661,11216122,1857255,23299782#5Pe3qmzGzwiGlfU1LCJ
2557,17563503#2evu4fWZSey,21918862,-7404876,6307829.3,20973093#ig9ZGg4eFswsbT,-10340035,-2723228,15457305,-8338250.49,15006867,-5629580,-10490965,4636751#fyxnaEmf2vl249HTjsS
2558,23856522#ia2DudOqBlq,16209712,703671,12511624.9,15594920#5NGWOE9kFVcDWl,-19523454,-9129561,13860790,-6510462.13,-9516386,-6956133,2433165,12997867#l2gDyjyyKAgrfpVfqnQ
2559,22750838#gUk7gulRcHC,6615528,-2438044,-15334595.5,15002888#VW1O11eT1Ul5b0,-4517085,9734545,-9307287,19964741.41,15058172,16882757,13869606,21316775#cvc5KD13MxxpLwOO4Ci
2560,13250103#imfymp8s0dV,-22324621,3716876,-17318491.2,2807481#jXNx1vyno5HsVt,23482980,20198657,-17961064,344843.57,13379713,7481857,-22346959,9083704#3zeZ3V5TQatavYxdjAp
2561,3677920#5uHc9Q7PwkC,13693132,-5691088,7424549.1,5512006#S1rXEpfYRYYIiP,-3694614,15477924,-25200239,1906789.52,-16009606,-13277365,3140954,13771571#mThc2HIuCvsHZv28W15
2562,3462550#N3KnZSpo4U0,-8294461,4748887,-10134823.9,15844973#yJthVY4Mr06ulx,-9231964,24756719,-24185600,1470422.08,-19536610,9993098,-21709769,12118738#E0Dcm9cNP1ZgKUq114d
2563,24677470#Wr29taPd3MU,19291132,-10417721,8750394.7,4103203#4fqdTwQgUKE7am,-16916490,-21906596,20590388,5023176.52,-2360396,-4937902,-13939972,9028272#s6hlIpwG0I7WQWQbSow
2564,5032240#NrA8MglUj5w,-13813185,24957233,17544660.9,5369624#lEsplSEGk2M7gj,-11800225,10500993,24558707,10236955.10,-22507545,-7582890,24205941,16080890#2FKT2IqYaEePhvgyC6V
2565,25383251#64TWw5WyeUx,18099651,5006248,12134660.4,4142470#cf2EpRCoxjrG3n,3332017,-20594804,-2928671,18468237.87,5830880,15148014,4360150,16451745#PvEW0XEs2ycodmQzXmg
2566,17432885#UBWGX0FT6jN,-11089317,17818921,22140639.0,19493950#5VgSViua2ZSeqZ,7585117,21176727,13975420,3676564.14,-10672076,-4486682,8065374,20547787#VCIAyFImoppkDLvJahL
2567,6704926#ErJkTUmyMmc,19474704,-1180380,-20537623.1,24602829#ZVlarFCTJUJjqx,2492432,9055025,-7125474,8678202.57,-5828304,18039843,18493579,15443581#XpZ3Y0QtR9HcDjBpnvT
2568,16592000#PLiHdYtmhkZ,19306790,9680440,-15665128.3,6366702#DPsZqZ92P90F3E,-10534875,15343386,-19154495,3388392.79,-19500791,-11376253,-23798299,16498795#g5EkKSnVZvIl8L7MOHd
2569,23702723#sELYBzPuPDf,-15855184,-18708293,-22675101.8,9012012#F3bJErFC0zKVaJ,-9418750,148066,4424721,21920011.54,-13758728,8598295,18791849,11483301#gg0FS1Wn0Ycuta8KJnT
2570,5474330#quskkNn9atz,-21816345,17294413,1181130.4,22860999#QdpuW4l4quSiBm,24712376,9821454,663833,-16925100.68,-19788749,-13935652,-1573662,18721067#GVbri4nRhPMckPLwNpV
2571,24254216#4EDzRIVcbwI,16814656,-20760126,-11999464.2,12678810#KnHTkZbjYcIIU0,7497458,-6120870,-15278414,13554732.27,-5353089,-4309038,10643075,25629074#shwDccyxrOrLW5Sl0f1
2572,6689007#Gfxy3KT1EdY,11719253,25393853,8726972.0,2494412#xZylUjiCES28tl,-1188024,2679343,-1029848,-2934125.77,-14027493,10879939,1967923,18651428#IoyXv7Ssv3lCFIIKXWv
2573,13159653#h3qbKtyiMmw,-5015149,-12169162,-16387925.1,3909987#BOd3Sdp079WoKd,11258317,-5049448,-9353647,-14886454.67,-202289,17706528,13144954,20217214#2FnxHlP52zjPkFuhI40
2574,23841510#hKSI5yi4zQk,23102916,16974563,11596095.0,6598780#uZxDLfT2g24O3e,20664191,24627974,16233299,-23202288.37,2006659,4517091,13737716,17312635#7RYhlSdyfBhd5cxeBCZ
2575,22117796#2xMg10ogAxz,7200342,21659211,-14612182.7,14207831#4Kbd9DTPd7ZJI8,22423334,-11320821,-9462983,14074328.69,14052844,18122053,-2984674,4624760#rU0gsUvqueQBuUSywbD
2576,460559#AEj8Vz8WGG1,19272194,12764974,-18731526.6,10558040#o2my9rQct0eirI,18253551,16277209,3913976,-21755467.46,18957638,20350651,-19942913,22351958#nqh3e1WYAZTSKvatCNP
2577,8393996#ffu7iGEUKRa,12607229,-1184759,8302191.7,3186452#aGwJWQynw8fpv6,15423254,-13289301,-22348037,-3242035.86,10116918,23337030,-1239684,3364833#t5VTScq4S3uYRK1AQsN
2578,10024019#vtxp919ABpC,11729346,16399431,-1929327.7,24378516#PXPm3TrK6p2YQl,-1208199,19026325,798487,16920193.11,-19541524,11307042,-3152440,14291553#Hv7ekfR43U2Gi2glqQz
2579,2184686#1RQgpghMv6i,-22602609,-10205758,1031019.9,7468613#MoBmGDMKwpac0H,12308747,-2980275,-2602462,6845781.46,-7074174,22932844,-9316471,16754466#fFcoGxn91trSpHqsRQI
2580,16602674#krvGCaeps4p,-11224127,-10257825,16478995.1,7952833#BohV4WgoRsym45,-15994348,-9252838,-5238841,-22799611.14,-5520893,-2650662,3133618,15800827#SYLmGX5bQhTIAaxPKnY
2581,9749671#t86oE7aO9gd,3384595,21762811,5573043.8,7742715#npSmBvu47QU0D4,19711870,21634255,-24967903,-8403995.66,6312532,12365310,-24660353,14783415#ILyT7mzttGme3sL5Lav
2582,4005448#Y6RxkLAwuPv,-7832646,14984555,21205720.9,22824150#DYeFvynjejOb49,2352152,3886878,8664616,-2091777.85,23011538,-12920061,-7571569,1751604#dPdMLEFUZQKt6TqnpoW
2583,12951496#P7v2hDdfsDV,11967349,-15952132,-19118367.1,2374654#E2UW8xWmWxHi5a,17384821,745615,-24063636,-11878984.17,-24114932,13764317,9912228,18833397#kLFChWMLmtYMwkyrnHs
2584,21959210#2Cu1Rl8VEDn,2284567,-5159174,23201636.1,11357114#s0pfOPr5gNxrSk,8088929,11308585,4721950,2403946.96,15640482,12089840,-18135312,20805444#yCurCQmWgAwVOajmzoP
2585,22856525#L0ga8SiUxiv,-11517198,-15601490,6480033.2,10346762#zFVD5sowWXFeHh,19168602,23766973,-23136376,23977975.27,-14861919,15178694,-16103246,14515102#oI2oGPRvr7pDMbkn6f6
2586,3609633#PySHbhP4x1U,-19151378,-22260745,-24494587.1,23266279#L8y8ie00LwUbpu,-12881402,10560103,-12150574,21413979.98,-22148387,-2650865,-3914589,1281947#MQXrjljcoGKrC60Zthv
2587,11946327#SZWjEIRwBHN,-10840940,-7348804,-24667426.1,18817745#Xn3Qids96THFDY,3160696,-18860972,19760235,1192924.17,18646275,-7997420,5566606,12362952#HGnENIBWvXimYJ46GKw
2588,11804777#3itfH6NXgT2,-10863440,-12708086,18803415.7,4420315#bu9tNXflLrgSH6,-6554477,-9231395,-17003769,-6240122.56,22875035,-21036376,-10713070,3610098#2fORnIafSLSe22utVzD
2589,4930156#qF1ccZQAFiP,4008106,-12006370,-12046461.0,16736863#YFRHQx7jH7Na6P,25723044,-12997077,-21825691,-1006790.77,-2076630,-7907055,-12522863,5876318#UARfC7vCMN18Ep4jkYi
2590,22614845#zByZwEZP5N2,9721542,16070526,-11644357.4,24287148#yQiuqXTcQbC7sJ,15781756,-1315422,25746389,-10027684.41,18724459,-12686151,23547874,21677637#KML30WRpbjU6yBM8FDr
2591,16933657#dVx6IbdIflG,-22898475,-13715099,19122670.2,16003936#cZiTbU28Vd3EuA,-2108489,-19273398,-5603664,25037776.90,23471952,12191317,-25775446,17945199#ITiu4wtJLWvC9MxZ0dV
2592,4163233#aQVbtmf4iOH,-16641321,23070374,6230576.1,11500184#cjMofPpQQJi0WF,24545178,-15428917,7139634,5460344.22,24836603,11090011,25099611,18828991#vTHiaSrtoh4ytyqCH5g
2593,7893967#uOf6BnlXZnZ,-17603241,23358547,-9656080.4,24093078#2jwlPL1Snj6S1H,17986069,-18649556,15731553,1836527.05,-22639443,7177501,-7959678,1432432#gGidMAKGcs41G7pyM7V
2594,13399764#4FUWkYL3Ojh,23142408,-17600315,-17012406.0,11551676#jyLtJjXjMjSsfQ,-16992583,-22168241,-7856526,-20071638.54,8352412,24582594,11659717,20626277#r1qCFyDyW96r6tAN9DR
2595,7555090#EfvjTGAcCx2,307114,-18522591,-8295126.9,19020495#Jb15lxOuR0LJzs,22320788,-2210804,18458166,-23313199.23,13282618,-21777771,25227147,13446901#v9B9X2LFHfJ8e3NtTfS
2596,21858971#Mb1WjPGxa7Y,4268221,-11062841,18446878.8,4517907#UiWtghvZojhjkz,10608499,14213121,-127319,-21509066.34,23188035,-4274718,15765380,3564459#Cu5cPajQhYKBB6z0oyo
2597,8609185#Y5Ot8vvcm0t,15484876,-15581507,-21183198.6,8125293#N6z6A1e9G6djah,12857247,-22569866,16696291,-3525828.68,-11869458,545115,-20937568,14389428#IoyXv7Ssv3lCFIIKXWv
2598,20555240#NrA8MglUj5w,11556799,-22252079,20547788.5,13217143#PcFPHZFoosmrov,-6779908,-15663775,11230855,9507584.00,-21362545,19178975,-3119472,20996140#Msdmel0cnwPY7uK3KvW
2599,19429420#q39iliVHVLw,4354739,22859154,22946538.5,9209908#IC9KpNPwXTlAu1,22298237,9517780,4938943,-4395329.21,13161790,25553695,-11433112,9037621#NJDXST3Fd8xGJxRJ5kl
2600,10969423#WJNDiuT0Ubb,4432082,-12472129,-7816686.4,1575491#1KJKXMoU4dQDyW,11291876,-9393947,-7795929,-5072842.42,-20709265,-8268487,-4321845,2904075#6GhQKLSZpzAfBgqDGl0
2601,13757227#QO5G52Bo6VB,-18312546,5710049,-8682643.3,8532481#jXNx1vyno5HsVt,-22519845,17885400,-2041611,8200720.33,-3079239,-19526854,877679,23868308#iFhqsvw3W0yR2L7jKba
2602,23234407#TtA10N4p5EC,1862644,25726124,-17624173.7,20226920#5NGWOE9kFVcDWl,24654595,-2332935,-23650881,24592668.76,23696324,-21940300,2886314,8740198#Ynp9m06D3QWRGNRyM2r
2603,2666047#LKCwexm7mry,-8383263,20076217,14425743.7,13471575#LxDuoU5OI2TvWQ,1246159,-20053508,-254771,18619514.20,14207125,6548104,-15261973,10247211#MXONQY6SBrAa2SQsMW4
2604,19342870#5Sutb8R5BZd,3591408,-25615844,-23476343.5,794258#YO9fvXni2tvwvq,11244390,-5775149,-8558879,-4428417.61,-15625034,6998903,20146964,2413981#KFrlT5WabbHz3QURots
2605,25980771#K8DfA8L4yX7,-23688724,-14139037,18474488.4,10723851#rVw4m5kuv54iXJ,18520445,-21092470,3443981,14587088.69,21250546,-12612804,-12742578,25535035#ZttjLxi5zsHyFdxINLZ
2606,13154153#2gZ79NomqC5,-13874815,-7030439,14409600.5,14307871#soAVJQNiHpy7AB,-23045776,-26035253,-5826517,11551850.76,6935661,11435603,1893567,23755553#Hv7ekfR43U2Gi2glqQz
2607,17906813#Lqduv3z4xEE,22347300,-7549701,6431183.3,21383131#VeVVfqr1Zw5keY,-10542047,-2776321,15759642,-8501127.49,15300392,-5739505,-10696122,4727332#CltmiwJHnxlCkYY5WFE
2608,24322785#GCx0DRpjOEM,16526675,717302,12756272.9,15899745#Xn3Qids96THFDY,-19904941,-9308014,14131553,-6637546.63,-9702211,-7092158,2480615,13251739#PqF6n3SEEsQWAdLNXEJ
2609,23195275#Vn4xTC3SCop,6744619,-2485506,-15634183.0,15295945#AjZYnPrjyrzDlS,-4605385,9924823,-9489312,20354849.41,15352247,17212466,14140677,21733258#bJYPTCqCgQPuvqpIT9y
2610,13508741#uGIfZTAkGqC,-22760589,3789576,-17656604.2,2862263#68RFenamaonpNE,23941457,20593159,-18311827,351506.07,13640951,7628120,-22783571,9261108#BfAbr1hYoiVFezu0MqF
2611,3749534#ivN3JrF1HcS,13960563,-5802125,7569452.6,5619586#lwjcv9EglZRG3C,-3766714,15780124,-25692420,1944091.02,-16322318,-13536729,3202404,14040336#v9e6i7tPfIxK0RnVvfR
2612,3529992#hEtQR7TmeZu,-8456149,4841462,-10332584.4,16154095#5Smjr3GlhbTNUg,-9412114,25239995,-24657463,1499037.58,-19917797,10188244,-22133544,12355239#x8U1ZhoO4PzxIbIVzDN
2613,25158815#LrSjh46c21R,19667357,-10620984,8921011.2,4183115#D0pyNiHQAIdKTg,-17246540,-22334086,20992263,5120997.52,-2406471,-5034265,-14211922,9204305#E7Fsmzjp21EGBwIRac3
2614,5130250#C8NVga1DWzL,-14082473,25443926,17886774.9,5474158#vLrjUIiOgURytG,-12030313,10705830,25037482,10436450.10,-22946595,-7730602,24678041,16394424#OVn1uAKa5OzAxEBSZjp
2615,25878042#KU9srbPeahh,18452557,5103876,12371087.9,4223069#zYXMI8TCms0RVq,3396942,-20996187,-2985739,18828313.37,5944643,15443339,4445050,16772312#Db5PwSm19UCgvtjRl1h
2616,17772426#k8Kv79nUG53,-11305211,18166183,22571985.5,19873687#XnI3yAGQf28p8k,7732867,21589209,14247782,3748209.14,-10880176,-4573982,8222566,20948021#uVQr0KThqBDBkQFU3Av
2617,6835330#quskkNn9atz,19854154,-1203530,-20937704.6,25081964#16xvZDCLGIwXTn,2540920,9231271,-7264412,8847180.07,-5941797,18391227,18853679,15744255#HJ6eEwEQjFwFZUfWXb5
2618,16914953#FC5t7tE28vR,19682815,9869065,-15970298.3,6490620#0amlB7hrbrPvzv,-10740037,15642253,-19527436,3454283.29,-19880491,-11597654,-24261524,16819953#kDwYE3p8s2zJC4UbePj
2619,24163971#Mb1WjPGxa7Y,-16163809,-19072531,-23116403.8,9187254#vbcGzOHvWIQvok,-9602150,151012,4510996,22346542.04,-14026328,8765633,19157726,11706778#pqKFGCEF8UxyJqEC9ZB
2620,5580682#WXGiVZRdkKW,-22240795,17630813,1204299.9,23305622#o47aqcV2shmPKI,25193251,10012517,676908,-17254290.18,-20173636,-14206727,-1604312,19085263#Tta7RwNAg3ucfRHM74C
2621,24725853#CmlamqN4ZRe,17141619,-21163951,-12233006.2,12925314#70ikXKvY9snJun,7643389,-6239741,-15575410,13818513.27,-5457302,-4392688,10849869,26127472#iJxmPKuDDFaQOgw6Nrq
2622,6818853#CmlamqN4ZRe,11946991,25887578,8896431.5,2542722#CucetMQjgYxKjp,-1211224,2731470,-1049748,-2991311.27,-14300331,11091389,2006185,19013862#gGu1tuOjUSwAIj0K2sv
2623,13415253#SeQi1YuTrvM,-5112554,-12405537,-16706195.1,3985791#n49GoroGF8EDbE,11477192,-5147672,-9535372,-15175601.17,-206164,18050766,13400579,20609912#JAhIlFvSvK1gzHMZQBb
2624,24304623#bRMajCa430q,23551516,17304338,11821417.5,6726938#mXDWkBqZBY2r4P,21065541,25106319,16548624,-23653141.87,2045684,4604816,14004584,17648819#bnRS72PVqwRzHPeVR5p
2625,22547117#Enzq0L1QVXu,7340280,22079761,-14895855.2,14483550#SAOBEI0Tv4ho1O,22858584,-11540561,-9646758,14347794.19,14325669,18474065,-3042461,4714377#95dIKUBZc3PGbw6LBZm
2626,469456#wINwqjn89VM,19646294,13012605,-19095053.6,10762849#qFSyThy9UrOBvA,18608026,16593196,3989807,-22177783.46,19325413,20745501,-20329963,22785654#Ct9DYx7WjksoG9Nn7c1
2627,8556769#09Av15BpjBK,12851941,-1207621,8463429.2,3248138#m8WsYrnMtFK7ya,15722579,-13546953,-22781487,-3304854.36,10313105,23790018,-1263559,3429938#f1r4BCrd2GBJLZkGhCz
2628,10218280#ZvOMRjg8CWO,11956921,16717331,-1966737.7,24851227#lUy3G7XGUxOHRD,-1231574,19395271,813937,17248291.11,-19920662,11526367,-3213474,14568583#GsqNcK7U8V6KNHOKYNj
2629,2226852#575FZDwP2GP,-23040771,-10403558,1051010.4,7613351#koBo2Gx76TCMjE,12547470,-3038009,-2652937,6978526.46,-7211324,23377575,-9497259,17079274#aVDBQzW6MGFi783KNDw
2630,16924241#714hnupIeEz,-11441674,-10456562,16798363.1,8106806#GN2ASY5ib5cdwg,-16304348,-9432152,-5340531,-23241435.64,-5627893,-2701955,3194431,16106890#2FKT2IqYaEePhvgyC6V
2631,9938432#5IZ9wTAbGZ5,3450133,22184398,5681024.3,7892703#O4V517V4PEvKQt,20093733,22053183,-25451416,-8566917.16,6434882,12604685,-25137922,15069799#pbo5mZgalVyccAuBjvc
2632,4082894#HoCDNLded58,-7984421,15274755,21616173.4,23266000#KKGg1krxiecnAd,2397816,3962264,8832241,-2132242.85,23457113,-13170161,-7718319,1785473#5nFrhcK0jYAcMQtPog3
2633,13202158#0o6lWYznHwW,12199088,-16260832,-19488332.1,2420585#nKBH9XJPuSsqbf,17721419,759961,-24529336,-12108953.17,-24581857,14030748,10104253,19197810#La4Ynau3ZcVkhYuFcyM
2634,22383927#RdnImGN5Oyg,2328767,-5258861,23650458.1,11576867#TLaQjeiMLJGBIO,8245554,11527502,4813362,2450525.96,15943082,12323915,-18486191,21207885#Ej3qZMqLGCiZzcGfkS8
2635,23298620#CZKHbOOmK8Q,-11740151,-15903446,6605488.2,10546784#6bHix4SgoriqtF,19539402,24226711,-23583876,24441839.27,-15149444,15472294,-16414871,14795799#pbo5mZgalVyccAuBjvc
2636,3679383#e8ZMwMwA0nf,-19521673,-22691014,-24968125.1,23716062#ZgKdJTAJU1eNUe,-13130452,10764459,-12385436,21828068.48,-22576574,-2701983,-3990423,1306710#JAY2MJVRdjUacSJI7SV
2637,12177100#C6tYlqvAD0V,-11050565,-7490822,-25144200.1,19181408#IGIpm1aLziE6kI,3221921,-19225531,20142173,1216068.17,19006487,-8151895,5674006,12601760#rU0gsUvqueQBuUSywbD
2638,12032658#TjXxioFlSYz,-11073371,-12953436,19166812.2,4505682#SyUomn0tCCpexj,-6681064,-9409708,-17332394,-6360698.56,23317035,-21442910,-10919970,3679652#foCCGEzeePKSN3vMU8N
2639,5025317#ezdwBdqjo90,4085581,-12238204,-12278927.0,17059956#SUsfkNkeqFdZ3F,26219788,-13248096,-22247191,-1026410.77,-2116567,-8059630,-12764738,5989729#14restxFIvgPpYbnrrb
