1001,72,2,3,9,6,1497609#N7XBuxR3ULnwChJm0hN4t731bY2,-1371144,7882417,-0.5405,2969760#zzqcTJolGjhBLrJdW,2681664.0
1002,126,1,5,9,6,1991719#hEvA9R4jonSceNVftjdQF9OvR6s,5655141,4697795,-0.5210,3565734#LyNVFbQU6tbWlCtYH,4623360.0
1003,153,2,1,2,8,852487#KS2WIsDEwMadpcS52VtaW5NLKXX,-7891250,6913825,0.4515,3457522#7sgjLPiNSuAgVTVlV,3830912.0
1004,176,1,5,6,1,9449065#pvBnhbf5N2U9cOdOqgSt1NwXqfP,-3629,5051864,-0.5720,2679735#HUg0lQd41H4mzpSsT,-7381392.0
1005,215,1,2,8,2,8713099#MjmHAIOtXQeXEbxohmA9AaZqYK1,8742373,9127186,0.5306,7262290#tKAnD8qJwnhFaiNuN,9506896.0
1006,35,2,3,2,2,2427633#Hl87ygSL7bqkN6FboSDvYbpDtWW,-3420729,7946868,-0.4470,1480190#KIv6vA1QMOdpl48cW,6090528.0
1007,154,2,6,9,1,9953879#dFhv5SYywwSsiJ9sPJFWNiXwpsK,1549315,-8930304,0.5368,9289624#tFUTJB6wQ6Ll2J4il,6898720.0
1008,62,2,4,3,9,2598725#sR0OI2Tloo5g6OJWmHXov0x7ly5,-6944909,-6160829,-0.4680,104134#UOb8deIztvdwXEjJc,3900624.0
1009,101,2,1,6,1,6342279#mUojwYpYha3etBS7qNkxs7pUvir,-4505913,-3329583,0.5147,7081015#V30iBym7yU7Vnqkda,-3730560.0
1010,204,2,3,3,6,798821#jGbEp4fMtQQj2rRqrXerzms7PXs,724516,-3869682,-0.5250,7015130#nuBaCyvAbAZmDGeiM,9645280.0
1011,20,2,3,9,6,3248523#rC68xgh2dMuBg33vsiXstYrSkg4,-237860,-8957921,0.4458,2216042#CmvpFsfGbt5djmc3T,-2196192.0
1012,138,2,1,7,4,4183970#9s4nAToLTVpO01HYECL7PeSUtbP,3302994,2709369,0.6003,8506991#4p0Ae3tlTrjAnWD5l,-879056.0
1013,59,2,5,8,2,4412907#36tUB9JWgjK3AHL0HO09b7O9cC1,-5591712,-3666322,-0.4105,9857527#ONxEa6sAKpDzqiq5L,-4565304.0
1014,99,1,4,2,7,8208953#2KtcytJeN0iwOhPkHGobBcCHtZW,-5524449,-9716055,-0.5150,2901767#8Ma6MWFFDTKn9gtD4,-9808464.0
1015,197,2,5,6,8,6517334#9YpWinByiWrrrUVKcHvCmjJY9jO,6930392,-5062359,0.6259,2252775#nrOuxWBS3R9HpgVm0,-9149840.0
1016,3,1,6,7,6,8184713#VWLqEjcDG3fGDyz2V96yVfuSclB,-5152955,-112749,-0.4780,5732887#xkvdnVuxB6tlM2GUn,8721728.0
1017,193,2,5,5,1,5633598#8pVn9GE8ZFsAZYmjX08ppZCn5RO,-1837752,7928528,0.4890,6429391#yX7YhJHyHB6rFbNdt,9499499.0
1018,101,1,4,5,8,9779079#RkQ5XQK725A4rRjPwet8YTvlHu4,-3308794,5085523,0.5745,2344780#20JmN4OKQQehhQi0u,9521568.0
1019,7,2,3,1,7,2846896#XQPqNdp91VmRmkqpBheiF9usTJ3,1866389,-7171364,-0.5895,6150526#xY8pPNAS2pUvPu3xE,10155472.0
1020,113,2,4,1,1,3555448#h1OLNFm5f1iDvEcroiF1uZLIkUp,232298,7731808,-0.5200,2922983#DtfXHyjjf5L6Da9gi,497424.0
1021,199,1,2,2,2,6391216#YfaRVhvW04oa9PKq7qH74iwA4wY,-234906,1991908,-0.4565,2473378#dYyK8VD7NOR951P06,8886256.0
1022,109,2,1,2,3,8925729#rktLHRWEnl0OIYPxmDPsukiS9TB,-9879130,1383847,-0.4380,6664638#tPvR0Dp7MlcarVqeu,4984688.0
1023,100,2,6,3,9,5213549#pPocPiNpm8DAuCW1PwRfoSVnUwQ,-2106515,6036326,-0.5815,6791449#FBhLXzwGS6r48Of65,-8030016.0
1024,170,1,6,9,3,3360884#u2vN3uBIqwcApGJwOCkDGSK73PL,-179937,-152599,-0.4640,2460815#oiWWYnyw1QkTrdpNp,-5473056.0
1025,145,1,2,1,2,8068695#fPqBQIRlZHUrs3QF7fehQ3rO20B,2176284,4018068,0.5372,5514161#7ePDXNHlH1plpHEEC,-10085760.0
1026,201,2,5,7,8,4853656#7sx2GzenCBo73Ixm7eEsS2DZF2J,-5279627,570473,0.5697,4004427#5c1k8W22br6pve2Kk,10194336.0
1027,108,2,4,6,9,4172527#uI9qe1WsbC8YIOcdLzqbDg1G1OG,-4965942,1763165,0.5393,7938950#T61q93Qr1CAOJ9IsG,9066391.0
1028,24,1,3,5,2,4657957#UTYTo9hyYj8RdjLphU7dEQ7KqDW,5460804,-6005632,-0.5220,10029961#GT4uDqfj2ERgMZ0Rh,8126576.0
1029,220,1,5,8,2,3436275#mHDKzQDiRGYXzQakZGyFgKLSBeL,-5677419,-4312017,-0.5745,1602136#vmwcEjhubYiFSk59f,-4352864.0
1030,163,1,6,9,2,9563368#4wRpmr4D8Hu1jrdILuAj1kCHcGS,-8309817,1668874,-0.4590,5436280#DeiRcdC2vD6ppdq7H,1682752.0
1031,156,2,6,1,7,6237451#Cg8s0gIo2ZGbTLzA1PQbhOZNaRf,-5810851,-10170566,-0.5133,5950793#LaW05PkLd0ULEx7ES,3060160.0
1032,217,1,6,9,4,10011667#05x54ZuM8uVDzRufbd5IXYPIbPZ,6489962,4399525,0.4569,9676575#BE0qJEBCsctxnkQp3,4468944.0
1033,160,1,5,3,3,5696351#skPe5WVC2FzvdaUQ5bnDxbWV5LY,3112554,398408,0.5654,7737795#nUk3xcMGZrrOOuEmj,3505872.0
1034,173,2,5,4,6,8778386#yud8RF7jB3lr2ysWnduphY8lkF7,6802999,4395570,-0.4990,6960763#FjTEbWJXombaVluvi,-5168960.0
1035,181,2,1,4,4,9251560#PWFbelFjAunNCD0jd6F9nobcVAs,7621312,-6547045,0.4685,8660051#53wJKWRAx4TlJi2uV,4702352.0
1036,55,2,4,5,5,841674#kuIfRnkrPQeoIb0PCSXXCvj01F7,-2922246,8670572,0.5720,2960044#qu044qCk4Svs2xryy,3218960.0
1037,199,1,6,9,4,6158358#y2rKd2Liu0Zgr1tPxAvYdk5m4og,-6407233,-2547878,0.5696,8747747#K9Kh3KY7bTI7TLBjD,9118340.0
1038,164,1,1,5,5,1910390#CIBFw8mQZEMm542W5eri3V633SR,7076483,9641131,0.5771,8394776#q83NNldtqESx2RQQX,-8727984.0
1039,40,1,2,2,6,10342546#ifFG6xnUr30idhML7EE7O8p6vUd,-1309566,2007910,0.4706,7074191#ShDWaJBD1woIYdSTV,499128.0
1040,160,1,4,7,6,6044972#9rFMrXe7jOOb6KY53MKsw7QUHam,-9591132,4602402,0.4912,7221301#LJsjrjzjaai8lG75v,6846400.0
1041,217,2,4,7,3,7379405#MI9AUyVXoUSPf4zHXEpOUF8ZF7P,-8435821,-1613979,-0.5245,1887324#VsGlt36JLZb7HSQF3,-2810048.0
1042,206,1,4,4,4,8880036#9Dr8wWqIVD9VG9O0dWKj72NbaWz,4515334,-9805466,-0.6010,8375855#HYXm84e2iHgJLynvL,7954624.0
1043,10,2,4,4,3,2096891#OQrE4pFTrGGkmTQ55t5Hh8F6ucV,6472669,5537347,0.5327,4666642#iLzR2CdyDdvhEnViR,-8599440.0
1044,69,1,2,1,1,1743843#ZeHB2iivXz7KTPgtrKxLB7AJu9F,-6765369,10427714,-0.4350,5432364#8iNGybF7Wo0algsuU,-5051600.0
1045,86,1,6,7,8,7190151#ieVqTaxmEZ20d7nraa5zCmIv8Xk,-5677815,-5345318,-0.5925,7313224#twnENfcLC6MYmaNSk,-4196688.0
1046,9,1,2,2,4,2446028#BR5nZSOrURqqXic6lIIS10wPsd1,-288831,7982382,0.4643,4332496#didhLzS8MgMWvUYLH,8992864.0
1047,40,2,3,9,1,4472171#SC7zTX9IwDVVyfWmKY4vaYLUsNf,9615112,-9533898,0.6479,7021249#uD30v6NtqRg3411aV,-3405024.0
1048,122,2,4,5,8,8946004#wM7JGQCxRG1Avrs0wOafsjgM2XR,-8155936,520298,-0.4970,5610624#tFUTJB6wQ6Ll2J4il,-9030400.0
1049,60,2,3,2,8,1587267#kUj3iDDoo67lYmsjRl8XZmxOyhZ,-1137691,-503235,-0.4275,6920382#oxug1UYQU0aNV9m6m,2867248.0
1050,118,2,3,3,7,1877578#PK08u71uvs8WLsYGAXnKkowzMkc,3077343,-2884575,0.4765,1947579#366RIzgjvH5444rzM,5099392.0
1051,131,1,6,3,1,1571960#hCjGuttcRkUuJjAPZ6EsoDaM0SM,-1439494,8276354,-0.5655,3117675#qFRiqy4iDc6aWi1jr,2816064.0
1052,89,1,6,2,2,2090865#EZbUbSvYtJbWwYwQnif20bdpTJN,5936916,4932448,-0.5460,3743484#9J9n9zXSvh6gICMd7,4854560.0
1053,225,1,6,7,9,894827#U4PIgKQaFpFexXHE2CycNbZec3I,-8284150,7258497,0.4780,3629641#4yE2yr7MnsxGAEEJF,4022112.0
1054,67,1,5,8,8,9919152#SBnwbF7Dw3KnV05HsWExKNmR0yO,-3523,5303676,-0.5970,2812742#4ik3r8q9H9kF3mEmK,-7749392.0
1055,154,2,6,2,4,9146263#SnUE1nfegOeyDky2rj4VyFwnWO8,9177073,9581586,0.5571,7623185#5zKvvZCtdZOlWbXzI,9979696.0
1056,48,1,4,9,8,2547976#sMcYQ7eePLNf9RtkSqe0qYpVJOr,-3590379,8341468,-0.4720,1553433#Tg15LcbovRoMm0NSr,6393728.0
1057,38,2,6,8,7,10447916#LBknxMuvYIA56nOXxjcT5nFk872,1625790,-9373229,0.5633,9750846#jXqim2gw7sjhatqUv,7241120.0
1058,176,1,5,4,9,2727575#GkGWVfBBMAaN3cWdyhsY1uEPiRz,-7288909,-6466066,-0.4930,108865#1LuJaYcn5eq4IiB2b,4094224.0
1059,216,1,6,3,8,6656229#sKzm3FvpjpnExSQYRjryTi0LscH,-4729413,-3495008,0.5412,7431446#Ksil1DjWin6uBXbFJ,-3915360.0
1060,68,1,3,9,6,838082#W8Jy9a4lmZdfIv3Vz54ZpeXTqam,760516,-4060832,-0.5500,7362074#agTb204Ah1JkWyALI,10122880.0
1061,160,2,5,8,6,3408777#sA5THVV4kJ3l7p0GR9K9kfWf2Kx,-249210,-9400471,0.4723,2325426#eYfLaucVh2M2HMsPH,-2304992.0
1062,40,2,1,3,8,4390619#lKqSYE3rfyYaER6q9RavZx7dScV,3466019,2843344,0.6268,8927133#tVjLwLJdIMWLH2AHP,-922656.0
1063,209,2,4,1,8,4630686#7I1uW6wEYVRlYEPsXWgU6lCKr0c,-5867262,-3847047,-0.4355,10343833#QIFqeneOBRtlsqKSk,-4790504.0
1064,156,1,2,9,8,8613386#yud8RF7jB3lr2ysWnduphY8lkF7,-5796424,-10195005,-0.5400,3044634#wP6Tpt02L02Fuh1Hz,-10291664.0
1065,148,2,1,9,3,6838340#QhcyYDfyHbsrYZPaTvGYxGcLvd8,7271742,-5311247,0.6524,2363665#AoLTrJ0dU3psmeAtG,-9601040.0
1066,177,2,6,2,7,8587288#apKYtf8vHuW1fCmgew7N8gYGx2s,-5406855,-117855,-0.5030,6015001#yZKByIqp01UYQF4Kt,9150928.0
1067,144,2,3,9,7,5910550#qwQc6LQEjj1SQNfqpZbtE24szJt,-1928102,8318578,0.5155,6745363#6YzPBGMtAAmcIhCBO,9966849.0
1068,136,1,2,8,1,10259172#qhIsqXXPtdAZxxKYmwrwmhjVk92,-3471244,5335066,0.6010,2459489#QoyNPahlx1QPB90VM,9988768.0
1069,88,1,1,6,1,2986300#q0cvD4k52j1SFmh6aOAvgsG8gCh,1957770,-7523664,-0.6145,6452271#MxZRPfina8EjvWDjt,10653872.0
1070,96,2,3,5,5,3729246#pKLivYUjXqfeiDyVvybr2kYTEou,243723,8110845,-0.5450,3065993#ickzes38wnC2r34iJ,522224.0
1071,58,2,2,2,3,6703745#M7ZwWlWLwhq4YdPVjj445gc2Evl,-245956,2089489,-0.4815,2594325#DqG2PmodmArHaHqWC,9321456.0
1072,107,2,2,1,4,9362024#5CkWFVehV0BEwzZn3dMjGSHyPR0,-10362630,1451497,-0.4630,6990418#IP0vPwjIUFkdjn6dY,5228688.0
1073,211,1,3,2,9,5468354#N9zkKFp013dz7kJFEgbILCAErsF,-2209765,6331426,-0.6065,7123033#0dCQsf39I25WEH2I5,-8422016.0
1074,194,2,2,8,3,3524641#AYidYcMrq73q9DkQ5Ffl5XaU5RX,-188856,-159699,-0.4890,2580641#4yE2yr7MnsxGAEEJF,-5740356.0
1075,112,1,1,1,9,8462163#V5sG196mt088Dhic4QM3QbqhDmy,2282034,4214268,0.5637,5783038#lQfY5P86ufwTXCtjb,-10577760.0
1076,93,1,6,3,6,5089840#qilNWetYLzi7FUTuduur3tFvn30,-5537152,598504,0.5962,4199541#lyogrKyq3Do2rUF1H,10691136.0
1077,139,2,6,7,8,4375659#Pz4n7nK6hBOsQsH0F8HJVCfkWbz,-5207380,1848815,0.5658,8325096#CHLj8QRDN9WIyrnXq,9507841.0
1078,19,2,3,7,5,4884175#TPw2PT7hRXReePub3j9mfiLK1MP,5726054,-6298207,-0.5470,10517667#tO4oFwQQO7DmMSw5I,8521776.0
1079,105,1,6,9,4,3602896#XQPqNdp91VmRmkqpBheiF9usTJ3,-5953394,-4521567,-0.5995,1679742#4ik3r8q9H9kF3mEmK,-4564064.0
1080,119,1,5,6,8,10027198#UILKqRxkUmdEvg3LHp0PSt8iv4x,-8713017,1749874,-0.4840,5699722#P6B9zVr9exLmRw5Br,1764352.0
1081,180,2,2,8,4,6539588#LxMskx8ekVGsjEBuEMgytzVWEK7,-6092951,-10663566,-0.5383,6239279#YS4nqacm3SaDAeXPQ,3208160.0
1082,2,2,4,4,8,10496582#JvQDHtmBB8my9J8FB7VTXc7va1R,6804250,4613088,0.4834,10145390#GzRHKTMJ8jFtw2VQt,4685744.0
1083,40,1,5,6,6,5971759#eGf09mRjwmEmQ3neCbtL9zXMy01,3263129,417345,0.5919,8112100#X74cRLrLiGNivJaLC,3675472.0
1084,138,1,3,4,9,9202705#H4XPh0nU5MULdEeWhf663RrUVPb,7131699,4607770,-0.5240,7297348#ACMCW2uilV85uGfXG,-5418560.0
1085,27,2,4,6,1,9698413#DhifmctZrfeZcnOeJdON7RbxBvf,7989637,-6863295,0.4950,9078223#UC4GPVhbDT5z3PejP,4929552.0
1086,100,2,6,2,3,881843#ZeHB2iivXz7KTPgtrKxLB7AJu9F,-3063296,9089147,0.5985,3102676#QK6F8GR0vG0jGCIVN,3374160.0
1087,2,2,4,9,3,6455178#0tj1Ytyoh9ByOww5BgaxXgWW3I6,-6716008,-2670853,0.5961,9169314#7HVp4WTgbP9lWvuo5,9557740.0
1088,69,2,1,1,7,2002360#nZj2SEPBwRoHR74xNUykgMLdAg0,7417420,10105856,0.6036,8798786#Rp39Z1CPrchRLgHzk,-9147984.0
1089,15,2,1,3,5,10839973#saBSX2OGkPPDfB6rnO1x3egtpSr,-1372817,2104410,0.4971,7414387#NUhPiCtJfRFDULmlQ,523528.0
1090,23,1,6,7,6,6335250#P2GpDhfUcgmwQieApv6hz3L5NVn,-10052607,4823852,0.5177,7568386#Z3A1auOC7Gv7KR2xE,7175200.0
1091,157,2,1,8,5,7733597#boVzRnuTVW9qYUnr0xKOQzmnZ5o,-8841321,-1691691,-0.5495,1977496#didhLzS8MgMWvUYLH,-2945248.0
1092,1,1,6,5,9,9305852#U2h373wM7qASQCKQf21Oxz7xNe0,4732184,-10275766,-0.6260,8777760#zzqcTJolGjhBLrJdW,8336224.0
1093,35,1,6,7,1,2197293#ws8UkGGpwoz2rOQl0nlIq4lavn4,6783282,5803006,0.5592,4889931#WlHMzHqz8fdqaRGRE,-9011440.0
1094,102,1,1,8,7,1827076#VG1UD0A53dpT7oGiXHgoVxD9dlX,-7089269,10927289,-0.4600,5692476#IIfUM442jH5lVq4Jw,-5294000.0
1095,29,2,4,3,2,7533729#rktLHRWEnl0OIYPxmDPsukiS9TB,-5949915,-5601318,-0.6175,7663038#lQfY5P86ufwTXCtjb,-4397488.0
1096,174,1,4,8,7,2562512#UaLIgOvMW2jL8iFdxfAZEbkUssx,-302868,8364407,0.4908,4539224#twnENfcLC6MYmaNSk,9422464.0
1097,199,1,5,8,3,4685649#o0bZdeEcAFktMz07hdwBXoHuxz1,10074274,-9989298,0.6744,7356414#wG0Bn8RQQxw8mAOwD,-3567424.0
1098,87,1,1,5,4,9372536#kUnUysgoF2eLwfr82S1YDsRe6Xg,-8545086,545098,-0.5220,5878143#Jrjol3b0r94Lxprrc,-9461600.0
1099,14,2,6,2,9,1662453#uxOFTsObE1LTblmwl5Bnz88o4lT,-1192314,-527285,-0.4525,7250170#IP09Cmi5Y7BrvmQmx,3004048.0
1100,139,2,5,2,9,1966882#IxdOwAD7Nf1WH9GNy7nXbLToxLI,3223893,-3021975,0.5030,2040062#12u8GMdCC0woMpvtA,5342192.0
1101,190,2,4,7,5,1646312#FHoUFiLUaUwXpT1tIT1BYsSVTxX,-1507844,8670292,-0.5905,3265590#ONJpK9w2ytLBvq2W7,2950464.0
1102,52,1,2,4,7,2190011#ou8z1v26ghnWTES9X06eUjbeEmg,6218691,5167101,-0.5710,3921234#Sa8i1zjOmCoVh22JR,5085760.0
1103,69,2,5,4,1,937168#I4o9APCdzO7gRReq6GsQaoh3RBT,-8677050,7603168,0.5045,3801761#X8yMkjTyqWTaAf2Id,4213312.0
1104,185,1,5,2,5,10389238#E7vpg11zQqRNbio85jFbHFz3zfI,-3417,5555489,-0.6220,2945748#1vJhbU4HKeAKizhQB,-8117392.0
1105,92,2,4,5,6,9579427#dRBWzWiGlnoXMivrgmXqlHz0sQY,9611773,10035986,0.5836,7984080#gAZipUgdGrpI55F9l,10452496.0
1106,61,2,5,7,5,2668318#cupudSGZgdlSfxGnBugVsWwxHeP,-3760029,8736068,-0.4970,1626675#qFRiqy4iDc6aWi1jr,6696928.0
1107,149,2,6,7,4,10941952#Gg6SomMmGHJyYL0PL3OklqYXksU,1702265,-9816154,0.5898,10212067#K0wuJh1ld0FCtaxuI,7583520.0
1108,63,2,1,5,9,2856425#gi3hbjjphH1MqNjvcKcerL8Km4r,-7632909,-6771304,-0.5180,113597#XikCdelAgCX8lJK2G,4287824.0
1109,104,2,5,9,6,6970178#0tj1Ytyoh9ByOww5BgaxXgWW3I6,-4952913,-3660433,0.5677,7781877#76cKeYcTLOHdDyOEY,-4100160.0
1110,160,2,3,7,6,877344#x6ZEDTvLK7MHUQKZe07B55jOhpd,796516,-4251982,-0.5750,7709019#v5QSYh5zznBTic7cx,10600480.0
1111,73,2,1,7,6,3569032#lTlZbylTHdLrB0iqFAfvexQLm6W,-260560,-9843021,0.4988,2434810#kqhWCvWnx9Bw5FIqj,-2413792.0
1112,169,2,1,8,3,4597267#kUj3iDDoo67lYmsjRl8XZmxOyhZ,3629044,2977319,0.6533,9347275#9DzGngJjyEcQ92FV1,-966256.0
1113,132,2,3,3,5,4848466#rN5VJ6n7cs2s3QH7duiTPaOABrY,-6142812,-4027772,-0.4605,10830139#HvBA8MwOafFFM5ebw,-5015704.0
1114,213,1,6,7,9,9017819#Y0IQKOFXyQQrZFuuW3JANT6UrWL,-6068399,-10673955,-0.5650,3187501#lJd2RYOc36qkhTwZt,-10774864.0
1115,99,2,3,2,7,7159346#rIO2sKDYBMU0odhtDG7c46TOv99,7613093,-5560134,0.6789,2474556#d87n6W4S88s7t4IpL,-10052240.0
1116,124,1,6,6,9,8989863#oJ93MldDHXSUUBD3GkpQ3w5irJ8,-5660755,-122961,-0.5280,6297115#XUhQNHxJ3a7Gb4ljn,9580128.0
1117,95,2,6,4,4,6187502#37ZYXruvzhR8dApIBI9Ab97386i,-2018452,8708628,0.5420,7061335#Vs1t11j3mYfRAQ4Jv,10434199.0
1118,171,1,6,2,3,10739266#FOM3XCdqsW8GjSAkI0a6T5seuxx,-3633694,5584610,0.6275,2574198#exwVPadV6g13shZhX,10455968.0
1119,169,2,6,2,5,3125704#xpD84VlezWp8DVBJcAjNwqoW8Xx,2049151,-7875964,-0.6395,6754017#5oRQQXCfhIBP7F78c,11152272.0
1120,79,2,2,8,9,3903043#E6As6vvUgPIfpoNhUohgf0sdUWR,255148,8489883,-0.5700,3209004#qvRYRHT5xJAxK153O,547024.0
1121,144,1,3,1,4,7016274#ePkK2mDKKyb1ZcIkNou13Kz3y5z,-257006,2187070,-0.5065,2715271#MxZRPfina8EjvWDjt,9756656.0
1122,105,1,4,9,5,9798320#F09s3t94r1RnHyno2K7r9lfg55l,-10846130,1519147,-0.4880,7316198#exwVPadV6g13shZhX,5472688.0
1123,96,2,1,1,9,5723159#bFPV9OcuBrzlDYquKgdFDXq3diK,-2313015,6626526,-0.6315,7454616#cHaipsq8GkieyHkVt,-8814016.0
1124,218,1,4,7,3,3688399#S243RqZRRSGXwXw2Td81SrNiG5M,-197774,-166799,-0.5140,2700467#sO58SWpJed9k3ZIKj,-6007656.0
1125,79,1,6,1,7,8855630#jWTr8OZkh6ZjTGiiDRjuPMAQuK6,2387784,4410468,0.5902,6051915#uoWD1BN4IjNhvTIlC,-11069760.0
1126,212,2,1,9,5,5326025#8MpjYy0o9NuzvQFXYytXhSF0JYA,-5794677,626535,0.6227,4394654#qvh0cAiQGCxS9gbCB,11187936.0
1127,169,2,2,8,7,4578792#eKHezbdvUysoDnbXGr1nr5kO1gb,-5448817,1934465,0.5923,8711241#aDEAiZF5zcGFwlEtR,9949291.0
1128,14,1,3,9,8,5110393#AsXkH1VfKrKY9P9ohdEyw0T17iI,5991304,-6590782,-0.5720,11005374#Rtns57fF4zOajpXpQ,8916976.0
1129,217,1,1,1,6,3769517#fLlXpXnGLMO0zy6WUiLsg9frCbC,-6229369,-4731117,-0.6245,1757348#ACMCW2uilV85uGfXG,-4775264.0
1130,75,2,4,2,5,10491028#BR5nZSOrURqqXic6lIIS10wPsd1,-9116217,1830874,-0.5090,5963164#QpRxTwxSHVMXj7pjH,1845952.0
1131,204,2,4,6,1,6841725#sR0OI2Tloo5g6OJWmHXov0x7ly5,-6375051,-11156566,-0.5633,6527765#6hT0hfevfodVlrdPY,3356160.0
1132,14,1,1,8,4,10981497#xDbSMlHpjKTYby9fEDJCCgIFXHJ,7118537,4826650,0.5099,10614206#wNCPauqHdSZ7Xxtdq,4902544.0
1133,146,1,5,9,9,6247167#JBOw0yUo0ZWi2KzTjlxA2FAdUxb,3413704,436283,0.6184,8486406#x4GkHslcv8c1BMFOT,3845072.0
1134,102,1,1,4,3,9627025#8MpjYy0o9NuzvQFXYytXhSF0JYA,7460399,4819970,-0.5490,7633932#M5aECalyHyPiTT5M5,-5668160.0
1135,100,2,1,8,6,10145266#FOM3XCdqsW8GjSAkI0a6T5seuxx,8357962,-7179545,0.5215,9496395#mzrDdMlm7eYQGHlaC,5156752.0
1136,145,2,2,8,2,922011#ou8z1v26ghnWTES9X06eUjbeEmg,-3204346,9507722,0.6250,3245307#T43vsXQnIlauPbZKB,3529360.0
1137,32,2,2,9,2,6751997#OB5jKMDuJabsKhYpr76hwO8GLra,-7024783,-2793828,0.6226,9590880#u4xUAKBKQdHhZl4V8,9997140.0
1138,201,1,1,7,9,2094329#NpWpsW3i5at5jMGimgcMYiD9Lq7,7758358,10570581,0.6301,9202797#03c8sG7qjn3h9hRn1,-9567984.0
1139,218,1,6,3,4,11337400#gOuXtGEpxR5Pao6hsyrAzDeJ5kH,-1436069,2200910,0.5236,7754584#VYhlnG6bHxcvHSebE,547928.0
1140,113,1,2,6,6,6625529#MBu2HiKdc23LpnbctO3r6cT0ruQ,-10514082,5045302,0.5442,7915471#1gvr0BTvPLrsPVOtM,7504000.0
1141,97,2,5,9,7,8087789#x8m5olqXonKFKEeSCtZOD7sCMap,-9246821,-1769404,-0.5745,2067668#H7tVWT9eW6SWPA8J9,-3080448.0
1142,23,1,2,6,5,9731668#obbqYz9LVUXoQEM6NZhAaGWrtKU,4949034,-10746066,-0.6510,9179664#d349iKVv76BwRk74D,8717824.0
1143,60,2,2,1,9,2297696#YHfoulUO0OLYGyChAjT95cNsaVj,7093894,6068665,0.5857,5113220#TV3JU9cROAGWVg6u6,-9423440.0
1144,135,1,6,6,4,1910310#r3E695WgnGmxsQaHTf1imPrakFn,-7413169,11426864,-0.4850,5952587#J9mJGDIUmRdXwJ04N,-5536400.0
1145,199,1,2,8,6,7877307#YG5weGK0WTts2h183eegP0hpxiY,-6222015,-5857318,-0.6425,8012852#Zb4GcYq8X1coqinpc,-4598288.0
1146,111,1,6,5,1,2678995#7m6TJ2vV68IPyJsduNMVMVjKi4b,-316906,8746432,0.5173,4745953#Ip7PwhlKHVcyCh5Gs,9852064.0
1147,131,2,6,7,5,4899127#8pGmZmaEzrN0CVyXepkW820hGf0,10533437,-10444698,0.7009,7691578#HmNDcPkrADXUnCHb4,-3729824.0
1148,52,2,4,5,9,9799068#YIM5F1TodEcBJX9nrI2kQaXtlwi,-8934236,569898,-0.5470,6145661#wcyKkcXNSUDUIGWbr,-9892800.0
1149,195,2,2,2,1,1737639#q9v3VikPgscZAWxoyDN5i2TWBoS,-1246937,-551335,-0.4775,7579958#eIb6wI9Iluxw8ahkn,3140848.0
1150,160,2,1,1,2,2056186#yqoHMyBgomUOAqFhZGVmubR3S4a,3370443,-3159375,0.5295,2132544#XWGIDjN4ZHePW0FVS,5584992.0
1151,22,1,1,1,9,1720663#5H8ID9wLERchLrwxFdXex2zev7q,-1576194,9064229,-0.6155,3413505#JDRWbl8L16xfwKq2x,3084864.0
1152,15,1,3,6,3,2289157#lG6tc4R60Q6OhhcZB40Xqu8MpFB,6500466,5401754,-0.5960,4098984#7GsdRFKuLXy66hNR3,5316960.0
1153,141,1,4,9,2,979508#nBk9VVXdn5krPypsogrD84Pvwz6,-9069950,7947840,0.5310,3973880#u4xUAKBKQdHhZl4V8,4404512.0
1154,76,1,5,4,3,10859325#zINrubZsPaK9ZrG7svfaJe4Dx93,-3311,5807301,-0.6470,3078755#39hypJOjSALi4vdSl,-8485392.0
1155,31,1,2,8,8,10012591#XD5g4LHuRwcRBH64U25KsP6BylI,10046473,10490386,0.6101,8344975#pjuEMAPoDVuJLZ4Yt,10925296.0
1156,74,1,6,5,2,2788661#NbXwhFLyQmvWCyI1Kf0bYtTk9gW,-3929679,9130668,-0.5220,1699918#3umFvoO4uRqlNE841,7000128.0
1157,33,2,6,6,1,11435989#FmhpNAnWZ4M062cP9uKqCGKXbeg,1778740,-10259079,0.6163,10673289#5Z3reHd0jT6PMGQuf,7925920.0
1158,177,1,2,6,9,2985275#mHDKzQDiRGYXzQakZGyFgKLSBeL,-7976909,-7076541,-0.5430,118328#PaioYFJDAX5Fgtzvo,4481424.0
1159,219,1,4,6,4,7284128#kEYZI6hslumauEVUrfCht53E0UN,-5176413,-3825858,0.5942,8132308#1lD1NmprxOuXB7vsz,-4284960.0
1160,24,1,3,4,6,916605#bcVnnCOjjZfGyepfKQNY1vnavub,832516,-4443132,-0.6000,8055963#hbdyzRdVjWE0vhG1s,11078080.0
1161,213,2,3,6,6,3729286#4L1JoNpTYc3pUw4JK8V78BcpCrA,-271910,-10285571,0.5253,2544194#vGSnNOGsa5GrNO9fO,-2522592.0
1162,71,2,1,4,7,4803916#LBknxMuvYIA56nOXxjcT5nFk872,3792069,3111294,0.6798,9767417#CfbcF7DPI9yt1tNxG,-1009856.0
1163,55,2,2,5,2,5066245#Laf6iUu0cry76hcKsbOiF3LFuDT,-6418362,-4208497,-0.4855,11316445#HO8zvaKBuRTvf66wn,-5240904.0
1164,43,1,4,5,1,9422252#I0KUEpXuCQPYwlncI2gG1ES92Tx,-6340374,-11152905,-0.5900,3330368#RmJqlHkvklcFP03Ca,-11258064.0
1165,50,2,5,5,2,7480352#vMMYDZkmLQjELGDpLq2XZjH4ZAK,7954443,-5809022,0.7054,2585446#Ksil1DjWin6uBXbFJ,-10503440.0
1166,71,2,6,1,1,9392438#adoQ6YYIhNBndGueEpiVV0oZot3,-5914655,-128067,-0.5530,6579229#9M2zrHyXQ2FDbHiRf,10009328.0
1167,46,2,4,8,1,6464454#kxWHnyTpp601ccgBl8uQ0UUQ5tC,-2108802,9098678,0.5685,7377307#T43vsXQnIlauPbZKB,10901549.0
1168,206,1,4,5,5,11219359#f4WLQXB4RZLVy2P0Q7YnknSnHXQ,-3796144,5834153,0.6540,2688907#17UX7XN5JIdSzAFr9,10923168.0
1169,23,1,4,7,8,3265108#5NUfqA6dnSWSmRAUs6WHpfn4Ki2,2140532,-8228264,-0.6645,7055762#ZbcesyZDVJTXPTQxx,11650672.0
1170,62,2,1,3,4,4076841#AXfbv4uGjmSNAwhA2aSZGe32qgc,266573,8868920,-0.5950,3352014#DALW6OxmnNNqDT9c8,571824.0
1171,3,2,3,1,5,7328803#cGVe28GL8gotrFGPzIHml7z7CcW,-268056,2284651,-0.5315,2836218#L4mBTYE4L96JKWWTI,10191856.0
1172,103,1,5,8,6,10234615#t3TYvdo4acIAM6dmyZrZVoYACHX,-11329630,1586797,-0.5130,7641978#LlF2b9rXkwHFbRJRz,5716688.0
1173,207,1,4,9,9,5977964#O46ExSuYcUoDjShtIYlaDrvWjwN,-2416265,6921626,-0.6565,7786200#WUC1GoUqueZbdh7x1,-9206016.0
1174,15,2,6,6,3,3852156#LPVMwjzfQcrSntcFy9ONqFCyxTE,-206693,-173899,-0.5390,2820293#n8OCSUl3SLEoMegiy,-6274956.0
1175,46,1,5,1,5,9249098#6RKe3jT6CZ4UMyzIx9h5GqdTFV2,2493534,4606668,0.6167,6320792#Pcix0ZecqbCwHEVcg,-11561760.0
1176,104,1,2,5,3,5562209#F0fJFc59tPzSdCkGC9K25WH9Dc1,-6052202,654566,0.6492,4589768#hzv6tL4bPUXP6x26I,11684736.0
1177,200,2,4,9,6,4781924#xwoUqpTdzFJXds1RlG78k9gNLn5,-5690255,2020115,0.6188,9097387#NUhPiCtJfRFDULmlQ,10390741.0
1178,9,2,3,2,2,5336611#LPlh9BvMY39z4f8X6e00jxqEue8,6256554,-6883357,-0.5970,11493080#gAZipUgdGrpI55F9l,9312176.0
1179,102,1,2,2,8,3936138#xFCl2TkpMfbom6hFRCPuXvcVYi8,-6505344,-4940667,-0.6495,1834954#ZO0fT0X0CBjYL6dIJ,-4986464.0
1180,31,2,3,8,2,10954858#jVOwDaoKlpoe9AIsYW9B7yUaXFo,-9519417,1911874,-0.5340,6226606#pB5aepgIVzrYOk6wP,1927552.0
1181,1,2,6,4,7,7143862#lM7c7dSsTPZFqb88KDeEPPLLvxE,-6657151,-11649566,-0.5883,6816251#a5WiOrWV6qRgOu06b,3504160.0
1182,26,2,5,3,8,11466412#Cqa3pIhJMqKDQvIeeBnKydg6nES,7432825,5040213,0.5364,11083021#A2qHyLqi5hb0TDZxx,5119344.0
1183,26,1,5,3,3,6522575#GkGWVfBBMAaN3cWdyhsY1uEPiRz,3564279,455220,0.6449,8860711#6bBMr6Ijgn6vhRm44,4014672.0
1184,67,2,5,4,6,10051344#x6ZEDTvLK7MHUQKZe07B55jOhpd,7789099,5032170,-0.5740,7970517#nyIiZ1ciJq8siIJEk,-5917760.0
1185,173,2,4,1,3,10592119#UZquz3iW79NCjoe399TQPiwCsIu,8726287,-7495795,0.5480,9914567#gWfPIF3ccRVc0js3S,5383952.0
1186,190,2,4,5,9,962180#la3meShqjMwbDuVovZVjvjKxdoN,-3345396,9926297,0.6515,3387939#b3I849Tk83TvLSjNK,3684560.0
1187,62,1,6,9,1,7048817#AcxvulmiW7qGQxKILiF3ZdfGXFN,-7333558,-2916803,0.6491,10012447#J464a3p18MmA2A2iS,10436540.0
1188,106,2,1,3,2,2186299#3sdu0FobpitaPCBMX0yj3PB1SEW,8099295,11035306,0.6566,9606807#Q1aq2WMglGT1o17xw,-9987984.0
1189,193,2,5,4,3,11834827#U4PIgKQaFpFexXHE2CycNbZec3I,-1499320,2297410,0.5501,8094780#20JmN4OKQQehhQi0u,572328.0
1190,203,1,4,6,6,6915807#jEbTUUKfdRuKrZluq4mw9mJYvHc,-10975557,5266752,0.5707,8262556#d87n6W4S88s7t4IpL,7832800.0
1191,37,2,2,1,9,8441981#vbDJWk8KAsesj07ppV4CDsvEOIK,-9652321,-1847116,-0.5995,2157840#RjDLq9BaDoLhEH5vt,-3215648.0
1192,45,1,4,7,1,10157484#POoZqHBXkYfhzQZGeAY34TRVjHj,5165884,-11216366,-0.6760,9581569#o165EL3apj5TzTCPg,9099424.0
1193,85,1,4,4,7,2398098#6RKe3jT6CZ4UMyzIx9h5GqdTFV2,7404507,6334324,0.6122,5336509#o4Wjyi6ACAbrPm1R4,-9835440.0
1194,168,1,5,4,1,1993543#YXPJ4XVCrvoQE7VnsJP1WLf1aO9,-7737069,11926439,-0.5100,6212699#64ijv1N4op2qPOD9D,-5778800.0
1195,142,2,6,4,9,8220885#AkgvlDx9kjWrkCOX5RaQt2SDBg7,-6494115,-6113318,-0.6675,8362666#6cfwilHYAah5crzCQ,-4799088.0
1196,49,1,2,2,4,2795479#CXqmzmTjRQ5YeezbyYFvk2oj0vD,-330943,9128457,0.5438,4952681#jaMignntIIM34bDCe,10281664.0
1197,63,1,2,6,7,5112605#bcVnnCOjjZfGyepfKQNY1vnavub,10992599,-10900098,0.7274,8026743#Z3Hr11KTT1bTLVkbY,-3892224.0
1198,17,1,1,5,5,10225600#AiNiWYTQ9RMjTDaECMxQRLANKWy,-9323386,594698,-0.5720,6413180#uFf1DAnLylQjBsZB3,-10324000.0
1199,149,2,5,2,2,1812825#yoIRTVd46sd5Pk6cqAqpmYaFcvO,-1301560,-575385,-0.5025,7909746#hfJndl9LLMqfP5iQi,3277648.0
1200,181,2,3,9,4,2145490#bmAVsMF8j2UhQrdQB968dK72eBZ,3516993,-3296775,0.5560,2225027#rQpZOiIzeufY40e6Q,5827792.0
