308,3,7,53,2087694#SAw2kDAQ8F3yNGWb9Q7gHlgKz9Wc4hON1,40305.65,1603187#HmJMlbzRdOk,-1822190.7500,-1442785,2315869#egSWjPbGj1HENUkixPoZc,780133.290
309,2,9,11,2309325#TuluCk1ORfJQoU46rrhRIv8bFjiV1cVWB,351614.1,2739407#7ZHE88EisqJ,2290039.5600,1557613,1396491#OADJqe9S8uuIn1vX2HUfh,1817430.380
310,2,2,5,601599#WPheibPvFrYFSMBNreE2Un7o3avBpROLr,40199.28,164655#8Wg090R3pLX,1332707.6200,181447,1384668#Ge2eiRL7GjItcKKb3PD5t,-64040.220
311,1,11,15,2944544#i6sGNII6JmWQSLtyGUZhO21yN4korycYP,1455538.8,2466599#la7WTozPpLw,-1876634.5900,983170,2182159#Nu5cVT2R8BBX80Rur38ZE,-1274605.160
312,2,11,63,663477#cEKkowGEFf1F2yJrZkzZ9noPPpBUMWEkx,2185243.8,31740#N9de6EuYxtG,-2231057.3700,-2380637,560174#jbCKZE7pgP3OUb7hByvKe,-473401.260
313,3,7,32,2379783#aDrHv6CZiBethfmagcsXdtWAgzreIQtNK,-2380863.5,964602#SBD3EWfNpG6,-564725.3300,-1217623,1966157#ztFL7OqH8lWcIgruu0k2x,3013826.960
314,1,1,4,1496324#pvtW2jihaXzfV3Gu5a8i4vasAq9kljZhp,2928202.0,1786557#6JsClvLO8L2,-1174067.4600,639720,2528366#hIXJs7u29QtEYlW69eQ5c,1869384.990
315,1,2,33,1007380#1DzAd7qTZPQosSgIDQ4anqQh2KSwJS8GV,-1801600.6,648245#r3lS18YiN1v,-3114670.0000,2086432,496190#ayehRL7ltOInqcLdY5jKy,1857436.650
316,3,9,44,462978#VgPqFQhT89nqkC5gFT7rkra1TgKZwkuPT,-1842004.4,1719052#oBzNmOEhl55,1092082.5600,1404830,2425525#qSQX2YzmUpEvSiW8rOanP,163399.030
317,2,12,56,1502513#PEmZuKRx1Tn0bQx8vdYhXfV35JVdufPic,-1638042.2,1030636#KYmHeBBofUl,2824902.4600,1831269,1124069#hoH4foMILIBEG0XxGnILm,-1062690.480
318,1,8,53,3073378#2opfRtWTr3lIZLE0neALeVFMVlCN5iCdk,-149859.02,1015292#TSMrQQ1X4q8,363280.0100,-3158105,3113325#mv9b9vM4PYVs7GZgKN7FB,-2669050.670
319,3,13,19,2801356#yE4ad8Rylkqe2cchOkfgbiYrPR875k8QE,768657.8,27996#E8FL5f34veH,-3007709.3900,-2083868,511562#i50guYP3avvmU1dWd4Kdo,-1363616.670
320,3,7,15,2653392#9SC9DuU4ufP5IMOIS4tluy1tVQrGhCMfQ,-395308.4,638865#IbqHLo47eOI,239533.4300,2711866,17252#Mg3K8HbMIqT2LmnxIv4uG,964541.720
321,1,11,29,1893685#wIj48fBIZffBtn7t02ITDqFlo0WY5heRY,-2412647.0,1848313#4568Zhki5H8,1349583.0800,-265597,1496669#YCUFjRbAo0cu5QmMWKRPv,-1068591.190
322,2,1,38,755776#RQEYw6USBWTgkCaXzxsCsVSZEVKnkUwcM,-3160363.5,1343541#biRVUHmQO6L,2842320.2700,279170,467122#wOn1owmiN7qNUf97jpjM9,-580204.210
323,3,9,4,2127120#fTOaGF1p61HbkJN7Bz9t00D6k62uuc6yt,-442095.62,2336157#wYkpcKuwBOG,-2680671.5500,819250,2969823#z4vBRg2RlW7HWGaXlOsaV,-2435882.900
324,1,11,54,2658933#re9qqSkK4W0IBLUgDECyo8nf9Flv3BNLC,-2226544.2,1154307#mZX07OwvCk2,437286.4800,-399264,2925241#gXCRoQIOB0njtObB9c4as,-2769183.000
325,1,3,23,2151592#Iebn2THwSEKps5qejQeikKDCGuEUDa7kg,-2457342.0,1901477#efBCeWm9kST,-1389321.5700,1750849,736160#hL5RXZWtkQ6JPkEcOfHHD,-833373.040
326,1,12,63,68582#sVVaRlMNbP2O5fvk8MEbiNcjsmaVsdnzR,-3048881.5,1574458#F7WEuSPyheN,-322595.4600,612088,1909771#dHqZMLzh9C4zJGquymuUd,-2693723.200
327,2,4,18,2238898#Lw004B0LKPaZSveQBnskDGziVHnRog9Gs,-1370249.5,542784#GSCDCaZ3tKz,1106303.8600,682601,290097#nqW2uffMXlYpOUbnWqXkQ,-3057653.080
328,2,2,3,3183606#isS2ZN3m5UOhr73HOp5Ox17bCyy96XO2v,2746042.8,1125494#6jdd6r8iANf,2739102.8500,-3221950,2959588#5iOpOo5vtdIfFc4ax46rZ,-2035699.070
329,1,10,20,3069497#fpUDagV4CVNtT4S6l75mkDNZsVelMhwM6,-2410991.2,239888#Jkii09Kuopt,772618.6000,-539179,52923#7zA8nJZFGW4cWoF96GBfn,-629612.530
330,2,2,31,3304134#nBgM77qsamFjpkeQ98foWHJBdy7urtExV,-641519.9,980829#FlEERF5khhy,1558704.4200,-2802656,1264718#wmHeyT0PBmon1ibnTu7DU,-2645596.420
331,1,10,17,1133908#UOATFTrFhv0wvc3elF9l9t0vh5sulWlVD,2196459.5,2083187#HmJMlbzRdOk,-3274047.4400,-2070896,220876#Q9y5dRaM5NKedFfZEDwn0,2114661.070
332,3,5,13,3023475#1v9KasAc9EbhMCfXCorRpn9VmdRyGW8ec,65230.49,1288533#F7bE14SzKVu,-3206175.2500,2265073,357098#oUqn1TldpQIrmF7SV8IQf,1424936.970
333,3,12,29,1848717#mhEcgiwqzwJCdhhEj2SoSCW8eExsDBZCc,95316.98,2849685#ZydOF2XgJFK,477089.6800,3293721,531113#ZzrXGNKS2quTQRcq8Qlei,2088584.140
334,2,2,62,414714#Di5V8JVd2qYUFcPp37DAaMPT09O55KyVI,679666.6,2293998#O1CGasROMoq,1699784.2600,-1176456,3222319#ADfajslEHLTqFiCigJNCR,-2277100.090
335,3,1,16,627055#WpW8sfYnrYLrxlBNhbenXGJPyjDoE4Hdm,709031.3,2535657#aJ4ihFC087K,-1400587.6900,-293281,78322#ZTtBRBb2slYPMY1whwNmH,-919827.860
336,2,2,21,1764769#E1xf7PRuRfjouzKtPq3RaiZTzaMxDi6nb,-757915.9,855235#cf6bZEYy35t,-2277039.2500,-2617780,1789108#9UJmUQjdsVy6olvpuvu0V,-3267459.130
337,3,7,25,228498#1gquB4h0huEep51rbDCI1AqZ6DCYNm2tI,-651274.5,2933921#8V2qYiijgVK,2370054.5500,1476819,2797377#LlHJ4K4e8SDeKrWXA1A8h,-1123306.190
338,3,13,11,1300554#Uc8FzWbajtWReRaJsibDYpRMiSc1LOg6Y,1988449.1,2879816#hFnNLar1K8p,-3028184.0500,-1030931,3145437#0essFhYv3z7vuwInO4g40,1757287.250
339,1,4,20,195536#szsUrOZ5oJgoJ4MdX3ogJkA1o9tGH242v,-928932.25,978879#htECyw3ijB6,-440798.4300,-980482,1577150#CKskStRj2NQEVVab7MeVK,-429242.760
340,1,2,60,1381489#FRJaANQdzSc3q4YzVMfVWNSTyiA1DuFHp,2954172.5,3249787#U59VHLA1VKi,-442558.3300,-2271935,2674323#12MlRISiPmmcxQN46wP6y,-2331904.350
341,1,5,10,749871#yrBvfc6TI4qk4C7Mz9gkkG33rTISTcf1v,1105893.8,452787#U59VHLA1VKi,2898365.6100,2298116,1438379#0B6yGmIj7QY4MYyG7GF2Y,508435.210
342,3,6,16,3264701#GGfyGuo4oAbGjQ4iltctTlrJcVVhVciDo,679185.9,3278490#WHdywkxAcRk,1762961.9800,-1266860,2701724#1lnCGtPkBgXGUzQ3ttARN,-350964.280
343,1,6,14,1973250#1p2s2IovJuMBZ9C5rEILB1gvyUhwd1xUJ,-679763.6,685184#t4QpIewC0wE,-1350470.7500,2943495,3248280#wiDFZIk6QaIEIpZSAHmsW,3046788.490
344,2,7,8,1969108#YLYv6UbkqPmNCaZmV3Rs0ceyDwYpp3v9p,3228.06,624601#suut4RbacC0,3123065.2100,225076,506879#Oqycq7aURxuCshGJ48y9N,899792.730
345,3,12,24,2699382#h5QK6ejCtw4lOwgSR144ly2MTpGK3yjrd,-1367840.1,317391#VyNykWdYvcQ,2130796.7900,2725559,2352547#2kQt9csNv7xAKjJovwUTh,2735232.160
346,1,13,5,2979066#LhQzHt5larUmuroYIqQwOzLZ0nbj6MT6G,-1904097.0,2705599#la7WTozPpLw,430533.7600,-2041351,367320#nThIWB3MDfiSzwN9x8Y2Q,1157536.800
347,2,7,1,2578805#EB2qUPu5OExPRFKHBOwjE2nKdAGbR1ofh,2735246.0,440444#H33lWVjPCqA,-3401789.9400,1055945,116770#cXWa3n0ON3Z1boVLxmp61,1092539.320
348,3,11,7,1319346#z3FplGKR5q0bBr09bp5j2ypvFfQ1532L2,2288467.8,3334691#BukSX79s2Ql,670191.6700,1787890,2849352#1O8EiEyGXQUCpAv4xdNKL,-2804617.500
349,1,13,40,184765#VsfUBVhH8Ug53OghnAhPpYL1Aem1zH2Pl,-1874540.4,425915#Vv6VBQWMmxR,125431.2600,-1689463,1273034#BbnVEMYGaqfALyyskIYvu,2328483.670
350,2,8,16,95367#jvBm491tsjhy5G9nh0G2znCYrpT2hfQ2O,1998665.2,1484575#C6g1epe6cD7,1885911.7900,-2485615,738751#j2ZmSlitjlu4ObHzjM68Q,-731241.840
351,2,11,21,3216644#zwds0GofR8QitKSKw1tCcksMGjZerHqng,2971302.8,938509#uytf5bL9Y0i,131985.6600,-2387663,701897#d3qvMf0Tx7P8N4mufOFca,2017286.750
352,3,4,46,3024926#mRXKrjMoy89KDbDbJVwxuSaFvlB25X2F8,899031.9,2927046#3nMaSn8yoey,-908550.9600,-2548601,2577536#zXAxR3k468zDSBfGPZbB5,158160.320
353,3,13,24,904773#Fy5oLbHZhIGB8StYlwzEvAh4aIPnKmF7L,-2559239.0,1081729#fWjj9beKH1S,-2134251.3700,-2147595,3059472#lbYQjKXn9VK3GDfElsv20,3359763.500
354,1,4,9,2410660#MYYBmidxK4dXPiuC6FHF5Np5Ml11w7DPF,-3258166.5,1474922#fvfXO3dO6vj,1709884.7300,3350076,1720077#5huEoeRIzEtWcOlpvi0bD,644812.010
355,2,7,24,2547007#LgOi9QGkuIy5TBIAWIDUODMQIZm0jstiA,718725.8,588189#uaOzdisZx0p,-3344586.4500,3165694,544463#D4zrRLeGRMPxMp16S145r,746960.710
356,1,9,62,380984#1v3Aoe5OTjZGHv8Dyf36UmRPQ7S0rxNd3,696339.75,2812333#PZnfRGfYhlL,-41098.3400,-2387003,2144533#AHUNF9PB6QXACqHsYpysa,1096600.090
357,2,10,8,1974401#Ospj5FNWhloWjjCaaGHk33nifENIxpBF8,-1277654.2,1997071#IdWxui45ygJ,368321.5900,-3337207,1218190#ayehRL7ltOInqcLdY5jKy,-1331713.190
358,1,10,31,2426503#k6EFUghAJVJF8oIAHMbaJILSZHFarQMh3,47505.65,1863428#4skB05IZBWf,-2117068.7500,-1678410,2691120#qetsTgReALoacAFcBvHlR,908267.790
359,1,4,62,2682720#vt40E9RDqGBAkhgdl7D3GQaMFomAwHbYf,410014.1,3182023#oV54RH0GBCe,2659247.0600,1809788,1620851#i6exy7wqFnvnKsT6N9g16,2110988.380
360,2,12,54,698211#XOBqjgoyBjwPGgliJ8OZ4kZrbWyvJoh5v,48199.28,190517#MiizCvO2iVi,1546220.1200,209972,1607940#ooViAQmkzSWHHuHp4ctf7,-73595.220
361,3,5,2,3417589#URrCypxfSDB1jfEOYE91cQ7HRxKAqZysa,1690738.8,2862445#uzcwE9DCiLL,-2178565.0900,1141707,2531588#5iOpOo5vtdIfFc4ax46rZ,-1479999.160
362,1,10,45,769761#cU76nLi9Xwn6WzFDbGjZE60ewTl3yll0T,2534843.8,36338#7ZXrAkgMaTy,-2590194.8700,-2762657,649679#k7jiGSdjQKEK2ewvFHHvg,-550617.760
363,2,11,2,2758523#jAoh7gGz394PK8BHqI93Kn4IfwkUWXDUg,-2762463.5,1117103#70Mx8TKcJ89,-653369.3300,-1413523,2280188#ibgmZeKXd8G8LBVzArulk,3494917.460
364,1,5,56,1733240#7d7M4d7qke4QlIRWbrqy1Im2gLmk73Qfz,3394602.0,2070116#kIisXZ3uB2D,-1360867.4600,740920,2930199#dMrlj9XLsHZOxTYMUzahg,2168005.990
365,1,2,35,1166045#aNGF6XYDYlrZSTLI6JDcdPUvxpnIjYNgh,-2086400.6,751054#VaCZBCKO3rc,-3608968.5000,2417619,574787#fNHYwAzKAnby1BLbF5abX,2153357.150
366,2,1,28,535690#0DNLj7xobJE4dQBrKUYRl7ojL1pCZmUpD,-2132404.5,1989702#Yrn7gTJZ3b3,1266306.0600,1627130,2808703#Xqh9qcjGXcUoFi0Pcm2GE,189060.030
367,1,2,54,1738710#mJLtHYVK0uVXMPlhP9AkZ3Tl04bU4eLg4,-1896442.2,1192729#fWjj9beKH1S,3270848.4600,2120478,1301129#0vqXj4H9PSyYdBejWWsU7,-1228964.980
368,2,12,29,3555596#FoT7OOfwwRqEjhn8gTjnV4D2719l0Mmfc,-173059.02,1173736#Svn1SpARIkL,421785.0100,-3654830,3601940#ooViAQmkzSWHHuHp4ctf7,-3089459.670
369,3,6,27,3240372#Xbp9YyTw8WiKGrYvQrUmubRSwYORdkAZo,887857.8,31852#7wfG8Metzjm,-3479778.3900,-2411568,590519#xzRjXubJutBEPDn1qS0w9,-1576980.170
370,2,4,53,3066648#zR91U2WYHkE1V7BpNf5DcrnYSrh2UPtKL,-456908.4,737246#IBfaoPH00Tz,276982.4300,3134397,19081#5t5HmgVsa4ZJJi7t0LLn4,1113869.720
371,3,5,41,2188143#d866aIt0U7cE4fcrAdhqKy70hJtIMozMn,-2787047.0,2135638#U6TB5EzVf6R,1559688.0800,-307697,1728340#TpdIzojY4scdJCWDbhaYn,-1235495.690
372,1,8,9,872349#u5kxE0hWFHntEsbUEJT3qI2e2fmW6plyC,-3650763.5,1551003#hmAfsJmA9PR,3282394.2700,321895,539239#6icCOSBHrvDZ7TP22bXSr,-671610.710
373,3,7,12,2456101#UvzKWZ4stz6vu1HODLS0tgWTV2EuRSUGA,-511695.62,2696641#nYr9FIfSIbv,-3095691.0500,945275,3428001#KQQruONYisiPAJ6S2wiYB,-2812830.400
374,1,3,30,3069014#ewXB6LNxlhlNNxtLa0gU3tpSP9oORzC7h,-2569744.2,1332278#q5gLzqQdKA5,503912.4800,-459939,3376090#A2uq0PyJCfO3JzOkHyqeT,-3195037.000
375,1,13,9,2482082#9PO4PMKC48nbL9zOmuRmIAUnGI1m198Q6,-2835742.0,2193515#XsscRYrPqY7,-1603875.0700,2021099,849265#f8ovlqoQr44gK2CIF29Ai,-962187.540
376,1,8,53,77592#Iebn2THwSEKps5qejQeikKDCGuEUDa7kg,-3516081.5,1814951#65LQyovCeDF,-372522.4600,705522,2202444#O0dvjhgHfX7KcrpJ4R9UI,-3105557.200
377,2,9,11,2580625#rVVz8QUWNWSoxYHFMYZkGGnLsXOnlX1yO,-1579049.5,624747#VLg4Q72X0rF,1275403.3600,786601,333480#vRpZMnfvvC6LZcIS8Zc8o,-3526566.080
378,2,12,16,3667835#IaJyLmxGLS3pS4MWvdRlMyBO1Glrs9N6r,3165242.8,1295734#7ELK7P9LAiw,3157990.3500,-3713194,3410328#HUjMIexxl6Y5TMYhw9C2u,-2347167.070
379,3,5,50,3535921#dvRkRD2uZ7QuzeqtLQRTPFNkNzRlCoU8V,-2777391.2,274921#8V2qYiijgVK,890426.1000,-621046,60139#6HtujYNFIXNrX4rkaNHY7,-724208.030
380,3,11,4,3803409#lpqcuN7p9689XCR2LKxWoj9YPjivN74gG,-737519.9,1129001#tYVAeKBvmpV,1794210.4200,-3226993,1456013#6RocZaQGggY6hgn86DV3L,-3045113.420
381,3,3,63,1304669#SsbU0qfu07egFdH6y2imPRrUwcpYUTsa5,2528459.5,2397666#dVRfCNOjdQc,-3768039.9400,-2383521,252924#s6HwqO20G8HEqbnV2alGV,2434837.070
382,2,9,14,3478165#7EPCUqrev1wGluZNbGSgxPZWmMifWbGBj,74830.49,1481251#90qVka0Cyji,-3689522.7500,2605204,410092#lp2RztZ6vgQi6BUGzAWaz,1640166.470
383,2,7,35,2124936#5nbK8gbb7x9N90GuyUl2hoZC2alQzoP5y,109716.98,3276182#Dq989aIQEzD,549027.6800,3788246,609532#X9QiaRbKd50psG2atrkV7,2400708.640
384,1,2,39,476421#dINjp1JWhmOPHsX5CrT6t5Oj0EtxqzJQp,781266.6,2637377#69Eb74PHGCc,1953668.2600,-1351318,3703807#HoMjrgqR8UbfegWkiR50N,-2618802.090
385,1,6,37,719179#Lbu34GSG0S8cV0jqEEKJ4eP6uQThmL5a2,815431.3,2913677#6uKWa7yNiek,-1609343.1900,-336406,89943#RHoNDNsT7sszsielD9KwG,-1056418.360
386,3,11,58,2026162#Gwvk7yrvgujzKdhYNpS9EsOyJOPWMkdJt,-869915.9,982143#Fx5s90Jc5k2,-2616264.2500,-3007630,2054984#6yYZVBVXNN13XPfhynNkx,-3753284.130
387,1,12,23,261097#NppX8XaiIs2yCrDft245U78XJ53BzpqS1,-746474.5,3368434#bVepmxGu803,2721733.0500,1696319,3211237#p3DiqAcOahXZZF3fozgti,-1289457.190
388,2,7,60,1491922#NV5HzJt81G3LgsN37PjlTMdWce6jIhQw3,2283649.2,3304418#OVYcap6itLl,-3475191.0500,-1182043,3609615#93PHAl4Znt2RejyiuoJlC,2018331.750
389,2,8,26,224175#7y0hsI0i5WpuBUfAefzT7X3OETnrYWgyq,-1065732.2,1122015#u6mA3fzrMsP,-506967.9300,-1125132,1809139#6HtujYNFIXNrX4rkaNHY7,-492850.260
390,3,3,41,1584022#x3NtSd96be1rQtwX4mwawMq3VYXYrQLYB,3387772.5,3726395#PUSs39TfP8M,-508100.8300,-2606326,3066280#wiDFZIk6QaIEIpZSAHmsW,-2676225.850
391,3,8,25,859057#i9ugMpIJr6gueuA29WX4pVp7Qjy9gcrFg,1266693.8,518610#hGGUOkzSliF,3323033.1100,2634291,1648036#B41dw2yiegxLQ0fiDCVoH,582308.710
392,1,11,48,3741308#AR59DW9zyrKWPAymSMFpRfQrfQXIpv1df,777585.9,3757463#5XsGZRJFA0z,2021722.9800,-1452910,3095604#qxbDE4tOgNgV0pZp54wJV,-402509.280
393,1,1,8,2259827#KAfxBrTejje3r1V3cl2VkwanbP93SdP9l,-779763.6,784896#eQ1QQ5YTxzn,-1547858.7500,3373445,3720949#1dOeDJKwR7m0nOZ6oMFhb,3491417.990
394,3,6,52,2254921#dvRkRD2uZ7QuzeqtLQRTPFNkNzRlCoU8V,3228.06,714035#HKTXbZDvhcl,3578269.2100,257851,580416#AijiQPA0JBB56n1vI8s7U,1030381.230
395,3,5,58,3089421#dINjp1JWhmOPHsX5CrT6t5Oj0EtxqzJQp,-1564640.1,362333#PZnfRGfYhlL,2440901.7900,3119409,2692478#NItL8k78D5o19cYYsIc2Q,3130257.160
396,1,2,47,3408656#a8YNL4TL19mdAFjCOt9VSKqTOl4mmkxx6,-2179297.0,3096475#YUTWVHosY4M,493934.2600,-2336826,419593#bnZvQJRbrLFCLMxCnTnxp,1325550.800
397,1,7,37,2949454#N7AwYKvynPsPmq1Qniazq07kQ03uvfYC1,3128046.0,503501#S1aoPSrR500,-3892609.4400,1209495,133053#xOCiFaUaCk7fSwYJD7eLN,1250489.320
398,3,13,41,1507945#oJoQgbdOvyiF7OjBA98Yz9sN9UXxkL6kc,2616467.8,3812943#QiCxDWFHdah,767492.1700,2044103,3257748#Z4dCTMK3Zz9IxylmZbPhK,-3206192.000
399,1,9,24,210316#VFG1I89RL4YjXIadqkb3a9MN4aE7IWtzQ,-2143340.2,486305#aXOl3RdP8VD,142891.2600,-1930501,1454374#IK7q7FlvX0z1plVI2nlxE,2662985.670
400,2,13,36,108428#qenTQvMDNzv6yylaHMZm6BuVsNxauBpuR,2283465.2,1695876#FrK0klCrm9i,2154858.2900,-2840340,843592#FNOCuv8taB8JSK7x043Ok,-835451.340
401,3,8,11,3673708#4fuI8TfYXOuBZOtAfcYCuuYNL8J0ozmw8,3395302.8,1071661#oFFqhFtXfLl,152011.6600,-2727663,801007#eW86fUoNUgfTyShjc9eU8,2303300.750
402,3,6,33,3454177#WsaYrfL5UQn042ZIdZv3tE9S7d56aV1Bs,1025431.9,3341907#biE9pVXhnU8,-1037124.9600,-2909201,2943481#G83DISs8D8lSGvHCJKPzP,181198.820
403,3,8,10,1032114#VzVCQDkAufPcdKBsVw4K6XyDOWvXeoTd4,-2921639.0,1234599#la7WTozPpLw,-2437604.8700,-2452745,3492685#OwMsyfAC75lYEBkG6Enae,3835728.000
404,3,7,18,2750823#xaPnwPvHZTPG61Clag4Sak5uZmz2PePHQ,-3719766.5,1682624#rHZZN5vHQJf,1950027.7300,3822576,1961676#yfwT2fw3F7vfsIuhRod2K,736435.510
405,3,7,9,2905259#UUbNiJZYxzgRLaTlT9smZHEMiNXsQyIEm,819525.8,670794#aILeT6WNGHJ,-3816530.4500,3611144,619929#H0OudWTQx80b0BRmQSdJi,851580.710
406,1,6,29,433172#zKFVB92nwSQY7a8pXqzwCvE4pF8SYYBDn,793939.75,3206289#I9ztJtSVMqC,-47846.3400,-2722378,2444489#7SAfZY5d0TSsxZTvlTADF,1251810.090
407,2,8,21,2249938#4dvoPhq8KkJ5hfVT2VXTZ8sNRoBbV9oY2,-1457654.2,2275614#W1v8TMKQn8X,419701.0900,-3804797,1388255#71QllPA5NI4aemaykUepT,-1518849.690
408,3,13,10,2765313#OrMMvrbm9Df5frxBclAWu4i91S6PKc7SZ,54705.65,2123670#DIWfrDapaPT,-2411946.7500,-1914035,3066371#aMniLmS8uTNYnNPoKw1N0,1036402.290
409,3,13,50,3056115#JwBFR4rLjM4ZS8BeqgyyOVDsmZtExl4KS,468414.1,3624639#6uWOvCJ9chf,3028454.5600,2061963,1845211#HFxzDFqTFy50SSn1HhCPn,2404546.380
410,2,9,40,794824#9EPDa6u6Ft8Vkgg8lNax1iG8n9lwvDT05,56199.28,216378#oZsfq9OdXDg,1759732.6200,238497,1831212#5IYPU5ndKLR3D46zkNJgR,-83150.220
411,1,13,51,3890634#3ldthE4NReBIDPM51PXDBrxgGjPiTni7x,1925938.8,3258292#TSMrQQ1X4q8,-2480495.5900,1300245,2881016#QB9heyhpn8wKcsEXhU3NF,-1685393.160
412,2,8,27,876046#nDlMEjnK6ey8l1CMIKIe4sFpom8wHXBx8,2884443.8,40935#yrN4qQxr1dD,-2949332.3700,-3144676,739184#qCj00ZxeqP1EgTAhYhb0u,-627834.260
413,1,3,35,3137263#irmZJRX0eR9udOMsJrOEEYVBuxVgA4w2d,-3144063.5,1269604#3ysiSfYWJuB,-742013.3300,-1609423,2594219#bdvMZuVeETMfEsIqQDG6a,3976007.960
414,1,9,44,1970156#xzXVdRdOGGpCov7HZ2894J7M0KKB0dtRU,3861002.0,2353675#lODHwZX2HFe,-1547667.4600,842120,3332033#E9YL3NPRo06mU4zukYIqC,2466626.990
415,1,2,37,1324710#mJLtHYVK0uVXMPlhP9AkZ3Tl04bU4eLg4,-2371200.8,853863#eXlRZzUne3o,-4103267.0000,2748807,653383#0WwJ02UWz5kUF86nqu0Hg,2449277.650
416,1,6,11,608403#9aiM3dwqaeivcB4FRvnKDXaZZqnVnk3MB,-2422804.5,2260352#hp5pk6dEeT4,1440529.5600,1849430,3191882#TLekuwLO9pBiQnmer7GiF,214721.030
417,3,5,52,1974908#UOATFTrFhv0wvc3elF9l9t0vh5sulWlVD,-2154842.2,1354822#AI1V3WDAtRI,3716794.4600,2409687,1478188#ibgmZeKXd8G8LBVzArulk,-1395239.480
418,1,3,5,4037813#g7CAgJJmEyGzjmqryhfCIunmP6e9zR6hn,-196259.02,1332180#CfMSiN0qoid,480290.0100,-4151555,4090554#mayQz9mq6OntmkcZuf7ST,-3509868.670
419,3,12,34,3679388#fgSfaKV6hc6nuA9GIMqELDOcXpKh4d5pY,1007057.8,35709#JhQZfzyzkiW,-3951847.3900,-2739268,669476#VJSz42iyck2ZSCzDDpYkZ,-1790343.670
420,3,1,27,3479903#emTK52q9O0orx2wgnoAWs9Q9ePLP6VQBL,-518508.4,835628#ZD1tqkFkzuP,314431.4300,3556928,20911#Vn3M8IPNgQ18GgN7SpVqn,1263197.720
421,2,12,53,2482601#dBVDMOlrKjR0tPGnW31K5bBogtqxKdoYu,-3161447.0,2422963#nkPytwj45KX,1769793.0800,-349797,1960010#MEyJoQIxQQRitG7SInwnm,-1402400.190
422,3,1,43,988923#ta5XGg8ETkDOgyGsXYlD1xr3Bb6As4Ijo,-4141163.5,1758465#eMcnBbAf1rC,3722468.2700,364620,611356#5chEUg0PCsl2EUeI06uNn,-763017.210
423,3,5,20,2785082#9PO4PMKC48nbL9zOmuRmIAUnGI1m198Q6,-581295.6,3057126#9YYsk65rZF9,-3510710.5500,1071300,3886179#CRx9tArlrf5rIFDrVlvPo,-3189777.900
424,1,8,6,3479095#tskWlWKxcO8MN46NdyuUWVqy84WVkFJGO,-2912944.2,1510249#2gEM87VLykz,570538.4800,-520614,3826939#Wg2FVddEvSO4ZYCVluhfD,-3620891.000
425,2,10,58,2812572#nttiq4Jlic030LOG8SkoRau1RCykfBjZA,-3214142.0,2485552#VLZMard2wks,-1818428.5700,2291349,962371#aMniLmS8uTNYnNPoKw1N0,-1091002.040
426,1,5,44,86603#QWiaLmeAEbXRVVKAdRdN3g1j35Z51EpJn,-3983281.5,2055444#H33lWVjPCqA,-422449.4600,798956,2495116#ydoc90DKMpzhsCX2x25Sf,-3517391.200
427,2,1,4,2922353#YGQsfZjU4A8WbtAKRYYieuYi9dLmZnEIh,-1787849.5,706709#JhQZfzyzkiW,1444502.8600,890601,376862#eh5ZueczcvAF04RE5Y1S8,-3995479.080
428,2,9,29,4152064#YDmSh7k4qhHKSOp6yISfZYk7hYcPvC8sR,3584442.8,1465975#bvlOBVaaC8B,3576877.8500,-4204437,3861068#RCBzC9A0fhtOWWhdDmdal,-2658635.070
429,2,13,17,4002344#RJ5w7fjND16e6NOBQL2v8cfairKK61Jey,-3143791.2,309955#CcedDNkgkmZ,1008233.6000,-702913,67356#5chEUg0PCsl2EUeI06uNn,-818803.530
430,1,8,40,4302685#wIj48fBIZffBtn7t02ITDqFlo0WY5heRY,-833519.9,1277172#SNsBHfOE51E,2029716.4200,-3651331,1647308#OUEhG37L0cot9qobNLvXQ,-3444630.420
431,1,9,46,1475429#PHaoitmD7HXIQzMsnNdDyPBS1yGeGASBG,2860459.5,2712146#gq8HPOrPfNP,-4262032.4400,-2696146,284973#8D47mWoyOSJESoqTQed3r,2755013.070
432,1,13,15,3932855#uIr62fcrgTuWEKdhYKMHNJDALP9NwElta,84430.49,1673969#syXt8S8YrlA,-4172870.2500,2945335,463085#l4rpbbfrtNLoBgxKGhYzx,1855395.970
433,1,2,41,2401156#xzXVdRdOGGpCov7HZ2894J7M0KKB0dtRU,124116.98,3702678#wOBxehcxbFt,620965.6800,4282771,687951#Cu6VHPSM30wGLtFQoj4eF,2712833.140
434,3,2,17,538127#akuVd9MIQtLisfMDBGNkIHNJvuo6EKhFc,882866.6,2980756#BmBn9lw1qxB,2207552.2600,-1526181,4185296#aHOtxFTD7xCMMdf465w9A,-2960504.090
435,2,11,57,811302#3KDu9D4DMlRu6t5EpEj6H0V2ERUlZmszh,921831.3,3291698#rI7TXpm8Msb,-1818098.6900,-379531,101565#NB6ZPcm4IfYpYJaEUy9mU,-1193008.860
436,2,6,32,2287555#t2WRA07C6yAkI829DhOtxOcH2wmjpmgDT,-981915.9,1109051#oS0JHwniMPt,-2955489.2500,-3397480,2320859#7nURFtHSaSaeYXO4wSrRX,-4239109.130
437,2,4,22,293695#lip3VEtYeflvupPK0pG4s1sRSrMbFhfm5,-841674.5,3802948#owNMbZsXHYX,3073411.5500,1915819,3625098#oUqn1TldpQIrmF7SV8IQf,-1455608.190
438,1,13,46,1683290#ls81qpisGevm8pLmdDiGs8ijByxAvl2fZ,2578849.2,3729019#ruEC0oJKOUZ,-3922198.0500,-1333156,4073793#NVBn7LSNX6KlhfLntcwAs,2279376.250
439,3,11,32,252814#j5j8iXfdUqPnLqTytcqnRBTCw0zSh2jd5,-1202532.2,1265150#kGQNAt8o0W4,-573137.4300,-1269782,2041129#0vqXj4H9PSyYdBejWWsU7,-556457.760
440,3,4,22,1786556#pz3z9rrJJPSy5xh5hpyohfIleQl12whWX,3821372.5,4203004#dteK3ZEemWu,-573643.3300,-2940716,3458238#KWkw738qw71gCOoKfUVpP,-3020547.350
441,1,11,39,968244#qSacyqIGy4EVd3I7IYO2PEFIuyOGUzO4y,1427493.8,584433#ZfWmcO7nIyT,3747700.6100,2970466,1857693#yYWaG9uNIpJ7HGTy9uQz4,656182.210
442,2,2,18,4217915#F7pQXlFjK0Plue6vpLrqrtbPoVXKtI3oN,875985.9,4236436#QhndlpJiK4T,2280483.9800,-1638960,3489484#ewnf9SlNlb9nnYLEFBWUP,-454054.280
443,2,8,2,2546405#IXHUfbVlihcydhCFQ51N9ZaVx4i7CaQLb,-879763.6,884608#o9Nutfoj0OE,-1745246.7500,3803395,4193617#OrWyctbit1MGBBGzpiWe5,3936047.490
444,2,5,33,2540735#bOamRuwm3k6hOy5U7VrzDhfE5vt1JilUZ,3228.06,803470#HpqSciJRxGa,4033473.2100,290626,653954#d2dBoEoIFU3P9h2RocGl6,1160969.730
445,3,11,29,3479459#OVpaoSD7VFRO02jUHCwfwvHmwlR1aqiqb,-1761440.1,407275#mnNNXNk9msd,2751006.7900,3513259,3032410#Z9cMIx0vJmVIvsPeNOpJs,3525282.160
446,2,4,26,3838246#DTOwdObZbZbhiodUfxI7rRHWpj2tfobXC,-2454497.0,3487351#XI1DKTrMRJP,557334.7600,-2632301,471866#V7yvLmb9mgnKRKfwwt5RS,1493564.800
447,3,7,10,3320104#6KQFuVcihBYfTbBoMvOStwFUvl6cDUFnE,3520846.0,566559#xJXi0RqMrgL,-4383428.9400,1363045,149337#nxitcGN570aIIc5DIXhIX,1408439.320
448,3,2,12,1696543#1fqpNSM0QqXY1qdAE5nERixNR0FiDVyRt,2944467.8,4291196#1Ye88mdTxiS,864792.6700,2300315,3666145#6ZB0a0ZoWZA8QLNnVTptq,-3607766.500
449,1,6,9,235867#UavlFQrtu3pOa81VZMwkBNIgAssNFe8Ri,-2412140.2,546695#UQSwfuhTkgj,160351.2600,-2171538,1635713#CEzfhDqiWtdo6xyQdgyxc,2997487.670
450,3,5,56,121489#FRJaANQdzSc3q4YzVMfVWNSTyiA1DuFHp,2568265.2,1907177#2KUqVHDigH3,2423804.7900,-3195065,948433#cqJHnTwbVTDmtvsJoPgcu,-939660.840
451,1,5,1,4130773#Fy5oLbHZhIGB8StYlwzEvAh4aIPnKmF7L,3819302.8,1204812#Nyj8vmTlCn5,172037.6600,-3067663,900118#838Xg3a4ABQLWeDTBEZ0Y,2589314.750
452,3,8,20,3883428#qenTQvMDNzv6yylaHMZm6BuVsNxauBpuR,1151831.9,3756768#3CkZdhJAoto,-1165698.9600,-3269801,3309425#eG2ElGWcSDCg495EUafJD,204237.320
453,3,3,60,1159456#TMq1KWaHtiUwiDWIzkfyKRS0gEZE5d3qY,-3284039.0,1387470#HpqSciJRxGa,-2740958.3700,-2757895,3925898#HRdxhy4ycMcvQle6Z1PrN,4311692.500
454,2,10,27,3090986#JOZBHEAdfthRrusRxPCPL5VY6JvguB23u,-4181366.5,1890326#SZm81ZUFAhC,2190170.7300,4295076,2203274#pg3gYJuZgpcN2YYWtP2H1,828059.010
455,3,7,57,3263512#9ZU5LSrtkQS4guehJocEd1pnPQplMxa0j,920325.8,753400#fBSMHBejzw6,-4288474.4500,4056594,695395#jFLHACumdGCvlh5eKydsp,956200.710
456,2,4,58,485361#n6gWNJI5H5IqcwY5UHTILdW3AR1e06YUr,891539.75,3600244#3CsTCYnLugm,-54594.3400,-3057753,2744445#8HDZ1UApjpUpHI8kBYvGv,1407020.090
457,2,6,34,2525475#1v9KasAc9EbhMCfXCorRpn9VmdRyGW8ec,-1637654.2,2554158#GUDGoNOLGRm,471080.5900,-4272388,1558319#ADfajslEHLTqFiCigJNCR,-1705986.190
458,1,3,51,3104122#0lNX4BNy1H2R6QQMJGc0Bk37s3O7lrAHB,61905.65,2383911#4sW4LYGqsJC,-2706824.7500,-2149660,3441622#AXFKIdlzRflpsnD1kUzrH,1164536.790
459,2,8,38,3429510#nQOmHmrfxZK5Lpbhj0EgUqpw4bKwg2J7I,526814.06,4067255#aeQFvA0OBM9,3397662.0600,2314138,2069571#LgDIKrknDHOfYQbQjhlmv,2698104.380
460,2,6,26,891436#xSfmM4Oa5epiLPjGXa3kh7eK9GBJnLizW,64199.28,242240#iTHtmZCiZcR,1973245.1200,267022,2054484#ewnf9SlNlb9nnYLEFBWUP,-92705.220
461,3,7,38,4363679#pxfHgW66UcuK8FAAwsJXYumceE9539Hjf,2161138.8,3654138#V6WHNcGUBdf,-2782426.0900,1458782,3230445#8HDZ1UApjpUpHI8kBYvGv,-1890787.160
462,1,7,9,982330#7yWwKm6w4XtRVjVCD2BXwpRtkJKKLr2WU,3234043.8,45533#F7bE14SzKVu,-3308469.8700,-3526696,828689#g2PLetg6ktmH97la3lY70,-705050.760
463,3,7,5,3516003#OQJvqjNQW8NJbo36LBmozvJQ0DWm34wQg,-3525663.5,1422105#zygKclyL9U3,-830657.3300,-1805323,2908250#FNlQbWhyKupGa9QEgCB5C,4457098.460
464,1,13,33,2207072#h2nrn3TyT851DCzSyfu1ARDIjz3haYFiR,4327402.0,2637234#iorv9fgxMgZ,-1734467.4600,943320,3733866#V7yvLmb9mgnKRKfwwt5RS,2765247.990
465,1,2,39,1483375#t3Wau1L5MSXkcnJyCsZ5R4k9YsgEeuwJD,-2656000.8,956672#zzHoIjPU61A,-4597565.5000,3079994,731980#kVVLEVXXUwEk3G3yjptYL,2745198.150
466,3,11,58,681115#JwBFR4rLjM4ZS8BeqgyyOVDsmZtExl4KS,-2713204.5,2531002#SicOHOlrpXQ,1614753.0600,2071730,3575060#JroM6nAI2nu98eqtOUIu0,240382.030
467,2,8,50,2211105#gFBA81TfLSCmTVAtczS59uio7gdIlcVsJ,-2413242.2,1516915#Vv6VBQWMmxR,4162740.4600,2698896,1655248#1Wjxb9N4y6Jws5OWGZxMV,-1561513.980
468,2,7,44,4520031#S76j9LsmidW64pNZvt9NjfipOGlmKIHlU,-219459.02,1490624#rHZZN5vHQJf,538795.0100,-4648280,4579169#PvETpPJj0XEoJWnjMMCci,-3930277.670
469,3,5,42,4118404#3Zr5bYo1orOg0MdTy6YPIatcy2hNUgkf0,1126257.8,39565#CCWsWYtHmrc,-4423916.3900,-3066968,748433#cqJHnTwbVTDmtvsJoPgcu,-2003707.170
470,2,11,2,3893159#jb93KxHbbMBMbsBYyLq31aPRS6TgvPKn8,-580108.44,934009#v8dIEZYYzcH,351880.4300,3979459,22740#OfOlQCIJ85BtYKfJyyGO5,1412525.720
471,1,6,2,2777059#smALkXFhqeuUDes5MUav0mPdOqNqTejsu,-3535847.0,2710288#vD9ZzgZtutb,1979898.0800,-391897,2191681#uj1jtGPDHYf26hj5Ig7nR,-1569304.690
472,2,8,14,1105496#RchgwAMHqUQFGp6z3xothDT3RCPygasgm,-4631563.5,1965927#UJw7Azv6NZF,4162542.2700,407345,683473#REmu7kfhPjuRoaOaJDMD9,-854423.710
473,3,3,28,3114063#EsEQZ7dgTSsonz3o5Eh9Eq101ZmJjd3K7,-650895.6,3417610#hGGUOkzSliF,-3925730.0500,1197325,4344357#E8XG2DA9kQhdgKBtLYHHr,-3566725.400
474,1,13,45,3889176#yCMNlqiDZ5cijRNc4rGwNPaWYLDZiweRN,-3256144.2,1688220#nBdd1mquq8I,637164.4800,-581289,4277788#zitw9icrQiuUj1omxi43K,-4046745.000
475,2,7,44,3143062#qigE0KAJsbIIjQIpTYYp2UMf7tsJD0Oiw,-3592542.0,2777590#W1W6TOQ6Z7N,-2032982.0700,2561599,1075476#VJSz42iyck2ZSCzDDpYkZ,-1219816.540
476,1,1,34,95613#HDHAtM8unWlZCWYrwAMJaOgYHT0D0lhpe,-4450481.5,2295937#UPDqGUoTd23,-472376.4600,892390,2787789#X57MIwFQ5IMtEKi0V8d1B,-3929225.200
477,2,6,60,3264080#1AXZfXK6ZKZS7zJqx1VnOkNgOj226eMtB,-1996649.5,788672#zzHoIjPU61A,1613602.3600,994601,420245#EWqOC2G232mkInQuQ5qWh,-4464392.080
478,2,6,42,4636293#8aFL1FaCTUn5adML49R5XdfiLrOnhEwx2,4003642.8,1636215#UfJzi5gT4pN,3995765.3500,-4695681,4311808#Xe868uuAMVErIdwoE1B4w,-2970103.070
479,1,8,47,4468768#lsOZWcBqmeeH68EgQAKguZuj5tgnIT5ny,-3510191.2,344988#VB6gd4hTEml,1126041.1000,-784780,74572#yoKmpSR7YXgwoTP4XBkV0,-913399.030
480,2,4,13,4801960#bCm8yxjbv1UI6XyB2k028pZUkgxc6DYK2,-929519.9,1425344#QO0BCfs0CRT,2265222.4200,-4075668,1838603#qb2jikG78OROVW6n0oF5X,-3844147.420
481,3,2,29,1646190#ZDWH88N6VMjsQRvbyt4qlHeiFDxMC8oQn,3192459.5,3026625#1UswFboeVmM,-4756024.9400,-3008771,317021#ybv4OMrRQC57j2R1s9X1v,3075189.070
482,3,4,16,4387545#D8yJBEp5ki3oPLqisKXGmpq7PvszDpTxM,94030.49,1866687#KZEaLLLY7Dx,-4656217.7500,3285466,516079#N89KfFa68DQyLvr10kYjh,2070625.470
483,3,10,47,2677375#t3Wau1L5MSXkcnJyCsZ5R4k9YsgEeuwJD,138516.98,4129175#R9kwSSjGe3b,692903.6800,4777296,766370#imDYx4BdqvGktJMOuWpTx,3024957.640
484,2,2,57,599834#JEGkQOaEguacPYwnzhdnHmzmOjL88DSSa,984466.6,3324135#shxNXiv9reC,2461436.2600,-1701043,4666784#RM3sb50678vA4AUHgfFVj,-3302206.090
485,3,3,15,903426#uZXx9llSFYwLJsiXXyngKBijXsYxx47NO,1028231.3,3669718#6MOgVw0Z7YY,-2026854.1900,-422656,113186#DHLpTIVNTPS6S5mkkNCRp,-1329599.360
486,3,2,6,2548948#hcQ1PzxDWYXwNU1dfsVzGY0w7Iru3VNTf,-1093915.9,1235959#yfLGlXMA6or,-3294714.2500,-3787330,2586735#0QjQ7WUPLmtmLJP7SIIfl,-4724934.130
487,3,9,20,326294#YVVFEpgd7Wgq7bl1kct3RfuYfs6UByyEz,-936874.5,4237461#ayNHPkOAYwf,3425090.0500,2135319,4038958#5sAODS56Vy59xxn9uRmDz,-1621759.190
488,3,7,32,1874658#8x7AQl3axY1d8LHYsumKQbXVBsET0I9Qb,2874049.2,4153621#5xbzmURmsFV,-4369205.0500,-1484268,4537971#9jdXdPA4pyuCUX6F2q29j,2540420.750
489,1,2,38,281453#2gYt6onV4l3nmGHBK6dYzO3v8mngdtRBY,-1339332.2,1408286#jZfWSLjfAbh,-639306.9300,-1414432,2273118#838Xg3a4ABQLWeDTBEZ0Y,-620065.260
490,2,5,3,1989089#5Taqn3vXjFaX82pj1Af4jlU6KuqFUARTm,4254972.5,4679612#pDQRnTg6oAP,-639185.8300,-3275107,3850195#g0grHivjCZHqASpCZM705,-3364868.850
491,3,1,54,1077430#w8hedfNLEAE7mqvCE67qdTfBCnQpbBWpv,1588293.8,650256#R8QFNRCir9s,4172368.1100,3306641,2067350#KK5vSrKfRdbOOon6Iz6ty,730055.710
492,3,7,50,4694522#44adq0pcaRk2KojuH7pBRRy0sAamlayPU,974385.9,4715409#urPHZCa5EwJ,2539244.9800,-1825010,3883364#BLq75aA2x4GMUPkHvmB7a,-505599.280
493,2,3,59,2832982#SkUUp7kBlnEklCo7qOQnoE5kLvQurvZuG,-979763.6,984320#alHV8o9D8Rr,-1942634.7500,4233345,4666286#ZgjWXKVNzBfi8x0B3ofVL,4380676.990
494,3,4,14,2826548#GDWTBBpfiR3UuJwpuc0tbFCaR2hM1ZHag,3228.06,892904#RR1ZbJPS9T6,4488677.2100,323401,727491#OADJqe9S8uuIn1vX2HUfh,1291558.230
495,3,4,63,3869498#1gquB4h0huEep51rbDCI1AqZ6DCYNm2tI,-1958240.1,452217#ELS6PIdzhR9,3061111.7900,3907109,3372341#Xm3bJEvHoBNR4k7ZQDwOB,3920307.160
496,2,6,5,4267836#pD4WqiekuKf6SA0vmzaQcdm1GCiIi2A6O,-2729697.0,3878227#hxAJAPRrtSt,620735.2600,-2927776,524139#6HtujYNFIXNrX4rkaNHY7,1661578.800
497,2,7,46,3690753#PVXMbWCfwz9xlMoT8H6FXIeBBIJZ6P0PN,3913646.0,629616#8xtEK0Va4jE,-4874248.4400,1516595,165620#QeVNadZWaVn7WqYHIvL4Q,1566389.320
498,3,4,46,1885142#vDuyvNvbHf57FFCCYUhbYEWGrfPbJtvxe,3272467.8,4769448#TmMO1AHHuFH,962093.1700,2556528,4074541#OQ3KsoT1Guth0GMX8bg3N,-4009341.000
499,1,2,56,261418#GXkpbIHEZeKArS72XwivK1HZkgOmzMOK3,-2680940.2,607085#lKG3CbCXyBB,177811.2600,-2412576,1817053#xOCiFaUaCk7fSwYJD7eLN,3331989.670
500,3,10,13,134550#zXowSUsEnbKJPnkZkw7govfP15HZKASxa,2853065.2,2118478#br6ZCQ52MqR,2692751.2900,-3549790,1053274#pg3gYJuZgpcN2YYWtP2H1,-1043870.340
501,2,2,54,4587837#L8M3gwNfLzXGcA2wv3GKyJuOxcQUsyovi,4243303.0,1337964#F93UHjEdvew,192063.6600,-3407663,999228#WElPze3AaYb5dqmlMYnpy,2875328.750
502,3,10,7,4312679#pxfHgW66UcuK8FAAwsJXYumceE9539Hjf,1278231.9,4171629#SX31RelbpFE,-1294272.9600,-3630401,3675370#imDYx4BdqvGktJMOuWpTx,227275.820
503,3,11,46,1286797#141jnZsxOAnfHEDrizUk7hnClbg1KMz6J,-3646439.0,1540340#UGReRQizhL5,-3044311.8700,-3063045,4359111#r1xj0F7AfdTwLeS2bhJ8L,4787657.000
504,1,13,36,3431149#WuWhnTxLXTjvVkhiQOW61YWOjxXgHh5D1,-4642966.5,2098028#3tLQKVmJYWI,2430313.7300,4767576,2444873#02SGhBQRCB4CmEZHo9HhC,919682.510
505,1,7,42,3621764#SWn0pkOYf5ntjkf6NWHzYAqXPfDcMweMg,1021125.8,836005#HcYWz6qVhNs,-4760418.4500,4502044,770861#fEW9IzVAnxwTLjkNLwF63,1060820.710
506,2,1,25,537549#LSXbnL7DPxqTSYYUHU47wef6EzK9y44Be,989139.75,3994200#08IYunvKzgA,-61342.3400,-3393128,3044401#LiCP5DFWpICxEmx8sDz9M,1562230.090
507,2,4,47,2801012#If781PlNRpe4LWtJ3OAfxroYETQgV6orF,-1817654.2,2832701#xQZXqBb2YaT,522460.0900,-4739978,1728384#wycQEAbUfK3hUKIYKUh9S,-1893122.690
508,3,6,30,3442932#SzrAAPD2N2MZ1VpC9mrA4KZoMjeGCs41E,69105.65,2644153#nZ6CqD9uPQz,-3001702.7500,-2385285,3816873#02SGhBQRCB4CmEZHo9HhC,1292671.290
509,1,4,26,3802905#BZAIB9eC59xRf2SesLiEdRvCnnUZ4FQWt,585214.06,4509871#ttit3yRBuZ4,3766869.5600,2566313,2293931#ilJI8FMLIH0y8hYZ8KB95,2991662.380
510,2,3,12,988049#H2nY2eF7qb9fWB0wZdmAAnXWlbiPbxqb1,72199.28,268101#mTLnUdD4oED,2186757.6200,295547,2277756#tQeNiF8vNfVSeN8Y42nYm,-102260.220
511,1,2,24,4836724#9wd5EyUfEO9QhJQS6BLeJDizb5o5N05zF,2396338.8,4049985#El3L1yMXwep,-3084356.5900,1617320,3579873#02SGhBQRCB4CmEZHo9HhC,-2096181.160
512,2,5,54,1088615#M989soyWVLcWj4HLsVZYUSQTy2tDLZz4j,3583643.8,50130#WCoHDx7zcyn,-3667607.3700,-3908715,918194#X0BImTcGlRMLXWhdsuRgZ,-782267.260
513,2,12,38,3894743#urA9H7TrhKYzD89QgYI6uwwujhgyqsmA1,-3907263.5,1574606#cVEptCQc0VN,-919301.3300,-2001223,3222281#zUPqPR2UlxaCDIfy1zZow,4938188.960
514,1,4,21,2443988#YoiFHfQZ9VTU4V9HCwg8LROuNzUbPNxHw,4793802.0,2920793#UR815UQn3jK,-1921267.4600,1044520,4135700#hHnvJizl1fEwWwsxG2Qxa,3063868.990
515,1,2,41,1642040#DaWZsSPEOM0jeSQJd6PVdojg39XyWQb5O,-2940800.8,1059481#l5D2CQxPcum,-5091864.0000,3411182,810576#f6G5hnrbDaaO8UN0reG5i,3041118.650
516,2,3,41,753828#HOlxUEyNWi891ajygou4MmiM7dQGCcw1l,-3003604.5,2801652#xQgDv6hWiFO,1788976.5600,2294030,3958239#6icCOSBHrvDZ7TP22bXSr,266043.030
517,1,11,48,2447303#x6d5TkjG87gtZWtDvCcAG4UQAMekBmKoB,-2671642.2,1679008#bH1ywm9UVuQ,4608686.4600,2988105,1832307#xTNqTaMI5N3xv9pr3YJqP,-1727788.480
518,1,11,20,5002248#6zrav54Fs7SauI6rvxa4V7fK4M0LGd02i,-242659.02,1649068#78D8wG5oRJP,597300.0100,-5145005,5067783#TIoyzh1hbbu2akMqzvXtn,-4350686.670
519,3,11,49,4557420#Cm2Qy4yMgacvvvfPc3gKZ1Xlv4Pmqcezb,1245457.8,43422#uJMoF0ev5e6,-4895985.3900,-3394668,827390#mxWflHJ2Bgiyfa3AEOd2x,-2217070.670
520,3,8,39,4306414#eTvsTpS1PKe1P0yPRzHy3h4Y18sPMwSA4,-641708.44,1032391#VyNykWdYvcQ,389329.4300,4401990,24570#BpgNpUBFXRXjCaYpjbJpJ,1561853.720
521,3,13,14,3071517#ZjSCjpS3DrMTHWTuCsjKXDDkLIFMO0dq7,-3910247.0,2997613#9ivZlWSvGI2,2190003.0800,-433997,2423351#Gay9qmNtpWqiekUhVQwcQ,-1736209.190
522,1,1,48,1222070#mix4EYcFy3yAIxvpflWUwSNRp9f8xDvNs,-5121963.5,2173389#nSOHzTtR4Qm,4602616.2700,450070,755590#HqLvSp88GEFbU6pYw3C8B,-945830.210
523,3,1,36,3443044#9sh05md8fTUAIgLO8CRIa2UC91DrSw9g1,-720495.6,3778095#8UCnPyIMgZ9,-4340749.5500,1323350,4802535#PPkDGhN13N2uFi3wnyc7c,-3943672.900
524,1,5,21,4299257#3cAfNr9wNLjMgCa9uoSGr7E0FZIqpTlDs,-3599344.2,1866191#1wz3KFWgiRy,703790.4800,-641964,4728637#2amCDHtX1f9yUVO8JswQX,-4472599.000
525,3,4,30,3473552#vd7W9DgvxTPAVKpfV4ZCgVGc2wOPO2Snz,-3970942.0,3069627#JtoNCVwSR1y,-2247535.5700,2831849,1188582#ZMSIQvo4NuSZcvsE09rAc,-1348631.040
526,1,11,25,104624#fSCUeYocHSOLxmWcqb9KzWxrJT1nikGqk,-4917681.5,2536430#JS1D3bfJr8q,-522303.4600,985824,3080461#ht9aVcTakFhW1HacLxNRr,-4341059.200
527,2,11,53,3605808#FbGHOjSlfvGDZoeVlIdRJ5c6qFiweUxGk,-2205449.5,870634#VldVcdCelOv,1782701.8600,1098601,463627#65Mr7UtS0r6Qdx038VQug,-4933305.080
528,2,3,55,5120522#44adq0pcaRk2KojuH7pBRRy0sAamlayPU,4422843.0,1806456#1nKCvrWsLSg,4414652.8500,-5186924,4762548#x159Wjd3c3sSWWPyYtbZX,-3281571.070
529,3,3,14,4935191#ZpMHGm6SuY51GRi1cUXYBRjCNzmUhbEGD,-3876591.2,380022#mHENFy8QoxK,1243848.6000,-866647,81789#X57MIwFQ5IMtEKi0V8d1B,-1007994.530
530,3,1,49,5301236#AaNBXd2pIwl9C9o5C6WiE6GarpfXjvW2N,-1025519.9,1573515#XsscRYrPqY7,2500728.4200,-4500006,2029898#HRdxhy4ycMcvQle6Z1PrN,-4243664.420
531,1,8,12,1816950#ESDDV0sfMM1AOgop1K6gn3mDRurM84Cun,3524459.5,3341105#zygKclyL9U3,-5250017.4400,-3321396,349070#nmkyuO7p20m2wLIbGbm0g,3395365.070
532,2,8,17,4842235#5XxXplwZ0dbihDZs3KPzvhlL8ZaFmtvNt,103630.49,2059405#s1BmVppQxXr,-5139565.2500,3625597,569072#OXTOQZLurHFdzvkchOjet,2285854.970
533,2,5,53,2953595#eclb1bAsM1tSNKaH0L6sCBXLZmEFg9Dmg,152916.98,4555671#scfJWv8ONoL,764841.6800,5271821,844789#X57MIwFQ5IMtEKi0V8d1B,3337082.140
534,1,2,35,661540#U5Ags6CedvwcXu35LMbgng5UrhZqQH8Iw,1086066.6,3667514#isBksZ2Amn7,2715320.2600,-1875906,5148273#yenHjPT3kvzs1SDlWEZLx,-3643908.090
535,1,8,35,995549#LSXbnL7DPxqTSYYUHU47wef6EzK9y44Be,1134631.2,4047739#H8Ad3KmOlhn,-2235609.6900,-465781,124808#Xe868uuAMVErIdwoE1B4w,-1466189.860
536,2,10,43,2810341#mEum6ZIr8z9sIhtQqT2JconfbaTsjFFKe,-1205915.9,1362867#sG8rstAj4Lt,-3633939.2500,-4177180,2852610#JAzCem7sCaAKTdnk4FAab,-5210759.130
537,1,1,19,358892#Diucm3dIsF0itKyiWIpgfGRnWZlaiX8F7,-1032074.5,4671975#bvlOBVaaC8B,3776768.5500,2354819,4452819#NJ1w43ND0DqLQ5faqOw1H,-1787910.190
538,2,13,18,2066026#p6MhNxTklzovQ1FE4OoZ1HBfyNp6QyB8P,3169249.2,4578222#qp43aysFj36,-4816212.0500,-1635381,5002149#b3c3XtcjVEkY1kbNNMCWU,2801465.250
539,2,5,44,310092#zohMfdZLzys50PMvVt8YPQkQwdrAMqnrW,-1476132.2,1551421#etPPiVum7zt,-705476.4300,-1559082,2505108#9UJmUQjdsVy6olvpuvu0V,-683672.760
540,2,6,47,2191623#wzh1U7soMs1Bjo97hHaeUs0TwJjh4oGC6,4688572.5,5156221#zxAZgaEttd2,-704728.3300,-3609497,4242153#jCfH8Ti7AFkvfb0wg2Kf3,-3709190.350
541,1,4,5,1186617#3wpciRsXropx5M2uYhFFTARjL7FAYt8hO,1749093.8,716079#wmCyyztHzhS,4597035.6100,3642816,2277007#eW86fUoNUgfTyShjc9eU8,803929.210
542,1,11,20,5171129#i5BAWwePvtOP1BMPxMyzuD6sSUstgBC2D,1072785.9,5194382#ByJqFdPJ0k7,2798005.9800,-2011060,4277244#tyDalBlqsGOJifIgYRakW,-557144.280
543,3,10,53,3119560#kvrCWRa6wR5chKEbwnZLq8hLD9TY4wMJD,-1079763.6,1084032#L466jCyz9LY,-2140022.7500,4663295,5138954#d2dBoEoIFU3P9h2RocGl6,4825306.490
544,2,3,58,3112362#dwCMfJs6FunPBQPxoRfGNqdsi1hAT5V0i,3228.06,982339#DBPexXRcqM4,4943881.2100,356176,801029#GTCvVg2ZOb7Gfi3EDSnZn,1422146.730
545,3,10,34,4259536#szsUrOZ5oJgoJ4MdX3ogJkA1o9tGH242v,-2155040.0,497159#jOsoAu8pVPr,3371216.7900,4300959,3712273#yenHjPT3kvzs1SDlWEZLx,4315332.160
546,3,8,47,4697426#uZXx9llSFYwLJsiXXyngKBijXsYxx47NO,-3004897.0,4269103#70Mx8TKcJ89,684135.7600,-3223251,576412#kmVPCOplAT1D7jcHKsW2f,1829592.800
547,1,7,19,4061403#9aiM3dwqaeivcB4FRvnKDXaZZqnVnk3MB,4306446.0,692674#N9gKuO2W7M4,-5365067.9400,1670145,181904#5TkOF15nxwVeWfl0Wpb0O,1724339.320
548,3,6,17,2073740#i4QmFyg4t36uTFkgkGoREbmwzd44n4gHQ,3600467.8,5247701#xQZXqBb2YaT,1059393.6700,2812740,4482938#1wGXrSgVgXyoLEYoTPmg2,-4410915.500
549,1,12,41,286969#zVDAS6e4FBSw5JkQCIa3OvP9Qp79dGW7K,-2949740.2,667475#YUTWVHosY4M,195271.2600,-2653613,1998392#ctk9FN5yMMQe4G0GKeoIo,3666491.670
550,1,2,33,147611#x5enCAhGkEubK38fk99Y4u2f3lhhn3ENr,3137865.2,2329779#dFfbFyplnBw,2961697.7900,-3904515,1158115#zzxawKkVQxedgIpauTcxQ,-1148079.840
551,3,12,44,5044902#ilmW6EA7GjKKXJvFcWBmXcCP8bKkegupF,4667303.0,1471115#zwl2QdRqXRJ,212089.6600,-3747663,1098339#jrw11dxtVGH4iYnCcGyeF,3161342.750
552,3,12,57,4741930#UEtLWItCSbpCRfEEWjPgf3CLTlucn06Ea,1404631.9,4586490#WHdywkxAcRk,-1422846.9600,-3991001,4041314#0abqKMUYschMsP5229L2W,250314.320
553,3,6,33,1414139#SL2dgqUss1kpLSRZZU4ZsEOqr2QYTiFSy,-4008839.0,1693211#F54mICgmXe0,-3347665.3700,-3368195,4792324#SZECsU0jdG6IoEudbRL0f,5263621.500
554,3,3,45,3771312#cM4SZjYMvXLGwli1JEXFG8iTJxINuCK2i,-5104566.5,2305730#D153pg9hDPi,2670456.7300,5240076,2686471#g66CjVJdDzV4qTCc59V59,1011306.010
555,1,7,27,3980017#8wP4yLQXplrFudLdBxFyvumCjXKgWF6d8,1121925.9,918611#NpGtRJjb5Jz,-5232362.4500,4947494,846327#HjTsOmtMqljIzmUoO09aQ,1165440.710
556,3,12,54,589738#FUrJGcyAUfcRZlfsOkRkNgTNocAGoAHEE,1086739.8,4388155#tD1uZNkbYhM,-68090.3400,-3728503,3344357#E8XG2DA9kQhdgKBtLYHHr,1717440.090
557,2,2,60,3076549#LSXbnL7DPxqTSYYUHU47wef6EzK9y44Be,-1997654.2,3111245#r3lS18YiN1v,573839.5900,-5207569,1898448#BbPt29pY0kDO3BvG6aSz6,-2080259.190
558,1,9,8,3781741#QX5KI5NIA34vqW8e92GyAfWjIM757Q8DA,76305.65,2904394#ZIAm8ElBVsN,-3296580.7500,-2620910,4192124#gmghTtOrfGRjOxV8FUSf8,1420805.790
559,3,12,14,4176300#QAsgotyg5Ei2Sd4hmIcLcF7pNctWrtru8,643614.06,4952487#PntAJZCUk8X,4136077.0600,2818488,2518291#lZYaCgDuvVb3VeqhK2Oy6,3285220.380
560,2,13,61,1084661#oGc5pWVKfqBmxnUupdpsh6c7WvadqgUOb,80199.28,293963#nkPytwj45KX,2400270.1200,324072,2501028#4mxu6OwPNMIEQbwJnBsul,-111815.220
561,3,9,11,5309769#E1xf7PRuRfjouzKtPq3RaiZTzaMxDi6nb,2631538.8,4445831#VXP1pJgugKa,-3386287.0900,1775857,3929302#cPiBBlZPimMP4Kofjn0hY,-2301575.160
562,1,4,36,1194899#EasoJ2U61i2denFVnO87Sy1MDBO9BiVxi,3933243.8,54728#g6OXco3Jw59,-4026744.8700,-4290735,1007699#kegOxMtmxYHTFKh2IFxDI,-859483.760
563,1,3,8,4273483#LkziCE9axKBkaJ1mCZenLPlAPM1nANChc,-4288863.5,1727107#1hDBjkFCLEw,-1007945.3300,-2197123,3536312#vOKU2j7XwJgd3iNMiMzls,5419279.460
564,1,8,10,2680904#59x0ZtHFiIlZ4aCI0vR9l7aPA0XpetcnX,5260202.0,3204352#hp5pk6dEeT4,-2108067.4600,1145720,4537533#AHUNF9PB6QXACqHsYpysa,3362489.990
565,1,2,43,1800705#TP2CCGES80YcPKQKdn0oGxmLOUEluog1D,-3225600.8,1162290#3oVTowX1Jdm,-5586162.5000,3742369,889173#1DqrACXFXVSO2o8Pp2Bty,3337039.150
566,1,8,25,826540#U5Ags6CedvwcXu35LMbgng5UrhZqQH8Iw,-3294004.5,3072302#3nPSQIapzmI,1963200.0600,2516330,4341417#DmsK8bA3La6WlxhoQABiw,291704.030
567,3,1,46,2683500#UTr84XRT6h2nUzH7Y7hkGYSE7qvarFkfX,-2930042.2,1841101#mTLnUdD4oED,5054632.4600,3277314,2009367#Gk6rUyH8uaPNebyKs8Cyv,-1894062.980
568,2,2,59,5484466#TN9T1vcOMi3ddDY2NoGtlojpLzqSIbtTR,-265859.0,1807512#BI9DmiMoQw5,655805.0100,-5641730,5556398#2U6hSvIhRveocaXMJ0jJY,-4771095.670
569,3,4,57,4996436#xSfmM4Oa5epiLPjGXa3kh7eK9GBJnLizW,1364657.8,47278#q5gLzqQdKA5,-5368054.3900,-3722368,906347#fQRVEaQqKJFFavqVnks8H,-2430434.170
570,2,5,14,4719670#kLMYtbpJxxFrLXbzG7ok1ZAj15sOwpu7C,-703308.44,1130772#uv1I8eCoI2H,426778.4300,4824521,26399#KlANAMSZjwBsY174LjFO5,1711181.720
571,2,7,26,3365975#X1aEDj2y1pay6IGc0UjQhATrhzEtEsmvE,-4284647.0,3284938#ReiXAy0XwLS,2400108.0800,-476097,2655022#JLkJbZJIS9t6fzmaLNabj,-1903113.690
572,3,8,19,1338643#f7juXKRYihn3JPJrPJUG3ahohDfNhW3Go,-5612363.5,2380851#ZzJnE5Lrpzx,5042690.2700,492795,827707#dwGB4HSMfTAIsVWIGHji1,-1037236.710
573,3,12,44,3772025#PJCup1yK2VaQb8VxTrITkB5wGcCDKcbFf,-790095.6,4138579#3WN0ejgBSEp,-4755769.0500,1449375,5260713#CEzfhDqiWtdo6xyQdgyxc,-4320620.400
574,1,10,60,4709338#HPbEylzqonU1D4jUZmAQdR8xTsIZJMu8i,-3942544.2,2044162#AAUz4yBE5bC,770416.4800,-702639,5179486#SG86rMq4f6QjQizLXeZgM,-4898453.000
575,3,1,16,3804042#YuSIvmvJfhbFhU3KztBinjuOydyS6hWZO,-4349342.0,3361665#8pN5AxMrvsV,-2462089.0700,3102099,1301687#5kd2jCPpVPNPIUA29rl6B,-1477445.540
576,1,7,15,113634#3ldthE4NReBIDPM51PXDBrxgGjPiTni7x,-5384881.5,2776923#qN5VaqOnN58,-572230.4600,1079258,3373134#dejBen4z4yz10ZnCSEALI,-4752893.200
577,2,3,46,3947535#o2eGCbC36QlyuGgfz556jiyzxK4m5sMsx,-2414249.5,952597#0iHUMueKMxH,1951801.3600,1202601,507010#MEyJoQIxQQRitG7SInwnm,-5402218.080
578,2,13,5,5604751#7LpRMV3z5dbOygP97BxCqSGOTcAitdKxH,4842043.0,1976696#yzEaDolWFOZ,4833540.3500,-5678168,5213288#8id5bEvX4GcypWKL3CxbN,-3593039.070
579,2,11,44,5401615#M989soyWVLcWj4HLsVZYUSQTy2tDLZz4j,-4242991.0,415055#h1Md1CujfrS,1361656.1000,-948514,89005#yn3NByaiWL5etTnncNB0r,-1102590.030
580,1,10,22,5800511#A3SDTI7dUZ0KGaNATVKSYDuFtwsV4dKvj,-1121519.9,1721687#KZEaLLLY7Dx,2736234.4200,-4924343,2221193#H9d58K8iCjjuwYsrBSSAT,-4643181.420
581,3,1,58,1987711#0TviexOYsNymExVC4ZCc0eXqf5M9QXARI,3856459.5,3655584#xomwpcUMGrY,-5744009.9400,-3634021,381118#838Xg3a4ABQLWeDTBEZ0Y,3715541.070
582,1,12,18,5296925#Q6Wip4aVPr7zB2POIibfhe5hSR5PlavJS,113230.49,2252123#7ig6dm5to9M,-5622912.7500,3965728,622066#kxhtqsH5JDafvoFWXiC6S,2501084.470
583,1,13,59,3229814#j5j8iXfdUqPnLqTytcqnRBTCw0zSh2jd5,167316.98,4982168#9ABAj5BlwIQ,836779.6800,5766346,923208#FFpP3uJgnGggulNwux2Ih,3649206.640
584,3,2,12,723247#PWXDNEWxssFD1th5zsRkX2IJ07oLrjcCT,1187666.6,4010893#clekd106qZr,2969204.2600,-2050768,5629761#U4T9xcL4EWlEgtuefGqGo,-3985610.090
585,2,13,56,1087673#3d13Rm74hDXxJZ4VjZaxNVdrk78HYp2F7,1241031.2,4425759#pyTsCrCu04i,-2444365.1900,-508906,136429#sGepKdrT9pc4gH1YB4tdV,-1602780.360
586,3,6,17,3071734#hH2jd8ugtCR73IKi6LlwoTAxwIYqrEs0o,-1317915.9,1489775#aTFNJDaDwmn,-3973164.2500,-4567030,3118486#SG86rMq4f6QjQizLXeZgM,-5696584.130
587,2,6,17,391491#9xMlyiEOVVsEZJaPk3PwdAvDiRInrN2oT,-1127274.5,5106488#sEd6ExwM7b6,4128447.0500,2574319,4866679#k7jiGSdjQKEK2ewvFHHvg,-1954061.190
588,1,7,4,2257394#uffqVnY8Nc3g6VMJyWboK6wBqlQbvT0Hi,3464449.2,5002824#xO9IPeTFsVX,-5263219.0500,-1786493,5466327#HjTsOmtMqljIzmUoO09aQ,3062509.750
589,3,9,50,338731#RrDbhirf3b4EPHoSF2GNNpGVBfP9t9aIC,-1612932.2,1694557#6JsClvLO8L2,-771645.9300,-1703732,2737097#nqW2uffMXlYpOUbnWqXkQ,-747280.260
590,1,7,28,2394156#xzXVdRdOGGpCov7HZ2894J7M0KKB0dtRU,5122172.5,5632829#FlEERF5khhy,-770270.8300,-3943888,4634110#eHV1akxKBsdXFWMieaXgK,-4053511.850
591,3,7,20,1295803#cz0JPlIqoWNvdBG70zkrI8x4YmzXNULP7,1909893.8,781902#IwyqgzavDu5,5021703.1100,3978991,2486664#HBkaAjLEj2gV0pIJ1UK94,877802.710
592,2,3,52,5647736#xlRk7siU71sjl06rG0qUd1SpBAGRZgnoe,1171185.9,5673355#WylHcC160pv,3056766.9800,-2197110,4671124#gmghTtOrfGRjOxV8FUSf8,-608689.280
593,3,5,47,3406137#xh0CnxkA1F0pY514lXdJkUpKD7vxjY41A,-1179763.6,1183744#45eWKz0LY1s,-2337410.7500,5093245,5611623#G3TXm3Dl2OtjAIWdLGvuy,5269935.990
594,3,2,39,3398175#7y0hsI0i5WpuBUfAefzT7X3OETnrYWgyq,3228.06,1071773#oYnbUZn1RjJ,5399085.2100,388951,874566#EoNWXNnTH7HgnsdzMIwgt,1552735.230
595,3,3,5,4649575#FIjEWfaULr4T5es4J3hjY7hxzETdLReht,-2351840.0,542101#mTLnUdD4oED,3681321.7900,4694809,4052204#kqoKi40h4ECKSyg7oLKEm,4710357.160
596,3,10,26,5127016#6vDJ9neZjnJsuAaZt36tDpXg4vXEvI3qX,-3280097.0,4659979#vgkQ4Ed8qw5,747536.2600,-3518726,628685#OwMsyfAC75lYEBkG6Enae,1997606.800
597,3,7,55,4432052#SHmlk0D08YciGarLmwDVDMZMLGx9tt0Ow,4699246.0,755731#lvLuRjVZSzE,-5855887.4400,1823695,198187#Hd7Ojs4qfeJMVLRafoTQY,1882289.320
598,3,8,51,2262339#0u7fEZJ9LFsEblANPOQWphyJrzQFTev47,3928467.8,5725953#oHz7gFB7tyl,1156694.1700,3068953,4891334#RcE95Lluu3i0mfFGd1a0R,-4812490.000
599,1,8,25,312520#0QPb1UMUWzmT7AgjpIhfTLjJEkdCYJTpz,-3218540.2,727865#IbqHLo47eOI,212731.2600,-2894651,2179732#EfE2rJkubAKVmJ3Q65Jmm,4000993.670
600,1,7,53,160672#1yNF3nhEKN1MAoP2EZMFUBNTurw36UaDw,3422665.2,2541080#3xhuHcKhGk7,3230644.2900,-4259240,1262956#I2GazcjFsHcrcwdxgzI0C,-1252289.340
601,1,9,34,5501966#Cvx8BTdsc6a3jZtcpbJiaGwuLEUCcH2BR,5091303.0,1604267#aOEMC6rECkF,232115.6600,-4087663,1197449#9Z3ggHuBaFnfvC85leZhk,3447356.750
602,3,1,44,5171181#TIFPYSlIHWwsa7iQ2mvTYihBqEZyqfziG,1531031.9,5001351#XI1DKTrMRJP,-1551420.9600,-4351601,4407259#h5jpAhWqN6JSa8Iyg1IkT,273352.820
603,3,1,19,1541480#DRojZ4UPtr7lvLozcicXYIdwsQ1YuaN9B,-4371239.0,1846081#DnNFMpyIJaJ,-3651018.8700,-3673345,5225537#5HhddlBA9Ek6MekosuUst,5739586.000
604,2,6,54,4111475#1v9KasAc9EbhMCfXCorRpn9VmdRyGW8ec,-5566166.5,2513432#tTaKSkIKKyI,2910599.7300,5712576,2928070#nmkyuO7p20m2wLIbGbm0g,1102929.510
605,2,7,12,4338269#WcUSUyvh9hDmWdXpNvAGsyTcQ1q4QrRzF,1222725.9,1001216#poT9uYPy2cx,-5704306.4500,5392944,921793#NVBn7LSNX6KlhfLntcwAs,1270060.710
606,3,9,21,641926#mRXKrjMoy89KDbDbJVwxuSaFvlB25X2F8,1184339.8,4782111#FNSUZh6JQod,-74838.3400,-4063878,3644313#PdvR25vObyUOAgyTsSMdS,1872650.090
607,2,13,10,3352086#st28UzrGnukTB9QIzEtyszuyijKgDp9NH,-2177654.2,3389788#OmttGLYokKT,625219.0900,-5675159,2068513#T7oNBumvy4QWfOGi0uqvi,-2267395.690
608,3,12,50,4120551#KLebKWvKtqEPt3TAu95o9Y5w9v0vjvtGb,83505.65,3164636#KYmHeBBofUl,-3591458.7500,-2856535,4567375#igwfagAicMoIENFRCsGRJ,1548940.290
609,2,8,2,4549695#lip3VEtYeflvupPK0pG4s1sRSrMbFhfm5,702014.06,5395103#70Mx8TKcJ89,4505284.5600,3070663,2742651#lQRsNwUP9SRk5iyWYm3WO,3578778.380
610,2,10,47,1181274#hERLZRdLFxkfFNewmjasc1cNiMCHzZpVX,88199.28,319824#xO9IPeTFsVX,2613782.6200,352597,2724300#4nNd7X0LdnggKG8JUlMbb,-121370.220
611,1,4,60,5782814#j5j8iXfdUqPnLqTytcqnRBTCw0zSh2jd5,2866738.8,4841678#wOBxehcxbFt,-3688217.5900,1934395,4278730#ehdP77Spg71WC1dWO7Aos,-2506969.160
612,2,2,18,1301184#egFSQ8tJK0UXGvk5lSzDmsGEf9Xf6ZB4J,4282844.0,59325#debrBTb3hOi,-4385882.3700,-4672754,1097204#kqoKi40h4ECKSyg7oLKEm,-936700.260
613,3,8,41,4652223#1DJzRHeg7GsbMESkwFlqkPgav90QADyE0,-4670463.5,1879608#o9Nutfoj0OE,-1096589.3300,-2393023,3850343#tx12Dv1wAyjilKnU6kIWr,5900369.960
614,1,12,61,2917820#0CQ6ih4j4JYaLVzMRxXXxfVCc7OnH2Pcj,5726602.0,3487911#4sW4LYGqsJC,-2294867.4600,1246920,4939367#Gk6rUyH8uaPNebyKs8Cyv,3661110.990
