1,6,9,8,-1756908,4140644,1591028#bShdusb5FeEgdx5k8AJSHi3PQtIP9Elny,1391674.7,1478881,-3711302,0.4,2440536#jc5jo0Ykk24f7TxL
1,6,9,9,1511024,2100920,4107345#CHZg4LNP48CBgu4ndmVslDj2qDMQ4gGp4,-4266537.1,-3584326,-268316,-0.3,1308407#yh51m6dSS8sZYlg6
2,1,1,1,-1454,23943,10017#hLKZPMpWc4UAoQxIIcPY1ApGoJyRA1hv3,16075.07,-9011,7137,0.0,21729#WHhAt3EJM5Jlu5lM
2,1,1,2,-24977,-1090,7946#QGPxxG4U6dDfBjtytV24wyG4CqOqloLMh,23411.54,-1457,35669,0.0,19674#kRIn2bozEzm81oRx
2,1,1,3,-6125,12776,51758#NGzh9atFmxwdLWyQc70RSF8CdXvB321lu,-253.44,-53742,-49506,0.0,24612#qNKAyKkxkqkzf8cL
2,1,1,4,-11271,-10886,25802#buf8n2Uar7P3E1uV6VcMcdHGBrlPvHPtU,-8447.06,57105,-86025,0.0,67825#oCmWKvKRUJyV3YVj
2,1,1,5,-48594,-14418,74940#8JOZVOx5XMn2NqzIaGzT3IxArIblKZKdK,63629.1,-49167,75354,0.0,88876#iV0FqshrsDmitFa0
2,1,1,6,58505,-60458,40799#lvcNgqU6YH2fAMy5iWfeSZLsa0Lisl8hI,-105435.63,42737,-750,0.0,98879#1Ap11WClT8SCgLpV
2,1,1,7,-116681,-136496,124071#QwB9cKIEQdzMGAmGeXwQKNKd7Gqj23hXD,-7128.98,28491,131978,0.0,55118#BoSZ8a32e68sRnkt
2,1,1,8,-118759,-63340,68432#6iuHHjCJrrPLKwsQ6hPj4D08QVDS4yrJX,1497.35,-153404,-112572,0.0,61649#TPm1uREySCD4bBBc
2,1,1,9,-131994,-43288,145996#GeEb13LL96GDCuShEizgApQmtUVprWKzi,-144830.6,37882,73525,0.0,53563#YfEHL9jZI8VL6Kcm
2,1,2,1,-24977,-1090,7946#QGPxxG4U6dDfBjtytV24wyG4CqOqloLMh,23411.54,-1457,35669,0.0,19674#kRIn2bozEzm81oRx
2,1,2,2,-5599,16045,66679#TqcocJt5ltyXzeFzAq64uGazn7PxPfSKf,-2525.44,-69318,-65353,0.0,31456#MNrTjqPV3n81EhIt
2,1,2,3,-13085,-14456,37759#AsVsRKkhKJrCzdUjHPknJT9O26C12Prcw,-8639.06,89927,-124161,0.0,100578#q1aWVJXD89x1rRUZ
2,1,2,4,-78792,-18657,116043#JtFkk6EWnmLExjxSO2M7pgcTZ5UdjHrty,98861.1,-76665,125504,0.0,137175#vQWWMlKoiFDn0UBZ
2,1,2,5,100705,-102582,66456#EqZL6Mtzr6fwZ7zrLonEJzcNDUHf7oG8Y,-175707.63,65225,-7225,0.0,164075#SxOhVOaJAmPntnzY
2,1,2,6,-199351,-235702,207072#3N7T4amIV7fphPHx7rQY21PvDGvzAME0r,-7128.98,52947,222984,0.0,91084#V2qpVwJ7MmZ54tcE
2,1,2,7,-212350,-111795,117063#Rrb51YSwxJOufwopalG8c510vNHrm5fE2,8793.35,-270907,-200748,0.0,100742#wuYOpksb9J15R5wR
2,1,2,8,-235052,-74130,254084#2HOIS5ACOnRuDMcEYqiUDrPLisGEl2c8H,-254142.6,67921,136362,-0.1,88706#awpRnnRtMLqr8XNb
2,1,2,9,-37510,-41140,244821#rfSkb04h0RGBYk4UH5iacfOME0GGcqSs6,320521.46,-303184,157178,0.0,156030#UoPDNMPMP0G3NYxf
2,1,3,1,-6125,12776,51758#NGzh9atFmxwdLWyQc70RSF8CdXvB321lu,-253.44,-53742,-49506,0.0,24612#qNKAyKkxkqkzf8cL
2,1,3,2,-13085,-14456,37759#AsVsRKkhKJrCzdUjHPknJT9O26C12Prcw,-8639.06,89927,-124161,0.0,100578#q1aWVJXD89x1rRUZ
2,1,3,3,-88858,-20069,129745#NMAXNVuLMHuz9eECYGxFGwmREmQSFFgRJ,110605.1,-85830,142221,0.0,153274#9h6qFpg5UFoTSwZR
2,1,3,4,121805,-123644,79284#dX63uwZmCsd9nqZxLGpjJMDUGGZb8tkim,-210843.63,76470,-10462,0.0,196673#whxRD7D6aKkHcHFt
2,1,3,5,-248953,-295225,256873#ZbAeW3MhodqoxkBnrjxhk0ySVdoVm262D,-7128.98,67620,277587,0.0,112663#vQ1Q9w30NGqzjpfL
2,1,3,6,-274744,-144098,149483#UPlNk8wliVlPHZhZe3CBzGr9RrLzeWy95,13657.35,-349243,-259532,0.0,126804#et4ELWzQBAxUNWEw
2,1,3,7,-308664,-96160,331290#FRIQwGRXiZp9SUXBfwslfVaqlb3svmpU5,-332222.6,89377,181246,-0.1,113808#9znzMQbF83mBjyl1
2,1,3,8,-48310,-51949,323941#whUOX3LMATOC7Sk8an4wEwfQYmunvpNyz,429001.46,-404086,210013,0.0,206038#PWiDRWPDMbJpraoU
2,1,3,9,-437964,-483335,35471#pawVqasMJQ6Wha5opYn7slnIMmgdd8cQx,89816.22,490987,-327617,0.1,392856#OCJoijpuNTPniD48
2,1,4,1,-11271,-10886,25802#buf8n2Uar7P3E1uV6VcMcdHGBrlPvHPtU,-8447.06,57105,-86025,0.0,67825#oCmWKvKRUJyV3YVj
2,1,4,2,-78792,-18657,116043#JtFkk6EWnmLExjxSO2M7pgcTZ5UdjHrty,98861.1,-76665,125504,0.0,137175#vQWWMlKoiFDn0UBZ
2,1,4,3,121805,-123644,79284#dX63uwZmCsd9nqZxLGpjJMDUGGZb8tkim,-210843.63,76470,-10462,0.0,196673#whxRD7D6aKkHcHFt
2,1,4,4,-265487,-315066,273473#7LPIIQCMmRq1Yb2ivlQqOXhE5IasPnrDK,-7128.98,72511,295788,0.0,119857#74Xz1rXcVIEY9xrW
2,1,4,5,-305941,-160250,165693#Nu6uQFInolND3qvMbnUCsG4whMzXDGQDe,16089.35,-388410,-288924,0.0,139835#uuXuO4lSr8Uj8lER
2,1,4,6,-352832,-109378,377613#iM308Zs0KS7A1rdjWIG4XSMbArbCuTnVm,-379070.6,102251,208176,-0.1,128870#Ew4Wafw2ZmT2R5tD
2,1,4,7,-55510,-59155,376687#yZkxyw3sL7vBJjvdUnx6fwencq3khAkc6,501321.46,-471354,245237,0.0,239376#9JhQryZtkc0XddzH
2,1,4,8,-517934,-572329,40442#IbPbCrChKy3vIL5GHXRbj8iyl5WUuM9Bc,105976.22,583522,-388033,0.1,464978#gJvnUV9uDyhcJhie
2,1,4,9,295174,-73117,419711#eOLT9jFkKpjkqccW1ZYAt2Ydo0KWN3h1o,-571120.85,-14632,-724347,-0.1,700305#hxktvx7otYkoMyvc
2,1,5,1,-48594,-14418,74940#8JOZVOx5XMn2NqzIaGzT3IxArIblKZKdK,63629.1,-49167,75354,0.0,88876#iV0FqshrsDmitFa0
2,1,5,2,100705,-102582,66456#EqZL6Mtzr6fwZ7zrLonEJzcNDUHf7oG8Y,-175707.63,65225,-7225,0.0,164075#SxOhVOaJAmPntnzY
2,1,5,3,-248953,-295225,256873#ZbAeW3MhodqoxkBnrjxhk0ySVdoVm262D,-7128.98,67620,277587,0.0,112663#vQ1Q9w30NGqzjpfL
2,1,5,4,-305941,-160250,165693#Nu6uQFInolND3qvMbnUCsG4whMzXDGQDe,16089.35,-388410,-288924,0.0,139835#uuXuO4lSr8Uj8lER
2,1,5,5,-367554,-113784,393055#ze4uyj81oIM2QbdQlBCEokVwsBDJE0ruN,-394686.6,106542,217153,-0.1,133890#yeLm5Q4f7rzkm77T
2,1,5,6,-59110,-62758,403061#UbTBARd8oHILKdp3m2Gs5y10nVjwtkRvT,537481.46,-504988,262848,0.0,256045#jePQgAwE2HGaNmYR
2,1,5,7,-565916,-625725,43425#GtoSsbOGejnBNcM9gbG8oeOcUsqxdLWp5,115672.22,639043,-424283,0.1,508251#ra2ZpAGC3bMTXrc1
2,1,5,8,327467,-82171,466064#7KiaM9QzBZxSGUwmm1MPzjeAhWwOY6dR1,-634480.85,-15435,-803782,-0.1,777733#UflvH81u4KcM9fqu
2,1,5,9,-243805,-185208,272731#OXezC2eyZouiPUzq7U9TntoyDQ1BcNILI,572810.45,-669400,-867502,0.0,301744#jaGYYIRRygUJNUyD
2,1,6,1,58505,-60458,40799#lvcNgqU6YH2fAMy5iWfeSZLsa0Lisl8hI,-105435.63,42737,-750,0.0,98879#1Ap11WClT8SCgLpV
2,1,6,2,-199351,-235702,207072#3N7T4amIV7fphPHx7rQY21PvDGvzAME0r,-7128.98,52947,222984,0.0,91084#V2qpVwJ7MmZ54tcE
2,1,6,3,-274744,-144098,149483#UPlNk8wliVlPHZhZe3CBzGr9RrLzeWy95,13657.35,-349243,-259532,0.0,126804#et4ELWzQBAxUNWEw
2,1,6,4,-352832,-109378,377613#iM308Zs0KS7A1rdjWIG4XSMbArbCuTnVm,-379070.6,102251,208176,-0.1,128870#Ew4Wafw2ZmT2R5tD
2,1,6,5,-59110,-62758,403061#UbTBARd8oHILKdp3m2Gs5y10nVjwtkRvT,537481.46,-504988,262848,0.0,256045#jePQgAwE2HGaNmYR
2,1,6,6,-581910,-643524,44419#evCBKKrf7narxCSizC0Nv8OeZ3vL5WIuD,118904.22,657550,-436367,0.1,522675#kziYZq17hOhifxvd
2,1,6,7,343614,-86698,489241#d1Wr3CkAt05jWqunXvRh3d9Q0v6y4eCf4,-666160.85,-15836,-843499,-0.1,816447#Hfp1EyN5KbvLRG8i
2,1,6,8,-259837,-196918,290485#sSg516glA1bmqZvjIeDedtMLUysha8eVu,611498.45,-714688,-924958,0.0,321220#wYqHbxdxFhtcbxXP
2,1,6,9,-665950,627601,511712#ZrRulcYgqWFyWXT3SEWKAORrwxBKe0K8W,-519094.76,677907,-567925,0.0,965467#UYvyVo8KLbECr9X1
2,1,7,1,-116681,-136496,124071#QwB9cKIEQdzMGAmGeXwQKNKd7Gqj23hXD,-7128.98,28491,131978,0.0,55118#BoSZ8a32e68sRnkt
2,1,7,2,-212350,-111795,117063#Rrb51YSwxJOufwopalG8c510vNHrm5fE2,8793.35,-270907,-200748,0.0,100742#wuYOpksb9J15R5wR
2,1,7,3,-308664,-96160,331290#FRIQwGRXiZp9SUXBfwslfVaqlb3svmpU5,-332222.6,89377,181246,-0.1,113808#9znzMQbF83mBjyl1
2,1,7,4,-55510,-59155,376687#yZkxyw3sL7vBJjvdUnx6fwencq3khAkc6,501321.46,-471354,245237,0.0,239376#9JhQryZtkc0XddzH
2,1,7,5,-565916,-625725,43425#GtoSsbOGejnBNcM9gbG8oeOcUsqxdLWp5,115672.22,639043,-424283,0.1,508251#ra2ZpAGC3bMTXrc1
2,1,7,6,343614,-86698,489241#d1Wr3CkAt05jWqunXvRh3d9Q0v6y4eCf4,-666160.85,-15836,-843499,-0.1,816447#Hfp1EyN5KbvLRG8i
2,1,7,7,-265181,-200821,296402#KJT4pea4MwuaWWTCiwhcuzVn1PFXMRHys,624394.45,-729783,-944110,0.0,327712#3VVj2mqaUh7sNu8V
2,1,7,8,-690630,651027,530635#2PuzddE0IbDwktFJM0SJoUjvTrhcyyLT5,-538102.76,702696,-588684,0.0,1001130#gOxU1CFVwQ9hpUYa
2,1,7,9,-437146,-434892,1063735#rXQ1RKtw7pov32t9GHlGNHjttcPmLTnns,409353.15,999774,-103967,0.0,1263660#QJ33JffBI571jzH0
2,1,8,1,-118759,-63340,68432#6iuHHjCJrrPLKwsQ6hPj4D08QVDS4yrJX,1497.35,-153404,-112572,0.0,61649#TPm1uREySCD4bBBc
2,1,8,2,-235052,-74130,254084#2HOIS5ACOnRuDMcEYqiUDrPLisGEl2c8H,-254142.6,67921,136362,-0.1,88706#awpRnnRtMLqr8XNb
2,1,8,3,-48310,-51949,323941#whUOX3LMATOC7Sk8an4wEwfQYmunvpNyz,429001.46,-404086,210013,0.0,206038#PWiDRWPDMbJpraoU
2,1,8,4,-517934,-572329,40442#IbPbCrChKy3vIL5GHXRbj8iyl5WUuM9Bc,105976.22,583522,-388033,0.1,464978#gJvnUV9uDyhcJhie
2,1,8,5,327467,-82171,466064#7KiaM9QzBZxSGUwmm1MPzjeAhWwOY6dR1,-634480.85,-15435,-803782,-0.1,777733#UflvH81u4KcM9fqu
2,1,8,6,-259837,-196918,290485#sSg516glA1bmqZvjIeDedtMLUysha8eVu,611498.45,-714688,-924958,0.0,321220#wYqHbxdxFhtcbxXP
2,1,8,7,-690630,651027,530635#2PuzddE0IbDwktFJM0SJoUjvTrhcyyLT5,-538102.76,702696,-588684,0.0,1001130#gOxU1CFVwQ9hpUYa
2,1,8,8,-444088,-441942,1080601#buypJ2f6kgmchjNXABqtfyrHwGqL9GyG8,415817.15,1015772,-105741,0.0,1283610#sdKUSPNFqQHoJKPb
2,1,8,9,-735221,-1207181,1394321#exRIoXcGDMTekbmXmrnoP5UbekAYjSDHl,-982344.06,816616,514297,-0.1,1226034#HHpYUKHE9pb0ryOU
2,1,9,1,-131994,-43288,145996#GeEb13LL96GDCuShEizgApQmtUVprWKzi,-144830.6,37882,73525,0.0,53563#YfEHL9jZI8VL6Kcm
2,1,9,2,-37510,-41140,244821#rfSkb04h0RGBYk4UH5iacfOME0GGcqSs6,320521.46,-303184,157178,0.0,156030#UoPDNMPMP0G3NYxf
2,1,9,3,-437964,-483335,35471#pawVqasMJQ6Wha5opYn7slnIMmgdd8cQx,89816.22,490987,-327617,0.1,392856#OCJoijpuNTPniD48
2,1,9,4,295174,-73117,419711#eOLT9jFkKpjkqccW1ZYAt2Ydo0KWN3h1o,-571120.85,-14632,-724347,-0.1,700305#hxktvx7otYkoMyvc
2,1,9,5,-243805,-185208,272731#OXezC2eyZouiPUzq7U9TntoyDQ1BcNILI,572810.45,-669400,-867502,0.0,301744#jaGYYIRRygUJNUyD
2,1,9,6,-665950,627601,511712#ZrRulcYgqWFyWXT3SEWKAORrwxBKe0K8W,-519094.76,677907,-567925,0.0,965467#UYvyVo8KLbECr9X1
2,1,9,7,-437146,-434892,1063735#rXQ1RKtw7pov32t9GHlGNHjttcPmLTnns,409353.15,999774,-103967,0.0,1263660#QJ33JffBI571jzH0
2,1,9,8,-735221,-1207181,1394321#exRIoXcGDMTekbmXmrnoP5UbekAYjSDHl,-982344.06,816616,514297,-0.1,1226034#HHpYUKHE9pb0ryOU
2,1,9,9,852460,162896,56073#NnSrkAOcT26gPbToBnfARQwE4RFU8loNz,-305774.25,1384249,1354561,-0.1,956058#FIxzma28pgE3Hwgf
2,2,1,1,-24977,-1090,7946#QGPxxG4U6dDfBjtytV24wyG4CqOqloLMh,23411.54,-1457,35669,0.0,19674#kRIn2bozEzm81oRx
2,2,1,2,-5599,16045,66679#TqcocJt5ltyXzeFzAq64uGazn7PxPfSKf,-2525.44,-69318,-65353,0.0,31456#MNrTjqPV3n81EhIt
2,2,1,3,-13085,-14456,37759#AsVsRKkhKJrCzdUjHPknJT9O26C12Prcw,-8639.06,89927,-124161,0.0,100578#q1aWVJXD89x1rRUZ
2,2,1,4,-78792,-18657,116043#JtFkk6EWnmLExjxSO2M7pgcTZ5UdjHrty,98861.1,-76665,125504,0.0,137175#vQWWMlKoiFDn0UBZ
2,2,1,5,100705,-102582,66456#EqZL6Mtzr6fwZ7zrLonEJzcNDUHf7oG8Y,-175707.63,65225,-7225,0.0,164075#SxOhVOaJAmPntnzY
2,2,1,6,-199351,-235702,207072#3N7T4amIV7fphPHx7rQY21PvDGvzAME0r,-7128.98,52947,222984,0.0,91084#V2qpVwJ7MmZ54tcE
2,2,1,7,-212350,-111795,117063#Rrb51YSwxJOufwopalG8c510vNHrm5fE2,8793.35,-270907,-200748,0.0,100742#wuYOpksb9J15R5wR
2,2,1,8,-235052,-74130,254084#2HOIS5ACOnRuDMcEYqiUDrPLisGEl2c8H,-254142.6,67921,136362,-0.1,88706#awpRnnRtMLqr8XNb
2,2,1,9,-37510,-41140,244821#rfSkb04h0RGBYk4UH5iacfOME0GGcqSs6,320521.46,-303184,157178,0.0,156030#UoPDNMPMP0G3NYxf
2,2,2,1,-5599,16045,66679#TqcocJt5ltyXzeFzAq64uGazn7PxPfSKf,-2525.44,-69318,-65353,0.0,31456#MNrTjqPV3n81EhIt
2,2,2,2,-14899,-18025,49716#eIT9JOxp3Arvh2aGu8Z0x67etMrIipD3B,-8831.06,122749,-162297,0.0,133331#Zx94qgqtj1zVVpXn
2,2,2,3,-119056,-24307,170848#8QIhJC4icMonoYBdXumw3VZVWy3JFXDiJ,145837.1,-113328,192371,0.0,201573#9eT8gJX6FB1M0shB
2,2,2,4,164005,-165768,104941#whUOX3LMATOC7Sk8an4wEwfQYmunvpNyz,-281115.63,98959,-16936,0.0,261869#VjbpV29AFm5jx8dg
2,2,2,5,-331623,-394431,339874#8mwxz1pS8uTNdOoRG2Hz7rms6BFW59XmQ,-7128.98,92076,368592,0.0,148629#yiPypL5QwUAV00GP
2,2,2,6,-368335,-192553,198113#re0hFnvmhzEYswHYlJIByswpkwNfSNBLa,20953.35,-466746,-347707,0.0,165897#lCC1KtGAUSZxNaa3
2,2,2,7,-411722,-127002,439378#cDvzhSHISlQwGLn9bQ9XriIAgMjW9TH3A,-441534.6,119416,244083,-0.1,148952#b5ODeHSMK55OqceG
2,2,2,8,-62710,-66361,429434#QBVPyYjww78xo1IlPdPfck4xqEMMDjTgP,573641.46,-538622,280460,0.0,272714#PQA5YegLENVuROyX
2,2,2,9,-581910,-643524,44419#evCBKKrf7narxCSizC0Nv8OeZ3vL5WIuD,118904.22,657550,-436367,0.1,522675#kziYZq17hOhifxvd
2,2,3,1,-13085,-14456,37759#AsVsRKkhKJrCzdUjHPknJT9O26C12Prcw,-8639.06,89927,-124161,0.0,100578#q1aWVJXD89x1rRUZ
2,2,3,2,-119056,-24307,170848#8QIhJC4icMonoYBdXumw3VZVWy3JFXDiJ,145837.1,-113328,192371,0.0,201573#9eT8gJX6FB1M0shB
2,2,3,3,185105,-186830,117769#Ek0ju78h1uQMa7g2YjGWy4O7YESnx1yEk,-316251.63,110203,-20174,0.0,294467#UYvyVo8KLbECr9X1
2,2,3,4,-397759,-473795,406275#kxAiyEOwrMzr6IoqrhvswajnYRbv6Ek7a,-7128.98,111641,441397,0.0,177402#ZZ9HbuFgvGQr1Hmm
2,2,3,5,-461926,-241008,246744#UQlJ4zrLz4SsNaV43Yi5Ne2YPtfiEAXB2,28249.35,-584249,-435883,0.0,204990#B55VCQxEtgoxZ6Nq
2,2,3,6,-529502,-162250,562907#UNIZOfUfkTGvoBHhptW1j6HPOGnUlkvoQ,-566462.6,153745,315897,-0.1,189116#Ut3D5N5LkK5dUo6o
2,2,3,7,-80710,-84376,561300#BI4q46DtAbc5wm9jjLdrnZkMYlGEljX3d,754441.46,-706793,368519,0.0,356059#cEgzaHrP2sOfGykS
2,2,3,8,-773838,-857109,56350#homsUTCrziZM7IjFjCLvzT8Pq386oyMKx,157688.22,879633,-581366,0.1,695768#GqsQnMAf46BdNA7z
2,2,3,9,440494,-113861,628300#BI4q46DtAbc5wm9jjLdrnZkMYlGEljX3d,-856240.85,-18243,-1081804,-0.1,1048733#UflvH81u4KcM9fqu
2,2,4,1,-78792,-18657,116043#JtFkk6EWnmLExjxSO2M7pgcTZ5UdjHrty,98861.1,-76665,125504,0.0,137175#vQWWMlKoiFDn0UBZ
2,2,4,2,164005,-165768,104941#whUOX3LMATOC7Sk8an4wEwfQYmunvpNyz,-281115.63,98959,-16936,0.0,261869#VjbpV29AFm5jx8dg
2,2,4,3,-397759,-473795,406275#kxAiyEOwrMzr6IoqrhvswajnYRbv6Ek7a,-7128.98,111641,441397,0.0,177402#ZZ9HbuFgvGQr1Hmm
2,2,4,4,-493123,-257160,262954#ifqM26NMTmAxGv0cBhvCEirAHCVEMDhuy,30681.35,-623417,-465275,0.0,218021#ZtCy3LuLmhCMrJki
2,2,4,5,-588392,-179873,624672#yyAtPnuZcpSl8f6qNVZPFOEJiGb50G2uS,-628926.6,170910,351804,-0.1,209197#Z1WV2ylDbMLAVugp
2,2,4,6,-91510,-95185,640420#7tMOCcCoVXlV6UL8lFlujoqBcuhKK4KeA,862921.46,-807695,421354,0.0,406067#8UHzsw2TTeOIeNw0
2,2,4,7,-901790,-999500,64304#oIITZxn3V3XeYmuUDQK7L3sW2dLQVWHeJ,183544.22,1027688,-678032,0.1,811163#jDQwFUgGoB4f8N8p
2,2,4,8,521228,-136497,744183#fX1hyuUm02Or3SvXZL3Zjp3HnPqga9oiM,-1014640.85,-20249,-1280391,-0.1,1242305#hxktvx7otYkoMyvc
2,2,4,9,-388093,-290598,432510#4n9xW5l4oTkzwNsPkWNwno4ZZ3E7D7dJB,921002.45,-1076984,-1384605,0.0,477022#YTdzLw6HNu4ZFx8N
2,2,5,1,100705,-102582,66456#EqZL6Mtzr6fwZ7zrLonEJzcNDUHf7oG8Y,-175707.63,65225,-7225,0.0,164075#SxOhVOaJAmPntnzY
2,2,5,2,-331623,-394431,339874#8mwxz1pS8uTNdOoRG2Hz7rms6BFW59XmQ,-7128.98,92076,368592,0.0,148629#yiPypL5QwUAV00GP
