1229,1,11,56,11465120#fTOaGF1p61HbkJN7Bz9t00D6k62uuc6yt,-9006191.0,870491#bYfISutMRQm,2893153.6000,-2012785,182820#O4K0l2He89jSwwREFUtzh,-2332331.530
1230,2,4,49,12291093#Pg9neWu5dMzBOVpCEO1wmmonUOY3CY5RT,-2369519.8,3647916#y5mVZZ2CJhB,5797812.4200,-10440731,4708028#4mxu6OwPNMIEQbwJnBsul,-9836902.420
1231,1,1,26,4207597#x9LR74GKOa1G56IyqkP4cdA08s9KK4aPd,8172459.5,7743818#IR8djGPIFRD,-12165912.4400,-7698146,797749#7tQrVmf1jDyHniFUZ0oDa,7877829.070
1232,3,12,31,11207895#p221KjQ5Zcfz1Z7CSVOMpYrwVeAbGOfOH,238030.48,4757457#eQz45JC4vlY,-11906430.2500,8387431,1310981#kqF3CbxbAC4TLD9Ok5J8z,5299067.970
1233,3,13,11,6820668#OohDhkKEr38xg7FmDtIwHXwMoVYUdiKcM,354516.97,10526622#KYsoriOvA2Z,1771973.6800,12195171,1942655#AU9zUUozrhCswiU6D2edA,7706825.140
1234,2,2,35,1525431#Or9hddvb3NLqGb0K0RvynWAplmqRhZML9,2508466.5,8474820#Oi6NVhqCYGc,6269696.2600,-4323981,11889112#ExxmJ7dYM3ZrT7eUC0eM5,-8427736.090
1235,3,13,7,2285278#ixdT8qHKsAjRZBWToiL1iebDgIE5J4zcu,2624231.2,9340026#2psa9P4ibS4,-5158186.6900,-1069531,287509#Lumr3qqZjuq0QFPfv47Ro,-3378456.860
1236,2,12,57,6469843#vJ9RwY6MA3sHE9NGJS2BT1zvTrAoHS4Wm,-2773916.0,3139579#3WN0ejgBSEp,-8383089.2500,-9635080,6574867#UnG3MLHfiiBCy1wYnCNLt,-12012309.130
1237,3,6,61,815271#PyIqTthUBZm5s6qROAsLT5zDYFCozlDO9,-2364874.5,10755164#9fn8EocrA44,8700267.5500,5427819,10246866#V7yvLmb9mgnKRKfwwt5RS,-4114024.190
1238,3,13,11,4745178#6UbPqKlzUQ1HTxmtXJoPPAx25wysGawkr,7302049.0,10522643#GUsixshrnzT,-11074310.0500,-3750956,11500641#1qFFx20V1QmPstfvEN1cY,6456088.250
1239,1,2,2,711038#y1O6aVvmQCOeHRowWA9eGznpp2hyLtqMO,-3391332.2,3555318#nZaEPSTaFrC,-1631849.4300,-3584182,5752961#Bak70VAsB3kCIjSpgHnJ2,-1574177.760
1240,1,7,33,5027092#zohMfdZLzys50PMvVt8YPQkQwdrAMqnrW,1.0758972E7,11828740#N9de6EuYxtG,-1622323.3300,-8290964,9729558#acPKfrQozPmi5JI80Yanb,-8529691.350
1241,1,7,19,2715228#tmv6qHlC5HbDjoHmDOOMkHz5hhhSJoeeN,4000293.8,1637601#suut4RbacC0,10542380.6100,8349266,5212205#YZJiM6a7cby3NwP5s7tLM,1838158.210
1242,3,9,34,11843627#EZdF74IReynmQenSOdVEk6Ru5p6KVxbjE,2450386.0,11900004#dteK3ZEemWu,6420659.9800,-4615760,9791564#A9AIdQeTnfo16iSTKY2gp,-1278774.280
1243,1,11,32,7131645#sfV0RP0BYvfQbtrWxDrguEnwrAs8GYlZV,-2479763.8,2480000#U4kksFajFG4,-4903454.7500,10682595,11756313#PdvR25vObyUOAgyTsSMdS,11050119.490
1244,2,2,44,7113751#7LpRMV3z5dbOygP97BxCqSGOTcAitdKxH,3228.06,2234422#uJMoF0ev5e6,11316737.2100,815026,1830554#mayQz9mq6OntmkcZuf7ST,3250385.730
1245,3,3,6,9720075#a9JtnFrIfdy2WWTrlw3cGyPinYewinXEF,-4910240.0,1126347#XIpFY05qA64,7712686.7900,9814859,8471314#0abqKMUYschMsP5229L2W,9845682.160
1246,1,10,5,10711686#minAAAbLmfAYFKjatHq0itxbF7vGdNge5,-6857697.0,9741367#vIAjpEYB7vn,1571742.7600,-7359901,1308234#oZTxmI7eFQCdrO4XPvAjw,4181788.800
1247,2,7,19,9250496#RchgwAMHqUQFGp6z3xothDT3RCPygasgm,9805646.0,1575479#4eflew3Wn3R,-12236540.9400,3819845,409873#02SGhBQRCB4CmEZHo9HhC,3935639.320
1248,3,8,52,4714119#DG26oMlVvhr1Cng6QuEcmoiVeF0jAQFtV,8192467.5,11943236#sqTY2TEhWjM,2421600.6700,6399715,10200489#7SAfZY5d0TSsxZTvlTADF,-10032958.500
1249,1,2,13,644683#1410dX0TwJL51CfWpaO2qZlMliCl5rK2H,-6712940.5,1512935#yrN4qQxr1dD,439711.2600,-6028138,4537145#6ZB0a0ZoWZA8QLNnVTptq,8349519.670
1250,2,7,61,330465#vAAIA8S9bRZSzrGBziiW4m8dD75usuerJ,7125065.0,5287993#oAGkTsRJdHh,6726948.7900,-8870665,2625889#IJ8czLltFppFoNnSDFHkc,-2607012.840
1251,2,9,30,11443805#EB2qUPu5OExPRFKHBOwjE2nKdAGbR1ofh,1.0603303E7,3335236#sqTY2TEhWjM,492453.6600,-8507663,2485886#IyGhFASKmzxF9tpT4k1de,7165538.750
1252,3,1,1,10751444#P1FIBzjiGxKYVsE9smO0g8kfuCrR4gD78,3174231.8,10394544#JKSIfSlfP9D,-3222882.9600,-9039401,9164537#5HhddlBA9Ek6MekosuUst,572853.320
1253,3,1,33,3196920#Caze9kE5zPZz8QQvE4uOMvon59CAaxiMg,-9082439.0,3833398#1qHQuwXeQQD,-7594614.3700,-7640295,10857306#0SZZz60AK3G0TgHgbvDmu,11927124.500
1254,1,6,45,8533594#dyjEqj8K4QDEOkO2HUfhOlMFXtXHvso9W,-1.1566967E7,5213558#79hykOlWoeY,6032458.7300,11855076,6068850#jLBo4BSAlYDZCpNRcRLT0,2294035.010
1255,2,7,6,8995552#vd7W9DgvxTPAVKpfV4ZCgVGc2wOPO2Snz,2533125.8,2075088#v0iMkZreFYI,-11839578.4500,11183794,1902851#i6exy7wqFnvnKsT6N9g16,2630120.710
1256,1,3,26,1320377#Stogzs8gYf1ADbHH6iOnTfbA2atouaL84,2453139.8,9903532#kedhq1ONHNI,-162562.3400,-8423753,7543741#JkpWg33jt93wCA3Jr6G8M,3890380.090
1257,2,13,53,6934067#GS8Dg35okfVTukzUqA0KBKdkKE9sk7IcR,-4517654.5,7010854#I8n1OeXN1rh,1293152.5900,-11753836,4279351#Gay9qmNtpWqiekUhVQwcQ,-4700170.190
1258,1,12,22,8525074#Xd1kpangUwVMnw9jonYhfVA1nyga3D8eC,177105.66,6547775#aTFNJDaDwmn,-7424872.7500,-5919660,9445638#8vkG3en8ZKzql7RgS57P2,3214688.790
1259,1,1,35,9403830#x6x7zr3hk1x17ooKUPUFMgTHvy2bK4pA9,1461214.1,11149111#FNSUZh6JQod,9304982.0600,6348938,5659331#FsnZP22vVCtJIaFFS8vP9,7395032.380
1260,2,10,54,2437236#AaNBXd2pIwl9C9o5C6WiE6GarpfXjvW2N,192199.28,656024#kWK6JlcFaGd,5389445.1200,723422,5626836#JxU2GT7u4ZPIfOQNn24v9,-245585.220
1261,3,10,11,11932399#nq097y6PxhASTTjdTJsklLP1QDZcbhU6D,5924338.5,9987682#DE6tVKLcj4d,-7613314.0900,3995382,8821301#35kfKAdlqkKV3UctMC36j,-5177091.160
1262,1,9,36,2682882#z6WXZrZyatkoPQbv5UYm8ESoYHAXq9wq0,8827644.0,119093#KEIIQMOgzLD,-9054669.8700,-9639008,2260769#sJfdsKpERtNNslFWcd7kP,-1940514.760
1263,2,1,29,9575843#vJ9RwY6MA3sHE9NGJS2BT1zvTrAoHS4Wm,-9631263.0,3862121#pTeKIov38Nl,-2248961.3300,-4939723,7932746#KxWue0wnBHGUaucVSGTY5,12154546.460
1264,1,12,38,5997728#bkeWkLV8MjtvlqNjipdpyFc2jsmLG6o7F,1.1789802E7,7174178#XaYgbjICjE8,-4723267.4600,2562520,10163202#6aNWnfiK7azWLLyAuS7bs,7543183.990
1265,1,2,8,4022015#yU5yY0tWZmJBhLvmO1AMG0N0uxgHFwzby,-7212800.5,2601616#8xtEK0Va4jE,-12506341.5000,8378994,1989524#TR7gO2nlCjBwl4biB9pw9,7479926.150
1266,2,13,46,1844515#1dmOdlTGT5VVLk1IENiqzNCxVE8G81FSI,-7359604.5,6861402#htK7qOoVju0,4402329.0600,5628530,9705916#o1B8uV8g0zTD4RgY5HcR4,650958.030
1267,1,4,18,5990265#DJisN9Jr4XWSHGTJHQREHhaVVe16o7VzM,-6547642.0,4110403#kDgd4rzwG5y,11297876.4600,7326240,4488200#zDKFh6xQA0oR43kFGerM7,-4221905.980
1268,2,6,38,12235511#A3SDTI7dUZ0KGaNATVKSYDuFtwsV4dKvj,-590659.0,4025728#g6OXco3Jw59,1474875.0100,-12595880,12397001#KQQruONYisiPAJ6S2wiYB,-10656821.670
1269,3,10,36,11142660#MYYBmidxK4dXPiuC6FHF5Np5Ml11w7DPF,3033457.8,101269#X9YXq6jGDWY,-11977020.3900,-8310168,2011745#9ZNbgLUOuARggomcJqdVf,-5417523.170
1270,2,2,35,10505247#PWXDNEWxssFD1th5zsRkX2IJ07oLrjcCT,-1565708.4,2508113#GxCzOfu2BRj,951064.4300,10739955,52012#MbTGZV9oaOdKhJFJvG5Od,3801773.720
1271,3,1,5,7488387#uo503Fdbo1Op9op66bTfjVwCy5zcllJtU,-9526247.0,7307488#sEd6ExwM7b6,5341578.0800,-1065497,5898409#yOBjqAbEgAvkwnvfIwoQw,-4239776.690
1272,1,8,54,2970672#1yNF3nhEKN1MAoP2EZMFUBNTurw36UaDw,-1.2477963E7,5285319#5UXNyh4IjeZ,11203726.2700,1090945,1837345#DGGsZgdbpr6U9GuYKh7Sa,-2316927.710
1273,3,10,30,8377759#lgTyQ1Cn4L4Ub9bEkBJy8ttQhxssZkmta,-1764495.6,9185362#FPVmCuzAaON,-10566042.0500,3213725,11675205#YZJiM6a7cby3NwP5s7tLM,-9597885.400
1274,1,2,39,10450472#d5t3RkVLhmP6TcEufW99SHAlyWQ5i4lln,-8747344.0,4535756#BmBn9lw1qxB,1703180.4800,-1552089,11491372#i03wOx5uJuUmtu8emCBGU,-10860409.000
1275,1,11,9,8430902#ilmW6EA7GjKKXJvFcWBmXcCP8bKkegupF,-9646942.0,7450190#jdi87dSLm4v,-5465838.0700,6885599,2885164#KBFVxCrX6iADkZmL80ggN,-3280848.540
1276,1,10,8,239781#iawHbYoBKEA16yNWdBDqGOsOLvZdrEmHS,-1.1925681E7,6143825#ijPBGwbEh2f,-1271208.4600,2387334,7470549#zBPaatwmbHNP0IlOVQYpB,-10518569.200
1277,2,8,11,8731720#vt40E9RDqGBAkhgdl7D3GQaMFomAwHbYf,-5337449.5,2100072#hyqKvjfZe1c,4319194.3600,2658601,1114365#qsHz5FF4TjxzkDQfpHKvj,-11967000.080
1278,2,10,61,12383957#QQtsronCkxaHvLorRugHHtm2qmZtj4y8b,1.0710843E7,4360063#KF4r1131z2P,10697965.3500,-12555577,11523648#6GM7crqdT8DcUXn5uMmz0,-7953591.070
1279,3,6,23,11931544#i6sGNII6JmWQSLtyGUZhO21yN4korycYP,-9372591.0,905524#VKzf2Uv3fJO,3010961.1000,-2094652,190036#B41dw2yiegxLQ0fiDCVoH,-2426927.030
1280,3,13,22,12790368#fpUmrHh5rGGl4j6Zktb4WVO7nn3ZSO8Fq,-2465519.8,3796088#v0iMkZreFYI,6033318.4200,-10865068,4899323#12MlRISiPmmcxQN46wP6y,-10236419.420
1281,3,7,9,4378358#nYqakANpYf25b8wCk7TMgdMHFmImcFYuc,8504459.0,8058297#K22x19jgRU4,-12659904.9400,-8010771,829797#ASX71prjyqpB3JqCvpKRt,8198005.070
1282,2,3,32,11662585#KcnlJKWOmmfZvwBp0TeGdR0JK9HyCTvWK,247630.48,4950175#R9kwSSjGe3b,-12389777.7500,8727562,1363975#0DZ2y6reunjxyof9nPR29,5514297.470
1283,2,8,17,7096887#0V4bG4fVSMZKzphvAs4qd7MFmV7dSstH7,368916.97,10953119#23uzSu3QTQE,1843911.6800,12689696,2021074#acSjUe2xX4pJkyenMAOgd,8018949.640
1284,1,2,12,1587138#GB2ETDdXGzHeuhDezLCwgvxmUP7XvAtcC,2610066.5,8818199#wDgyGsDeUio,6523580.2600,-4498843,12370600#567YswLNDZtJzA2xY8v94,-8769438.090
1285,1,5,28,2377402#Imvi8tx2y9axoFj5qzexJjefkFczMhTko,2730631.2,9718046#3nMaSn8yoey,-5366942.1900,-1112656,299130#loDVxxy4MoR0l95Kn4aFd,-3515047.360
1286,3,8,31,6731236#AaNBXd2pIwl9C9o5C6WiE6GarpfXjvW2N,-2885916.0,3266487#PntAJZCUk8X,-8722314.2500,-10024930,6840743#tAaCIGMIgDun6hsQlx0Tr,-12498134.130
1287,1,11,59,847870#GoQleUWXVaB5OUWafbd1YCSe2Up14u0Ro,-2460074.5,11189677#6uKWa7yNiek,9051946.0500,5647319,10660726#MPsyoEtk5MuzHvNYZazhV,-4280175.190
1288,2,7,60,4936546#5LasqyQUxBVVgNqgLyobWc3CQH6YW47BH,7597249.0,10947245#r3lS18YiN1v,-11521317.0500,-3902068,11964819#NJ1w43ND0DqLQ5faqOw1H,6717132.750
1289,2,6,8,739677#Z5G08PCIb4hSgfWxMFjY5HfnliNM8tmMs,-3528132.2,3698454#V8ULppUaqkz,-1698018.9300,-3728832,5984950#HrREQIVJT1lGErc1ka8JB,-1637785.260
1290,3,8,14,5229625#rVVz8QUWNWSoxYHFMYZkGGnLsXOnlX1yO,1.1192572E7,12305348#J5CTT2tqKVI,-1687865.8300,-8625355,10121515#w49WKJFWeLevSKl7wT5Wk,-8874012.850
1291,3,10,34,2824414#eTvsTpS1PKe1P0yPRzHy3h4Y18sPMwSA4,4161093.8,1703424#IpIm45Rfxqk,10967048.1100,8685441,5421862#eh5ZueczcvAF04RE5Y1S8,1912031.710
1292,1,1,3,12320234#ts6AVUMIYUv70WCUU4j8AtfWexURuu0Aa,2548786.0,12378977#4VCKGSwYrOo,6679420.9800,-4801810,10185444#O0dvjhgHfX7KcrpJ4R9UI,-1330319.280
1293,1,6,26,7418222#LwVr6RyHKmCn0xfl8Fe0NAbDwRB0lmVRV,-2579763.8,2579712#ZN9TXxv2KqG,-5100842.7500,11112545,12228982#dUMtRf62bGENQfboBvapU,11494748.990
1294,3,1,25,7399564#MKZxEC113FEpI0aNYHQbidmF1J3k839lG,3228.06,2323856#tBG6039nVWR,11771941.2100,847801,1904091#KIoRP63gtF6kjZu1C5OK8,3380974.230
1295,3,9,40,10110114#VzVCQDkAufPcdKBsVw4K6XyDOWvXeoTd4,-5107040.0,1171289#I9ztJtSVMqC,8022791.7900,10208709,8811245#EWqOC2G232mkInQuQ5qWh,10240707.160
1296,1,12,47,11141276#MzMr23xZQnURF4ur59qgu9ukjWSaQmfRs,-7132897.0,10132243#h9JZ0GRxYFM,1635143.2600,-7655376,1360507#LXyoEQGQExQyup1ByEitz,4349802.800
1297,1,7,55,9621145#JoSkkdgrjxvvzeInavPh4UQZ2polt4slD,1.0198446E7,1638536#DndedDXqPNl,-12727360.4400,3973395,426156#zsQEVQPWCgQCnWGWXtCIK,4093589.320
1298,3,10,23,4902718#hY6jxAluLWJslacTgSgcZIK2o9zZwebPx,8520468.0,12421488#sEd6ExwM7b6,2518901.1700,6655928,10608885#HOX2B5XhadkSjx8hM0b80,-10434533.000
1299,1,11,60,670234#ts6AVUMIYUv70WCUU4j8AtfWexURuu0Aa,-6981740.5,1573325#debrBTb3hOi,457171.2600,-6269176,4718485#dvKmTOiNBOYKUFeCPtFrX,8684021.670
1300,2,12,18,343526#h461JX4ZHJi3VfrV9AK1zPgkwcLAyiCOA,7409865.0,5499294#UJraN7l86ND,6995895.2900,-9225390,2730730#ehdP77Spg71WC1dWO7Aos,-2711222.340
1301,3,6,20,11900869#rL1lTM2A46yxRB9noGWzbTVbxa4hWgvjA,1.1027303E7,3468388#zcZT6ylBkeU,512479.6600,-8847663,2584996#SocJzAjpLFaALgImJNOTw,7451552.750
1302,3,3,51,11180695#lip3VEtYeflvupPK0pG4s1sRSrMbFhfm5,3300631.8,10809405#s1BmVppQxXr,-3351456.9600,-9400001,9530482#XgqvOwvVMLrwVAyfOsqjl,595891.820
1303,3,9,19,3324261#pz4rK1X2uSkjHOmeQZeuE3qMXi0Yy9gHf,-9444839.0,3986268#6pEZ7fLZiVM,-7897967.8700,-7945445,11290519#xzRjXubJutBEPDn1qS0w9,12403089.000
1304,3,9,54,8873757#A3vWUsOJprok6KDNlH5dVKEkqgszu6ZLo,-1.2028567E7,5421260#Nr8rR7JJp6q,6272601.7300,12327576,6310449#9Z3ggHuBaFnfvC85leZhk,2385658.510
1305,3,7,54,9353804#gSrWRqvCOxU4R4t2XVD9XJlRoyBphGHbQ,2633925.8,2157693#Ekrr1oMTNnE,-12311522.4500,11629244,1978317#UVPNMypy3RMki7fpyOxjW,2734740.710
1306,1,13,56,1372565#yjkzOsNJngBkluZVR0dEqoevOFRx5BVuS,2550739.8,10297488#sEd6ExwM7b6,-169310.3400,-8759128,7843697#8I7UJl9ZJ2MY0kozUXAVr,4045590.090
1307,2,11,3,7209604#xel7kJHEeLu1kAVwTv4MgCKKzUgfabr4n,-4697654.5,7289397#fPePv50f2hr,1344532.0900,-12221426,4449416#AijiQPA0JBB56n1vI8s7U,-4887306.690
1308,3,2,1,8863884#jn2fDpmIZEL6Ax2QCgFKbIP0G4tBSIt0w,184305.66,6808017#Udg6jXXZ9pI,-7719750.7500,-6155285,9820889#IJ8czLltFppFoNnSDFHkc,3342823.290
1309,3,10,23,9777225#GNkzm6gBJJqDllOFhE4y2SRe5VoUIxACB,1519614.1,11591727#nLBjvzLu4SN,9674189.5600,6601113,5883691#FVFVk2bfjXU7qIEkXf9U3,7688590.380
1310,2,7,40,2533849#NuuAM1kmaJsFFg5XKntsSzdOH95prQoNJ,200199.28,681885#JG0xIxZQOXv,5602957.6200,751947,5850108#9UJmUQjdsVy6olvpuvu0V,-255140.220
1311,1,5,60,12405444#P1FIBzjiGxKYVsE9smO0g8kfuCrR4gD78,6159538.5,10383529#tsTt1VL7ok7,-7915244.5900,4153920,9170729#IrVsXtzLmXuiInyv3qlOD,-5382485.160
1312,2,7,18,2789167#eFK998kCrChg2smk7j8Gae8GIpd8W6xeM,9177244.0,123690#oNXj43d30s1,-9413807.3700,-10021027,2350274#pg3gYJuZgpcN2YYWtP2H1,-2017731.260
1313,1,6,62,9954583#trZ435oTbDlJJuRQEKh0CSNHOluHUZt1W,-1.0012863E7,4014622#KYsoriOvA2Z,-2337605.3300,-5135623,8246777#PlJI5IrfUkXHio9W0eYTJ,12635636.960
1314,1,3,26,6234644#zwds0GofR8QitKSKw1tCcksMGjZerHqng,1.2256202E7,7457737#eNCxckPh65r,-4910067.4600,2663720,10565036#B41dw2yiegxLQ0fiDCVoH,7841804.990
1315,1,2,10,4180680#AQ2DGG5Xg6rvunHVT8ODwcETyZB3haq21,-7497600.5,2704425#0jaM0ifH3NF,-13000640.0000,8710182,2068120#qetsTgReALoacAFcBvHlR,7775846.650
1316,1,5,29,1917228#tmv6qHlC5HbDjoHmDOOMkHz5hhhSJoeeN,-7650004.5,7132052#oBzNmOEhl55,4576552.5600,5850830,10089095#TngaurIw6DlwEqUAPlNcV,676619.030
1317,3,7,16,6226463#cK8u387fHtX1SAsYJuWJzL3CExdbquR62,-6806042.0,4272496#yAJUk0Tnyyi,11743822.4600,7615449,4665259#h5jpAhWqN6JSa8Iyg1IkT,-4388180.480
1318,1,10,14,12717728#bkeWkLV8MjtvlqNjipdpyFc2jsmLG6o7F,-613859.0,4184172#SNsBHfOE51E,1533380.0100,-13092605,12885615#93PHAl4Znt2RejyiuoJlC,-11077230.670
1319,3,3,43,11581676#2i4VoxvAFoUpWnH3CWsjwBGGfi3V5Rjsz,3152657.8,105126#9YYsk65rZF9,-12449089.3900,-8637868,2090702#ldmnK4TApWvGAcMAGG7Hj,-5630886.670
1320,3,12,9,10918502#UQxCP2XCnGKoJrYf7VNKt2C9EopienzLx,-1627308.4,2606495#7o42mXJi5GA,988513.4300,11162486,53842#mhL84kYmjLIYvICGKlZpm,3951101.720
1321,2,8,17,7782845#paQVQd4hgN3j2cchmUdI4XfrXc55y8zdp,-9900647.0,7594813#aAZhX1SN5Vk,5551683.0800,-1107597,6130079#N89KfFa68DQyLvr10kYjh,-4406681.190
1322,3,1,25,3087246#DTOwdObZbZbhiodUfxI7rRHWpj2tfobXC,-1.2968363E7,5492781#MWltAx9N27K,11643800.2700,1133670,1909462#8A6MM6NIhlbfEPzLYZxif,-2408334.210
1323,3,8,38,8706740#i4QmFyg4t36uTFkgkGoREbmwzd44n4gHQ,-1834095.6,9545847#RVTO4vdeM4d,-10981061.5500,3339750,12133383#0WwJ02UWz5kUF86nqu0Hg,-9974832.900
1324,1,7,15,10860553#XdpEixwKK1Rr1dFj1GftxbE2CjC2CMPS9,-9090544.0,4713727#nLBjvzLu4SN,1769806.4800,-1612764,11942221#ffxjaNhAxNJpJQKjNOZvt,-11286263.000
1325,2,8,58,8761392#9SC9DuU4ufP5IMOIS4tluy1tVQrGhCMfQ,-1.0025342E7,7742227#hxAJAPRrtSt,-5680391.5700,7155849,2998270#npvaWEup1Fcx13lc0NSrS,-3409663.040
1326,1,7,62,248792#QGgX9yI9Rx7jBoZEdtAhV1q7XqleQFIBq,-1.2392881E7,6384318#nZaEPSTaFrC,-1321135.4600,2480768,7763221#ffxjaNhAxNJpJQKjNOZvt,-10930403.200
1327,2,13,4,9073448#XQ72IDfBuyOCOQWPcLF3mEt3jYo0aTAVo,-5546249.5,2182034#5vrrANCEozR,4488293.8600,2762601,1157747#lPwXxR3XaBfuk6tcdfEyk,-12435913.080
1328,2,7,11,12868186#IrdloSLtC8m0YD3FxmkSWz8Nj5OvHGJD0,1.1130043E7,4530304#U0yTBO0kFnL,11116852.8500,-13046820,11974388#6ShablxgTqn7g5BU0wRDC,-8265059.070
1329,2,1,53,12397967#Amcn09HN7uAhLBPO8USF0uP47YnHaqHcm,-9738991.0,940558#79hykOlWoeY,3128768.6000,-2176519,197253#HINNqPLLAzVfWbA3gXi45,-2521522.530
1330,1,10,58,13289644#zwds0GofR8QitKSKw1tCcksMGjZerHqng,-2561519.8,3944259#r9ITzdD9KCp,6268824.4200,-11289406,5090618#5YuZh5GizjyIvqxUqhjpp,-10635936.420
1331,1,13,55,4549118#nXpHHhS9ZAsxSqkglihYghLZrvkyvQsnM,8836459.0,8372777#14TWCZV3VUB,-13153897.4400,-8323396,861846#85fQoQCFdjYMAjxDrjABP,8518181.070
1332,1,7,33,12117275#YXyanFgj0htBNKS2tZ0JKTjVT2MBy19XQ,257230.48,5142893#clekd106qZr,-12873125.2500,9067693,1416968#qHYNtleAkKxCxcRqo3uIK,5729526.970
1333,1,3,23,7373107#Q4QCuapeLoBUpI72ToeD6yH6f9iACmI6V,383316.97,11379615#NYZo2m70qkX,1915849.6800,13184221,2099493#anU3A4MYAlEwq3W5I17KB,8331074.140
1334,3,2,53,1648844#voqlzUkySw8eXSR0NJ3pLoi7kHpuQXrnR,2711666.5,9161578#Gb9vQ94D3M4,6777464.2600,-4673706,12852089#HEi6sw39YcKjscewGSQcn,-9111140.090
1335,2,10,48,2469525#CiAeyZqwxnDeevgEFrTw4mCVeKusEwBPJ,2837031.2,10096067#fGSVxjGhncp,-5575697.6900,-1155781,310752#nopjWwLRzVJRLpwym2spT,-3651637.860
1336,2,3,5,6992629#9FR1BlcnIJVVP6Xa5U5SwB0dg2VssMJvA,-2997916.0,3393395#PUSs39TfP8M,-9061539.2500,-10414780,7106618#5YuZh5GizjyIvqxUqhjpp,-12983959.130
1337,2,3,58,880468#TPKj6cLezTRDk8eDADJqyiybon7HEl8Wa,-2555274.5,11624191#1wz3KFWgiRy,9403624.5500,5866819,11074587#VFcc9s58tLFG1giRKC2mv,-4446326.190
1338,1,13,46,5127914#x0HMql8cbJuSMFLpoYVF1m1pALcuds8gP,7892449.0,11371846#cAjPFWVH34i,-11968324.0500,-4053181,12428997#QF0VjVXcStiQrNJ0O00fu,6978177.250
1339,3,9,14,768316#VFG1I89RL4YjXIadqkb3a9MN4aE7IWtzQ,-3664932.2,3841589#5zropPkCma1,-1764188.4300,-3873482,6216940#ooViAQmkzSWHHuHp4ctf7,-1701392.760
1340,3,9,58,5432159#jb93KxHbbMBMbsBYyLq31aPRS6TgvPKn8,1.1626172E7,12781957#LGosSYLoKyp,-1753408.3300,-8959745,10513473#REmu7kfhPjuRoaOaJDMD9,-9218334.350
1341,1,13,48,2933601#dBVDMOlrKjR0tPGnW31K5bBogtqxKdoYu,4321894.0,1769247#cNvuEStDM2s,11391715.6100,9021616,5631519#xzRjXubJutBEPDn1qS0w9,1985905.210
1342,2,5,36,12796841#st3L9s1YHYjhvXHTvpqicuOUoC7RdRVaZ,2647186.0,12857950#RQ5pCL3GuUB,6938181.9800,-4987860,10579324#SZECsU0jdG6IoEudbRL0f,-1381864.280
1343,2,13,20,7704800#zkPcce9FVsBpdEGRegzA0L4co6r4llzio,-2679763.8,2679424#IpIm45Rfxqk,-5298230.7500,11542495,12701650#Zn4L7cUn652WThEEZPGJP,11939378.490
1344,2,13,6,7685378#2opfRtWTr3lIZLE0neALeVFMVlCN5iCdk,3228.06,2413291#wRhsE55mBXT,12227145.2100,880576,1977629#Hsv0FT0FLrrZIgcAi9gFL,3511562.730
1345,3,2,11,10500152#is1jvVmzQiXHBX64JPU1HmMXTLtPqT3Pt,-5303840.0,1216231#s2e0JVwWNxG,8332896.7900,10602559,9151177#ksw7Qm4cT34tgEfIhO6yw,10635732.160
1346,2,1,26,11570866#GhqMwQ9wfZkXHn9KgwYAoUQuhMuYrzp29,-7408097.0,10523119#23uzSu3QTQE,1698543.7600,-7950851,1412780#k3EZnENZZuWXZ8XNkSsex,4517816.800
1347,3,7,28,9991795#yuG6UzcT4qasSnjkhblXFfPvMvGtvfBBJ,1.0591246E7,1701594#Zz3DdGLjMoj,-13218179.9400,4126945,442440#V4MC3LCU2mLcru5dITv0k,4251539.320
1348,3,12,57,5091316#VFG1I89RL4YjXIadqkb3a9MN4aE7IWtzQ,8848468.0,12899741#Ly6HrtV2FcM,2616201.6700,6912140,11017282#fsDM7SirE6QBOb4pJcMaq,-10836107.500
1349,1,8,45,695785#3cbTVkhjtwytJavOhbZVus7YjMQHDAhWg,-7250540.5,1633715#VtHGS4lQ1DR,474631.2600,-6510213,4899824#4SxHvBzxGVBC91E0b3dZb,9018523.670
1350,3,4,38,356587#2H7tMJUaMyKVTiuVunpkFqKtZY3pdtnkI,7694665.0,5710595#5hdH5jIBpKq,7264841.7900,-9580115,2835571#LgDIKrknDHOfYQbQjhlmv,-2815431.840
1351,1,3,10,12357934#7uIBEzoWI8m2ZWymH85vqshyWe2n7b93d,1.1451303E7,3601539#nf2H2BsUMDW,532505.6600,-9187663,2684107#X6gsWA7OPBcKfxJUYQodY,7737566.750
1352,3,5,38,11609946#tD0qkNBMSwxd5POYr5vk707b4E1dJCZp7,3427031.8,11224266#a7WZkbHAbGG,-3480030.9600,-9760601,9896426#KokwhEmp6hg7QSh4mlaWH,618930.320
1353,3,4,6,3451603#QWiaLmeAEbXRVVKAdRdN3g1j35Z51EpJn,-9807239.0,4139139#6JQiVwiouRT,-8201321.3700,-8250595,11723732#EfE2rJkubAKVmJ3Q65Jmm,12879053.500
1354,2,12,63,9213920#Caze9kE5zPZz8QQvE4uOMvon59CAaxiMg,-1.2490167E7,5628962#C4eGV1pT9Dq,6512744.7300,12800076,6552047#ZfmO9zjik05cZWJCx0PeT,2477282.010
1355,3,7,39,9712057#i9ugMpIJr6gueuA29WX4pVp7Qjy9gcrFg,2734725.8,2240299#14bCD1FFsHM,-12783466.4500,12074694,2053783#TIoyzh1hbbu2akMqzvXtn,2839360.710
1356,2,11,22,1424754#gOjp7fkd3gTCd9GoP1htrRfPgB7jfmBiS,2648339.8,10691443#OAmFlO15tjb,-176058.3400,-9094503,8143653#WubU8GQJxwelQKUnSAW8g,4200800.090
1357,2,9,16,7485141#aiZL8pM2mdiRmR6pSJmIVzMC8yfDHaE2o,-4877654.5,7567941#yb2tkhB9PlI,1395911.5900,-12689017,4619480#vRpZMnfvvC6LZcIS8Zc8o,-5074443.190
1358,1,5,42,9202693#m06ARCtuR3rKdf8nUCdAFvm5hNw0meDTd,191505.66,7068258#7SDO8QB1vnx,-8014628.7500,-6390910,10196140#a5mLBKjtR21wjUZXW8Z5C,3470957.790
1359,2,5,11,10150620#rEVL4737R6qAVLkmrnGVmDGmH9505WXsH,1578014.1,12034343#mEVBszgiBAa,10043397.0600,6853288,6108051#3uMgrvoe5KWrTOrL6aeDH,7982148.380
1360,2,4,26,2630461#dNY3r2aYNCM4BbaiVAfWxuOVDTxakx4ks,208199.28,707747#VLg4Q72X0rF,5816470.1200,780472,6073380#kY71cZvd57s3XHdWiEspj,-264695.220
1361,3,12,47,12878489#FRJaANQdzSc3q4YzVMfVWNSTyiA1DuFHp,6394738.5,10779375#AgQswZ2hWQ0,-8217175.0900,4312457,9520158#LmysMJtOmW4LKsxEu0E9o,-5587879.160
1362,1,6,63,2895451#ldgNSaxk7ZHjJYT1nYdjaWuKvA44xah7c,9526844.0,128288#vD9ZzgZtutb,-9772944.8700,-10403047,2439779#rlm7EFf0gpAOjuQcfzWKp,-2094947.760
1363,3,10,32,10333323#T5GGjq4rTxTBrlZ5WuBlM54t0AYLgo7Ie,-1.0394463E7,4167123#7ig6dm5to9M,-2426249.3300,-5331523,8560808#Xe868uuAMVErIdwoE1B4w,13116727.460
1364,1,7,15,6471560#kvrCWRa6wR5chKEbwnZLq8hLD9TY4wMJD,1.2722602E7,7741296#rBsXkNzwBgo,-5096867.4600,2764920,10966869#egSWjPbGj1HENUkixPoZc,8140425.990
1365,1,2,12,4339345#zF4A3vx4zNxuafmQcUw9Wor48xD4KCIm2,-7782400.5,2807234#iorv9fgxMgZ,-13494938.5000,9041369,2146717#A9pWfTnQnm2qaTgKMNe1b,8071767.150
1366,3,10,13,1989940#Oc0OxXhgRLTYbcDSiEOaQBe8mcuIfEJzr,-7940404.5,7402702#Yrn7gTJZ3b3,4750776.0600,6073130,10472273#yenHjPT3kvzs1SDlWEZLx,702280.030
1367,2,10,14,6462660#MYYBmidxK4dXPiuC6FHF5Np5Ml11w7DPF,-7064442.0,4434589#5zropPkCma1,12189768.4600,7904658,4842319#ADfajslEHLTqFiCigJNCR,-4554454.980
1368,2,1,53,13199946#tD0qkNBMSwxd5POYr5vk707b4E1dJCZp7,-637059.0,4342616#8xtEK0Va4jE,1591885.0100,-13589330,13374230#JhcDtLG3Gme1r0i91uMlD,-11497639.670
1369,3,9,51,12020692#p571mxTshVmD6KPRB02HkokHc37jRFMns,3271857.8,108982#8lFwMY0ccUX,-12921158.3900,-8965568,2169659#Nrr4L8peuRY2QlVxPPszI,-5844250.170
1370,2,9,47,11331758#mH95ykDdt8dV1nEkbrtP5SDZsohokMkTk,-1688908.4,2704876#FrK0klCrm9i,1025962.4300,11585017,55671#dER8QtmZVdlw9WGwcASmN,4100429.720
1371,1,2,29,8077303#x6d5TkjG87gtZWtDvCcAG4UQAMekBmKoB,-1.0275047E7,7882138#V6WHNcGUBdf,5761788.0800,-1149697,6361750#D6ppNVwTo2sbFrjDQtkUG,-4573585.690
1372,2,8,59,3203819#9uUGMtYyxPvOPRDw6dY0gTLFHrmnJ3sJS,-1.3458763E7,5700243#h9JZ0GRxYFM,12083874.2700,1176395,1981579#v8BXAvIoLpZUBuTQfSqn0,-2499740.710
1373,3,6,46,9035721#3WuRuf0ZHtbIhiHBXdUyX7TaeuWH7wIpE,-1903695.6,9906331#uNS5K536kXE,-11396081.0500,3465775,12591561#8Jjr3EImYjVks6tQDtN3V,-10351780.400
1374,1,12,54,11270634#3ldthE4NReBIDPM51PXDBrxgGjPiTni7x,-9433744.0,4891698#rI7TXpm8Msb,1836432.4800,-1673439,12393070#nmkyuO7p20m2wLIbGbm0g,-11712117.000
1375,2,5,44,9091882#z6WXZrZyatkoPQbv5UYm8ESoYHAXq9wq0,-1.0403742E7,8034265#TBHlXMnf3ja,-5894945.0700,7426099,3111375#igwfagAicMoIENFRCsGRJ,-3538477.540
1376,1,3,52,257802#vCxop4AuUucdevCTLV5bSS2UUmcxysqT2,-1.2860081E7,6624811#xMfRsqx8vdi,-1371062.4600,2574202,8055894#fFg38nWuuvwjiNecA3xp0,-11342237.200
1377,2,5,60,9415175#7y0hsI0i5WpuBUfAefzT7X3OETnrYWgyq,-5755049.5,2263997#GI8gjqphb9p,4657393.3600,2866601,1201130#loDVxxy4MoR0l95Kn4aFd,-12904826.080
1378,2,4,24,13352415#eZZxdXoTX7PHrh8GQAF4uFzhWf8w4B6sO,1.1549243E7,4700544#JKSIfSlfP9D,11535740.3500,-13538064,12425128#i8MITHzkNNT30Ggi9k1WR,-8576527.070
1379,1,9,20,12864391#xbMohyfUxuWhf1YJgIATaC8uFVQNXLLMk,-1.0105391E7,975591#Z85cFHi7ojk,3246576.1000,-2258386,204469#qnOJ2yUyCxGnKYroY4SiJ,-2616118.030
1380,2,6,31,13788919#OQczzfmFQT7HT9OD0RS3XTms1fs3U6CFH,-2657519.8,4092431#cijgLjeT6vm,6504330.4200,-11713743,5281913#SuGDDtUBbwDLXrb2Yi96m,-11035453.420
1381,3,6,38,4719879#41tcbsFdxtQWyTof264KNQNptPpPNAJ4r,9168459.0,8687256#R8QFNRCir9s,-13647889.9400,-8636021,893894#fFg38nWuuvwjiNecA3xp0,8838357.070
1382,3,11,34,12571965#34K3DMI8UhQ2e7w4Is4Yue68mQpdEm4bO,266830.5,5335611#NpGtRJjb5Jz,-13356472.7500,9407824,1469962#44zT7p1vw613U9a9muudX,5944756.470
1383,3,11,29,7649326#gtTR9xKDuQWx9QIzfUtcd61YOYayQJ0eY,397716.97,11806112#X0l147idhPM,1987787.6800,13678746,2177912#CgJH43cv9Xy0jat4TChHy,8643198.640
1384,2,2,30,1710551#KLebKWvKtqEPt3TAu95o9Y5w9v0vjvtGb,2813266.5,9504957#LGosSYLoKyp,7031348.2600,-4848568,13333577#1TyOs2toMPOmuBE2Q8LiG,-9452842.090
1385,3,2,6,2561649#L6X3hxGzIkl2vgK38iYubM7pOwlmU4ASg,2943431.2,10474087#Ram9Puk7aHx,-5784453.1900,-1198906,322373#Xs5ZwEaQLV23tjVVuOgWN,-3788228.360
1386,3,12,42,7254022#x3NtSd96be1rQtwX4mwawMq3VYXYrQLYB,-3109916.0,3520303#IARUHg5aTRD,-9400764.2500,-10804630,7372494#rJY1mX1BE5ptO8aOJvXpG,-13469784.130
1387,3,8,56,913067#GS8Dg35okfVTukzUqA0KBKdkKE9sk7IcR,-2650474.5,12058704#elDqFVNgdlZ,9755303.0500,6086319,11488447#fmGvE5nu4vBXaBJiYk0gO,-4612477.190
1388,3,7,32,5319282#hbdsJysvbZpsyv5LRXWKhoK5WoJUDzoHE,8187649.0,11796448#TmMO1AHHuFH,-12415331.0500,-4204293,12893175#PUUKEUHuwW1FLCuJm3wTj,7239221.750
1389,1,13,20,796955#lF3a2sfcht1tySLZUOiO99OxSDPxZ401l,-3801732.2,3984725#Z935M1ijx7C,-1830357.9300,-4018132,6448929#H0OudWTQx80b0BRmQSdJi,-1765000.260
1390,2,10,39,5634692#p571mxTshVmD6KPRB02HkokHc37jRFMns,1.2059772E7,13258565#CCWsWYtHmrc,-1818950.8300,-9294136,10905430#2VThrgNwF1EaGdMUEgssC,-9562655.850
1391,3,3,63,3042787#Pgx2D2oasnXAFKiprKb8TwcVDy11f7Dxs,4482694.0,1835070#nRnHf7NDvoa,11816383.1100,9357791,5841176#rELCigI5WHOfZPqvzHQ4S,2059778.710
1392,3,10,5,13273448#XQ72IDfBuyOCOQWPcLF3mEt3jYo0aTAVo,2745586.0,13336923#qN5VaqOnN58,7196942.9800,-5173910,10973204#kqoKi40h4ECKSyg7oLKEm,-1433409.280
1393,2,8,14,7991377#Stogzs8gYf1ADbHH6iOnTfbA2atouaL84,-2779763.8,2779136#SNz9DOITSho,-5495618.7500,11972445,13174319#ADfajslEHLTqFiCigJNCR,12384007.990
1394,3,12,50,7971191#ZpMHGm6SuY51GRi1cUXYBRjCNzmUhbEGD,3228.06,2502725#Z935M1ijx7C,12682349.2100,913351,2051166#IW1aOSvuzCZc90W2VpRaR,3642151.230
1395,3,8,45,10890191#ZpMHGm6SuY51GRi1cUXYBRjCNzmUhbEGD,-5500640.0,1261173#ExiQHu6c9jv,8643001.7900,10996409,9491108#9UJmUQjdsVy6olvpuvu0V,11030757.160
1396,2,3,5,12000456#TMq1KWaHtiUwiDWIzkfyKRS0gEZE5d3qY,-7683297.0,10913995#HoAquXHgyvZ,1761944.2600,-8246326,1465053#xOCiFaUaCk7fSwYJD7eLN,4685830.800
1397,2,7,1,10362444#P1FIBzjiGxKYVsE9smO0g8kfuCrR4gD78,1.0984046E7,1764651#Y6qzRwgKtsA,-13708999.4400,4280495,458723#xFVxMkWRDGLbYqnM43k7d,4409489.320
1398,3,1,28,5279915#F7pQXlFjK0Plue6vpLrqrtbPoVXKtI3oN,9176468.0,13377993#oAGkTsRJdHh,2713502.1700,7168353,11425678#dczBh9a3ZcmryuDZWXefQ,-11237682.000
1399,1,4,29,721336#5IIBwg0atfsLyZViMTRBXFJcsLlUxL9oK,-7519340.5,1694105#zygKclyL9U3,492091.2600,-6751251,5081164#KBFVxCrX6iADkZmL80ggN,9353025.670
1400,3,9,58,369648#zR91U2WYHkE1V7BpNf5DcrnYSrh2UPtKL,7979465.0,5921896#eQ1QQ5YTxzn,7533788.2900,-9934840,2940412#kmVPCOplAT1D7jcHKsW2f,-2919641.340
1401,2,13,63,12814998#BtvxC4FVQZc36EGTc24AQYL2S6QpFRQ7e,1.1875303E7,3734691#BukSX79s2Ql,552531.6600,-9527663,2783217#CXOumiASKAnQ38TwylqcH,8023580.750
1402,3,7,25,12039197#F5PFx4lWGtJwj7zSSipWmgQgI6gg2DMHO,3553431.8,11639127#5EVOtjR1eGD,-3608604.9600,-10121201,10262371#aMniLmS8uTNYnNPoKw1N0,641968.820
1403,3,12,55,3578944#hUrdhX6oekWfI8bBbrXoqRmisAhcQIsvM,-1.0169639E7,4292009#v8dIEZYYzcH,-8504674.8700,-8555745,12156945#iZ99tnIWILWb8wkgK19C8,13355018.000
1404,1,2,9,9554083#bKZtsK2s0egnIYL74CUbtLShh9EJjFLIp,-1.2951767E7,5836664#zwnxfcvwSIA,6752887.7300,13272576,6793646#gqjXHC5jVv0RsMfkNqzWr,2568905.510
1405,1,7,24,10070309#jh9k0iIbpNBTtUBnPxrnmON3QMABr9xDO,2835525.8,2322904#RR1ZbJPS9T6,-13255410.4500,12520144,2129249#omsTVwnJnhnmzuYHw6QsS,2943980.710
1406,2,8,52,1476942#TiiMF7x15SFI9iAhVTr9LXW5WZUee3YNE,2745939.8,11085399#Q08kQK0v68Z,-182806.3400,-9429878,8443609#5m3Jg7af2a3z6GFkHt4oA,4356010.090
1407,2,7,29,7760678#IaSmu1RRYMGGd5ab2mLW6bzY7eBeA5X22,-5057654.5,7846484#74IqPFXH0hf,1447291.0900,-13156607,4789545#lE4LHnSKOAgwRoF7gboCY,-5261579.690
1408,3,8,21,9541503#k6EFUghAJVJF8oIAHMbaJILSZHFarQMh3,198705.66,7328500#MZ1MNsmNeCn,-8309506.7500,-6626535,10571391#FpKDhMsy9QmJwc4ehGmYA,3599092.290
1409,1,1,62,10524015#yU5yY0tWZmJBhLvmO1AMG0N0uxgHFwzby,1636414.1,12476959#yfLGlXMA6or,10412604.5600,7105463,6332411#9nFLJ85b8OQ2PKHtiuCiO,8275706.380
1410,2,1,12,2727074#Xd1kpangUwVMnw9jonYhfVA1nyga3D8eC,216199.28,733608#o9Nutfoj0OE,6029982.6200,808997,6296652#fZbtnVmv0M4gPC6ylxyJ3,-274250.220
1411,1,7,33,13351534#gytqJuR8fjvTj5hd7AhCNm3RPvVFJ7psk,6629938.5,11175222#qp43aysFj36,-8519105.5900,4470995,9869586#a4D4RrCobadSJ31ChWGS6,-5793273.160
1412,2,4,45,3001736#xlRk7siU71sjl06rG0qUd1SpBAGRZgnoe,9876444.0,132885#JG0xIxZQOXv,-10132082.3700,-10785066,2529284#eO2CTgJCqWQyTcajFkagG,-2172164.260
1413,2,2,2,10712063#EsEQZ7dgTSsonz3o5Eh9Eq101ZmJjd3K7,-1.0776063E7,4319624#rHZZN5vHQJf,-2514893.3300,-5527423,8874839#hNZhAeA9NHMO5YQI8Yctv,13597817.960
1414,1,11,3,6708476#xSsejkGCADngcG3kJTTbyPe3YQRvxLMpq,1.3189002E7,8024855#iTBTIRsLIt7,-5283667.4600,2866120,11368703#Xqh9qcjGXcUoFi0Pcm2GE,8439046.990
1415,1,2,14,4498010#3fgjrU0p7QqipV4pCWUJHbUkE1AnwmooM,-8067200.5,2910043#l1SLACkrja9,-13989237.0000,9372557,2225313#PdvR25vObyUOAgyTsSMdS,8367687.650
1416,2,2,59,2062653#D32lU0fGDqdnYfqopfZd6kubriASqpfPD,-8230804.5,7673352#hp5pk6dEeT4,4924999.5600,6295430,10855452#tgYbmWkx5iLcseZbzU3KV,727941.030
1417,1,13,12,6698858#RB5PdxprUq8mNGxcUuMIfBz8ylO7ESUNr,-7322842.0,4596682#DE6tVKLcj4d,12635714.4600,8193867,5019378#PaYCqM0HMswWvqpNF7aTJ,-4720729.480
1418,1,5,29,13682163#2ADhf7haXL7yuNQ1EpLiYOJ2A5Vn3jOxC,-660259.0,4501060#PviMMwjS5oD,1650390.0100,-14086055,13862844#eaBWDaPkZf6jIxgbp2gK8,-11918048.670
1419,3,2,58,12459708#4fuI8TfYXOuBZOtAfcYCuuYNL8J0ozmw8,3391057.8,112839#Y0PjkRdUw5U,-13393227.3900,-9293268,2248616#V2gVhKwjkYi6AzJaphWT2,-6057613.670
1420,3,6,21,11745013#anVeZk9UgxWxeYAaVPdrqNIFVSwjbmjoB,-1750508.4,2803258#7SDO8QB1vnx,1063411.4300,12007548,57501#fOFJuT7D21R7BLShddY9s,4249757.720
1421,3,9,41,8371761#cU76nLi9Xwn6WzFDbGjZE60ewTl3yll0T,-1.0649447E7,8169463#5XsGZRJFA0z,5971893.0800,-1191797,6593420#c6gHvLmlmmKALMxL8yGLe,-4740490.190
1422,1,1,30,3320393#UFWr17VjYCBah6nQsOraZT3btzmoqmvCT,-1.3949163E7,5907705#q3392IPLhLk,12523948.2700,1219120,2053696#nyFHXWz59E1rRVLiArvXm,-2591147.210
1423,3,4,54,9364702#cBvW3F0dObkeVG8otuLQuHit5dN5KM4Wt,-1973295.6,10266816#hFnNLar1K8p,-11811100.5500,3591800,13049739#M5BbHei6rKT7yWxHXuPCL,-10728727.900
1424,1,4,30,11680715#tNtODYMtBt6gRfEBQvugzMHk1rRYHwtbD,-9776944.0,5069669#67xQNl5boAR,1903058.4800,-1734114,12843919#OGGlKvR8bwz5ldOjMuBNV,-12137971.000
1425,3,2,30,9422372#Xbp9YyTw8WiKGrYvQrUmubRSwYORdkAZo,-1.0782142E7,8326302#3nPSQIapzmI,-6109498.5700,7696349,3224481#G83DISs8D8lSGvHCJKPzP,-3667292.040
1426,1,13,43,266813#g7CAgJJmEyGzjmqryhfCIunmP6e9zR6hn,-1.3327281E7,6865304#U0yTBO0kFnL,-1420989.4600,2667636,8348566#EoNWXNnTH7HgnsdzMIwgt,-11754071.200
1427,2,10,53,9756903#emTK52q9O0orx2wgnoAWs9Q9ePLP6VQBL,-5963849.5,2345959#yfLGlXMA6or,4826492.8600,2970601,1244512#ZmJImfuO7hpGXFSWR0nL6,-13373739.080
1428,2,1,37,13836644#zwds0GofR8QitKSKw1tCcksMGjZerHqng,1.1968443E7,4870785#QJGedMdotaj,11954627.8500,-14029307,12875868#FPv55z5Uqf3QregPuJkuu,-8887995.070
1429,3,4,50,13330814#j5j8iXfdUqPnLqTytcqnRBTCw0zSh2jd5,-1.0471791E7,1010625#1UswFboeVmM,3364383.6000,-2340253,211686#b9iOfLcDx4wW5QkTA7YQv,-2710713.530
1430,3,3,4,14288195#I6JMPP2EDnO7eNMYXLaZnR8iJaVYZOvKi,-2753519.8,4240602#SBD3EWfNpG6,6739836.4200,-12138081,5473208#FFpP3uJgnGggulNwux2Ih,-11434970.420
1431,1,12,21,4890639#vQcEjsRkN0RZCcNwablns88f9W64vn0YI,9500459.0,9001736#Svn1SpARIkL,-14141882.4400,-8948646,925943#RHoNDNsT7sszsielD9KwG,9158533.070
1432,2,2,35,13026655#ikRh3hdjJOrHl4j9jeRuZF10fnkYhSqtp,276430.5,5528329#n7etDZlSpQJ,-13839820.2500,9747955,1522955#u0KThJV7vcb6qTTb9Agi8,6159985.970
1433,2,6,35,7925546#5LasqyQUxBVVgNqgLyobWc3CQH6YW47BH,412116.97,12232608#o9Nutfoj0OE,2059725.6800,14173271,2256331#FsnZP22vVCtJIaFFS8vP9,8955323.140
1434,1,2,8,1772257#3cAfNr9wNLjMgCa9uoSGr7E0FZIqpTlDs,2914866.5,9848336#dRDTfRYjD2w,7285232.2600,-5023431,13815066#kxhtqsH5JDafvoFWXiC6S,-9794544.090
1435,1,7,26,2653772#iMrs42dsg25Dq11ZW0923pLk2s47DJwqw,3049831.2,10852108#nV1Z1AHxR0G,-5993208.6900,-1242031,333995#5jg57um5dso0prve4pYdy,-3924818.860
1436,2,7,16,7515415#eZZxdXoTX7PHrh8GQAF4uFzhWf8w4B6sO,-3221916.0,3647211#F54mICgmXe0,-9739989.2500,-11194480,7638369#5YRKIBmWWciUO4mWyzPzs,-13955609.130
1437,1,13,55,945665#Q4pe4moLe3SkY7iz4AaUvGjU3xZINS87Y,-2745674.5,12493218#gbx0g4GPz1b,10106981.5500,6305819,11902308#OUEhG37L0cot9qobNLvXQ,-4778628.190
1438,2,13,18,5510650#W6IBPn5qlwGL9USKkfckuB501kAehewHP,8482849.0,12221049#zlAQwnmtGLl,-12862338.0500,-4355406,13357353#KjzC5ubwjnHjBd1JogdIo,7500266.250
1439,2,3,26,825594#dyjEqj8K4QDEOkO2HUfhOlMFXtXHvso9W,-3938532.2,4127860#RVnYbjeocsq,-1896527.4300,-4162782,6680919#OGGlKvR8bwz5ldOjMuBNV,-1828607.760
1440,2,11,20,5837226#xgsjJatKntgdxm7yTul3lXHBzYmQT4rP4,1.2493372E7,13735174#BCvdMeklMC3,-1884493.3300,-9628526,11297388#6ShablxgTqn7g5BU0wRDC,-9906977.350
1441,1,6,14,3151974#SnlzaK4qWRjS9trq8e8htEjpv3pUJCbiV,4643494.0,1900893#clekd106qZr,12241050.6100,9693966,6050833#Iqv3VceeIY3BkEWNjdjbx,2133652.210
1442,1,1,38,13750055#WpW8sfYnrYLrxlBNhbenXGJPyjDoE4Hdm,2843986.0,13815896#eQ1QQ5YTxzn,7455703.9800,-5359960,11367084#XIQMXveG5pDFmlgXJWPMy,-1484954.280
1443,3,2,8,8277955#lF3a2sfcht1tySLZUOiO99OxSDPxZ401l,-2879763.8,2878848#jTsuu0WewUY,-5693006.7500,12402395,13646987#tfCwYa9X2y0xOzPbnGLCU,12828637.490
1444,2,11,31,8257005#iuD5EHRcgGEp2BdBIgMOQGcaeDJJknlKn,3228.06,2592160#ocibxLhFmNM,13137553.2100,946126,2124704#SD1fbQJQDkCII6UQIlkcV,3772739.730
1445,3,1,16,11280229#K74ztbBnNzQXl7mMGoehUnW4Z7Dc0Mj8U,-5697440.0,1306115#zwl2QdRqXRJ,8953106.7900,11390259,9831040#OA39wwIYO95UQedIoap0t,11425782.160
1446,3,5,47,12430046#nDlMEjnK6ey8l1CMIKIe4sFpom8wHXBx8,-7958497.0,11304871#ttit3yRBuZ4,1825344.7600,-8541801,1517326#H2eI08DdLZqgUk2W9vefI,4853844.800
1447,1,7,37,10733094#hGYf7s7Wm4IbfQuaJaKRDP4P7pZ7eGWbE,1.1376846E7,1827709#JhQZfzyzkiW,-14199818.9400,4434045,475007#eW86fUoNUgfTyShjc9eU8,4567439.320
1448,3,3,62,5468513#PEmZuKRx1Tn0bQx8vdYhXfV35JVdufPic,9504468.0,13856246#IBfaoPH00Tz,2810802.6700,7424565,11834075#CQVxQn2qjDxnZM3G9QOJr,-11639256.500
1449,1,1,14,746887#0V4bG4fVSMZKzphvAs4qd7MFmV7dSstH7,-7788140.5,1754495#7o42mXJi5GA,509551.2600,-6992288,5262503#TO6FCkxOLhnRqyu3HyNRW,9687527.670
1450,1,1,15,382709#AHqE3hNb931qeo380RdrWVYf0EXsfG82m,8264265.0,6133197#vDkFooZ9h8A,7802734.7900,-10289565,3045253#HINNqPLLAzVfWbA3gXi45,-3023850.840
1451,3,10,53,13272063#EsEQZ7dgTSsonz3o5Eh9Eq101ZmJjd3K7,1.2299303E7,3867842#h5XUol52NlA,572557.6600,-9867663,2882328#HUjMIexxl6Y5TMYhw9C2u,8309594.750
1452,3,9,12,12468448#XQ72IDfBuyOCOQWPcLF3mEt3jYo0aTAVo,3679831.8,12053988#VB6gd4hTEml,-3737178.9600,-10481801,10628315#2Iee9ytgToyCBssCI6FKj,665007.320
1453,3,7,42,3706286#hNRrRtJ80dtB95qU6sJbjN9CUhmO8i3ys,-1.0532039E7,4444880#dJL5QLjVYxk,-8808028.3700,-8860895,12590158#LmysMJtOmW4LKsxEu0E9o,13830982.500
1454,3,5,18,9894246#DTOwdObZbZbhiodUfxI7rRHWpj2tfobXC,-1.3413367E7,6044366#wfXNF1FPpWc,6993030.7300,13745076,7035244#tyDalBlqsGOJifIgYRakW,2660529.010
1455,1,7,9,10428562#mMDpTXZ4SCR8cynd5Ic6ELZ1nOOyPO9Mh,2936325.8,2405510#2WBkTGHI5Sl,-13727354.4500,12965594,2204715#KDPZWoxbs0po0gx9Rn0po,3048600.710
1456,3,6,18,1529131#i38LbaXLW7zyBAq4lpyb4B5bqPari9cZf,2843539.8,11479354#ONer4VniztQ,-189554.3400,-9765253,8743565#NB6ZPcm4IfYpYJaEUy9mU,4511220.090
1457,2,5,42,8036215#2CSrJU3kpqS3ZAMl8X0n34GhMexQPpdoS,-5237654.5,8125028#3tLQKVmJYWI,1498670.5900,-13624198,4959609#5m3Jg7af2a3z6GFkHt4oA,-5448716.190
1458,1,11,62,9880312#cM4SZjYMvXLGwli1JEXFG8iTJxINuCK2i,205905.66,7588741#Ly6HrtV2FcM,-8604384.7500,-6862160,10946642#Y01tM2Z46SSrU3D8uurHD,3727226.790
1459,3,9,50,10897410#PysJCVpVbWiAfGzg2Hl2nDjZMNRqJvohm,1694814.1,12919575#C6g1epe6cD7,10781812.0600,7357638,6556771#dHqZMLzh9C4zJGquymuUd,8569264.380
1460,2,11,61,2823686#minAAAbLmfAYFKjatHq0itxbF7vGdNge5,224199.28,759470#HpqSciJRxGa,6243495.1200,837522,6519924#s6HwqO20G8HEqbnV2alGV,-283805.220
1461,3,1,20,13824579#V0Wq0TgfbCGew7c6n9E6vjMvX1sVYkKGX,6865138.5,11571068#78D8wG5oRJP,-8821036.0900,4629532,10219015#aJGkC7861qtAAvzmEmyUm,-5998667.160
1462,1,3,27,3108020#TBso0pfqUCzDNCdLmHtDOAt3VR9o5EfSB,1.0226044E7,137483#itfgzzceKmx,-10491219.8700,-11167086,2618789#X57MIwFQ5IMtEKi0V8d1B,-2249380.760
1463,1,6,35,11090803#cz0JPlIqoWNvdBG70zkrI8x4YmzXNULP7,-1.1157663E7,4472125#xKut9lAec5r,-2603537.3300,-5723323,9188870#uCRTWzdUDCXGxLY1hYEFK,14078908.460
1464,1,2,55,6945392#9SC9DuU4ufP5IMOIS4tluy1tVQrGhCMfQ,1.3655402E7,8308414#fj9tsxBY3eK,-5470467.4600,2967320,11770536#zXAxR3k468zDSBfGPZbB5,8737667.990
1465,1,2,16,4656675#AmoCVhMEbJIb2UUZlIyvAPp9ib56XX4Rj,-8352000.5,3012852#7wfG8Metzjm,-14483535.5000,9703744,2303910#ba9RbcBBs2NzQsck7xrkF,8663608.150
1466,1,7,43,2135365#BgUwH3ZDCzxueuI3OeNJN5buEMoSBCnCo,-8521204.0,7944002#SicOHOlrpXQ,5099223.0600,6517730,11238630#AM0K7KBbptJTbDBdpqcD1,753602.030
1467,3,3,10,6935055#WpW8sfYnrYLrxlBNhbenXGJPyjDoE4Hdm,-7581242.0,4758775#aTFNJDaDwmn,13081660.4600,8483076,5196438#RQu5qqS6NQXLHCfvlXan8,-4887003.980
1468,2,9,5,14164381#lkRv9nrJnI7rKk04FS4mQS8iSuz5mPgCb,-683459.0,4659504#u11W1o2mdKR,1708895.0100,-14582780,14351459#Fonmk4kDIzZLRLIZHiqzw,-12338457.670
1469,3,8,3,12898724#9wd5EyUfEO9QhJQS6BLeJDizb5o5N05zF,3510257.8,116695#UQSwfuhTkgj,-13865296.3900,-9620968,2327573#HJEIY4CMMCsVIuqxUqj8m,-6270977.170
1470,2,3,59,12158269#WcUSUyvh9hDmWdXpNvAGsyTcQ1q4QrRzF,-1812108.4,2901639#6uWOvCJ9chf,1100860.4300,12430079,59330#VvpQbIZxj0LmV76Wzmj9l,4399085.720
1471,2,3,53,8666219#FRQzstaWXzCqRXzS037htPUGLkNhbwXTP,-1.1023847E7,8456788#OmttGLYokKT,6181998.0800,-1233897,6825091#KIoRP63gtF6kjZu1C5OK8,-4907394.690
1472,3,8,1,3436966#Cvx8BTdsc6a3jZtcpbJiaGwuLEUCcH2BR,-1.4439563E7,6115167#Dj0KRS0Nl0U,12964022.2700,1261845,2125813#RvkPxayRFpblKDhzrmvEM,-2682553.710
1473,3,2,62,9693683#1410dX0TwJL51CfWpaO2qZlMliCl5rK2H,-2042895.6,10627300#WtkrX5cLENE,-12226120.0500,3717825,13507917#YJGY2K1BXlJtNrndFPax4,-11105675.400
1474,1,9,6,12090796#VBpra0G7VwJcA52qXNJ2RGRbChwXQ3puM,-1.0120144E7,5247640#fCZMorzyhvB,1969684.4800,-1794789,13294768#BTwMEco9KJQlxf0kJytSg,-12563825.000
1475,3,12,16,9752862#tbXZCmdy88sQTZrgCr9qoSj3npsEN2W9i,-1.1160542E7,8618340#UGReRQizhL5,-6324052.0700,7966599,3337586#a4D4RrCobadSJ31ChWGS6,-3796106.540
1476,1,9,33,275823#xaPnwPvHZTPG61Clag4Sak5uZmz2PePHQ,-1.3794481E7,7105797#iFt9ocfznPS,-1470916.4600,2761070,8641239#6icCOSBHrvDZ7TP22bXSr,-12165905.200
1477,2,2,46,10098630#suQhcby0FVP0CTtbrBpoQWibMMv3bqNDD,-6172649.5,2427922#fvfXO3dO6vj,4995592.3600,3074601,1287895#ZJnTk7iIvatgNDu570mBy,-13842652.080
1478,2,11,50,14320873#8rB1uqlFpaLEdaJusb1eWD0mNx3AtARoU,1.2387643E7,5041025#ukMKjVFsGmX,12373515.3500,-14520551,13326608#0DWOP0stD1JyVU0l0aSER,-9199463.070
1479,2,12,17,13797238#BC5SbE0wW49dLbA0069cN13Q3GM8XOGwY,-1.0838191E7,1045658#wEKKMDdh0uc,3482191.1000,-2422120,218902#kz8Srl9H8hL0eDu2Qvciy,-2805309.030
1480,1,12,40,14787470#o5nyUfbx66Ra863oW6DiQNXzIQMixjFcx,-2849519.8,4388774#YshaQ6KvyFE,6975342.4200,-12562418,5664503#TO6FCkxOLhnRqyu3HyNRW,-11834487.420
1481,3,5,4,5061400#Ob1EStoWOYvPqb20VWCK5drtuXI3AOZhe,9832459.0,9316215#UfJzi5gT4pN,-14635874.9400,-9261271,957991#vJdqCYG7WiHiET3h7unbY,9478709.070
1482,1,6,36,13481345#zF4A3vx4zNxuafmQcUw9Wor48xD4KCIm2,286030.5,5721047#xOBhFxQvIlz,-14323167.7500,10088086,1575949#1dOeDJKwR7m0nOZ6oMFhb,6375215.470
1483,1,1,41,8201765#VsfUBVhH8Ug53OghnAhPpYL1Aem1zH2Pl,426516.97,12659105#zygKclyL9U3,2131663.6800,14667796,2334750#D6ppNVwTo2sbFrjDQtkUG,9267447.640
1484,3,2,48,1833964#1Hvbz3gjh8q6iK6eqD6X0mmqqWVOWGabq,3016466.5,10191715#VtHGS4lQ1DR,7539116.2600,-5198293,14296554#mayQz9mq6OntmkcZuf7ST,-10136246.090
1485,2,12,47,2745896#QBJOyCpgLnxYnYbuWS0wumgftRjPUWJuW,3156231.2,11230128#MSfgcu5zLmk,-6201964.1900,-1285156,345616#V2gVhKwjkYi6AzJaphWT2,-4061409.360
1486,3,3,53,7776808#FbGHOjSlfvGDZoeVlIdRJ5c6qFiweUxGk,-3333916.0,3774119#23uzSu3QTQE,-10079214.2500,-11584330,7904245#EWqOC2G232mkInQuQ5qWh,-14441434.130
1487,2,5,53,978264#PXBAbNw4kfw9dxB2tEWRNV5NjfhYgQv0K,-2840874.5,12927731#lvLuRjVZSzE,10458660.0500,6525319,12316168#JkyXYFuOJbz3hvkCdA7sw,-4944779.190
1488,1,7,4,5702018#OOJwjIqJYT79Bk8dUTvfmUJOCIvXl89d1,8778049.0,12645651#Y6qzRwgKtsA,-13309345.0500,-4506518,13821531#GXgUvOuaCq2Wv3rLh8sn5,7761310.750
1489,3,7,32,854233#O8IgR5NCsbXBAADDXoXmhCrr0jV4mDqRc,-4075332.2,4270996#E8FL5f34veH,-1962696.9300,-4307432,6912908#7myNVtq8sSvFz6g8ZsSWj,-1892215.260
1490,1,12,1,6039759#lgTyQ1Cn4L4Ub9bEkBJy8ttQhxssZkmta,1.2926972E7,14211782#FxRRGoUs7fL,-1950035.8300,-9962917,11689345#DGGsZgdbpr6U9GuYKh7Sa,-10251298.850
1491,3,9,29,3261160#6OrIu1tpjZfNfJMR6dzE8AhEBNG2EWzQP,4804294.0,1966716#TguSq8EEJRn,12665718.1100,10030141,6260490#5AvsFm8zRZ6pHjAcqMS9W,2207525.710
1492,2,6,7,14226662#oGtasL6pu9DcXrKG0VitR7LLdzFFxW1cZ,2942386.0,14294869#5K30IHluCho,7714464.9800,-5546010,11760964#WHPQJo0CUuqEJ7x5AoTl4,-1536499.280
1493,3,10,2,8564532#7eaPhYeaiSZYSyhZdw4ERgo3JVFN8g8Nh,-2979763.8,2978560#cDI2cdyqCjA,-5890394.7500,12832345,14119656#2UguFwlCAd0wW1t5gPl6K,13273266.990
1494,3,10,12,8542818#eKJeorOyLTFebFdq0yqsqO3ZHdJOhuYpe,3228.06,2681594#Zz3DdGLjMoj,13592757.2100,978901,2198241#gXCRoQIOB0njtObB9c4as,3903328.230
1495,3,7,50,11670268#GcgUlb241zEkkWnQsS4GdDKA8NcOOWQzP,-5894240.0,1351057#bR5PolczmcF,9263211.7900,11784109,10170971#9jdXdPA4pyuCUX6F2q29j,11820807.160
1496,3,7,26,12859636#hI85e5XGd1GYSb5M54c2WLMJAh9zcdqAM,-8233697.0,11695747#VLg4Q72X0rF,1888745.2600,-8837276,1569599#KSqXeag1oj8b419aMJQ3l,5021858.800
1497,3,7,10,11103743#urA9H7TrhKYzD89QgYI6uwwujhgyqsmA1,1.1769646E7,1890766#P2IpMZP53re,-14690638.4400,4587595,491290#hkZVMKw4ieBmMgR7B61YL,4725389.320
1498,3,5,33,5657112#lgQxtzAeBJMFSrTnahJqdaA9livIa3cxh,9832468.0,14334498#Xij0SVjLxmf,2908103.1700,7680778,12242471#g66CjVJdDzV4qTCc59V59,-12040831.000
1499,1,10,61,772438#67q0JmtTeYkaT9RMxJxiVQMvBNCxvptup,-8056940.5,1814885#JG0xIxZQOXv,527011.2600,-7233326,5443843#Thxsj0vZJFx0Sj8a0r00Q,10022029.670
1500,1,6,35,395770#MbNcVpRMs7uqcuUrX3Ng9vmaBpqVCQhCG,8549065.0,6344498#Xij0SVjLxmf,8071681.2900,-10644290,3150094#gsFqPCQuoSJWfKDp1C5rE,-3128060.340
1501,1,7,43,13729127#akuVd9MIQtLisfMDBGNkIHNJvuo6EKhFc,1.2723303E7,4000994#12nWouMDlGM,592583.6600,-10207663,2981438#RQu5qqS6NQXLHCfvlXan8,8595608.750
1502,3,11,62,12897699#z7ivZogKscAwx2VM8sDmIbcO0yh7qGJJL,3806231.8,12468849#xWgvDewgtJo,-3865752.9600,-10842401,10994260#wUdP85J9hVNJJJdVPE8yl,688045.820
1503,3,2,28,3833627#EZdF74IReynmQenSOdVEk6Ru5p6KVxbjE,-1.0894439E7,4597750#JyNRMtYDFa5,-9111381.8700,-9166045,13023371#aMniLmS8uTNYnNPoKw1N0,14306947.000
1504,2,8,27,10234409#lpqcuN7p9689XCR2LKxWoj9YPjivN74gG,-1.3874967E7,6252068#78D8wG5oRJP,7233173.7300,14217576,7276843#Thxsj0vZJFx0Sj8a0r00Q,2752152.510
1505,2,7,57,10786814#j5j8iXfdUqPnLqTytcqnRBTCw0zSh2jd5,3037125.8,2488115#zwl2QdRqXRJ,-14199298.4500,13411044,2280181#e4mIv5nELjxOcPk9sIH26,3153220.710
1506,3,3,48,1581319#y1YcnySNmx1gLwTliN4CbSuGCZr8xhWoQ,2941139.8,11873310#hnPfdFfqXY5,-196302.3400,-10100628,9043521#65QOYZyMZFn3nKJOlyXpg,4666430.090
1507,2,3,55,8311752#e1ka1a7Uw1M0WJm7gfeIZbEvPTWXNhQZ5,-5417654.5,8403571#BneIDEWu4fZ,1550050.0900,-14091788,5129674#rat5q7mZZH6uZ9gcCHmt2,-5635852.690
1508,3,1,41,10219122#0lNX4BNy1H2R6QQMJGc0Bk37s3O7lrAHB,213105.66,7848983#f1yuHg2xFWh,-8899262.7500,-7097785,11321893#C0hYbkG6GiLf3loG6LvT4,3855361.290
1509,2,5,38,11270805#EB2qUPu5OExPRFKHBOwjE2nKdAGbR1ofh,1753214.1,13362191#1wz3KFWgiRy,11151019.5600,7609813,6781131#HzlcGG9PJ1HznYJMJRb46,8862822.380
1510,2,8,47,2920299#INAjGyR7YoOy3yxEcA4YW8KyoXcPlmAmY,232199.28,785331#uNS5K536kXE,6457007.6200,866047,6743196#RvTE0QplANlVqFmZ59Quo,-293360.220
1511,1,9,6,14297624#fSCUeYocHSOLxmWcqb9KzWxrJT1nikGqk,7100338.5,11966915#Vv6VBQWMmxR,-9122966.5900,4788070,10568443#YVRMlDbR00UOGhJd16SfY,-6204061.160
1512,2,1,9,3214305#2GFUrBIhXOUBU2ILhsS6Z8rUKvF2jMuzf,1.0575644E7,142080#3xhuHcKhGk7,-10850357.3700,-11549105,2708294#Wsz9Zj53juJbQIXx6JKUK,-2326597.260
1513,3,11,5,11469543#1fqpNSM0QqXY1qdAE5nERixNR0FiDVyRt,-1.1539263E7,4624626#xEBohu7C90t,-2692181.3300,-5919223,9502901#Xke39eNSbZYhd63SmfELE,14559998.960
1514,1,6,43,7182308#AR59DW9zyrKWPAymSMFpRfQrfQXIpv1df,1.4121802E7,8591973#tFGdMfP8E2r,-5657267.4600,3068520,12172370#imDYx4BdqvGktJMOuWpTx,9036288.990
1515,1,2,18,4815340#gSW0pcinql7Vs9ya8IUVnI5nZlZHKfRAP,-8636801.0,3115661#oFFqhFtXfLl,-14977834.0000,10034932,2382506#uaXSsXV4vlMko1iPes8oB,8959528.650
1516,3,12,26,2208078#0fHRhzZg7eHpvKq1fF6vcDqAgN1oK4i7b,-8811604.0,8214652#xQgDv6hWiFO,5273446.5600,6740030,11621809#HOQcDvjxNkd24ggjEPfj6,779263.030
1517,2,6,8,7171253#tpag96Ac69FxxhHI2digMpcLBAKcQjBSl,-7839642.0,4920868#jvTht8kEkz1,13527606.4600,8772285,5373497#GaUYb6kZnE875hw6oTf4u,-5053278.480
1518,1,13,44,14646598#Rf6iAmSQwI7F9oiXWprbppWCM5jgv2d3C,-706659.0,4817948#owNMbZsXHYX,1767400.0100,-15079505,14840073#qV8ZkG9HuRNNmRCcJ3QsW,-12758866.670
1519,3,1,10,13337740#i4QmFyg4t36uTFkgkGoREbmwzd44n4gHQ,3629457.8,120552#VLZMard2wks,-14337365.3900,-9948668,2406530#Z5cEK71jLJSDF15oi41LI,-6484340.670
1520,3,13,33,12571524#gmseIrZ0KLkkKAxXkgSwjrSxinC1sLgD5,-1873708.4,3000021#x7N1Gce7mq7,1138309.4300,12852610,61160#hL5RXZWtkQ6JPkEcOfHHD,4548413.720
1521,1,10,2,8960677#Z5G08PCIb4hSgfWxMFjY5HfnliNM8tmMs,-1.1398247E7,8744113#GxCzOfu2BRj,6392103.0800,-1275997,7056761#U4T9xcL4EWlEgtuefGqGo,-5074299.190
1522,2,1,35,3553540#U5Ags6CedvwcXu35LMbgng5UrhZqQH8Iw,-1.4929963E7,6322629#SX31RelbpFE,13404096.2700,1304570,2197930#eaxZ66ieUOOwRvdomeeab,-2773960.210
1523,3,13,7,10022664#fwsKq8VBtkKW3DRGId8BYTGKgJVZKZnCt,-2112495.5,10987785#QJGedMdotaj,-12641139.5500,3843850,13966095#TngaurIw6DlwEqUAPlNcV,-11482622.900
1524,1,1,45,12500877#R9AVuRznnm1YLrIpOygFyCpzCJyvkMBeh,-1.0463344E7,5425611#NpGtRJjb5Jz,2036310.4800,-1855464,13745617#OrWyctbit1MGBBGzpiWe5,-12989679.000
1525,1,9,2,10083352#JD3bDhYzVfdHhLsPydyTj48ympd7qKfJ4,-1.1538942E7,8910377#69Eb74PHGCc,-6538605.5700,8236849,3450692#X6iosTPVRpiUhBzV6GUEs,-3924921.040
1526,1,6,24,284834#JEGkQOaEguacPYwnzhdnHmzmOjL88DSSa,-1.4261681E7,7346290#3oVTowX1Jdm,-1520843.4600,2854504,8933911#Vn3M8IPNgQ18GgN7SpVqn,-12577739.200
1527,2,7,39,10440358#nYqakANpYf25b8wCk7TMgdMHFmImcFYuc,-6381449.5,2509884#bbJSA7cqrN8,5164691.8600,3178601,1331277#I0WbkGCbcPAwtComIDHKu,-14311565.080
1528,2,8,63,14805102#EgGxpXX1dTzF0PMRfJYUPFFOAfmT6ZeLu,1.2806843E7,5211266#a7WZkbHAbGG,12792402.8500,-15011794,13777348#280ymtiEiwe6hlMwoqh1g,-9510931.070
1529,1,7,47,14263661#oGc5pWVKfqBmxnUupdpsh6c7WvadqgUOb,-1.1204591E7,1080692#6II03nL9YMW,3599998.6000,-2503987,226119#3XG0zhiJZ8NdNHYtgx8qF,-2899904.530
1530,2,9,13,15286746#YWQ8c5kQhCWjubUKq7o2GY3QjTsohE49D,-2945519.8,4536945#utQxn4TEO9W,7210848.4200,-12986756,5855798#GNVSvxQ3fjEBjvSTVFBiX,-12234004.420
1531,1,11,50,5232160#6OrIu1tpjZfNfJMR6dzE8AhEBNG2EWzQP,1.0164459E7,9630695#UQSwfuhTkgj,-15129867.4400,-9573896,990040#OA39wwIYO95UQedIoap0t,9798885.070
1532,3,10,37,13936035#j0Go7gH0QspoqdNk5238ouQkGs6LYMefm,295630.5,5913765#YcjAGlgDjrY,-14806515.2500,10428217,1628942#5mWFgpJ6ALsdrokeYWwRa,6590444.970
1533,3,9,47,8477985#XIpo7wjxelF40uzlyq4aN6vEk1VPkvq00,440916.97,13085601#suut4RbacC0,2203601.6800,15162321,2413169#PvETpPJj0XEoJWnjMMCci,9579572.140
1534,2,2,26,1895670#kLMYtbpJxxFrLXbzG7ok1ZAj15sOwpu7C,3118066.5,10535094#oYPTOFLniLl,7793000.2600,-5373156,14778043#DeFTTdZdNrAnVyUoPlTSZ,-10477948.090
1535,3,4,4,2838019#Vsq92zWQv6Y6PDEKKxW6dMMmHJFWiQRla,3262631.2,11608149#HFnyH6Z4lZY,-6410719.6900,-1328281,357238#KWkw738qw71gCOoKfUVpP,-4197999.860
