1,3,9,9,532355,197070,1353158#GYupSjFLfCAp8SaCoF0YmNc5SAt3oWCi2,2263968.19,2026913,1027624,0.3,1282858#NqEKFarfhzzoJ2Ep
1,4,1,1,-6650,9508,36838#ATJ0mHboc9DMOxenqIbdVupSSkozwt3qr,2018.56,-38165,-33659,0.0,17768#GqsQnMAf46BdNA7z
1,4,1,2,-11271,-10886,25802#buf8n2Uar7P3E1uV6VcMcdHGBrlPvHPtU,-8447.06,57105,-86025,0.0,67825#oCmWKvKRUJyV3YVj
1,4,1,3,-58660,-15831,88641#W3V805qZuE3hcb7Xtx3fdav8XDJkG50X7,75373.1,-58333,92071,0.0,104976#JZ1l8N8Jppp0UbXu
1,4,1,4,79605,-81520,53627#fCr8tYSqc3DbTZwQReKePkhqa9CdYThbl,-140571.63,53981,-3988,0.0,131477#OasvxE3ZZPiQKeqz
1,4,1,5,-166283,-196020,173871#m9MsvZrmki1MHdF9xxFdOTlVRBEAg4DaS,-7128.98,43165,186582,0.0,76698#8I5yFb84517Y6CeI
1,4,1,6,-181153,-95643,100852#YemS3YyGiWVmXAXn6caSvkmZfKWGhNwAh,6361.35,-231739,-171356,0.0,87711#hFNfBJqNr8XqZDUR
1,4,1,7,-205607,-65318,223202#DKXOImp1G9qhQwpDGfX6OdqXbdWLYL9cu,-222910.6,59338,118409,-0.1,78665#Mh94A5dvyzJ3gJUx
1,4,1,8,-33910,-37538,218447#BWwwc8XJ8ffoMrH5NK0Miqp9dT6jEYaE2,284361.46,-269549,139566,0.0,139361#BjO2xIqgkDD3oNMV
1,4,1,9,-294018,-323145,26523#WN74zsiXNjjM1lZC7IdOTuZfk1Kff1mSy,60728.22,324425,-218868,0.0,263036#iSabHwopxPZL8tzb
1,4,2,1,-11271,-10886,25802#buf8n2Uar7P3E1uV6VcMcdHGBrlPvHPtU,-8447.06,57105,-86025,0.0,67825#oCmWKvKRUJyV3YVj
1,4,2,2,-78792,-18657,116043#JtFkk6EWnmLExjxSO2M7pgcTZ5UdjHrty,98861.1,-76665,125504,0.0,137175#vQWWMlKoiFDn0UBZ
1,4,2,3,121805,-123644,79284#dX63uwZmCsd9nqZxLGpjJMDUGGZb8tkim,-210843.63,76470,-10462,0.0,196673#whxRD7D6aKkHcHFt
1,4,2,4,-265487,-315066,273473#7LPIIQCMmRq1Yb2ivlQqOXhE5IasPnrDK,-7128.98,72511,295788,0.0,119857#74Xz1rXcVIEY9xrW
1,4,2,5,-305941,-160250,165693#Nu6uQFInolND3qvMbnUCsG4whMzXDGQDe,16089.35,-388410,-288924,0.0,139835#uuXuO4lSr8Uj8lER
1,4,2,6,-352832,-109378,377613#iM308Zs0KS7A1rdjWIG4XSMbArbCuTnVm,-379070.6,102251,208176,-0.1,128870#Ew4Wafw2ZmT2R5tD
1,4,2,7,-55510,-59155,376687#yZkxyw3sL7vBJjvdUnx6fwencq3khAkc6,501321.46,-471354,245237,0.0,239376#9JhQryZtkc0XddzH
1,4,2,8,-517934,-572329,40442#IbPbCrChKy3vIL5GHXRbj8iyl5WUuM9Bc,105976.22,583522,-388033,0.1,464978#gJvnUV9uDyhcJhie
1,4,2,9,295174,-73117,419711#eOLT9jFkKpjkqccW1ZYAt2Ydo0KWN3h1o,-571120.85,-14632,-724347,-0.1,700305#hxktvx7otYkoMyvc
1,4,3,1,-58660,-15831,88641#W3V805qZuE3hcb7Xtx3fdav8XDJkG50X7,75373.1,-58333,92071,0.0,104976#JZ1l8N8Jppp0UbXu
1,4,3,2,121805,-123644,79284#dX63uwZmCsd9nqZxLGpjJMDUGGZb8tkim,-210843.63,76470,-10462,0.0,196673#whxRD7D6aKkHcHFt
1,4,3,3,-298555,-354749,306673#5LlztUPkHN7BSkzbnAczO4Ad1HAMckz62,-7128.98,82294,332190,0.0,134243#A6QV7zx59D0VdhWk
1,4,3,4,-368335,-192553,198113#re0hFnvmhzEYswHYlJIByswpkwNfSNBLa,20953.35,-466746,-347707,0.0,165897#lCC1KtGAUSZxNaa3
1,4,3,5,-441167,-135814,470260#eJkOQBOv1jAZnxt0MRXfYvZFR5dRe9Vgh,-472766.6,127998,262036,-0.1,158993#3Gr2tz8ntxJtLiUz
1,4,3,6,-69910,-73567,482180#3E1hF7yKk1EszC0Xqop6VkPEqyM6EQxqW,645961.46,-605891,315684,0.0,306052#fATEtXPRcC8VZTC2
1,4,3,7,-677874,-750317,50384#aVSGpRm3uHDe4DemFthkb1irve0QxsPwd,138296.22,768591,-508866,0.1,609222#MYLZ7Fw86aqBS62E
1,4,3,8,392054,-100280,558770#eRvMhMrweWqr1VBNm1RyrCZztVjDlanxl,-761200.85,-17039,-962652,-0.1,932590#ZBbrJaZLExjcne83
1,4,3,9,-291901,-220338,325991#7HVpiAs2DIMFXAovwYn7n4fgSaPmiAkyd,688874.45,-805262,-1039869,0.0,360170#rSX1V8FdI1RpUKTZ
1,4,4,1,79605,-81520,53627#fCr8tYSqc3DbTZwQReKePkhqa9CdYThbl,-140571.63,53981,-3988,0.0,131477#OasvxE3ZZPiQKeqz
1,4,4,2,-265487,-315066,273473#7LPIIQCMmRq1Yb2ivlQqOXhE5IasPnrDK,-7128.98,72511,295788,0.0,119857#74Xz1rXcVIEY9xrW
1,4,4,3,-368335,-192553,198113#re0hFnvmhzEYswHYlJIByswpkwNfSNBLa,20953.35,-466746,-347707,0.0,165897#lCC1KtGAUSZxNaa3
1,4,4,4,-470612,-144626,501143#eNn0CWeMvA5HDdQvvQ9UoXD8EbQJQ6d1k,-503998.6,136581,279990,-0.1,169034#HHpYUKHE9pb0ryOU
1,4,4,5,-77110,-80773,534927#MIrGDneYECoQirFwTLjuadMevUOtZGkQR,718281.46,-673159,350907,0.0,339390#lbq8A9mHUDX82tf9
1,4,4,6,-773838,-857109,56350#homsUTCrziZM7IjFjCLvzT8Pq386oyMKx,157688.22,879633,-581366,0.1,695768#GqsQnMAf46BdNA7z
1,4,4,7,456641,-118388,651477#03xEsHQCQdPyQnvdVfGnBNhTEiP04Oy6g,-887920.85,-18644,-1121522,-0.1,1087447#Hfp1EyN5KbvLRG8i
1,4,4,8,-345341,-259371,385168#qkX4feRDVWu1YuYBac5osqsLTjY9F5dTL,817834.45,-956219,-1231389,0.0,425088#pbhJtGMdrbEyYRpO
1,4,4,9,-888070,838433,682022#hCyGmEoQQF3v4Hx8zA87839KVT679rVmk,-690166.76,901007,-754758,0.0,1286429#Yg3a3XnTX0aTBZMN
1,4,5,1,-166283,-196020,173871#m9MsvZrmki1MHdF9xxFdOTlVRBEAg4DaS,-7128.98,43165,186582,0.0,76698#8I5yFb84517Y6CeI
1,4,5,2,-305941,-160250,165693#Nu6uQFInolND3qvMbnUCsG4whMzXDGQDe,16089.35,-388410,-288924,0.0,139835#uuXuO4lSr8Uj8lER
1,4,5,3,-441167,-135814,470260#eJkOQBOv1jAZnxt0MRXfYvZFR5dRe9Vgh,-472766.6,127998,262036,-0.1,158993#3Gr2tz8ntxJtLiUz
1,4,5,4,-77110,-80773,534927#MIrGDneYECoQirFwTLjuadMevUOtZGkQR,718281.46,-673159,350907,0.0,339390#lbq8A9mHUDX82tf9
1,4,5,5,-805826,-892707,58338#XEgLqoNs1y6HCssJY0haS4VSZsdhZhGL8,164152.22,916647,-605533,0.1,724617#llWXEYWeYuoaBPb5
1,4,5,6,488934,-127443,697830#t26eFpHouf1sWY1dLMY3kEY2wgeIhTBhg,-951280.85,-19447,-1200956,-0.1,1164876#iV0FqshrsDmitFa0
1,4,5,7,-377405,-282791,420675#mphax54e7gSYaPGcjWiScmMNxoBSR8xx3,895210.45,-1046793,-1346301,0.0,464038#PWiDRWPDMbJpraoU
1,4,5,8,-986790,932136,757716#eIT9JOxp3Arvh2aGu8Z0x67etMrIipD3B,-766198.76,1000162,-837794,0.0,1429079#lLXcF7tHMopxHjoi
1,4,5,9,-624580,-625238,1519105#AnFcWHOSQ8srca5MYMyWlh7mQWbARlOxB,583881.15,1431720,-151867,0.0,1802301#xoJaZoWsKbZTJPQP
1,4,6,1,-181153,-95643,100852#YemS3YyGiWVmXAXn6caSvkmZfKWGhNwAh,6361.35,-231739,-171356,0.0,87711#hFNfBJqNr8XqZDUR
1,4,6,2,-352832,-109378,377613#iM308Zs0KS7A1rdjWIG4XSMbArbCuTnVm,-379070.6,102251,208176,-0.1,128870#Ew4Wafw2ZmT2R5tD
1,4,6,3,-69910,-73567,482180#3E1hF7yKk1EszC0Xqop6VkPEqyM6EQxqW,645961.46,-605891,315684,0.0,306052#fATEtXPRcC8VZTC2
1,4,6,4,-773838,-857109,56350#homsUTCrziZM7IjFjCLvzT8Pq386oyMKx,157688.22,879633,-581366,0.1,695768#GqsQnMAf46BdNA7z
1,4,6,5,488934,-127443,697830#t26eFpHouf1sWY1dLMY3kEY2wgeIhTBhg,-951280.85,-19447,-1200956,-0.1,1164876#iV0FqshrsDmitFa0
1,4,6,6,-388093,-290598,432510#4n9xW5l4oTkzwNsPkWNwno4ZZ3E7D7dJB,921002.45,-1076984,-1384605,0.0,477022#YTdzLw6HNu4ZFx8N
1,4,6,7,-1036150,978987,795562#H3fMs0AMRwReg90k3CZqogd6LHTCK4Qvw,-804214.76,1049740,-879313,0.0,1500404#vT5idjDCZgFGZxuA
1,4,6,8,-666232,-667537,1620298#aRrp8Fh6xET06wvrzK3iLswae1GLHuqVl,622665.15,1527707,-162512,0.0,1921999#MCWvU1dmN8bXenHF
1,4,6,9,-1105661,-1806272,2088798#GOQTQ0rxF93ObHaYw8GLpD6k5RVlw818s,-1477704.06,1220931,772632,-0.2,1835350#eoaKduMH8DvrmA4B
1,4,7,1,-205607,-65318,223202#DKXOImp1G9qhQwpDGfX6OdqXbdWLYL9cu,-222910.6,59338,118409,-0.1,78665#Mh94A5dvyzJ3gJUx
1,4,7,2,-55510,-59155,376687#yZkxyw3sL7vBJjvdUnx6fwencq3khAkc6,501321.46,-471354,245237,0.0,239376#9JhQryZtkc0XddzH
1,4,7,3,-677874,-750317,50384#aVSGpRm3uHDe4DemFthkb1irve0QxsPwd,138296.22,768591,-508866,0.1,609222#MYLZ7Fw86aqBS62E
1,4,7,4,456641,-118388,651477#03xEsHQCQdPyQnvdVfGnBNhTEiP04Oy6g,-887920.85,-18644,-1121522,-0.1,1087447#Hfp1EyN5KbvLRG8i
1,4,7,5,-377405,-282791,420675#mphax54e7gSYaPGcjWiScmMNxoBSR8xx3,895210.45,-1046793,-1346301,0.0,464038#PWiDRWPDMbJpraoU
1,4,7,6,-1036150,978987,795562#H3fMs0AMRwReg90k3CZqogd6LHTCK4Qvw,-804214.76,1049740,-879313,0.0,1500404#vT5idjDCZgFGZxuA
1,4,7,7,-680116,-681636,1654029#mMHSttlKdzf6UyK8ndP0aZS1U01tm8xMX,635593.15,1559703,-166060,0.0,1961898#NsG4eb4m5HYvzXlq
1,4,7,8,-1146821,-1872837,2165962#l20MZQv8dEkIYGAcs5RjW4kDES3FMhzXo,-1532744.06,1265855,801336,-0.2,1903052#fATEtXPRcC8VZTC2
1,4,7,9,1328245,256035,85217#pL4t65Rr8pmL00Ngb0RODcXTBUqurh85h,-478574.25,2153314,2105855,-0.1,1483002#BejCkzdRqJC39589
1,4,8,1,-33910,-37538,218447#BWwwc8XJ8ffoMrH5NK0Miqp9dT6jEYaE2,284361.46,-269549,139566,0.0,139361#BjO2xIqgkDD3oNMV
1,4,8,2,-517934,-572329,40442#IbPbCrChKy3vIL5GHXRbj8iyl5WUuM9Bc,105976.22,583522,-388033,0.1,464978#gJvnUV9uDyhcJhie
1,4,8,3,392054,-100280,558770#eRvMhMrweWqr1VBNm1RyrCZztVjDlanxl,-761200.85,-17039,-962652,-0.1,932590#ZBbrJaZLExjcne83
1,4,8,4,-345341,-259371,385168#qkX4feRDVWu1YuYBac5osqsLTjY9F5dTL,817834.45,-956219,-1231389,0.0,425088#pbhJtGMdrbEyYRpO
1,4,8,5,-986790,932136,757716#eIT9JOxp3Arvh2aGu8Z0x67etMrIipD3B,-766198.76,1000162,-837794,0.0,1429079#lLXcF7tHMopxHjoi
1,4,8,6,-666232,-667537,1620298#aRrp8Fh6xET06wvrzK3iLswae1GLHuqVl,622665.15,1527707,-162512,0.0,1921999#MCWvU1dmN8bXenHF
1,4,8,7,-1146821,-1872837,2165962#l20MZQv8dEkIYGAcs5RjW4kDES3FMhzXo,-1532744.06,1265855,801336,-0.2,1903052#fATEtXPRcC8VZTC2
1,4,8,8,1349391,260175,86512#BJm32nhxMKOML8XIdA76n8f1jQXpzZVZs,-486254.25,2187495,2139246,-0.1,1506422#zDTQerX8UjAUNJqf
1,4,8,9,630365,233531,1602923#CPwECcFhmb3mJ20MbPZ9DgBbqt0TL7If5,2683728.19,2401963,1217910,0.3,1519246#nSafkIKMOkMPavIc
1,4,9,1,-294018,-323145,26523#WN74zsiXNjjM1lZC7IdOTuZfk1Kff1mSy,60728.22,324425,-218868,0.0,263036#iSabHwopxPZL8tzb
1,4,9,2,295174,-73117,419711#eOLT9jFkKpjkqccW1ZYAt2Ydo0KWN3h1o,-571120.85,-14632,-724347,-0.1,700305#hxktvx7otYkoMyvc
1,4,9,3,-291901,-220338,325991#7HVpiAs2DIMFXAovwYn7n4fgSaPmiAkyd,688874.45,-805262,-1039869,0.0,360170#rSX1V8FdI1RpUKTZ
1,4,9,4,-888070,838433,682022#hCyGmEoQQF3v4Hx8zA87839KVT679rVmk,-690166.76,901007,-754758,0.0,1286429#Yg3a3XnTX0aTBZMN
1,4,9,5,-624580,-625238,1519105#AnFcWHOSQ8srca5MYMyWlh7mQWbARlOxB,583881.15,1431720,-151867,0.0,1802301#xoJaZoWsKbZTJPQP
1,4,9,6,-1105661,-1806272,2088798#GOQTQ0rxF93ObHaYw8GLpD6k5RVlw818s,-1477704.06,1220931,772632,-0.2,1835350#eoaKduMH8DvrmA4B
1,4,9,7,1328245,256035,85217#pL4t65Rr8pmL00Ngb0RODcXTBUqurh85h,-478574.25,2153314,2105855,-0.1,1483002#BejCkzdRqJC39589
1,4,9,8,630365,233531,1602923#CPwECcFhmb3mJ20MbPZ9DgBbqt0TL7If5,2683728.19,2401963,1217910,0.3,1519246#nSafkIKMOkMPavIc
1,4,9,9,-1633427,-831100,1806879#7S832XOTx0JifrHIBrtAAhkySUDXZabrD,-378693.45,-2793905,-2645786,0.2,2353339#9haIrKYDcumraXyc
1,5,1,1,-9911,-8209,16835#G6w9YWHtEv1VDdRrkksb4pAISn3lErrIq,-8303.06,32488,-57424,0.0,43260#H1FGTnlujUzA51UC
1,5,1,2,-48594,-14418,74940#8JOZVOx5XMn2NqzIaGzT3IxArIblKZKdK,63629.1,-49167,75354,0.0,88876#iV0FqshrsDmitFa0
1,5,1,3,74330,-76254,50420#7tMOCcCoVXlV6UL8lFlujoqBcuhKK4KeA,-131787.63,51170,-3178,0.0,123327#AVJuAFikRKjouVDx
1,5,1,4,-166283,-196020,173871#m9MsvZrmki1MHdF9xxFdOTlVRBEAg4DaS,-7128.98,43165,186582,0.0,76698#8I5yFb84517Y6CeI
1,5,1,5,-188952,-99681,104905#1I9Gggj7dgqS84fGFbLMi93xJqO1z9uDW,6969.35,-241531,-178704,0.0,90969#WIKtUKiz8mB8WN6l
1,5,1,6,-220329,-69724,238643#w5ZvW5QzTb92hSndNPuwQzcWwZCkiTEih,-238526.6,63629,127386,-0.1,83685#eSOlgv99I1t7YsMU
1,5,1,7,-36610,-40240,238227#JRsKAd1SOj1L6D46hcrb7OxIZwmH91bP6,311481.46,-294775,152775,0.0,151863#utE9lcV90pv8cZc5
1,5,1,8,-326006,-358743,28511#ND7SuCIzsLYcOef1QgvwfBehF5Am9op5D,67192.22,361439,-243034,0.0,291885#iK1fwMIbu4j5yGX9
1,5,1,9,186183,-42559,263269#yz9CFeHXnyykNXycwD5fxWxdmu4NHeFDW,-357280.85,-11924,-456254,-0.1,438983#oyGdn0V7aZVOPPdV
1,5,2,1,-48594,-14418,74940#8JOZVOx5XMn2NqzIaGzT3IxArIblKZKdK,63629.1,-49167,75354,0.0,88876#iV0FqshrsDmitFa0
1,5,2,2,100705,-102582,66456#EqZL6Mtzr6fwZ7zrLonEJzcNDUHf7oG8Y,-175707.63,65225,-7225,0.0,164075#SxOhVOaJAmPntnzY
1,5,2,3,-248953,-295225,256873#ZbAeW3MhodqoxkBnrjxhk0ySVdoVm262D,-7128.98,67620,277587,0.0,112663#vQ1Q9w30NGqzjpfL
1,5,2,4,-305941,-160250,165693#Nu6uQFInolND3qvMbnUCsG4whMzXDGQDe,16089.35,-388410,-288924,0.0,139835#uuXuO4lSr8Uj8lER
1,5,2,5,-367554,-113784,393055#ze4uyj81oIM2QbdQlBCEokVwsBDJE0ruN,-394686.6,106542,217153,-0.1,133890#yeLm5Q4f7rzkm77T
1,5,2,6,-59110,-62758,403061#UbTBARd8oHILKdp3m2Gs5y10nVjwtkRvT,537481.46,-504988,262848,0.0,256045#jePQgAwE2HGaNmYR
1,5,2,7,-565916,-625725,43425#GtoSsbOGejnBNcM9gbG8oeOcUsqxdLWp5,115672.22,639043,-424283,0.1,508251#ra2ZpAGC3bMTXrc1
1,5,2,8,327467,-82171,466064#7KiaM9QzBZxSGUwmm1MPzjeAhWwOY6dR1,-634480.85,-15435,-803782,-0.1,777733#UflvH81u4KcM9fqu
1,5,2,9,-243805,-185208,272731#OXezC2eyZouiPUzq7U9TntoyDQ1BcNILI,572810.45,-669400,-867502,0.0,301744#jaGYYIRRygUJNUyD
1,5,3,1,74330,-76254,50420#7tMOCcCoVXlV6UL8lFlujoqBcuhKK4KeA,-131787.63,51170,-3178,0.0,123327#AVJuAFikRKjouVDx
1,5,3,2,-248953,-295225,256873#ZbAeW3MhodqoxkBnrjxhk0ySVdoVm262D,-7128.98,67620,277587,0.0,112663#vQ1Q9w30NGqzjpfL
1,5,3,3,-344937,-180439,185956#ZX2bXgujLt699BJK7B4llxF7P3O3piwsi,19129.35,-437370,-325664,0.0,156124#7i5cpVdzottcUVvz
1,5,3,4,-441167,-135814,470260#eJkOQBOv1jAZnxt0MRXfYvZFR5dRe9Vgh,-472766.6,127998,262036,-0.1,158993#3Gr2tz8ntxJtLiUz
1,5,3,5,-72610,-76269,501960#KxCgxWf3NxjiPEye9KpztWKBY9xxx32Sx,673081.46,-631116,328892,0.0,318554#sOsK8BIU1wgvDcG7
1,5,3,6,-725856,-803713,53367#LslBpkTSQkZKWzevUiClIIF8u1VbtmMGe,147992.22,824112,-545116,0.1,652495#aXPEMTpxWmnIeUpU
1,5,3,7,428384,-110466,610918#5VhFHBOFSrn6CgvMfV49n6zLPQdejgqkl,-832480.85,-17942,-1052016,-0.1,1019697#6YPSzCfU0IsXnbtQ
1,5,3,8,-323965,-243758,361497#LycOCWqW7isDE6G4gGYCOmm7TIzQmMf7c,766250.45,-895836,-1154781,0.0,399121#IJ8hUsCeWi9XMVTL
1,5,3,9,-832540,785725,639445#jLEqZ36xdlBYUN4IJlAkhQW8RcxxEy7Hi,-647398.76,845232,-708049,0.0,1206189#HWaiXVGkbAdC88xT
1,5,4,1,-166283,-196020,173871#m9MsvZrmki1MHdF9xxFdOTlVRBEAg4DaS,-7128.98,43165,186582,0.0,76698#8I5yFb84517Y6CeI
1,5,4,2,-305941,-160250,165693#Nu6uQFInolND3qvMbnUCsG4whMzXDGQDe,16089.35,-388410,-288924,0.0,139835#uuXuO4lSr8Uj8lER
1,5,4,3,-441167,-135814,470260#eJkOQBOv1jAZnxt0MRXfYvZFR5dRe9Vgh,-472766.6,127998,262036,-0.1,158993#3Gr2tz8ntxJtLiUz
1,5,4,4,-77110,-80773,534927#MIrGDneYECoQirFwTLjuadMevUOtZGkQR,718281.46,-673159,350907,0.0,339390#lbq8A9mHUDX82tf9
1,5,4,5,-805826,-892707,58338#XEgLqoNs1y6HCssJY0haS4VSZsdhZhGL8,164152.22,916647,-605533,0.1,724617#llWXEYWeYuoaBPb5
1,5,4,6,488934,-127443,697830#t26eFpHouf1sWY1dLMY3kEY2wgeIhTBhg,-951280.85,-19447,-1200956,-0.1,1164876#iV0FqshrsDmitFa0
1,5,4,7,-377405,-282791,420675#mphax54e7gSYaPGcjWiScmMNxoBSR8xx3,895210.45,-1046793,-1346301,0.0,464038#PWiDRWPDMbJpraoU
1,5,4,8,-986790,932136,757716#eIT9JOxp3Arvh2aGu8Z0x67etMrIipD3B,-766198.76,1000162,-837794,0.0,1429079#lLXcF7tHMopxHjoi
1,5,4,9,-624580,-625238,1519105#AnFcWHOSQ8srca5MYMyWlh7mQWbARlOxB,583881.15,1431720,-151867,0.0,1802301#xoJaZoWsKbZTJPQP
1,5,5,1,-188952,-99681,104905#1I9Gggj7dgqS84fGFbLMi93xJqO1z9uDW,6969.35,-241531,-178704,0.0,90969#WIKtUKiz8mB8WN6l
1,5,5,2,-367554,-113784,393055#ze4uyj81oIM2QbdQlBCEokVwsBDJE0ruN,-394686.6,106542,217153,-0.1,133890#yeLm5Q4f7rzkm77T
1,5,5,3,-72610,-76269,501960#KxCgxWf3NxjiPEye9KpztWKBY9xxx32Sx,673081.46,-631116,328892,0.0,318554#sOsK8BIU1wgvDcG7
