2150,2,6,43,565563#VytbJ6nxjyZrHIfbv06YWAcyO0i97Zgc7,1.2251465E7,9091411#al4ftK8btuW,11567985.7900,-15255715,4513027#MO3jKMgPYNS01X2CAnPqW,-4482783.840
2151,2,7,39,19670966#Cvx8BTdsc6a3jZtcpbJiaGwuLEUCcH2BR,1.8235302E7,5731963#nkPytwj45KX,852921.6600,-14627663,4269875#GMZkWduOWQbZbD4THF6T5,12313790.750
2152,3,11,19,18477962#sesA3HKj8uN7iZIfy8CDYfkLJtbdUOdN0,5449432.0,17862042#DUa9OitfF8M,-5537214.9600,-15530201,15751538#JZUfXSEbmH9FDPub3AMom,987546.320
2153,3,2,42,5489067#GS8Dg35okfVTukzUqA0KBKdkKE9sk7IcR,-1.5605639E7,6585067#fGSVxjGhncp,-13054977.3700,-13132995,18655140#a5mLBKjtR21wjUZXW8Z5C,20494485.500
2154,1,8,18,14656528#t6LyQ6rDSaYe3aYPBm8skx80sIhmFT8G7,-1.9875766E7,8952194#WlF4EL81wWp,10355032.7300,20360076,10417623#G3TXm3Dl2OtjAIWdLGvuy,3943258.010
2155,2,7,51,15444097#NppX8XaiIs2yCrDft245U78XJ53BzpqS1,4347526.0,3561987#jIoOACKNv8A,-20334570.4500,19201894,3261239#6icCOSBHrvDZ7TP22bXSr,4513280.710
2156,1,10,53,2259770#MbNcVpRMs7uqcuUrX3Ng9vmaBpqVCQhCG,4209940.0,16994731#lvLuRjVZSzE,-284026.3400,-14460503,12942949#1dOeDJKwR7m0nOZ6oMFhb,6684160.090
2157,2,3,35,11893733#V4dv58L4ZoVR7tsU10IlZuHDhyRVzDdK7,-7757654.5,12024637#qAl6BSuRNfP,2217983.5900,-20170465,7340512#ZmJImfuO7hpGXFSWR0nL6,-8068627.190
2158,1,1,13,14623645#sfV0RP0BYvfQbtrWxDrguEnwrAs8GYlZV,306705.66,11232122#4XWwxjztmvU,-12732676.7500,-10160910,16200156#zsQEVQPWCgQCnWGWXtCIK,5521109.790
2159,1,11,8,16124940#Oc0OxXhgRLTYbcDSiEOaQBe8mcuIfEJzr,2512414.0,19116199#wDgyGsDeUio,15950717.0600,10888088,9697811#jGB3YIVFZopUL1DbjlaDR,12679076.380
2160,2,8,54,4176261#pz4rK1X2uSkjHOmeQZeuE3qMXi0Yy9gHf,336199.28,1121531#35mmMjtA0Sz,9232670.1200,1236872,9645732#EfE2rJkubAKVmJ3Q65Jmm,-417575.220
2161,3,2,20,20447209#LPFd9jcrv9KKj2w6Qdpm4re9V1odaVi4u,1.0157939E7,17112919#GVFpBe6yPbg,-13048063.0900,6849057,15111014#vCioUU8ZWG6nt1FklIKKE,-8874183.160
2162,1,8,27,4596003#OQJvqjNQW8NJbo36LBmozvJQ0DWm34wQg,1.5120444E7,201848#jTsuu0WewUY,-15519144.8700,-16515359,3871859#7nURFtHSaSaeYXO4wSrRX,-3330411.760
2163,2,4,56,16393163#2ADhf7haXL7yuNQ1EpLiYOJ2A5Vn3jOxC,-1.6500063E7,6607139#6JQiVwiouRT,-3844553.3300,-8465923,13585304#psl3cMjvIKpL7kcIm2J9P,20814175.460
2164,1,6,20,10262216#PkCrpfyj7qN7VJtZrV9t9r4hVQegTWUEM,2.0185002E7,12278240#iTHtmZCiZcR,-8085667.4600,4384120,17396205#YZJiM6a7cby3NwP5s7tLM,12918361.990
2165,1,2,44,6877985#XIpo7wjxelF40uzlyq4aN6vEk1VPkvq00,-1.2339201E7,4452178#XaYgbjICjE8,-21403714.5000,14340369,3404261#TdfyLnk5p6rojpdblM1pf,12806495.150
2166,2,12,1,3153340#gSW0pcinql7Vs9ya8IUVnI5nZlZHKfRAP,-1.2586804E7,11733102#Z9hTgYLAwVr,7538352.0600,9629930,16603129#0vqXj4H9PSyYdBejWWsU7,1112856.030
2167,1,6,45,10241820#0CQ6ih4j4JYaLVzMRxXXxfVCc7OnH2Pcj,-1.1198842E7,7028077#rFMKyZcJNQz,19324904.4600,12532002,7675271#RR2lLG36yw0i1KhGfbxIZ,-7214846.980
2168,2,13,47,20915426#uZXx9llSFYwLJsiXXyngKBijXsYxx47NO,-1008259.0,6877720#DJ2OAYaj6FS,2527965.0100,-21536930,21192062#vmZJvTUP1iBrEV6G03GzB,-18224183.670
2169,3,1,45,19044948#hcQ1PzxDWYXwNU1dfsVzGY0w7Iru3VNTf,5179058.0,170686#G16f7MOxIQA,-20474262.3900,-14208768,3432971#9jdXdPA4pyuCUX6F2q29j,-9258066.170
2170,2,13,17,17943846#uNybc9uHvNzyxrAQux3JVLG8wjXQmfFrz,-2674508.5,4278980#hqcSYHDJJtj,1625146.4300,18345513,84943#RHoNDNsT7sszsielD9KwG,6489677.720
2171,3,10,32,12788631#1vSIShJYC6FVWnEJev6QLhht4HKslRwBZ,-1.6265447E7,12479338#7ZXrAkgMaTy,9123468.0800,-1823297,10068478#NItL8k78D5o19cYYsIc2Q,-7244057.690
2172,1,8,36,5068995#wf0pZ94SfpTn1HknlmS45mejIpk4ZPMPS,-2.1305164E7,9019635#HW4weOoUz3c,19125058.2700,1859995,3135451#R9FLSJpC3h2die4il2lKG,-3962244.710
2173,3,13,48,14299417#kpMXfwLieE5x9ePPPtUq3fosyBBQErT1D,-3017295.5,15674083#wyd8gm1k0a2,-18036393.0500,5482175,19922409#yOBjqAbEgAvkwnvfIwoQw,-16382940.400
2174,1,1,48,17831930#UEtLWItCSbpCRfEEWjPgf3CLTlucn06Ea,-1.4924944E7,7739234#iorv9fgxMgZ,2902448.4800,-2644239,19606654#tIEx5namUr2bX9jvZzT3W,-18525781.000
2175,1,9,9,14379722#riYo5msrFQWJmNrpDelR0gehKNNult72W,-1.6458142E7,12706865#IbqHLo47eOI,-9327801.0700,11750099,4921063#ukNqbwLCMyUmtBkApJBsl,-5599509.540
2176,1,12,26,401970#LqZ4neGFN90o0k0nKNwXMJCU3BiOJF5ZF,-2.0335282E7,10472699#pvzAi4434Wt,-2169894.4600,4069146,12738654#tIEx5namUr2bX9jvZzT3W,-17931581.200
2177,2,7,11,14882815#LCtfywNqizlL4tK2mX7ecpqappkSbY1aw,-9095850.0,3575397#fPePv50f2hr,7362985.3600,4530601,1895250#FNlQbWhyKupGa9QEgCB5C,-20407434.080
2178,2,8,43,21100079#TC4HoHGOHyARI5dhPM3OYP4cchEBlraoF,1.8256442E7,7424392#tk5XRy9To5t,18237940.3500,-21397960,19636968#qHYNtleAkKxCxcRqo3uIK,-13560015.070
2179,3,7,59,20327167#eFK998kCrChg2smk7j8Gae8GIpd8W6xeM,-1.5967791E7,1536127#5EVOtjR1eGD,5131496.1000,-3568258,319933#uYT7Bg98MqxyRro9BJYvU,-4129646.030
2180,3,2,40,21777327#1iPBz4di1b8ERkjPMarOn1Ei5AFDDqugs,-4193519.8,6463175#R9kwSSjGe3b,10272426.4200,-18503143,8342633#ts69AoAhTvOqQcjj8W2jQ,-17427725.420
2181,3,11,18,7452047#aRxqnHX2rIKfEsAJDtclK7mNXtw031H6X,1.4480459E7,13718928#Cyfpc97TTAH,-21551769.9400,-13638021,1406670#wWacl7ACsmyt3nrtCeB4t,13961173.070
2182,2,10,50,19847005#iuD5EHRcgGEp2BdBIgMOQGcaeDJJknlKn,420430.5,8419099#onffUpQ9yrZ,-21090032.7500,14849920,2317858#S4XDjNcqeb0zpq7bBrtcm,9388428.470
2183,2,9,62,12068838#47yJ3b4Q7LFvRkCF0K7gMZcte856wUrIq,628117.0,18630056#KaXh2ks4cr5,3138795.6800,21591146,3432616#V2gVhKwjkYi6AzJaphWT2,13637190.640
2184,1,2,48,2697855#uIr62fcrgTuWEKdhYKMHNJDALP9NwElta,4438866.5,14999021#x7N1Gce7mq7,11093492.2600,-7646368,21037393#7TwhvzUFVhZLNeFPXCvZ0,-14920074.090
2185,1,4,19,4035625#rVVz8QUWNWSoxYHFMYZkGGnLsXOnlX1yO,4645831.5,16522415#p8sbacfA77S,-9124541.1900,-1888906,508317#UVPNMypy3RMki7fpyOxjW,-5973676.360
2186,3,5,4,11436310#59BiFT4gzM7kUdMqHn4xFKi0k80ItST2K,-4901916.0,5550831#VXP1pJgugKa,-14828364.2500,-17042230,11626502#MC8eWauaVL0W5ZEREbYPc,-21242984.130
2187,1,10,32,1434643#f7juXKRYihn3JPJrPJUG3ahohDfNhW3Go,-4173674.5,19010920#E3SaniXB5XP,15382159.0500,9598319,18110215#h7PoPAEC4AjJJ91BBpala,-7270893.190
2188,2,7,60,8381170#ZVdP7CPsMII5gGdpSX1LSIEWCum448XQh,1.2910849E7,18590072#hyqKvjfZe1c,-19567443.0500,-6622093,20320023#H09cwnAHCWFaMXhc5AzAU,11415933.750
2189,2,4,53,1255179#Lbu34GSG0S8cV0jqEEKJ4eP6uQThmL5a2,-5990532.5,6274893#clekd106qZr,-2889069.9300,-6332532,10160761#U4T9xcL4EWlEgtuefGqGo,-2782720.260
2190,3,13,50,8875228#tmv6qHlC5HbDjoHmDOOMkHz5hhhSJoeeN,1.8997372E7,20884301#JvegUUOQdVp,-2867630.8300,-14644384,17176750#D6ppNVwTo2sbFrjDQtkUG,-15071799.850
2191,3,12,43,4789771#Z1r7zXZfi0ROAyAZ7uf9p5tJSEptSJw3h,7055494.0,2888238#EDbu8KRTsc2,18611063.1100,14736591,9195688#bKzjYPNfWrOJk0Jo7SsQB,3241754.710
2192,1,4,21,20899160#6OrIu1tpjZfNfJMR6dzE8AhEBNG2EWzQP,4319986.0,21000491#bYfISutMRQm,11337118.9800,-8150710,17275284#eO2CTgJCqWQyTcajFkagG,-2258129.280
2193,1,11,44,12576617#3wpciRsXropx5M2uYhFFTARjL7FAYt8hO,-4379763.5,4374528#M0RiNspqrkM,-8653826.7500,18851645,20737015#aJGkC7861qtAAvzmEmyUm,19498079.990
2194,3,9,61,12544207#RcTVAG2wihbXyIZKkd4SzPyAoKZilrPS1,3228.06,3933677#6uKWa7yNiek,19965613.2100,1437751,3227766#lotRtZvkpSzDuCZUrFUKJ,5731567.230
2195,3,13,22,17130807#HRCpBR5MQoBmBthzRrN9Zf4ZtGMaik5nN,-8649440.0,1980245#r3lS18YiN1v,13604681.7900,17298009,14930012#MbTGZV9oaOdKhJFJvG5Od,17351157.160
2196,1,9,47,18873896#QBJOyCpgLnxYnYbuWS0wumgftRjPUWJuW,-1.2086497E7,17168011#4t2k2K2jBsE,2776352.2600,-12973926,2301421#gkNUdTJeVrxGNPUTysn1c,7374054.800
2197,1,7,10,16292836#pD4WqiekuKf6SA0vmzaQcdm1GCiIi2A6O,1.7268846E7,2773571#BneIDEWu4fZ,-21562111.4400,6737295,719259#h5jpAhWqN6JSa8Iyg1IkT,6936689.320
2198,3,7,5,8297491#9xMlyiEOVVsEZJaPk3PwdAvDiRInrN2oT,1.4424468E7,21030033#E95fbJTAJKM,4270310.1700,11267753,17960022#JLkJbZJIS9t6fzmaLNabj,-17662874.000
2199,1,13,33,1130152#is1jvVmzQiXHBX64JPU1HmMXTLtPqT3Pt,-1.182014E7,2660345#S6bZdDZJIpU,771451.2600,-10607851,7982596#OFK7WTXbhi9DBwmR0uwSq,14705057.670
2200,2,11,63,578624#fSCUeYocHSOLxmWcqb9KzWxrJT1nikGqk,1.2536265E7,9302712#ZN9TXxv2KqG,11836932.2900,-15610440,4617868#FPv55z5Uqf3QregPuJkuu,-4586993.340
2201,3,4,29,20128030#3NTpTKrM1Bl68sBKZvdt0EHNt2mJ9tolo,1.8659302E7,5865115#zwl2QdRqXRJ,872947.6600,-14967663,4368985#HCjLGEBRz8vZDDscCg0N4,12599804.750
2202,3,13,6,18907213#foSIV8p2szPAwzJKyHCDNizHgLS3V56wQ,5575832.0,18276903#GQ4E9XvSSS3,-5665788.9600,-15890801,16117483#s2NSijZP8prgj9KVEXV1F,1010584.820
2203,3,10,28,5616408#TlbInjsr8mMPc7LZDyrweDRypfFYQEk1n,-1.5968039E7,6737937#UPDqGUoTd23,-13358330.8700,-13438145,19088353#KjzC5ubwjnHjBd1JogdIo,20970450.000
2204,3,11,27,14996691#UFmxCe2n8wkpErwrcw13fYhMQ7UmXUEJB,-2.0337366E7,9159896#eQ1QQ5YTxzn,10595175.7300,20832576,10659222#QwxuQ7dZGTxhHSOqaQe2c,4034881.510
2205,3,7,36,15802349#u5kxE0hWFHntEsbUEJT3qI2e2fmW6plyC,4448326.0,3644592#5YBnz2Wei48,-20806514.4500,19647344,3336705#zKwt8fFKd9MKZEoaNhzx2,4617900.710
2206,1,7,20,2311958#TGUMJpAtRUl5wiqJHMGcoRAgEykfNBX1k,4307540.0,17388687#KZEaLLLY7Dx,-290774.3400,-14795878,13242905#yYIZwES88IvFJfo1ETbje,6839370.090
2207,2,1,48,12169270#3C2NJ0kppOH0pvO1IQ9tgsikaor6Drsze,-7937654.5,12303180#CfMSiN0qoid,2269363.0900,-20638055,7510577#1TyOs2toMPOmuBE2Q8LiG,-8255763.690
2208,3,4,55,14962455#c0mCjSIuZamTzeaVSsz2SxtebiHzwRGRZ,313905.66,11492364#qdWIulhd5im,-13027554.7500,-10396535,16575407#Hya2mhrJ0QWk4qvU0chQd,5649244.290
2209,3,7,59,16498335#GZsEfFwDbzhoN8jOK5pby8WsCQxtFyLC6,2570814.0,19558815#ANf7Ej5BFCh,16319924.5600,11140263,9922171#3TVGMUbyDmsgA58mNdpm6,12972634.380
2210,2,5,40,4272874#cefB5t2FKhJpSsfIO7zF9pP4UKIPJoUZp,344199.28,1147392#tk5XRy9To5t,9446182.6200,1265397,9869004#I6Z8DBYPKlEZ7Xb0tlCeJ,-427130.220
2211,1,10,6,20920254#FIwX88TXtNplHDY3uill9rhxbkpjwVJv5,1.0393139E7,17508766#P2IpMZP53re,-13349993.5900,7007595,15460442#hVKpqPMWhxHgHTjPzirCm,-9079577.160
2212,2,6,9,4702288#Vvkb8G9QM1S5IbJw20R357NKyCaxpoaYb,1.5470044E7,206445#uzcwE9DCiLL,-15878282.3700,-16897378,3961364#BLq75aA2x4GMUPkHvmB7a,-3407628.260
2213,1,9,26,16771903#emTK52q9O0orx2wgnoAWs9Q9ePLP6VQBL,-1.6881664E7,6759640#fCZMorzyhvB,-3933197.3300,-8661823,13899335#viSH5WUrw10PjsRqtjfdU,21295265.960
2214,1,10,8,10499132#jxtu9WDKLYXnZQMmJ4AIDvizkW3GFw2Xx,2.0651402E7,12561799#iq8zCpzHJdW,-8272467.4600,4485320,17798039#WZzChRgkeMBZDX0t5Haog,13216982.990
2215,1,2,46,7036650#W6IBPn5qlwGL9USKkfckuB501kAehewHP,-1.2624001E7,4554987#jIoOACKNv8A,-21898013.0000,14671557,3482857#ZiVgijI9yqdsIXjepyecr,13102415.650
2216,1,4,47,3226053#4gpg3e32gUpkbnMhrbiL9qywuSZ8b35z9,-1.2877204E7,12003752#8VtxMcjXlTw,7712575.5600,9852230,16986308#OUEhG37L0cot9qobNLvXQ,1138517.030
2217,3,9,43,10478018#OOJwjIqJYT79Bk8dUTvfmUJOCIvXl89d1,-1.1457242E7,7190170#N3hyxTYjrxr,19770850.4600,12821211,7852330#VvpQbIZxj0LmV76Wzmj9l,-7381121.480
2218,1,4,23,21397643#f7juXKRYihn3JPJrPJUG3ahohDfNhW3Go,-1031459.0,7036164#9fn8EocrA44,2586470.0100,-22033655,21680676#yfwT2fw3F7vfsIuhRod2K,-18644592.670
2219,3,7,52,19483964#1Hvbz3gjh8q6iK6eqD6X0mmqqWVOWGabq,5298258.0,174543#fUnYfNtkxXV,-20946331.3900,-14536468,3511928#4FuMw5MpVFD2gXEDoF3Gn,-9471429.670
2220,3,10,54,18357101#UvzKWZ4stz6vu1HODLS0tgWTV2EuRSUGA,-2736108.5,4377362#FPVmCuzAaON,1662595.4300,18768044,86773#ywOpz1ApIYnSxIZ6VDxhh,6639005.720
2221,2,4,44,13083089#5Taqn3vXjFaX82pj1Af4jlU6KuqFUARTm,-1.6639847E7,12766663#we5yZHEyKf7,9333573.0800,-1865397,10300148#C2mW7sfB8FBGGxBfVWTcV,-7410962.190
2222,3,1,7,5185569#OLSYZgLjQcNtdnO15Z6rLaqM3FVtB06Mj,-2.1795564E7,9227097#tWuh75u7mFe,19565132.2700,1902720,3207568#08ng0gQXz7IpCFlav5adj,-4053651.210
2223,3,11,56,14628398#kDagevR5hghcvEBT2JW6BynhJDPlZUqJj,-3086895.5,16034568#Gp9yoOWaSJf,-18451412.5500,5608200,20380587#VFcc9s58tLFG1giRKC2mv,-16759887.900
2224,1,6,24,18242011#VK9JY26NLsVfEZJBob4Cz28V9fzQtJvti,-1.5268144E7,7917205#NagxcIwL0ql,2969074.4800,-2704914,20057503#TO6FCkxOLhnRqyu3HyNRW,-18951635.000
2225,2,6,58,14710212#8MTxzq2eRo8lCOwwfOre9XvCxec1efK74,-1.6836542E7,12998902#IwyqgzavDu5,-9542354.5700,12020349,5034169#PvETpPJj0XEoJWnjMMCci,-5728324.040
2226,1,9,17,410981#NDv2cB6cUcZGGGSHeEBcGUMMzxt8gfpD2,-2.0802482E7,10713192#h6DnuDttKzf,-2219821.4600,4162580,13031326#H2eI08DdLZqgUk2W9vefI,-18343415.200
2227,2,12,4,15224543#1fqpNSM0QqXY1qdAE5nERixNR0FiDVyRt,-9304650.0,3657359#4IqviabBH6J,7532084.8600,4634601,1938632#chmcHQB7ac0jx15wsaJaG,-20876347.080
2228,2,5,56,21584308#AR59DW9zyrKWPAymSMFpRfQrfQXIpv1df,1.8675642E7,7594633#K1E8ZOGwEkl,18656827.8500,-21889203,20087708#AiARpdcoAFmHGDKtK21g3,-13871483.070
2229,2,2,26,20793590#kAY1i8iAGF5zPGsfGo5iAMiX4oAKTvlZq,-1.6334191E7,1571161#fCQWpnlP1Sy,5249303.6000,-3650125,327150#CKskStRj2NQEVVab7MeVK,-4224241.530
2230,1,12,13,22276603#QWiaLmeAEbXRVVKAdRdN3g1j35Z51EpJn,-4289520.0,6611346#tQmzvC6jck3,10507932.4200,-18927481,8533928#4FuMw5MpVFD2gXEDoF3Gn,-17827242.420
2231,1,4,1,7622807#HRCpBR5MQoBmBthzRrN9Zf4ZtGMaik5nN,1.4812459E7,14033408#xB6Rjymwe1o,-22045762.4400,-13950646,1438719#dAqj6ou8XoMqHxhxTCvk7,14281349.070
2232,1,1,51,20301695#lip3VEtYeflvupPK0pG4s1sRSrMbFhfm5,430030.5,8611817#gtz4twJJrC7,-21573380.2500,15190051,2370851#i6exy7wqFnvnKsT6N9g16,9603657.970
2233,1,4,5,12345058#wWt6ToC4NUPmmNHrEcWNsVkFXpw0P5jwD,642517.0,19056552#VLZMard2wks,3210733.6800,22085671,3511035#KUShvGj9o88u0UMslI5zw,13949315.140
2234,3,2,26,2759561#TUpTkWJrali9wBLA0gbd5N0sx2ZWoZVzL,4540466.5,15342400#fBSMHBejzw6,11347376.2600,-7821231,21518882#TLekuwLO9pBiQnmer7GiF,-15261776.090
2235,2,9,39,4127748#09xO45RXtwDw8C0ZpXqTxv2epZUsqk91q,4752231.5,16900436#QhndlpJiK4T,-9333296.6900,-1932031,519939#Wg2FVddEvSO4ZYCVluhfD,-6110266.860
2236,2,13,41,11697703#OjQq6D5qKyzwoSZAaOIrZtUbA8FxXH7CF,-5013916.0,5677739#H8Ad3KmOlhn,-15167589.2500,-17432080,11892377#LlHJ4K4e8SDeKrWXA1A8h,-21728809.130
2237,2,2,31,1467241#JH7oDuHXF1Hf7FTARqhwvXWaAsr3hSGik,-4268874.5,19445434#bVepmxGu803,15733837.5500,9817819,18524076#j1INcHa2yHySmMOZlAxF0,-7437044.190
2238,1,13,46,8572538#SEXqtJvviOgV7nol7OH0bHkXUh0QFdxTd,1.3206049E7,19014673#wCd9n6I5lcx,-20014450.0500,-6773206,20784201#hdiF9IELTXj1sC75x0cLY,11676978.250
2239,3,7,59,1283818#eKJeorOyLTFebFdq0yqsqO3ZHdJOhuYpe,-6127332.5,6418028#3tLQKVmJYWI,-2955239.4300,-6477182,10392751#j2ZmSlitjlu4ObHzjM68Q,-2846327.760
2240,3,1,31,9077762#gLh1m3Wk7sB3F2AWLtRQReifna0FTClTh,1.9430972E7,21360910#MFVcLwS8kuN,-2933173.3300,-14978774,17568708#AiARpdcoAFmHGDKtK21g3,-15416121.350
2241,1,2,57,4898958#TGUMJpAtRUl5wiqJHMGcoRAgEykfNBX1k,7216294.0,2954061#WaxwaXKEaI4,19035730.6100,15072766,9405345#DGGsZgdbpr6U9GuYKh7Sa,3315628.210
2242,2,8,54,21375767#cXWrGBZcTZyxYJDZ2cxPIToiXq29qPMdI,4418386.0,21479464#6FOknXB05qy,11595879.9800,-8336760,17669164#KBFVxCrX6iADkZmL80ggN,-2309674.280
2243,2,5,38,12863195#I6JMPP2EDnO7eNMYXLaZnR8iJaVYZOvKi,-4479763.5,4474240#iTHtmZCiZcR,-8851214.7500,19281595,21209683#idhc6gaHFsIaXcYETDcHF,19942709.490
2244,2,8,42,12830021#krx8hIlNdbBgEoJY18PBVoVRxWXCphVHo,3228.06,4023112#X0l147idhPM,20420817.2100,1470526,3301304#psl3cMjvIKpL7kcIm2J9P,5862155.730
2245,3,6,56,17520845#paQVQd4hgN3j2cchmUdI4XfrXc55y8zdp,-8846240.0,2025187#HmJMlbzRdOk,13914786.7900,17691859,15269944#WDY9WIs0riLMtc7czGVxl,17746182.160
2246,2,11,26,19303486#n7F1e6H18BjDTKOOSY2uNTQAmo9QXFXJN,-1.2361697E7,17558887#9ZJvHK7t5Uq,2839752.7600,-13269401,2353694#ia6QiGQmMM0HqXpOM9zVD,7542068.800
2247,3,7,46,16663486#n7F1e6H18BjDTKOOSY2uNTQAmo9QXFXJN,1.7661646E7,2836629#SX31RelbpFE,-22052930.9400,6890845,735543#NSeKdjAAQMDNinWizEWE1,7094639.320
2248,3,9,39,8486089#5Taqn3vXjFaX82pj1Af4jlU6KuqFUARTm,1.4752468E7,21508286#jZfWSLjfAbh,4367610.6700,11523965,18368419#vdNXfh2limEmdWEaZqZJE,-18064448.500
2249,1,10,18,1155703#OjQq6D5qKyzwoSZAaOIrZtUbA8FxXH7CF,-1.208894E7,2720735#W3XNolOB4Li,788911.2600,-10848888,8163935#AHBaScDjT1IIGjZk3cT4k,15039559.670
2250,3,3,20,591685#wIj48fBIZffBtn7t02ITDqFlo0WY5heRY,1.2821065E7,9514013#IHkLvbVlkWO,12105878.7900,-15965165,4722709#kJ0iFVGLlUeV9iLz6z5ba,-4691202.840
2251,1,1,19,20585095#tskWlWKxcO8MN46NdyuUWVqy84WVkFJGO,1.9083302E7,5998266#a7WZkbHAbGG,892973.6600,-15307663,4468096#lhesTBU50Cq3oGO8u3umU,12885818.750
2252,3,2,56,19336464#Vd7XmWQuwZtIZs7xTLR2OhfALVCvJNgZN,5702232.0,18691764#ttvYItRlN15,-5794362.9600,-16251401,16483427#jM89pBV4wOBeVaus0rI3c,1033623.320
2253,3,5,15,5743750#T8Kc2A8Wtuh2YP5C7RkpbDmSxRzKsrbU7,-1.6330439E7,6890808#UDVYv5tAc70,-13661684.3700,-13743295,19521566#EoNWXNnTH7HgnsdzMIwgt,21446414.500
2254,2,1,36,15336854#yDEnpclcBnKeejJkidAvhlkUkExD7wyXR,-2.0798966E7,9367598#3Txxx9Dhgv2,10835318.7300,21305076,10900820#O4K0l2He89jSwwREFUtzh,4126505.010
2255,3,7,21,16160602#TRVUdtKeUcd7XBSuOQi21Hd2sCqQiJf0d,4549126.0,3727198#fDGKrMK45Dj,-21278458.4500,20092794,3412171#3TVGMUbyDmsgA58mNdpm6,4722520.710
2256,2,5,49,2364147#Rza0nNEAX62yrkfPjaOPOPGYtq0PT96d0,4405140.0,17782642#MpvMEtaMYQq,-297522.3400,-15131253,13542861#fEW9IzVAnxwTLjkNLwF63,6994580.090
2257,2,12,61,12444807#HRCpBR5MQoBmBthzRrN9Zf4ZtGMaik5nN,-8117654.5,12581724#4mxmnbQnDmM,2320742.5900,-21105646,7680641#1qFFx20V1QmPstfvEN1cY,-8442900.190
2258,1,7,33,15301264#PXBAbNw4kfw9dxB2tEWRNV5NjfhYgQv0K,321105.66,11752605#MtCOFSJaaTy,-13322432.7500,-10632160,16950658#EHUVpNeu01oZL9lB0UTRv,5777378.790
2259,2,2,47,16871730#CNONVScMQS8JqGcPBKVeEMXTIqJUxnGcO,2629214.0,20001431#cijgLjeT6vm,16689132.0600,11392438,10146531#GXgUvOuaCq2Wv3rLh8sn5,13266192.380
2260,2,2,26,4369486#n7F1e6H18BjDTKOOSY2uNTQAmo9QXFXJN,352199.28,1173254#X6Oa64DWaMe,9659695.1200,1293922,10092276#1xk9j4881JlmZ7cDwl8fV,-436685.220
2261,3,4,56,21393299#INAjGyR7YoOy3yxEcA4YW8KyoXcPlmAmY,1.0628339E7,17904612#pDQRnTg6oAP,-13651924.0900,7166132,15809871#BHClwTCnv8c9vEJsG2Emh,-9284971.160
2262,1,5,54,4808572#nttiq4Jlic030LOG8SkoRau1RCykfBjZA,1.5819644E7,211043#l1SLACkrja9,-16237419.8700,-17279398,4050869#egSWjPbGj1HENUkixPoZc,-3484844.760
2263,3,13,59,17150643#f7juXKRYihn3JPJrPJUG3ahohDfNhW3Go,-1.7263264E7,6912141#jBXwpVw6BLW,-4021841.3300,-8857723,14213366#hIXJs7u29QtEYlW69eQ5c,21776356.460
2264,1,1,60,10736048#jNFuyGSrQdsN3wjJ3FEZfppPfdzHJsVZk,2.1117802E7,12845358#ucn0hQeUSXF,-8459267.4600,4586520,18199872#ygUeBEVxhbP6oSxDimZHG,13515603.990
2265,1,2,48,7195315#D6l9vYBoWyjPR3pQMZSdhgzuTX00DgEFl,-1.2908801E7,4657796#nuCebYFGDk0,-22392311.5000,15002744,3561454#1cFyLF0Dye1K3g48Xt18I,13398336.150
2266,3,9,31,3298765#VsfUBVhH8Ug53OghnAhPpYL1Aem1zH2Pl,-1.3167604E7,12274402#htK7qOoVju0,7886799.0600,10074530,17369486#SG86rMq4f6QjQizLXeZgM,1164178.030
2267,2,12,41,10714215#2CSrJU3kpqS3ZAMl8X0n34GhMexQPpdoS,-1.1715642E7,7352263#8gIWjdrfaYF,20216796.4600,13110420,8029390#mxWflHJ2Bgiyfa3AEOd2x,-7547395.980
2268,2,8,62,21879861#dyoqwbKAi9Z6UWEN7MjKImDVcYimYLlYp,-1054659.0,7194608#o9Nutfoj0OE,2644975.0100,-22530380,22169291#lZYaCgDuvVb3VeqhK2Oy6,-19065001.670
2269,3,13,60,19922980#A83bfKUhVjWZRjxuBjQfiS2hRWtAonofb,5417458.0,178399#Q08kQK0v68Z,-21418400.3900,-14864168,3590885#HOX2B5XhadkSjx8hM0b80,-9684793.170
2270,2,7,29,18770357#h9UBYvNl0hceqRdh9Mggm3Trmaqb8kg3I,-2797708.5,4475743#CaPbv7LwzdH,1700044.4300,19190575,88602#KqEzCaMyP3cZ6z41o7l1T,6788333.720
2271,1,11,56,13377547#6PVTdz1Smb8Ui7Q2zo0mRHF0be4zFnXs5,-1.7014248E7,13053988#VB6gd4hTEml,9543678.0800,-1907497,10531819#NJ1w43ND0DqLQ5faqOw1H,-7577866.690
2272,2,8,41,5302142#vDuyvNvbHf57FFCCYUhbYEWGrfPbJtvxe,-2.2285964E7,9434559#xJXi0RqMrgL,20005206.2700,1945445,3279685#OwMsyfAC75lYEBkG6Enae,-4145057.710
2273,3,9,1,14957379#CJLHVDkYnTqCntrkKWFIE7CHBvDp3EnAH,-3156495.5,16395052#oBzNmOEhl55,-18866432.0500,5734225,20838765#92CFCvteDvgR8bxo1bM4I,-17136835.400
2274,1,11,63,18652092#zohMfdZLzys50PMvVt8YPQkQwdrAMqnrW,-1.5611344E7,8095176#uhUhTPeDLyF,3035700.4800,-2765589,20508352#1O8EiEyGXQUCpAv4xdNKL,-19377489.000
2275,2,3,44,15040702#cBvW3F0dObkeVG8otuLQuHit5dN5KM4Wt,-1.7214942E7,13290940#HA5HNkeGi7f,-9756908.0700,12290599,5147274#pg3gYJuZgpcN2YYWtP2H1,-5857138.540
2276,1,5,7,419991#wbvqn56f074agE7a6JZ46ZX9isC3wlu7e,-2.1269682E7,10953685#ZydOF2XgJFK,-2269748.4600,4256014,13323999#fzSlxBVs8u5NlBcYuZJdc,-18755249.200
2277,2,4,60,15566270#3C2NJ0kppOH0pvO1IQ9tgsikaor6Drsze,-9513450.0,3739322#twjhgc92mfT,7701184.3600,4738601,1982015#aJGkC7861qtAAvzmEmyUm,-21345260.080
2278,2,2,6,22068537#i0Mpt7DdebZaBCIFLMeDiW8CuMeSZMdyW,1.9094842E7,7764873#qSPo4E9XUYY,19075715.3500,-22380447,20538448#BbPt29pY0kDO3BvG6aSz6,-14182951.070
2279,1,10,56,21260014#ewXB6LNxlhlNNxtLa0gU3tpSP9oORzC7h,-1.6700591E7,1606194#WlF4EL81wWp,5367111.1000,-3731992,334366#hIXJs7u29QtEYlW69eQ5c,-4318837.030
2280,2,8,49,22775878#tOwQcTikveDcQZP6onjdmifzuAAlT8Baa,-4385520.0,6759518#lVRDhr3NjQu,10743438.4200,-19351818,8725223#Yo5OkIG15IfPMq6MDv0oU,-18226759.420
2281,3,10,47,7793568#izUSEktSzjWTWQvOR3F1ptjeuXQRFuMFx,1.5144459E7,14347887#9ZJvHK7t5Uq,-22539754.9400,-14263271,1470767#Ih0CwyZ37Z0lu1u7CFAeo,14601525.070
2282,3,5,52,20756385#Rv7vbcNkyokHgMlr6DjT7Ri0n75Ed8R4t,439630.5,8804535#3VY9G5VoXEn,-22056727.7500,15530182,2423845#WLipG4rb03k31AsYO8P6c,9818887.470
2283,3,12,11,12621277#W1X6VBeGJxzF9OjywDXRCKORLks1OhNG0,656917.0,19483049#zlAQwnmtGLl,3282671.6800,22580196,3589454#1cFyLF0Dye1K3g48Xt18I,14261439.640
2284,2,2,3,2821268#GcgUlb241zEkkWnQsS4GdDKA8NcOOWQzP,4642066.5,15685779#dFfbFyplnBw,11601260.2600,-7996093,22000370#imDYx4BdqvGktJMOuWpTx,-15603478.090
2285,3,1,60,4219872#S3oy79a4svs4lR5O9XJQFl2dMjzLc5I3N,4858631.5,17278456#1nKCvrWsLSg,-9542052.1900,-1975156,531560#B78O2W5YyQkCJ5HGhU0SJ,-6246857.360
2286,3,9,15,11959096#IFABKNLtVu38qzHKOIVZpa3DTyYfQR8gN,-5125916.0,5804647#aGvUhDowgRU,-15506814.2500,-17821930,12158253#HINNqPLLAzVfWbA3gXi45,-22214634.130
2287,3,7,29,1499840#AtEZ8oafqkyjBad4NXVdlpqS4i5dYS39H,-4364074.5,19879947#lWtwQqHe6za,16085516.0500,10037319,18937936#5ggSPLmizVT1bRt5VIc5U,-7603195.190
2288,3,7,32,8763906#UaQb7QU7yECBZDKgV3Qn8po8MMMSfFmcM,1.3501249E7,19439275#mnNNXNk9msd,-20461457.0500,-6924318,21248379#0B6yGmIj7QY4MYyG7GF2Y,11938022.750
2289,1,11,2,1312457#pBzyTohxUSCabq9ZlcNRN2HeV0IqNX74S,-6264132.5,6561164#9fn8EocrA44,-3021408.9300,-6621832,10624740#OfOlQCIJ85BtYKfJyyGO5,-2909935.260
2290,2,2,12,9280295#gmKhd2KRV2nYqyv8Mh17CA7r0xPqsmiJc,1.9864572E7,21837518#lVRDhr3NjQu,-2998715.8300,-15313165,17960665#AKwYOOLDkrKfS0ypcqS1D,-15760442.850
2291,3,5,9,5008144#mnpfaW4L6NjsFSPS64bc0KTKYzJb8uI04,7377094.0,3019884#bbJSA7cqrN8,19460398.1100,15408941,9615002#CnRBAWAMYUrEYQd7AivFU,3389501.710
2292,3,13,23,21852374#AyyoBFEK7ziKjpZpPILSdyMcBtmExUaNB,4516786.0,21958437#BhVI7ipcSvI,11854640.9800,-8522810,18063044#kpse77S9ImRwdNqCjS2BU,-2361219.280
2293,2,13,32,13149772#iMrs42dsg25Dq11ZW0923pLk2s47DJwqw,-4579763.5,4573952#V1O0ts5o6bc,-9048602.7500,19711545,21682352#1O8EiEyGXQUCpAv4xdNKL,20387338.990
2294,3,7,23,13115834#JEGkQOaEguacPYwnzhdnHmzmOjL88DSSa,3228.06,4112546#uBwNAMUFHtU,20876021.2100,1503301,3374841#dZjK7KHAR79P9hWPqhpPq,5992744.230
2295,3,12,27,17910884#jn2fDpmIZEL6Ax2QCgFKbIP0G4tBSIt0w,-9043040.0,2070129#WnxgSpr43rn,14224891.7900,18085709,15609875#GMZkWduOWQbZbD4THF6T5,18141207.160
2296,2,13,5,19733076#k6r5CAE2P3YtPY6pixIO7j5YYml75BzV4,-1.2636897E7,17949763#EHqAFxIQ0G7,2903153.2600,-13564876,2405967#L3LVhlBtjyhrjhwcv8C8q,7710082.800
2297,2,7,19,17034135#KQ1hPdB7hGzMaZubERilIWHest96ZEspW,1.8054446E7,2899686#G16f7MOxIQA,-22543750.4400,7044395,751826#9pTs9YD2h6WDKyJ73ERqa,7252589.320
2298,3,11,10,8674688#KV219xOP9G5nlmGNJvTtLRxn4HlFAVrMC,1.5080468E7,21986538#FhB7sugRKeO,4464911.1700,11780178,18776815#8MQpkzMbMThmaSqqaCz5A,-18466023.000
2299,1,6,2,1181254#FIwX88TXtNplHDY3uill9rhxbkpjwVJv5,-1.235774E7,2781125#xKut9lAec5r,806371.2600,-11089926,8345275#lzdGVyxHVJei2NHkX5XqF,15374061.670
2300,3,8,40,604746#YWQ8c5kQhCWjubUKq7o2GY3QjTsohE49D,1.3105865E7,9725314#150eYGo2LDL,12374825.2900,-16319890,4827550#73qwwXdQtclsoribjJiJi,-4795412.340
2301,2,11,9,21042159#jb93KxHbbMBMbsBYyLq31aPRS6TgvPKn8,1.9507302E7,6131418#OVYcap6itLl,912999.6600,-15647663,4567206#82xbI8b5mpUlSWfZgzuGS,13171832.750
2302,3,4,43,19765715#tNtODYMtBt6gRfEBQvugzMHk1rRYHwtbD,5828632.0,19106625#1UswFboeVmM,-5922936.9600,-16612001,16849372#i03wOx5uJuUmtu8emCBGU,1056661.820
2303,3,13,1,5871091#4Ne5hecI976uszy4Ac9ONyzA9gHGx89KD,-1.6692839E7,7043678#wOBxehcxbFt,-13965037.8700,-14048445,19954779#rlm7EFf0gpAOjuQcfzWKp,21922379.000
2304,1,4,45,15677017#8wP4yLQXplrFudLdBxFyvumCjXKgWF6d8,-2.1260566E7,9575300#WtkrX5cLENE,11075461.7300,21777576,11142419#vdNXfh2limEmdWEaZqZJE,4218128.510
2305,1,7,6,16518854#yDEnpclcBnKeejJkidAvhlkUkExD7wyXR,4649926.0,3809803#gvFsQiHYYCg,-21750402.4500,20538244,3487637#2amCDHtX1f9yUVO8JswQX,4827140.710
2306,2,2,16,2416335#GZsEfFwDbzhoN8jOK5pby8WsCQxtFyLC6,4502740.0,18176598#3Txxx9Dhgv2,-304270.3400,-15466628,13842817#9nw40I7mvcIC0VSwI15sO,7149790.090
2307,2,10,11,12720344#RJ5w7fjND16e6NOBQL2v8cfairKK61Jey,-8297654.5,12860267#aOEMC6rECkF,2372122.0900,-21573236,7850706#meQZH0anCSSdDqBg0L09h,-8630036.690
2308,3,10,12,15640074#Xd1kpangUwVMnw9jonYhfVA1nyga3D8eC,328305.66,12012847#RVTO4vdeM4d,-13617310.7500,-10867785,17325909#DthlIWL7z8buJ7AV0T0GD,5905513.290
2309,1,11,35,17245125#ZwPTUQrxN6C8LFodZwe4MGo39ekGR9N9V,2687614.0,20444047#xOBhFxQvIlz,17058339.5600,11644613,10370891#8KENaWvI25I5JYWEUxrEt,13559750.380
2310,2,12,12,4466099#BKgomHZ7OFWlOKtkB3JCILggbQJDzK98R,360199.28,1199115#zwl2QdRqXRJ,9873207.6200,1322447,10315548#x159Wjd3c3sSWWPyYtbZX,-446240.220
2311,1,12,42,21866344#RJ5w7fjND16e6NOBQL2v8cfairKK61Jey,1.0863539E7,18300459#MB02H4xCQ4C,-13953854.5900,7324670,16159299#8r6TvsPAlIYixqNj4GDTN,-9490365.160
2312,2,3,36,4914857#KxPnMSambmt67Y1yPdxPCHUjeNiHB16ZQ,1.6169244E7,215640#fCZMorzyhvB,-16596557.3700,-17661417,4140374#IK7q7FlvX0z1plVI2nlxE,-3562061.260
2313,2,5,29,17529383#GrH67UWcD0GwRvPKlVKcG7BFYdd1Mgbuu,-1.7644864E7,7064642#MpvMEtaMYQq,-4110485.3300,-9053623,14527397#eAQ4HDPKb6V9Exz3m5Ntk,22257446.960
2314,1,5,48,10972964#1Hvbz3gjh8q6iK6eqD6X0mmqqWVOWGabq,2.1584202E7,13128917#CmQpA2Dr97r,-8646067.4600,4687720,18601706#meQZH0anCSSdDqBg0L09h,13814224.990
2315,1,2,50,7353980#A83bfKUhVjWZRjxuBjQfiS2hRWtAonofb,-1.3193601E7,4760605#MtCOFSJaaTy,-22886610.0000,15333932,3640050#oExgFhCD4rGZMlOZvIVPH,13694256.650
2316,2,1,14,3371478#x1LzExlOGo6IaGrzLWRgLJXfTVFOW0tLK,-1.3458004E7,12545052#oBzNmOEhl55,8061022.5600,10296830,17752665#AKwYOOLDkrKfS0ypcqS1D,1189839.030
2317,1,2,39,10950413#CNmP01X1CVF6s5D12v4g6p49FJTU4lQmW,-1.1974042E7,7514356#cCPBkfAlcU5,20662742.4600,13399629,8206449#9Z3ggHuBaFnfvC85leZhk,-7713670.480
2318,1,12,38,22362078#0fHRhzZg7eHpvKq1fF6vcDqAgN1oK4i7b,-1077859.0,7353052#oBzNmOEhl55,2703480.0100,-23027105,22657905#yYIZwES88IvFJfo1ETbje,-19485410.670
2319,3,6,4,20361996#KhXT8cVdh46PbkZKnoTFsFJDjD6Mbn2hs,5536658.0,182256#R8QFNRCir9s,-21890469.3900,-15191868,3669842#mhL84kYmjLIYvICGKlZpm,-9898156.670
2320,3,4,3,19183612#8PAtlYLoYAANkEm1fm62TY91xROTsYBz2,-2859308.5,4574125#xKut9lAec5r,1737493.4300,19613106,90432#cv03CHH2crzdnCBwfwpGs,6937661.720
2321,3,5,5,13672005#iuD5EHRcgGEp2BdBIgMOQGcaeDJJknlKn,-1.7388648E7,13341313#4568Zhki5H8,9753783.0800,-1949597,10763489#7SAfZY5d0TSsxZTvlTADF,-7744771.190
2322,1,1,12,5418716#KJOJtSoD6Hhd2w2iHHyyeh7QNT7Xrhsst,-2.2776364E7,9642021#x7N1Gce7mq7,20445280.2700,1988170,3351802#k3u1hSHC80MCMR7Mm1uJD,-4236464.210
2323,3,7,9,15286360#u7CSrh99t3zsN9oLKco0Hh9HrksvaAwB9,-3226095.5,16755537#WP9pYhkkyxI,-19281451.5500,5860250,21296943#RHoNDNsT7sszsielD9KwG,-17513782.900
2324,1,3,39,19062173#htXxllRlbJS7OSo6RxRyjnoFlcgebleRq,-1.5954544E7,8273147#h9oKIeu2eee,3102326.4800,-2826264,20959201#hdiF9IELTXj1sC75x0cLY,-19803343.000
2325,3,13,30,15371192#FbXTrTAUe2LSjnvQ4d83FmIJrPuMumRdR,-1.7593342E7,13582977#4VCKGSwYrOo,-9971461.5700,12560849,5260380#kY71cZvd57s3XHdWiEspj,-5985953.040
2326,1,2,61,429002#cJ7F5wuQE3KdhApFw70ovan1hR2tMaUXA,-2.1736882E7,11194178#XaYgbjICjE8,-2319675.4600,4349448,13616671#dER8QtmZVdlw9WGwcASmN,-19167083.200
2327,2,9,53,15907998#BtvxC4FVQZc36EGTc24AQYL2S6QpFRQ7e,-9722250.0,3821284#NotstMMM1Je,7870283.8600,4842601,2025397#eAQ4HDPKb6V9Exz3m5Ntk,-21814173.080
2328,2,12,19,22552766#viF293WLe5iGchehs0rcxFf0eybadQysV,1.9514042E7,7935114#JkqbTJSK3Hw,19494602.8500,-22871690,20989188#ibgmZeKXd8G8LBVzArulk,-14494419.070
2329,3,5,23,21726437#D5rtgTDpVnCSaUpvx0vaikAiXgHIYY6fk,-1.7066992E7,1641228#0ZhI2hYZAZT,5484918.6000,-3813859,341583#LQ455tKBCy5ejqB4SEHAL,-4413432.530
2330,3,5,22,23275154#wSQoIdpH7ilXOItQrcdF5ST4ir3m69tvk,-4481520.0,6907689#GdoPd1oC7lu,10978944.4200,-19776156,8916518#vDbNmcx25hAAWGoe9qnXP,-18626276.420
2331,1,3,30,7964328#85W3EFwVXpADBrAomfEUdnH7JPNlybM3R,1.5476459E7,14662367#vIAjpEYB7vn,-23033747.4400,-14575896,1502816#zcHN0RUg1CZrdoKJLvPZs,14921701.070
2332,2,9,53,21211075#a9JtnFrIfdy2WWTrlw3cGyPinYewinXEF,449230.5,8997253#ODWymuK4qGQ,-22540075.2500,15870313,2476838#QnFU4Ho6ME7tHGzIBVXmH,10034116.970
2333,2,7,17,12897497#fpUDagV4CVNtT4S6l75mkDNZsVelMhwM6,671317.0,19909545#M5T0fzWbcwJ,3354609.6800,23074721,3667873#02SGhBQRCB4CmEZHo9HhC,14573564.140
2334,1,2,44,2882974#SnlzaK4qWRjS9trq8e8htEjpv3pUJCbiV,4743666.5,16029158#GUDGoNOLGRm,11855144.2600,-8170956,22481859#7nURFtHSaSaeYXO4wSrRX,-15945180.090
2335,1,6,17,4311995#wf0pZ94SfpTn1HknlmS45mejIpk4ZPMPS,4965031.5,17656477#efBCeWm9kST,-9750807.6900,-2018281,543182#gR8qvxbFKgGxhUvailIAR,-6383447.860
2336,2,4,52,12220489#FRJaANQdzSc3q4YzVMfVWNSTyiA1DuFHp,-5237916.0,5931555#LvnjaU9dEOw,-15846039.2500,-18211780,12424128#i8MITHzkNNT30Ggi9k1WR,-22700459.130
2337,1,12,28,1532438#67q0JmtTeYkaT9RMxJxiVQMvBNCxvptup,-4459274.5,20314461#ayNHPkOAYwf,16437194.5500,10256819,19351797#ASX71prjyqpB3JqCvpKRt,-7769346.190
2338,2,13,18,8955274#hERLZRdLFxkfFNewmjasc1cNiMCHzZpVX,1.3796449E7,19863876#FrK0klCrm9i,-20908464.0500,-7075431,21712557#C2lBlLgGcA7rLsFfxbzqE,12199067.250
2339,2,1,8,1341096#IFABKNLtVu38qzHKOIVZpa3DTyYfQR8gN,-6400932.5,6704299#14bCD1FFsHM,-3087578.4300,-6766482,10856730#ehdP77Spg71WC1dWO7Aos,-2973542.760
2340,2,3,56,9482829#o565S12M5L38KvbLiPCyuQQ6sRa4SnvCy,2.0298172E7,22314127#5EVOtjR1eGD,-3064258.3300,-15647555,18352623#G3TXm3Dl2OtjAIWdLGvuy,-16104764.350
2341,1,8,23,5117331#uhvuAGzxssmnT2KF1ZOb5r7jWedRHCwkm,7537894.0,3085707#uZg4z4hepUY,19885065.6100,15745116,9824659#Nrr4L8peuRY2QlVxPPszI,3463375.210
2342,1,4,56,22328981#NDv2cB6cUcZGGGSHeEBcGUMMzxt8gfpD2,4615186.0,22437410#D7q0kbsBtuQ,12113401.9800,-8708860,18456924#s6HwqO20G8HEqbnV2alGV,-2412764.280
2343,3,7,26,13436350#4TphYcnxhZWCariLznlwv0aKXH96NiU5B,-4679763.5,4673664#zwnxfcvwSIA,-9245990.7500,20141495,22155020#wzRUkwL8RFD70VdQ8s52Z,20831968.490
2344,2,6,4,13401648#zR91U2WYHkE1V7BpNf5DcrnYSrh2UPtKL,3228.06,4201981#BjiNo0cr0SN,21331225.2100,1536076,3448379#0B6yGmIj7QY4MYyG7GF2Y,6123332.730
2345,3,5,61,18300922#NV5HzJt81G3LgsN37PjlTMdWce6jIhQw3,-9239840.0,2115071#IdWxui45ygJ,14534996.7900,18479559,15949807#HoMjrgqR8UbfegWkiR50N,18536232.160
2346,3,2,47,20162666#OOTRR0R9gqYpC6sXLqZFcGcDSqEkA1ZcQ,-1.2912097E7,18340639#6uWOvCJ9chf,2966553.7600,-13860351,2458240#1FK3l5CmMajPhhhCiIlCk,7878096.800
2347,1,7,55,17404785#3cbTVkhjtwytJavOhbZVus7YjMQHDAhWg,1.8447246E7,2962744#45eWKz0LY1s,-23034569.9400,7197945,768110#eHV1akxKBsdXFWMieaXgK,7410539.320
2348,3,13,44,8863286#hNRrRtJ80dtB95qU6sJbjN9CUhmO8i3ys,1.5408468E7,22464791#UhE8scGc9ZW,4562211.6700,12036390,19185212#5IYPU5ndKLR3D46zkNJgR,-18867597.500
2349,1,3,50,1206805#EB2qUPu5OExPRFKHBOwjE2nKdAGbR1ofh,-1.262654E7,2841515#XsscRYrPqY7,823831.2600,-11330963,8526614#IDyoQjFiNkGkNK7HNuUvy,15708563.670
2350,1,13,60,617807#HRCpBR5MQoBmBthzRrN9Zf4ZtGMaik5nN,1.3390665E7,9936615#NYZo2m70qkX,12643771.7900,-16674615,4932391#FpKDhMsy9QmJwc4ehGmYA,-4899621.840
2351,3,8,62,21499224#WHbX1694apNxTDY1kNekWKMlqVsUhAg9U,1.9931302E7,6264569#w5RgffTjThi,933025.6600,-15987663,4666317#UVPNMypy3RMki7fpyOxjW,13457846.750
2352,3,6,30,20194966#Cvx8BTdsc6a3jZtcpbJiaGwuLEUCcH2BR,5955032.0,19521486#1l7ZPbDCQ0h,-6051510.9600,-16972601,17215316#uecmisDEPvLou3ZTa8dcj,1079700.320
2353,3,8,51,5998433#FO0qhezynj6Lh4pjnH8fJSVcdLVXWMGAA,-1.705524E7,7196549#oV8XxQphR6t,-14268391.3700,-14353595,20387992#TWjNvDgd5MQMOT8eU9Lgy,22398343.500
2354,3,7,54,16017180#hkLRWgfe66P7TnMCucEoT23KaT7zSX5aB,-2.1722166E7,9783002#SicOHOlrpXQ,11315604.7300,22250076,11384017#ayQQ74v3WQtvys1sXNzbm,4309752.010
2355,1,7,54,16877107#Q4QCuapeLoBUpI72ToeD6yH6f9iACmI6V,4750726.0,3892409#urPHZCa5EwJ,-22222346.4500,20983694,3563103#aji4hpXIYDJh8WgJiYIEo,4931760.710
2356,3,13,45,2468524#gmseIrZ0KLkkKAxXkgSwjrSxinC1sLgD5,4600340.0,18570553#pD3o5dVzd1v,-311018.3400,-15802003,14142773#ywOpz1ApIYnSxIZ6VDxhh,7305000.090
2357,2,8,24,12995881#sUeh4VNkrNbYAFyuD0Fw1rXm8Jxv7Qqis,-8477654.0,13138811#xMfRsqx8vdi,2423501.5900,-22040827,8020770#cXWa3n0ON3Z1boVLxmp61,-8817173.190
2358,1,13,53,15978883#3LyxmjnmRLnYaklfjbdF7Wqx6gyQ9lVzg,335505.66,12273088#v0iMkZreFYI,-13912188.7500,-11103410,17701160#hL5RXZWtkQ6JPkEcOfHHD,6033647.790
2359,3,6,23,17618520#0QPb1UMUWzmT7AgjpIhfTLjJEkdCYJTpz,2746014.0,20886663#we5yZHEyKf7,17427547.0600,11896788,10595251#Wint94nglVLcMD1sdSEpx,13853308.380
2360,2,9,61,4562711#0TviexOYsNymExVC4ZCc0eXqf5M9QXARI,368199.28,1224977#4VCKGSwYrOo,10086720.1200,1350972,10538820#O4K0l2He89jSwwREFUtzh,-455795.220
2361,3,6,29,22339389#fEZKXpAmSNLck89pHGyg8h9zBn1nwxWDm,1.1098739E7,18696305#aXOl3RdP8VD,-14255785.0900,7483207,16508728#uC2bF1V7YXmM62pj4lNJa,-9695759.160
2362,1,2,18,5021141#aiZL8pM2mdiRmR6pSJmIVzMC8yfDHaE2o,1.6518844E7,220238#EDbu8KRTsc2,-16955694.8700,-18043437,4229879#Oqycq7aURxuCshGJ48y9N,-3639277.760
2363,1,9,62,17908123#T9KJYk5e4acDEqBXlcRxHMwHuxQSywlYt,-1.8026464E7,7217143#Fx5s90Jc5k2,-4199129.3300,-9249523,14841428#cNU87Ux2aOTuoTkFy6oFl,22738537.460
2364,1,9,37,11209880#tDMJkQdWomql4igwRHppTk7w7u3KKu2aX,2.2050602E7,13412476#a7LwmdpzNdj,-8832867.4600,4788920,19003539#iP9Zh12aH4rZedBgUnnhl,14112845.990
2365,1,2,52,7512645#sfV0RP0BYvfQbtrWxDrguEnwrAs8GYlZV,-1.3478401E7,4863414#fj9tsxBY3eK,-23380908.5000,15665119,3718647#jJE30x0pu6B5TR5NHQ04P,13990177.150
2366,1,6,61,3444190#ZDWH88N6VMjsQRvbyt4qlHeiFDxMC8oQn,-1.3748404E7,12815702#Yrn7gTJZ3b3,8235246.0600,10519130,18135843#Thxsj0vZJFx0Sj8a0r00Q,1215500.030
2367,3,5,37,11186610#Cmc2NuOWR7UDb6BYJkLdMlaH3yzUFJD4t,-1.2232442E7,7676449#LqczLSpMl4j,21108688.4600,13688838,8383509#Lumr3qqZjuq0QFPfv47Ro,-7879944.980
2368,2,3,14,22844296#9DYINqPXk59CznUHfngCzxDzISMSIaH13,-1101059.0,7511496#yAJUk0Tnyyi,2761985.0100,-23523830,23146520#T2bhN7Cff9mEXa8eA281e,-19905819.670
2369,3,12,12,20801012#If781PlNRpe4LWtJ3OAfxroYETQgV6orF,5655858.0,186112#X0l147idhPM,-22362538.3900,-15519568,3748799#pkSjeTzXiobWzXCHKKyRN,-10111520.170
2370,2,1,41,19596868#E8zhHphJOMDouEGStAkF46bebn1D9GnMS,-2920908.5,4672506#9wlBSMYOyOn,1774942.4300,20035637,92261#TdfyLnk5p6rojpdblM1pf,7086989.720
2371,2,12,17,13966463#cK8u387fHtX1SAsYJuWJzL3CExdbquR62,-1.7763048E7,13628638#U6TB5EzVf6R,9963888.0800,-1991697,10995160#hL5RXZWtkQ6JPkEcOfHHD,-7911675.690
2372,3,8,46,5535289#D07f6WNwWG31h66Xe1TyrcVtTldH69Ngf,-2.3266764E7,9849483#itfgzzceKmx,20885354.2700,2030895,3423919#OGGlKvR8bwz5ldOjMuBNV,-4327870.710
2373,3,5,17,15615341#mEum6ZIr8z9sIhtQqT2JconfbaTsjFFKe,-3295695.5,17116021#x7N1Gce7mq7,-19696471.0500,5986275,21755121#FktAh2139nvMSFQv83t8p,-17890730.400
2374,1,8,15,19472254#FIwX88TXtNplHDY3uill9rhxbkpjwVJv5,-1.6297744E7,8451118#9LSdnyjJ6C1,3168952.4800,-2886939,21410050#oExgFhCD4rGZMlOZvIVPH,-20229197.000
2375,3,10,16,15701682#s487VUnMHO9G05KzBIVRxnLGICDs542Zu,-1.7971742E7,13875015#u6mA3fzrMsP,-10186015.0700,12831099,5373485#dvKmTOiNBOYKUFeCPtFrX,-6114767.540
2376,1,11,51,438012#If781PlNRpe4LWtJ3OAfxroYETQgV6orF,-2.2204082E7,11434671#scfJWv8ONoL,-2369602.4600,4442882,13909344#tu1aUk9K8LVjET8u5PxqU,-19578917.200
2377,2,1,46,16249725#Iq2vRAQWICvwugDiNqhfLRWTvU2ZosutB,-9931050.0,3903247#cNvuEStDM2s,8039383.3600,4946601,2068780#k3EZnENZZuWXZ8XNkSsex,-22283086.080
2378,2,9,32,23036995#wf0pZ94SfpTn1HknlmS45mejIpk4ZPMPS,1.9933242E7,8105354#ONer4VniztQ,19913490.3500,-23362934,21439928#4FuMw5MpVFD2gXEDoF3Gn,-14805887.070
2379,2,13,53,22192861#dyoqwbKAi9Z6UWEN7MjKImDVcYimYLlYp,-1.7433392E7,1676261#ws32r50GH5g,5602726.1000,-3895726,348799#pkSjeTzXiobWzXCHKKyRN,-4508028.030
2380,1,1,58,23774429#PHaoitmD7HXIQzMsnNdDyPBS1yGeGASBG,-4577520.0,7055861#aMAtbHHIN7H,11214450.4200,-20200493,9107813#RvkPxayRFpblKDhzrmvEM,-19025793.420
2381,3,9,13,8135089#5Taqn3vXjFaX82pj1Af4jlU6KuqFUARTm,1.5808459E7,14976846#cAjPFWVH34i,-23527739.9400,-14888521,1534864#RwGJPZHOo8QodTTI3gbIb,15241877.070
2382,1,13,54,21665765#VsfUBVhH8Ug53OghnAhPpYL1Aem1zH2Pl,458830.5,9189971#cSFePhGEmYL,-23023422.7500,16210444,2529832#U2uYE94idfQBe7LLFFH7G,10249346.470
2383,1,2,23,13173716#KJOJtSoD6Hhd2w2iHHyyeh7QNT7Xrhsst,685717.0,20336042#DUa9OitfF8M,3426547.6800,23569246,3746292#52SjwwOqmkSzbuTdXCJKA,14885688.640
2384,3,2,21,2944681#Xb7aZelCjy478x7vdr4gpR5lm1BZA7Oaj,4845266.5,16372537#WP9pYhkkyxI,12109028.2600,-8345818,22963347#fQRVEaQqKJFFavqVnks8H,-16286882.090
2385,2,11,38,4404119#DG26oMlVvhr1Cng6QuEcmoiVeF0jAQFtV,5071431.5,18034497#4eX7LzuxtJV,-9959563.1900,-2061406,554803#hwV36ds88zvLFB9YXHmvr,-6520038.360
2386,3,13,26,12481882#z6WXZrZyatkoPQbv5UYm8ESoYHAXq9wq0,-5349916.0,6058463#5XsGZRJFA0z,-16185264.2500,-18601630,12690004#I6Z8DBYPKlEZ7Xb0tlCeJ,-23186284.130
2387,2,4,26,1565037#P51wmYDcPH6Z7nRdC9yOieT78QHfOzN4E,-4554474.5,20748974#d4ZBIp9KGWl,16788873.0500,10476319,19765657#Lsyc9CJReCPkDWKgowQov,-7935497.190
2388,1,7,4,9146642#2IE13GUbG0TmsuRTAxUzU0VKLzrxtPbDP,1.4091649E7,20288478#br6ZCQ52MqR,-21355471.0500,-7226543,22176735#0QjQ7WUPLmtmLJP7SIIfl,12460111.750
2389,3,5,14,1369735#bOamRuwm3k6hOy5U7VrzDhfE5vt1JilUZ,-6537732.5,6847435#Q7EFReiLnWk,-3153747.9300,-6911132,11088719#dAqj6ou8XoMqHxhxTCvk7,-3037150.260
2390,1,4,37,9685362#dwCMfJs6FunPBQPxoRfGNqdsi1hAT5V0i,2.0731772E7,22790735#W3XNolOB4Li,-3129800.8300,-15981946,18744580#FFvYWBpO9bojvEP9ghjlZ,-16449085.850
2391,3,11,38,5226517#ZjSCjpS3DrMTHWTuCsjKXDDkLIFMO0dq7,7698694.0,3151530#79qzuDSzkSy,20309733.1100,16081291,10034316#uecmisDEPvLou3ZTa8dcj,3537248.710
2392,2,9,25,22805588#L4GIjtbxdbYPFMmeWo2OTCllqKUq3yXXs,4713586.0,22916383#Bj4h1wZBE9M,12372162.9800,-8894910,18850804#M5cQKw6lxjymMsYMOtuyG,-2464309.280
2393,3,2,20,13722927#lxcMLUgCPdlGZY6xsG0Z1jdtcSkmVqlgO,-4779763.5,4773376#7eHsDqJhvCA,-9443378.7500,20571445,22627689#g2PLetg6ktmH97la3lY70,21276597.990
2394,3,5,48,13687461#dNY3r2aYNCM4BbaiVAfWxuOVDTxakx4ks,3228.06,4291415#p8sbacfA77S,21786429.2100,1568851,3521916#o1B8uV8g0zTD4RgY5HcR4,6253921.230
2395,3,11,32,18690961#ZJJYH2lPW5AweqValstuesBqenUWKiNB3,-9436640.0,2160013#IHkLvbVlkWO,14845101.7900,18873409,16289738#JlOpxgQTcKMXBbWURBWDM,18931257.160
2396,3,4,26,20592256#fnpTSsmMd4WPkinGFMD0oOteCwfsK7B8F,-1.3187297E7,18731515#XsscRYrPqY7,3029954.2600,-14155826,2510513#T7oNBumvy4QWfOGi0uqvi,8046110.800
2397,3,7,28,17775434#4CVxIl7cXPAZNhWZv8RZ5btEeNjGEHfLY,1.8840046E7,3025801#zVWbi5FM1Si,-23525389.4400,7351495,784393#7TwhvzUFVhZLNeFPXCvZ0,7568489.320
2398,3,2,15,9051885#IwPdBms63sfyQYRhScjtFTbyGo0gLr8bi,1.5736468E7,22943043#l1SLACkrja9,4659512.1700,12292603,19593608#0DWOP0stD1JyVU0l0aSER,-19269172.000
2399,1,12,34,1232356#yE4ad8Rylkqe2cchOkfgbiYrPR875k8QE,-1.289534E7,2901905#80LOQOo4AJT,841291.2600,-11572001,8707954#d2dBoEoIFU3P9h2RocGl6,16043065.670
2400,1,5,17,630868#E8zhHphJOMDouEGStAkF46bebn1D9GnMS,1.3675465E7,10147916#y5mVZZ2CJhB,12912718.2900,-17029340,5037232#8v4dmyj6oU3YjQdaEBd3J,-5003831.340
2401,1,5,52,21956288#Vvkb8G9QM1S5IbJw20R357NKyCaxpoaYb,2.0355302E7,6397721#nUace0BgE87,953051.6600,-16327663,4765427#jM89pBV4wOBeVaus0rI3c,13743860.750
2402,3,8,17,20624217#R2A3CcXbmJOSx1kfGcnbylM5T2UivcM8m,6081432.0,19936347#XIpFY05qA64,-6180084.9600,-17333201,17581261#TdfyLnk5p6rojpdblM1pf,1102738.820
2403,3,3,37,6125774#JpznyQWLzelOiG1omihcjRQT7bWpyFdRe,-1.741764E7,7349419#3qQqJokRx1g,-14571744.8700,-14658745,20821205#YZJiM6a7cby3NwP5s7tLM,22874308.000
2404,2,10,63,16357343#TUf3NVN4tPaPAjei8c7C284vo5Sr8tJoi,-2.2183766E7,9990704#elDqFVNgdlZ,11555747.7300,22722576,11625616#V2gVhKwjkYi6AzJaphWT2,4401375.510
2405,2,7,39,17235359#a9SUEpTqDJ6sOyg7vGygR4D07UEhjLOrx,4851526.0,3975014#KoJIGc884I2,-22694290.4500,21429144,3638569#cyL4G4sdisKVJOr4H5ifr,5036380.710
2406,3,10,12,2520712#0EkVq6mZsTYenVvpInO8EJt4NV01zwyoR,4697940.0,18964509#uytf5bL9Y0i,-317766.3400,-16137378,14442729#IrVsXtzLmXuiInyv3qlOD,7460210.090
2407,2,6,37,13271418#GXkpbIHEZeKArS72XwivK1HZkgOmzMOK3,-8657654.0,13417354#ONer4VniztQ,2474881.0900,-22508417,8190835#slu6NUGwgf1h1GVGEwwOz,-9004309.690
2408,3,3,32,16317693#m06ARCtuR3rKdf8nUCdAFvm5hNw0meDTd,342705.66,12533330#mJSboYTPTAI,-14207066.7500,-11339035,18076411#9nFLJ85b8OQ2PKHtiuCiO,6161782.290
2409,2,2,11,17991915#F7pQXlFjK0Plue6vpLrqrtbPoVXKtI3oN,2804414.0,21329279#ODoYa8F1rEu,17796754.5600,12148963,10819611#hudQm0zz9SJidZ98gc4Xg,14146866.380
2410,2,6,47,4659324#pvtW2jihaXzfV3Gu5a8i4vasAq9kljZhp,376199.28,1250838#m6MSqgh8DxL,10300232.6200,1379497,10762092#lp2RztZ6vgQi6BUGzAWaz,-465350.220
2411,1,1,15,22812434#4CVxIl7cXPAZNhWZv8RZ5btEeNjGEHfLY,1.1333939E7,19092152#koq9eAdejJs,-14557715.5900,7641745,16858156#zsQEVQPWCgQCnWGWXtCIK,-9901153.160
2412,2,13,63,5127426#uZXx9llSFYwLJsiXXyngKBijXsYxx47NO,1.6868444E7,224835#BIUKFMWXQLr,-17314832.3700,-18425456,4319384#wycQEAbUfK3hUKIYKUh9S,-3716494.260
2413,3,1,32,18286863#etK9X3AHx14kthSvUGXRduowUou5IAqpz,-1.8408064E7,7369644#7d2XWzeML1b,-4287773.3300,-9445423,15155459#Fonmk4kDIzZLRLIZHiqzw,23219627.960
2414,1,13,25,11446796#VBpra0G7VwJcA52qXNJ2RGRbChwXQ3puM,2.2517002E7,13696035#HKTXbZDvhcl,-9019667.4600,4890120,19405373#Xs5ZwEaQLV23tjVVuOgWN,14411466.990
2415,1,2,54,7671310#59BiFT4gzM7kUdMqHn4xFKi0k80ItST2K,-1.3763201E7,4966223#cOsR0lxAjhA,-23875207.0000,15996307,3797243#tWK1ltEem9oO9TlniFdfh,14286097.650
2416,3,11,44,3516903#emTK52q9O0orx2wgnoAWs9Q9ePLP6VQBL,-1.4038804E7,13086352#hp5pk6dEeT4,8409469.5600,10741430,18519022#JLkJbZJIS9t6fzmaLNabj,1241161.030
2417,2,8,35,11422808#FbGHOjSlfvGDZoeVlIdRJ5c6qFiweUxGk,-1.2490842E7,7838542#K2egqLgF3Wk,21554634.4600,13978047,8560568#08ng0gQXz7IpCFlav5adj,-8046219.480
2418,1,7,53,23326513#PEmZuKRx1Tn0bQx8vdYhXfV35JVdufPic,-1124259.0,7669940#HA5HNkeGi7f,2820490.0100,-24020555,23635134#dejBen4z4yz10ZnCSEALI,-20326228.670
2419,3,5,19,21240028#pxtNVh2Jp2dncW1bHPEHFIWR7BLiLFgLt,5775058.0,189969#syXt8S8YrlA,-22834607.3900,-15847268,3827756#tQeNiF8vNfVSeN8Y42nYm,-10324883.670
2420,3,11,15,20010123#T9KJYk5e4acDEqBXlcRxHMwHuxQSywlYt,-2982508.5,4770888#Jkii09Kuopt,1812391.4300,20458168,94091#KIoRP63gtF6kjZu1C5OK8,7236317.720
2421,1,6,29,14260921#dvRkRD2uZ7QuzeqtLQRTPFNkNzRlCoU8V,-1.8137448E7,13915963#nkPytwj45KX,10173993.0800,-2033797,11226830#mUBacKDdi4f26A4zJspFh,-8078580.190
2422,2,1,17,5651863#etK9X3AHx14kthSvUGXRduowUou5IAqpz,-2.3757164E7,10056945#utQxn4TEO9W,21325428.2700,2073620,3496036#B41dw2yiegxLQ0fiDCVoH,-4419277.210
2423,3,3,25,15944322#MTSgju2L6Z7xYsKxZGRaElqmxVuJtXnkM,-3365295.5,17476506#9wlBSMYOyOn,-20111490.5500,6112300,22213299#8r6TvsPAlIYixqNj4GDTN,-18267677.900
2424,1,13,54,19882335#GZsEfFwDbzhoN8jOK5pby8WsCQxtFyLC6,-1.6640944E7,8629089#nHeR4MibxVG,3235578.4800,-2947614,21860899#2mcAG4UWAi9W0tuQUF5rf,-20655051.000
2425,1,7,2,16032172#zKFVB92nwSQY7a8pXqzwCvE4pF8SYYBDn,-1.8350142E7,14167052#oBzNmOEhl55,-10400568.5700,13101349,5486591#bWMD9x76HyQQcjKF6vOoG,-6243582.040
2426,1,8,42,447023#FMw2h51NdRtRXGtgiFjcD223Q9vSHYqOq,-2.2671282E7,11675164#9fn8EocrA44,-2419529.4600,4536316,14202016#QB9heyhpn8wKcsEXhU3NF,-19990751.200
2427,2,6,39,16591453#2gYt6onV4l3nmGHBK6dYzO3v8mngdtRBY,-1.013985E7,3985209#LjC9Wc7cPFj,8208482.8600,5050601,2112162#IwO0xRFiJdF9PYqbBR8Ll,-22751999.080
2428,2,6,45,23521224#WHbX1694apNxTDY1kNekWKMlqVsUhAg9U,2.0352442E7,8275595#5hdH5jIBpKq,20332377.8500,-23854177,21890668#Ge2eiRL7GjItcKKb3PD5t,-15117355.070
2429,1,8,20,22659284#rHdoqV5kt4dB9r98H4UPeuDvQG7x9N1sx,-1.7799792E7,1711295#TK7vs4py8EZ,5720533.6000,-3977593,356016#QB9heyhpn8wKcsEXhU3NF,-4602623.530
2430,2,11,31,24273705#TP2CCGES80YcPKQKdn0oGxmLOUEluog1D,-4673520.0,7204032#L466jCyz9LY,11449956.4200,-20624831,9299108#9UJmUQjdsVy6olvpuvu0V,-19425310.420
2431,1,2,59,8305849#NuuAM1kmaJsFFg5XKntsSzdOH95prQoNJ,1.6140459E7,15291326#SZm81ZUFAhC,-24021732.4400,-15201146,1566913#SuGDDtUBbwDLXrb2Yi96m,15562053.070
2432,3,4,55,22120455#c0mCjSIuZamTzeaVSsz2SxtebiHzwRGRZ,468430.5,9382689#GdoPd1oC7lu,-23506770.2500,16550575,2582825#80F1ytOMyOxaeozMqWlsd,10464575.970
2433,3,10,29,13449936#5nbK8gbb7x9N90GuyUl2hoZC2alQzoP5y,700117.0,20762538#FhB7sugRKeO,3498485.6800,24063771,3824711#mehUALMFHkXziYrrgw5Ix,15197813.140
2434,2,2,62,3006387#uo503Fdbo1Op9op66bTfjVwCy5zcllJtU,4946866.5,16715916#y5mVZZ2CJhB,12362912.2600,-8520681,23444836#JxU2GT7u4ZPIfOQNn24v9,-16628584.090
2435,3,3,58,4496242#8law9lX0W0EDU7hFDzBvhlrUfqlRxTRhc,5177831.5,18412518#lVRDhr3NjQu,-10168318.6900,-2104531,566425#eG2ElGWcSDCg495EUafJD,-6656628.860
2436,2,8,63,12743275#YXyanFgj0htBNKS2tZ0JKTjVT2MBy19XQ,-5461916.0,6185371#ekHUrAUvHxZ,-16524489.2500,-18991480,12955879#Oqycq7aURxuCshGJ48y9N,-23672109.130
2437,3,9,25,1597635#3BuNgxt1Ht21INdmwiH0t2Q3HlPe5gzBn,-4649674.5,21183488#sEd6ExwM7b6,17140551.5500,10695819,20179518#vDbNmcx25hAAWGoe9qnXP,-8101648.190
2438,3,13,53,9338010#3fgjrU0p7QqipV4pCWUJHbUkE1AnwmooM,1.4386849E7,20713079#wmCyyztHzhS,-21802478.0500,-7377656,22640913#SuGDDtUBbwDLXrb2Yi96m,12721156.250
2439,1,8,20,1398374#AyyoBFEK7ziKjpZpPILSdyMcBtmExUaNB,-6674532.5,6990570#CIO7CiKRmJj,-3219917.4300,-7055782,11320709#kJ0iFVGLlUeV9iLz6z5ba,-3100757.760
2440,1,5,18,9887896#QBJOyCpgLnxYnYbuWS0wumgftRjPUWJuW,2.1165372E7,23267344#QO0BCfs0CRT,-3195343.3300,-16316336,19136538#JZUfXSEbmH9FDPub3AMom,-16793407.350
2441,1,1,52,5335704#V3aarWkiLOILmBkISNMAP2xz0llYhF9Em,7859494.0,3217353#bJcJ9NslzLd,20734400.6100,16417466,10243973#8D47mWoyOSJESoqTQed3r,3611122.210
2442,3,13,58,23282195#I6JMPP2EDnO7eNMYXLaZnR8iJaVYZOvKi,4811986.0,23395356#cCPBkfAlcU5,12630923.9800,-9080960,19244684#wGE8cXbdAn26ugb3MGtB7,-2515854.280
2443,1,9,14,14009505#H9PoEmTq0ctR6p0CF00Jfjcr9dzly87i0,-4879763.5,4873088#v0iMkZreFYI,-9640766.7500,21001395,23100357#E8XG2DA9kQhdgKBtLYHHr,21721227.490
2444,2,4,29,13973275#YXyanFgj0htBNKS2tZ0JKTjVT2MBy19XQ,3228.06,4380850#jkahOQUnvBx,22241633.2100,1601626,3595454#1cFyLF0Dye1K3g48Xt18I,6384509.730
2445,3,4,3,19080999#Tr0Tt0IprZLllWLw0f7dCWKJQXTRSCZBo,-9633440.0,2204955#CcedDNkgkmZ,15155206.7900,19267259,16629670#wWacl7ACsmyt3nrtCeB4t,19326282.160
2446,1,6,5,21021846#uNybc9uHvNzyxrAQux3JVLG8wjXQmfFrz,-1.3462497E7,19122391#VyNykWdYvcQ,3093354.7600,-14451301,2562786#ajNEf0WsqCydJQYmQAqAK,8214124.800
2447,2,7,1,18146084#XHfcvEhkEQvErXroT5GDLq3k7adUlaftA,1.9232846E7,3088859#g6o1GepByk7,-24016208.9400,7505045,800677#ce6yvDkJbxGB9PLjVBDT8,7726439.320
2448,3,4,49,9240483#LkziCE9axKBkaJ1mCZenLPlAPM1nANChc,1.6064468E7,23421296#rBsXkNzwBgo,4756812.6700,12548815,20002005#yn3NByaiWL5etTnncNB0r,-19670746.500
2449,1,9,19,1257907#xMWD6EMMX250JAG5mTeZhPDsHAqqQJLrX,-1.316414E7,2962295#TK7vs4py8EZ,858751.2600,-11813038,8889293#CZtRxysBZNemfadC8aew0,16377567.670
2450,2,10,37,643929#YafN8nJ1a7CaFxdDrW6B9NgRL1PfeeB1t,1.3960265E7,10359217#ELS6PIdzhR9,13181664.7900,-17384065,5142073#qV8ZkG9HuRNNmRCcJ3QsW,-5108040.840
2451,2,2,42,22413353#YGQsfZjU4A8WbtAKRYYieuYi9dLmZnEIh,2.0779302E7,6530872#sDKdJ9CK2m8,973077.6600,-16667663,4864538#JZUfXSEbmH9FDPub3AMom,14029874.750
2452,3,10,4,21053468#TPKj6cLezTRDk8eDADJqyiybon7HEl8Wa,6207832.0,20351208#jHlkMSa5olc,-6308658.9600,-17693801,17947205#YZJiM6a7cby3NwP5s7tLM,1125777.320
2453,3,11,24,6253116#qphtY3LVoBmy555NY9l4rVzRu0afEJ6zJ,-1.778004E7,7502290#3oVTowX1Jdm,-14875098.3700,-14963895,21254418#uTjB0YD34YO7Co6fqmywh,23350272.500
2454,1,13,9,16697506#51OjbZdQ7mkIs78BgsPRcXj53Rh9WTKQJ,-2.2645366E7,10198406#HRpGZXOzaCu,11795890.7300,23195076,11867214#KWjoaJAzDES1AZl8dtezp,4492999.010
2455,2,7,24,17593612#8PAtlYLoYAANkEm1fm62TY91xROTsYBz2,4952326.0,4057620#ue42eWAyyX3,-23166234.4500,21874594,3714035#KUShvGj9o88u0UMslI5zw,5141000.710
2456,1,8,41,2572901#iCCKFFelnTN9y9b0KVVEYMgwRRcl7nyUd,4795540.0,19358464#6FOknXB05qy,-324514.3400,-16472753,14742685#OwMsyfAC75lYEBkG6Enae,7615420.090
2457,2,4,50,13546955#lF3a2sfcht1tySLZUOiO99OxSDPxZ401l,-8837654.0,13695898#FdUPzYAp8qY,2526260.5900,-22976008,8360899#2mcAG4UWAi9W0tuQUF5rf,-9191446.190
2458,1,6,10,16656502#UQxCP2XCnGKoJrYf7VNKt2C9EopienzLx,349905.66,12793571#BneIDEWu4fZ,-14501944.7500,-11574660,18451662#OA8v1qiYvHw87J4D4aFli,6289916.790
2459,1,10,62,18365310#59BiFT4gzM7kUdMqHn4xFKi0k80ItST2K,2862814.0,21771895#1N7Umk1LO0I,18165962.0600,12401138,11043971#9jdXdPA4pyuCUX6F2q29j,14440424.380
2460,2,3,33,4755936#5nbK8gbb7x9N90GuyUl2hoZC2alQzoP5y,384199.28,1276700#HEADtQEqQHx,10513745.1200,1408022,10985364#BLq75aA2x4GMUPkHvmB7a,-474905.220
2461,3,8,2,23285479#taIILJKjbJyhnFiCQpIxfAdZeYOib0W6s,1.1569139E7,19487998#O1CGasROMoq,-14859646.0900,7800282,17207585#l4u20L2qBC8IPyJOXX44L,-10106547.160
2462,1,12,45,5233710#mJLtHYVK0uVXMPlhP9AkZ3Tl04bU4eLg4,1.7218044E7,229433#ZfWmcO7nIyT,-17673969.8700,-18807476,4408889#IJ8czLltFppFoNnSDFHkc,-3793710.760
