2416,120,620,70,4,217,4906887#NJOgAN1wWgCml,-49.0200,-16900669,18240056.160,17567489,-15735430,-23150830.2700,1.6548481E7
2417,139,576,140,3,123,6161327#wjTM2LVQPoxxS,58.3820,19529450,10354611.690,-23737812,-20322046,-21839918.2000,5804.25
2418,219,809,31,4,1340,1347861#MIXSkohnODQF9,-8.5700,5800865,-1845261.460,-9442695,-17748391,14789643.8100,5152552.39
2419,224,255,24,2,318,7336066#cjVTCu5O680Vp,-2.1933,6436680,10041495.220,8987091,-18294987,-19122517.9700,-1.280336477E7
2420,57,1298,88,5,536,7741394#v8s14hZbae1a6,-51.9400,15257880,-19681047.690,11742323,-13486766,-6809982.9200,-2061521.23
2421,208,1005,97,4,416,17646462#s2yXJqHhHpy31,-25.8600,-9637324,-12436856.250,1967366,-1065719,-18212932.9600,-1.79356782E7
2422,22,1956,5,5,250,7531774#COu8MkKc0SJov,-21.0100,-13038430,-6700833.050,-1516366,-20064515,7924898.5100,7547899.01
2423,13,1027,63,4,1355,19440136#rT1g7ECRgeKEq,-44.4700,-1468079,-23926402.970,-3891189,16609646,11109550.6900,-2.404397815E7
2424,102,2332,57,6,1057,2490595#mODv3IgRF9klV,14.4200,12849055,-8357510.060,-6605956,16384045,-21953089.0900,8729643.99
2425,217,1202,186,8,171,2475962#8nGKV4EmYN0Uz,66.4000,-14442811,-7608817.600,3957624,22547640,-2324568.7900,-1550530.29
2426,90,2411,101,1,1152,3042898#bFZNIE09lYkkH,-16.5380,-6521957,17463637.050,-11208238,-4448321,6805401.3500,-2.239577357E7
2427,136,1008,111,1,590,23882229#sTv7Zh6MSKdDF,68.6290,5632269,-24024271.650,23516768,-2481328,-21132505.5200,1.002552138E7
2428,141,1813,58,1,407,9051583#pubrLuKvpCIzs,-3.2760,-3130328,5739792.310,-18396626,-11266993,13527795.1900,-1.980425135E7
2429,154,1394,5,7,945,16871792#4lGTmBGehBAa2,43.3220,-2758105,23178700.460,-18715365,-1141620,-14007549.2000,9675830.81
2430,22,1456,65,7,1477,22980282#IyNyqsvJ6khJz,30.7300,-23254862,6580871.980,-6408292,-13319052,-7403779.9600,-3896040.11
2431,162,1434,196,7,1119,10197638#eiklDZTFWylJW,-49.2200,20525100,-7160062.300,10115177,-17096078,-11734829.2900,7380816.6
2432,10,271,215,8,287,649822#TIZyI29OBHRaL,-45.7100,3679128,-1962609.810,2394159,23986202,5350976.5100,-2.222741872E7
2433,122,1051,197,8,1334,1754170#msruTTXHStF0J,17.4681,-5654155,-17517308.600,-15358999,9154600,-19140159.2700,1.751832387E7
2434,134,316,37,4,257,12002662#Kt6KAoyB5ba3E,-24.8660,22525002,-21762470.190,9004599,-18019678,-24241988.2200,537033.9
2435,169,2079,211,2,602,17733168#vs8JzgopJhFO3,-9.8300,-16850611,-12038129.350,-18133481,3242396,595663.7100,-2.052195247E7
2436,142,216,78,3,801,20970256#sQ9oJ9Cb8IX1M,-51.4200,-19231931,-10750286.620,-5157954,-17433,18323594.7900,8536.21
2437,81,1757,15,5,54,616663#WLzOZfGjPAMzq,-23.4200,16995708,-14679627.880,20348499,13063289,21204635.5400,-1.188929634E7
2438,91,2103,125,5,508,3770186#iTfvQmNjzGVba,57.7500,1065336,-21935064.380,14910270,15858309,-4108364.2000,-7525944.92
2439,174,2564,165,5,815,1628496#BjduMCL3OeYLg,-21.4300,-1643169,-16284956.030,-761710,21605002,-12260906.7700,1.07654076E7
2440,195,1892,25,6,176,16116469#pcqw6i5ONHc3r,-45.9300,-14207712,-1687060.400,19035912,23456368,16137201.2700,4724713.07
2441,99,854,209,8,1255,2656648#lGtfIw3ozw40v,53.3600,-21962549,8035323.420,15598479,-1932410,-21663939.0500,-5550930.17
2442,59,2463,113,5,311,18010071#gZ09O9gsHkmHv,18.2102,-5564513,19087459.540,2006170,-4547732,-24174745.3500,-1.989462331E7
2443,134,2152,88,2,167,5304299#e1XueQXiWXteU,4.7591,-16405278,10444887.900,-23853437,-21523931,-21410555.6100,-8718185.48
2444,19,408,220,1,416,16295790#oZ8rd7JWOeKAn,-3.9180,-7822620,21771196.980,17946999,10236051,-24405563.0900,-2.100233977E7
2445,86,95,14,3,108,10553210#lXsAmBNtkPwI5,59.4150,8736390,-12863956.690,1567623,-6828556,4923251.2700,-1.400369927E7
2446,154,320,97,6,555,1563210#lXsAmBNtkPwI5,16.1412,5940183,1281058.210,3911127,11052921,19129467.3200,-2.41054713E7
2447,107,991,215,1,614,17851787#K48NXoOd8nQRS,34.8310,14849723,-10223027.070,-15970132,-6846134,-7901575.7700,2072520.41
2448,80,1932,101,1,50,2328187#RkqRbwCyXqQtP,-4.9980,11356125,1232825.270,13363952,-2765205,-20742688.3900,-2.008718919E7
2449,78,954,176,1,1335,15930923#j6Lz8IzVFYPBw,36.1470,-22516320,-15560218.090,-17269245,-5445041,1970572.5900,9449551.45
2450,137,1992,183,1,704,780235#fctDSakFtHgHc,-45.8700,-23731219,856990.660,2655908,16687483,24446360.1200,2.046276843E7
2451,85,402,26,6,1114,13718532#JrBr2Ys82dgue,-45.1200,18468862,19024732.810,-22628300,-12071381,-12303779.8200,1.988845783E7
2452,63,1897,149,8,935,2276671#KXrR3hguTMy69,12.6140,6882367,-8822064.870,-922680,-17112893,-13787957.4000,2.08351274E7
2453,198,1907,172,1,1107,6004394#v8s14hZbae1a6,34.0050,-16177396,4578400.980,15578428,24505007,10861114.4400,-8980067.38
2454,101,1038,203,3,1282,5216878#IDKWF03MZV72i,-2.5178,-18507097,12923408.220,14329088,3291735,-3123134.6300,1.355094661E7
2455,134,1338,181,6,1313,50803#zwJNYqb3K8gzF,33.2150,112660,-1078774.710,8182901,-13707830,15988084.7700,-2669354.84
2456,63,624,20,4,291,2772450#nOM1c07J434M9,24.0396,-18501582,21492045.540,12502323,-1765381,887327.9300,1.214933305E7
2457,178,2251,226,6,272,22003393#9P5WvgFOZbhYS,18.8072,16211594,15163136.680,-21386629,-24131069,11971468.3200,2.098963262E7
2458,38,501,164,6,1015,15102684#r4zGgz6EY4EXU,-51.0700,-15377292,3576902.210,-13901035,-17265469,-15514184.6400,-1805847.86
2459,103,1087,16,8,1004,4086954#WnPgDW6cpEVtq,35.8240,-19369845,4661623.170,-3998062,-19955202,-662313.5700,-2760465.32
2460,56,2216,112,3,1097,22553519#LM4sxZ9mYN58I,-4.0100,12042774,13667794.630,9363437,-18526885,-9408338.2000,-48575.36
2461,40,1852,78,2,715,2142815#EURPa6YnEIEpM,-5.8730,-14985149,4694583.740,13736991,-99691,-13211041.2000,-9810335.68
2462,171,2518,117,4,770,23457600#wyxR11TGFJgsr,0.4580,17500011,-3338145.640,-16185239,-15892938,-5271397.0700,1.323877467E7
2463,176,2205,117,8,58,11414761#q2vSmhGMHv46w,-23.7170,-10282720,-9688064.030,-8996706,6349925,-866924.5200,-660328.6
2464,202,257,35,5,569,20187213#26NRKXBbqdpEX,68.3280,17523467,-22792847.710,2893853,429345,-11484925.4000,1.300289496E7
2465,81,1391,78,2,1280,1298531#FqNnBZndjiUOz,18.5390,17367703,-2416503.500,-4255215,19089677,-14996293.0700,9969052.32
2466,197,2490,211,2,1410,5008378#C1yDv8QREDX2c,-50.0200,-17250381,18617733.160,17930995,-16061274,-23629898.7700,1.6890881E7
2467,48,507,158,3,953,6288776#udny37DhVp1jh,59.6820,19933625,10568809.690,-24228787,-20742584,-22291635.7000,5804.25
2468,96,1997,119,2,1145,1375699#y4z6bgn7Xesmp,-8.8200,5920653,-1883366.460,-9637876,-18115347,15095611.8100,5258952.39
2469,102,2519,83,7,1111,7487570#UuLLOThvNYS6L,-2.2283,6569643,10249007.720,9172741,-18672953,-19517591.9700,-1.306816477E7
2470,73,1383,216,7,278,7901148#K46TxTLNmVMWH,-52.9400,15572955,-20087515.690,11985085,-13765282,-6950875.4200,-2103921.23
2471,190,2272,171,3,1065,18010877#Mj4TgVbZ9YEzy,-26.3600,-9836449,-12693534.750,2007916,-1087619,-18588915.9600,-1.83060782E7
2472,19,1298,5,5,1270,7687141#b7MqItWLxBD04,-21.5100,-13307655,-6839058.050,-1547866,-20478865,8088448.0100,7703899.01
2473,112,818,26,4,342,19841104#bHQAXM4Tnly9A,-45.4700,-1498241,-24420086.970,-3971414,16952446,11338751.1900,-2.453997815E7
2474,16,1893,42,2,939,2541815#EURPa6YnEIEpM,14.7950,13114055,-8530059.060,-6742131,16721945,-22405757.5900,8909643.99
2475,60,2419,223,2,1257,2526999#cpqj9FS9JjtzW,67.8000,-14740636,-7765677.100,4039099,23012440,-2372451.7900,-1582530.29
2476,132,2386,53,3,66,3105596#RFq62cTmKmfPG,-16.9380,-6656570,17823485.050,-11439044,-4539821,6945640.8500,-2.285737357E7
2477,73,365,45,3,1162,24374216#EBEsAPPdZmLPz,69.9790,5748444,-24519268.150,24001112,-2532578,-21567975.0200,1.023192138E7
2478,225,273,144,8,1415,9237820#eR87Yk81gUnrb,-3.2510,-3194903,5858013.310,-18775399,-11499055,13806430.6900,-2.021225135E7
2479,99,1112,215,5,312,17219023#L6OMLiCSvgC38,44.2220,-2815042,23655862.960,-19100634,-1165158,-14295781.7000,9875030.81
2480,151,2185,225,3,569,23452935#54CXuM5oLsb5p,31.3300,-23733337,6716458.480,-6540130,-13593082,-7556238.9600,-3976040.11
2481,134,719,80,2,676,10407336#3rXirknDTjryX,-50.2200,20947338,-7307276.300,10323052,-17447540,-11976312.2900,7532816.6
2482,134,446,64,7,494,663018#3yxtaBe7vkzwD,-46.7100,3754878,-2002904.310,2443218,24479452,5461008.5100,-2.268421872E7
2483,221,336,43,1,350,1790187#RkqRbwCyXqQtP,17.7531,-5770355,-17877365.100,-15674509,9342637,-19533627.7700,1.787832387E7
2484,8,1247,169,6,1369,12249160#UYu7R6bZRrmAT,-25.3160,22987633,-22209358.690,9189674,-18389753,-24740072.7200,548233.9
2485,198,998,211,4,1043,18097275#7Mr0QihZ3tom8,-10.1300,-17196445,-12285217.350,-18505893,3308946,607929.7100,-2.094355247E7
2486,227,2583,27,5,647,21400519#LM4sxZ9mYN58I,-52.4200,-19626699,-10970880.120,-5263879,-17933,18699703.2900,8536.21
2487,89,641,32,8,1454,629305#1QK5PAWIhXGhD,-23.9200,17344308,-14980667.880,20765824,13331214,21639830.0400,-1.213329634E7
2488,91,2613,207,4,196,3847462#s2yXJqHhHpy31,59.0000,1086986,-22385023.880,15215857,16183437,-4192680.7000,-7680344.92
2489,127,1358,192,6,269,1661746#fuZU4FYNlMtRo,-21.9300,-1676769,-16618700.030,-777410,22048033,-12512394.2700,1.09862076E7
2490,57,1723,88,6,860,16446573#SBkKCef2GiePH,-46.9300,-14498662,-1721731.900,19425900,23937118,16468013.7700,4821513.07
2491,84,550,66,7,830,2711021#vuMWM4K2DJ1mU,54.3600,-22412336,8199751.920,15917895,-1971935,-22107526.0500,-5664530.17
2492,116,2135,113,8,123,18378654#KLObpdSqcf4S6,18.6152,-5678438,19478095.040,2047445,-4640807,-24669811.3500,-2.030182331E7
2493,179,1140,72,2,1474,5412744#OKGRitY49B5wv,4.9441,-16741228,10658714.900,-24341537,-21964531,-21848651.1100,-8896585.48
2494,95,1179,56,6,242,16629137#XkvueSkCExZ9r,-4.0180,-7982526,22216524.980,18313999,10445443,-24904740.0900,-2.143193977E7
2495,98,1810,28,7,728,10768958#iMazIshh1G9Jp,60.6650,8915052,-13127000.190,1599541,-6968381,5023901.7700,-1.429009927E7
2496,198,1210,178,8,962,1595095#xH8a4QWX5wIbs,16.5012,6061633,1307168.210,3991265,11278771,19520528.8200,-2.45982713E7
2497,181,234,226,1,589,18216541#jgKwjoEwhvNv1,35.4810,15152948,-10431935.070,-16296257,-6986021,-8062934.2700,2114920.41
2498,136,1996,73,5,519,2375608#vd9kcRbARf5oN,-5.0480,11587925,1258038.270,13636852,-2821743,-21166212.3900,-2.049758919E7
2499,196,212,62,1,22,16256163#4mPi5nw0mWeN5,36.7970,-22976045,-15878003.590,-17621795,-5556091,2010923.5900,9642351.45
2500,55,1722,75,6,1345,796088#wGpwSJvWIGGXy,-46.8700,-24215365,874289.160,2710208,17027883,24945112.1200,2.088036843E7
2501,186,1010,152,2,291,13998311#fuxKRiPO5a29x,-46.1200,18845437,19412650.310,-23089800,-12317706,-12554802.8200,2.029405783E7
2502,171,1477,59,3,803,2323077#SvjAl4GlloH2O,12.8390,7022817,-9002049.870,-941492,-17462043,-14069050.4000,2.12599274E7
2503,154,2004,143,2,694,6126723#WWmlsnEhh7QGG,34.7550,-16506946,4671916.480,15895878,25004475,11082395.9400,-9163267.38
2504,77,866,137,6,1304,5323157#6hxxHgoyDS5kT,-2.5528,-18884235,13186539.220,14620963,3358969,-3186969.1300,1.382694661E7
2505,66,452,227,5,193,51636#QkvWZAjhMZZzH,33.8650,114785,-1100929.210,8349413,-13987137,16313605.7700,-2723754.84
2506,96,2389,139,2,580,2828776#udny37DhVp1jh,24.4946,-18878182,21929541.040,12756761,-1801281,905265.4300,1.239653305E7
2507,52,1701,20,7,196,22450991#MIHvqGrooUtA7,19.2872,16541331,15471728.180,-21821929,-24622156,12215001.8200,2.141683262E7
2508,153,356,171,2,792,15409806#gLMspUAmLJcII,-52.0700,-15689930,3649681.710,-14183963,-17616719,-15829849.1400,-1842647.86
2509,169,2146,147,1,974,4169895#ok1jceChI3llj,36.6240,-19763795,4756553.170,-4079425,-20360877,-675588.0700,-2816465.32
2510,86,1169,62,7,45,23011769#Yi5nk74wVVnsH,-4.1600,12287449,13945446.630,9553612,-18903485,-9599428.7000,-49375.36
2511,86,2332,187,4,878,2186237#aXPqi3rLo2s5U,-6.0230,-15289521,4789899.240,14016041,-101916,-13479592.2000,-1.000953568E7
2512,77,1818,36,1,1436,23933952#Trm8XLIFU5dFT,0.4080,17855573,-3406021.140,-16513950,-16215831,-5378432.5700,1.350757467E7
2513,46,490,125,6,1232,11646289#cWObt5Yrxl5Qc,-24.1670,-10491620,-9884930.530,-9179156,6478734,-884373.5200,-673928.6
2514,48,485,154,2,209,20596815#EURPa6YnEIEpM,69.6780,17879192,-23255390.210,2952503,437932,-11718063.4000,1.326689496E7
2515,12,1250,93,5,881,1324685#mia4hmvxKPBhH,18.8690,17719909,-2465508.500,-4341602,19476871,-15300653.0700,1.017145232E7
2516,47,1743,125,8,1127,5109870#vc6UaqC4kZrNx,-51.0200,-17600094,18995410.160,18294501,-16387117,-24108967.2700,1.7233281E7
2517,184,438,177,3,305,6416226#RYilgyUG1XirT,60.9820,20337800,10783007.690,-24719762,-21163121,-22743353.2000,5804.25
2518,200,568,207,1,949,1403538#y9bR0AM0p6wQT,-9.0700,6040440,-1921471.460,-9833057,-18482302,15401579.8100,5365352.39
2519,208,2165,142,3,428,7639074#w6GxcB81tJUtC,-2.2633,6702605,10456520.220,9358391,-19050918,-19912665.9700,-1.333296477E7
2520,89,1467,117,1,20,8060902#3KAzs3qPHvNaE,-53.9400,15888030,-20493983.690,12227848,-14043797,-7091767.9200,-2146321.23
2521,171,923,18,3,238,18375292#EBKJL2p6dsH6Z,-26.8600,-10035574,-12950213.250,2048466,-1109519,-18964898.9600,-1.86764782E7
2522,16,639,5,5,813,7842508#t08H0dbX63HPS,-22.0100,-13576880,-6977283.050,-1579366,-20893215,8251997.5100,7859899.01
2523,211,608,217,5,806,20242072#TDmKGpoRi1Ad2,-46.4700,-1528404,-24913770.970,-4051639,17295246,11567951.6900,-2.503597815E7
2524,157,1454,27,6,821,2593035#s0TdCD2d4Rz8Z,15.1700,13379055,-8702608.060,-6878306,17059845,-22858426.0900,9089643.99
2525,129,1018,34,3,866,2578037#VfigcZmaBoJfK,69.2000,-15038461,-7922536.600,4120574,23477240,-2420334.7900,-1614530.29
2526,174,2361,6,5,457,3168294#b3v0LVxE8y1NX,-17.3380,-6791182,18183333.050,-11669850,-4631321,7085880.3500,-2.331897357E7
2527,10,2340,206,5,257,24866203#jlyatrEDazCoC,71.3290,5864619,-25014264.650,24485455,-2583828,-22003444.5200,1.043832138E7
2528,83,1350,3,7,947,9424057#Zg4AOtnbsduHX,-3.2260,-3259478,5976234.310,-19154173,-11731118,14085066.1900,-2.062025135E7
2529,43,830,197,3,1156,17566255#A5grVcRpt4d1M,45.1220,-2871980,24133025.460,-19485902,-1188695,-14584014.2000,1.007423081E7
2530,53,298,158,8,1137,23925588#Sd7KGlKRuEAHL,31.9300,-24211812,6852044.980,-6671967,-13867111,-7708697.9600,-4056040.11
2531,106,4,191,6,233,10617034#A1XMARh0oLuPj,-51.2200,21369575,-7454490.300,10530927,-17799003,-12217795.2900,7684816.6
2532,30,621,140,7,701,676214#qCVbjv1qz4JP9,-47.7100,3830628,-2043198.810,2492277,24972702,5571040.5100,-2.314101872E7
2533,93,2239,116,3,844,1826204#dxQbS6Jcq6t33,18.0381,-5886555,-18237421.600,-15990020,9530675,-19927096.2700,1.823832387E7
2534,109,2178,74,8,1004,12495657#9PYfklvjOihbf,-25.7660,23450264,-22656247.190,9374749,-18759828,-25238157.2200,559433.9
2535,226,2533,211,6,7,18461381#vkLXWHAmlE4oP,-10.4300,-17542279,-12532305.350,-18878306,3375496,620195.7100,-2.136515247E7
2536,85,2333,202,7,492,21830782#5oeiIQ7Nw7fRy,-53.4200,-20021468,-11191473.620,-5369804,-18433,19075811.7900,8536.21
2537,97,2142,48,2,1377,641948#02QhiAkfXg7dG,-24.4200,17692908,-15281707.880,21183149,13599139,22075024.5400,-1.237729634E7
2538,91,506,62,3,1361,3924737#btjGwrIE44den,60.2500,1108636,-22834983.380,15521445,16508565,-4276997.2000,-7834744.92
2539,80,152,219,6,1200,1694996#trrxkpG1Qq3o0,-22.4300,-1710369,-16952444.030,-793110,22491064,-12763881.7700,1.12070076E7
2540,147,1554,151,5,68,16776676#aBWIIL9lNBbQk,-47.9300,-14789612,-1756403.400,19815887,24417868,16798826.2700,4918313.07
2541,69,246,149,7,405,2765395#ciDgRpL7n6wwn,55.3600,-22862124,8364180.420,16237310,-2011460,-22551113.0500,-5778130.17
2542,172,1806,113,3,1412,18747237#aXPqi3rLo2s5U,19.0202,-5792363,19868730.540,2088720,-4733882,-25164877.3500,-2.070902331E7
2543,225,128,55,2,1304,5521190#IvHL6bZKu6oGH,5.1291,-17077178,10872541.900,-24829637,-22405131,-22286746.6100,-9074985.48
2544,171,1950,119,4,67,16962485#EU0Oe2G0TCPQZ,-4.1180,-8142432,22661852.980,18680999,10654835,-25403917.0900,-2.186153977E7
2545,110,907,42,3,1347,10984706#jP8Z7mAqPGjUc,61.9150,9093715,-13390043.690,1631460,-7108206,5124552.2700,-1.457649927E7
2546,14,2099,32,3,1369,1626979#4hBCFaG7Kn9sA,16.8612,6183083,1333278.210,4071402,11504621,19911590.3200,-2.50910713E7
2547,29,2094,10,1,564,18581294#b3v0LVxE8y1NX,36.1310,15456173,-10640843.070,-16622382,-7125909,-8224292.7700,2157320.41
2548,192,2060,45,8,988,2423028#OZvnNENWP34Op,-5.0980,11819725,1283251.270,13909752,-2878280,-21589736.3900,-2.090798919E7
2549,87,2087,175,1,186,16581403#bj7o03wbGp7d6,37.4470,-23435770,-16195789.090,-17974345,-5667141,2051274.5900,9835151.45
2550,200,1452,195,3,508,811941#ziZOkEyzxwDlW,-47.8700,-24699512,891587.660,2764508,17368283,25443864.1200,2.129796843E7
2551,61,1618,50,6,946,14278090#hl6XZbWmNcPMr,-47.1200,19222012,19800567.810,-23551300,-12564031,-12805825.8200,2.069965783E7
2552,51,1057,196,6,670,2369484#OIvdLviKc2YlR,13.0640,7163267,-9182034.870,-960305,-17811193,-14350143.4000,2.16847274E7
2553,111,2102,114,3,281,6249052#UhM1dElBKmAY3,35.5050,-16836496,4765431.980,16213328,25503944,11303677.4400,-9346467.38
2554,54,694,71,1,1326,5429436#oUviOa2ubIAN6,-2.5878,-19261372,13449670.220,14912838,3426203,-3250803.6300,1.410294661E7
2555,225,2183,47,4,551,52468#GhYTaRqDe6bxJ,34.5150,116910,-1123083.710,8515926,-14266444,16639126.7700,-2778154.84
2556,129,1537,31,8,870,2885103#gQcDN4mndeBYJ,24.9496,-19254782,22367036.540,13011198,-1837181,923202.9300,1.264373305E7
2557,154,1150,41,7,119,22898589#rcV1sQRNIokiS,19.7672,16871069,15780319.680,-22257229,-25113244,12458535.3200,2.184403262E7
2558,41,212,179,5,569,15716927#Dqe7glAY1saTl,-53.0700,-16002567,3722461.210,-14466891,-17967969,-16145513.6400,-1879447.86
2559,8,587,50,2,944,4252836#dOUsRWdwwAPzl,37.4240,-20157745,4851483.170,-4160787,-20766552,-688862.5700,-2872465.32
2560,116,122,13,3,470,23470019#xTZV9KFNzBAth,-4.3100,12532124,14223098.630,9743787,-19280085,-9790519.2000,-50175.36
2561,132,195,69,5,1041,2229660#98rNM0XO2UEjl,-6.1730,-15593892,4885214.740,14295091,-104141,-13748143.2000,-1.020873568E7
2562,210,1119,182,6,626,24410304#alu5LQF8VB04M,0.3580,18211136,-3473896.640,-16842660,-16538725,-5485468.0700,1.377637467E7
2563,143,1392,132,4,930,11877817#MYL0YZDxyiB0G,-24.6170,-10700520,-10081797.030,-9361606,6607543,-901822.5200,-687528.6
2564,121,713,45,7,1325,21006417#d209jrm1Ww9me,71.0280,18234917,-23717932.710,3011153,446520,-11951201.4000,1.353089496E7
2565,170,1109,108,8,483,1350840#rljoBgx2GO1mF,19.1990,18072115,-2514513.500,-4427990,19864064,-15605013.0700,1.037385232E7
2566,124,996,39,6,843,5211361#DKOSYmnyo1128,-52.0200,-17949806,19373087.160,18658007,-16712961,-24588035.7700,1.7575681E7
2567,93,369,195,3,1135,6543675#fPa4TXDbHxJmQ,62.2820,20741975,10997205.690,-25210737,-21583659,-23195070.7000,5804.25
2568,77,1756,68,7,754,1431376#IATr0ygXqB2pM,-9.3200,6160228,-1959576.460,-10028238,-18849258,15707547.8100,5471752.39
2569,86,1812,201,8,1221,7790578#vAoSeTa4MuXpV,-2.2983,6835568,10664032.720,9544041,-19428884,-20307739.9700,-1.359776477E7
2570,105,1552,18,3,1239,8220656#VXvZUlYaszsnP,-54.9400,16203105,-20900451.690,12470610,-14322313,-7232660.4200,-2188721.23
2571,153,2190,92,2,887,18739707#J8Zx96s8tWttl,-27.3600,-10234699,-13206891.750,2089016,-1131419,-19340881.9600,-1.90468782E7
2572,13,2598,5,5,356,7997875#USxtftKueR80C,-22.5100,-13846105,-7115508.050,-1610866,-21307565,8415547.0100,8015899.01
2573,83,399,180,5,1270,20643040#KUTyPIrkQHnyK,-47.4700,-1558566,-25407454.970,-4131864,17638046,11797152.1900,-2.553197815E7
2574,71,1015,12,2,703,2644255#A5grVcRpt4d1M,15.5450,13644055,-8875157.060,-7014481,17397745,-23311094.5900,9269643.99
2575,199,2235,71,5,475,2629074#w6GxcB81tJUtC,70.6000,-15336286,-8079396.100,4202049,23942040,-2468217.7900,-1646530.29
2576,216,2336,185,7,848,3230992#k7KKzUVUeqda0,-17.7380,-6925795,18543181.050,-11900656,-4722821,7226119.8500,-2.378057357E7
2577,174,1697,140,7,829,25358190#IvHL6bZKu6oGH,72.6790,5980794,-25509261.150,24969799,-2635078,-22438914.0200,1.064472138E7
2578,167,2427,89,6,478,9610294#b3v0LVxE8y1NX,-3.2010,-3324053,6094455.310,-19532946,-11963180,14363701.6900,-2.102825135E7
2579,215,548,180,1,523,17913486#t80euotsbze0O,46.0220,-2928917,24610187.960,-19871171,-1212233,-14872246.7000,1.027343081E7
2580,182,1027,91,4,229,24398241#1P6yMqn1BtMEo,32.5300,-24690287,6987631.480,-6803805,-14141141,-7861156.9600,-4136040.11
2581,78,1906,75,1,1267,10826732#OvyMp5dQbZGQO,-52.2200,21791813,-7601704.300,10738802,-18150465,-12459278.2900,7836816.6
2582,154,796,216,6,908,689410#IECfk4zqldCsX,-48.7100,3906378,-2083493.310,2541336,25465952,5681072.5100,-2.359781872E7
2583,192,1524,189,4,1337,1862221#QZdprKETs4nuB,18.3231,-6002755,-18597478.100,-16305530,9718712,-20320564.7700,1.859832387E7
2584,210,492,206,2,639,12742155#Lf3NVFPpI8eK9,-26.2160,23912895,-23103135.690,9559824,-19129903,-25736241.7200,570633.9
2585,28,1452,211,8,448,18825488#httrC6Ay3rj49,-10.7300,-17888113,-12779393.350,-19250718,3442046,632461.7100,-2.178675247E7
2586,170,2083,151,1,338,22261045#IpKg2F13IUJfc,-54.4200,-20416236,-11412067.120,-5475729,-18933,19451920.2900,8536.21
2587,105,1026,65,5,1300,654590#4slBeXXlGwvy2,-24.9200,18041508,-15582747.880,21600474,13867064,22510219.0400,-1.262129634E7
2588,91,1016,144,2,1049,4002013#tULwFT80MaEga,61.5000,1130286,-23284942.880,15827032,16833693,-4361313.7000,-7989144.92
2589,33,1563,19,7,654,1728246#cPpXX2J1If9OK,-22.9300,-1743969,-17286188.030,-808810,22934095,-13015369.2700,1.14278076E7
2590,9,1385,214,5,752,17106780#DcGrNRsgzlKir,-48.9300,-15080562,-1791074.900,20205875,24898618,17129638.7700,5015113.07
2591,54,2559,6,6,1457,2819768#CZ72lZlM3K3Y7,56.3600,-23311911,8528608.920,16556726,-2050985,-22994700.0500,-5891730.17
2592,2,1478,113,6,1224,19115820#eR87Yk81gUnrb,19.4252,-5906288,20259366.040,2129995,-4826957,-25659943.3500,-2.111622331E7
2593,43,1733,39,2,1134,5629635#U9KNze3IMnEKw,5.3141,-17413128,11086368.900,-25317737,-22845731,-22724842.1100,-9253385.48
2594,20,104,182,1,1370,17295832#RQy5tMvG8ssI7,-4.2180,-8302338,23107180.980,19047999,10864227,-25903094.0900,-2.229113977E7
2595,122,5,56,7,490,11200454#4gCst99q83buU,63.1650,9272377,-13653087.190,1663378,-7248031,5225202.7700,-1.486289927E7
2596,58,372,113,5,299,1658864#GbSv1kntXab4Y,17.2212,6304533,1359388.210,4151540,11730471,20302651.8200,-2.55838713E7
2597,103,1337,21,1,539,18946048#sUc6uuBuXcPCL,36.7810,15759398,-10849751.070,-16948507,-7265796,-8385651.2700,2199720.41
2598,21,2124,17,4,1457,2470449#XYm1e5urIwo2D,-5.1480,12051525,1308464.270,14182652,-2934818,-22013260.3900,-2.131838919E7
2599,205,1345,61,1,350,16906643#94yxBSLuZEo2b,38.0970,-23895495,-16513574.590,-18326895,-5778191,2091625.5900,1.002795145E7
2600,118,1182,87,8,1149,827794#3rPrtiZD03DQ9,-48.8700,-25183658,908886.160,2818808,17708683,25942616.1200,2.171556843E7
2601,162,2226,176,2,123,14557869#Dx9RHd25M5Zg1,-48.1200,19598587,20188485.310,-24012800,-12810356,-13056848.8200,2.110525783E7
2602,159,637,106,1,538,2415890#VCpCsEOFtBtfb,13.2890,7303717,-9362019.870,-979117,-18160343,-14631236.4000,2.21095274E7
2603,67,2199,85,4,1345,6371381#vkLXWHAmlE4oP,36.2550,-17166046,4858947.480,16530778,26003412,11524958.9400,-9529667.38
2604,30,522,5,4,1348,5535715#XwB6Ki2FgJHF1,-2.6228,-19638510,13712801.220,15204713,3493437,-3314638.1300,1.437894661E7
2605,157,1297,93,3,908,53301#afAElhPl6kql4,35.1650,119035,-1145238.210,8682438,-14545751,16964647.7700,-2832554.84
2606,162,685,150,6,1159,2941429#6dEqQEkjTcVDf,25.4046,-19631382,22804532.040,13265636,-1873081,941140.4300,1.289093305E7
2607,28,600,62,8,43,23346187#RkqRbwCyXqQtP,20.2472,17200806,16088911.180,-22692529,-25604331,12702068.8200,2.227123262E7
2608,156,67,186,1,346,16024049#3ngvpDytf0Hxo,-54.0700,-16315205,3795240.710,-14749819,-18319219,-16461178.1400,-1916247.86
2609,74,1646,181,3,914,4335777#12iJqPR4JDZvn,38.2240,-20551695,4946413.170,-4242150,-21172227,-702137.0700,-2928465.32
2610,146,1692,190,7,895,23928269#0p8dTPOvLuiEM,-4.4600,12776799,14500750.630,9933962,-19656685,-9981609.7000,-50975.36
2611,178,675,178,7,1204,2273082#ordjFOSaKood1,-6.3230,-15898264,4980530.240,14574141,-106366,-14016694.2000,-1.040793568E7
2612,116,419,101,3,1292,24886656#VXvZUlYaszsnP,0.3080,18566698,-3541772.140,-17171371,-16861618,-5592503.5700,1.404517467E7
2613,13,2294,140,2,627,12109345#ysLiQ7WAvwATg,-25.0670,-10909420,-10278663.530,-9544056,6736352,-919271.5200,-701128.6
2614,194,941,164,4,965,21416019#xTZV9KFNzBAth,72.3780,18590642,-24180475.210,3069803,455107,-12184339.4000,1.379489496E7
2615,101,968,123,3,84,1376994#UgXCcWpiUiFyk,19.5290,18424321,-2563518.500,-4514377,20251258,-15909373.0700,1.057625232E7
2616,201,249,180,4,560,5312853#zQUmmutoXW4NL,-53.0200,-18299519,19750764.160,19021513,-17038804,-25067104.2700,1.7918081E7
2617,2,300,214,3,487,6671125#KFeAblocC8pLh,63.5820,21146150,11211403.690,-25701712,-22004196,-23646788.2000,5804.25
2618,181,327,156,6,558,1459215#KCwydJdKMQPtn,-9.5700,6280015,-1997681.460,-10223419,-19216213,16013515.8100,5578152.39
2619,192,1458,33,4,538,7942082#ordjFOSaKood1,-2.3333,6968530,10871545.220,9729691,-19806849,-20702813.9700,-1.386256477E7
2620,121,1636,146,5,981,8380410#IECfk4zqldCsX,-55.9400,16518180,-21306919.690,12713373,-14600828,-7373552.9200,-2231121.23
2621,134,841,166,2,60,19104122#dOrTGqZXkglJ8,-27.8600,-10433824,-13463570.250,2129566,-1153319,-19716864.9600,-1.94172782E7
2622,10,1939,5,5,1376,8153242#tUDliHsDxRxpQ,-23.0100,-14115330,-7253733.050,-1642366,-21721915,8579096.5100,8171899.01
2623,182,189,144,6,257,21044008#zD2L62vTzwhhL,-48.4700,-1588729,-25901138.970,-4212089,17980846,12026352.6900,-2.602797815E7
2624,212,576,224,6,585,2695475#hgkuhKJtx8ZLb,15.9200,13909055,-9047706.060,-7150656,17735645,-23763763.0900,9449643.99
2625,41,834,109,6,84,2680112#4UTnmiWaQjEDt,72.0000,-15634111,-8236255.600,4283524,24406840,-2516100.7900,-1678530.29
2626,31,2311,138,1,1239,3293690#xxjDjPXBqMQ6V,-18.1380,-7060407,18903029.050,-12131462,-4814321,7366359.3500,-2.424217357E7
2627,111,1055,74,1,1401,25850177#iJZNeUrrg8U9S,74.0290,6096969,-26004257.650,25454142,-2686328,-22874383.5200,1.085112138E7
2628,25,887,175,5,10,9796531#FqNnBZndjiUOz,-3.1760,-3388628,6212676.310,-19911720,-12195243,14642337.1900,-2.143625135E7
2629,159,266,162,7,1367,18260718#IaoliaUDx4xWL,46.9220,-2985855,25087350.460,-20256439,-1235770,-15160479.2000,1.047263081E7
2630,84,1757,24,1,797,24870894#cN6bR2y3H3E5z,33.1300,-25168762,7123217.980,-6935642,-14415170,-8013615.9600,-4216040.11
2631,50,1191,186,5,824,11036430#Xw2ITlifTWD3L,-53.2200,22214050,-7748918.300,10946677,-18501928,-12700761.2900,7988816.6
2632,50,971,65,6,1115,702606#3ALHrs6KVMT7X,-49.7100,3982128,-2123787.810,2590395,25959202,5791104.5100,-2.405461872E7
2633,64,810,35,6,354,1898238#FvDLsxaSr4Lez,18.6081,-6118955,-18957534.600,-16621041,9906750,-20714033.2700,1.895832387E7
2634,84,1423,111,4,274,12988652#lwGXw3HmgSgEL,-26.6660,24375526,-23550024.190,9744899,-19499978,-26234326.2200,581833.9
2635,56,370,211,2,889,19189594#f6BZfLmVq1Lvq,-11.0300,-18233947,-13026481.350,-19623131,3508596,644727.7100,-2.220835247E7
2636,28,1833,99,3,183,22691308#2A3gSrRaAxjkS,-55.4200,-20811005,-11632660.620,-5581654,-19433,19828028.7900,8536.21
2637,113,2527,81,7,1223,667233#mbIguyIvD7nCa,-25.4200,18390108,-15883787.880,22017799,14134989,22945413.5400,-1.286529634E7
2638,91,1526,226,1,737,4079288#Cjx48ZJIO8jfJ,62.7500,1151936,-23734902.380,16132620,17158821,-4445630.2000,-8143544.92
2639,213,357,46,7,108,1761496#BjduMCL3OeYLg,-23.4300,-1777569,-17619932.030,-824510,23377126,-13266856.7700,1.16486076E7
2640,99,1216,50,4,1437,17436883#8TfKTzWOyRwQG,-49.9300,-15371512,-1825746.400,20595862,25379368,17460451.2700,5111913.07
2641,39,2255,89,6,1032,2874142#MTNCQGOkCY5QO,57.3600,-23761699,8693037.420,16876141,-2090510,-23438287.0500,-6005330.17
2642,58,1149,113,1,1036,19484403#bj7o03wbGp7d6,19.8302,-6020213,20650001.540,2171270,-4920032,-26155009.3500,-2.152342331E7
2643,89,721,22,2,964,5738081#8jHz5k5o1zfa2,5.4991,-17749078,11300195.900,-25805837,-23286331,-23162937.6100,-9431785.48
2644,96,875,18,7,1195,17629180#BQw36By70PIkE,-4.3180,-8462244,23552508.980,19414999,11073619,-26402271.0900,-2.272073977E7
2645,134,1719,70,3,1109,11416202#ohJR16Z8SWcw9,64.4150,9451040,-13916130.690,1695297,-7387856,5325853.2700,-1.514929927E7
2646,101,1261,194,8,706,1690748#p8OggKxPI6BAT,17.5812,6425983,1385498.210,4231677,11956321,20693713.3200,-2.60766713E7
2647,178,580,32,1,514,19310801#3ZlYfvR0L8Jkw,37.4310,16062623,-11058659.070,-17274632,-7405684,-8547009.7700,2242120.41
2648,77,2188,216,7,449,2517869#Dx9RHd25M5Zg1,-5.1980,12283325,1333677.270,14455552,-2991355,-22436784.3900,-2.172878919E7
2649,96,603,174,1,514,17231883#8TfKTzWOyRwQG,38.7470,-24355220,-16831360.090,-18679445,-5889241,2131976.5900,1.022075145E7
2650,36,912,207,5,312,843647#cqf3W6owBsScl,-49.8700,-25667805,926184.660,2873108,18049083,26441368.1200,2.213316843E7
2651,37,217,74,6,778,14837648#lGtfIw3ozw40v,-49.1200,19975162,20576402.810,-24474300,-13056681,-13307871.8200,2.151085783E7
2652,39,217,16,4,405,2462297#ucdLjsZb0jwiT,13.5140,7444167,-9542004.870,-997930,-18509493,-14912329.4000,2.25343274E7
2653,24,2297,56,5,932,6493710#0DlrfPkDGuydF,37.0050,-17495596,4952462.980,16848228,26502881,11746240.4400,-9712867.38
2654,7,350,166,7,1370,5641994#UgXCcWpiUiFyk,-2.6578,-20015647,13975932.220,15496588,3560671,-3378472.6300,1.465494661E7
2655,89,411,140,2,1266,54133#NtHfJOMO0Nz3G,35.8150,121160,-1167392.710,8848951,-14825058,17290168.7700,-2886954.84
2656,195,2450,42,4,1449,2997756#tRAo2KovFr1JP,25.8596,-20007982,23242027.540,13520073,-1908981,959077.9300,1.313813305E7
2657,130,49,83,8,1443,23793785#LZ0ubgphgHlJz,20.7272,17530544,16397502.680,-23127829,-26095419,12945602.3200,2.269843262E7
2658,44,2540,194,4,123,16331170#msruTTXHStF0J,-55.0700,-16627842,3868020.210,-15032747,-18670469,-16776842.6400,-1953047.86
2659,140,87,84,4,884,4418718#IaoliaUDx4xWL,39.0240,-20945645,5041343.170,-4323512,-21577902,-715411.5700,-2984465.32
2660,176,645,141,3,1320,24386519#LM4sxZ9mYN58I,-4.6100,13021474,14778402.630,10124137,-20033285,-10172700.2000,-51775.36
2661,224,1155,60,8,1367,2316505#x1lg9vDFSWsqw,-6.4730,-16202635,5075845.740,14853191,-108591,-14285245.2000,-1.060713568E7
2662,22,2337,20,8,482,25363008#zD2L62vTzwhhL,0.2580,18922261,-3609647.640,-17500081,-17184512,-5699539.0700,1.431397467E7
2663,110,579,147,8,325,12340873#AoYymcGtcon4X,-25.5170,-11118320,-10475530.030,-9726506,6865161,-936720.5200,-714728.6
2664,40,1169,55,1,604,21825621#dQHOhA0vd3Wsr,73.7280,18946367,-24643017.710,3128453,463695,-12417477.4000,1.405889496E7
2665,32,827,138,6,1163,1403149#zQH2C7WkQXJUd,19.8590,18776527,-2612523.500,-4600765,20638451,-16213733.0700,1.077865232E7
2666,51,2119,94,2,276,5414344#9G4iyiUB9QlNS,-54.0200,-18649231,20128441.160,19385019,-17364648,-25546172.7700,1.8260481E7
2667,138,231,5,3,1317,6798574#VpZ318rromnxA,64.8820,21550325,11425601.690,-26192687,-22424734,-24098505.7000,5804.25
2668,58,1515,17,4,363,1487053#oz4zrHgAedACz,-9.8200,6399803,-2035786.460,-10418600,-19583169,16319483.8100,5684552.39
2669,70,1105,92,1,1331,8093586#0Vy2z1VGlTjWe,-2.3683,7101493,11079057.720,9915341,-20184815,-21097887.9700,-1.412736477E7
2670,137,1721,47,7,723,8540164#19LUgdOfKS3fP,-56.9400,16833255,-21713387.690,12956135,-14879344,-7514445.4200,-2273521.23
2671,116,2108,13,1,709,19468537#Fj7YOIp1EymYM,-28.3600,-10632949,-13720248.750,2170116,-1175219,-20092847.9600,-1.97876782E7
2672,7,1281,5,5,919,8308609#2UMoWA0uYQZ7f,-23.5100,-14384555,-7391958.050,-1673866,-22136265,8742646.0100,8327899.01
2673,54,2597,107,6,721,21444976#X3KO8rcBEO0fe,-49.4700,-1618891,-26394822.970,-4292314,18323646,12255553.1900,-2.652397815E7
2674,126,137,209,2,467,2746695#ZOz6oT0XFgmPp,16.2950,14174055,-9220255.060,-7286831,18073545,-24216431.5900,9629643.99
2675,111,2051,146,8,1170,2731149#zQH2C7WkQXJUd,73.4000,-15931936,-8393115.100,4364999,24871640,-2563983.7900,-1710530.29
2676,73,2286,90,3,153,3356388#NSRIzFcRVWRIt,-18.5380,-7195020,19262877.050,-12362268,-4905821,7506598.8500,-2.470377357E7
2677,48,412,8,3,496,26342164#19LUgdOfKS3fP,75.3790,6213144,-26499254.150,25938486,-2737578,-23309853.0200,1.105752138E7
2678,109,1964,34,4,1018,9982768#CZ72lZlM3K3Y7,-3.1510,-3453203,6330897.310,-20290493,-12427305,14920972.6900,-2.184425135E7
2679,104,2601,145,5,734,18607949#TF3IsVllA5E5f,47.8220,-3042792,25564512.960,-20641708,-1259308,-15448711.7000,1.067183081E7
2680,213,2486,184,5,1366,25343547#ufTKyH4lWjwZW,33.7300,-25647237,7258804.480,-7067480,-14689200,-8166074.9600,-4296040.11
2681,22,476,70,8,381,11246128#qUOW2Gph4ocHZ,-54.2200,22636288,-7896132.300,11154552,-18853390,-12942244.2900,8140816.6
2682,174,1146,141,5,1322,715802#pfMWQKYjZcvwP,-50.7100,4057878,-2164082.310,2639454,26452452,5901136.5100,-2.451141872E7
2683,163,95,108,7,847,1934255#A5grVcRpt4d1M,18.8931,-6235155,-19317591.100,-16936551,10094787,-21107501.7700,1.931832387E7
2684,185,2354,16,6,1386,13235150#gMsQZKDwT6wzb,-27.1160,24838157,-23996912.690,9929974,-19870053,-26732410.7200,593033.9
2685,85,1906,211,4,1330,19553701#qOuQwvn4TBnEg,-11.3300,-18579781,-13273569.350,-19995543,3575146,656993.7100,-2.262995247E7
2686,113,1583,48,5,29,23121571#UwMXX6bSRgjwZ,-56.4200,-21205773,-11853254.120,-5687579,-19933,20204137.2900,8536.21
2687,121,1411,98,2,1146,679875#USxtftKueR80C,-25.9200,18738708,-16184827.880,22435124,14402914,23380608.0400,-1.310929634E7
2688,91,2036,81,8,425,4156564#nODvBScDiKt2F,64.0000,1173586,-24184861.880,16438207,17483949,-4529946.7000,-8297944.92
2689,166,1768,73,8,1039,1794746#fuZU4FYNlMtRo,-23.9300,-1811169,-17953676.030,-840210,23820157,-13518344.2700,1.18694076E7
2690,188,1047,113,4,644,17766987#YAcXCX4RM9yw0,-50.9300,-15662462,-1860417.900,20985850,25860118,17791263.7700,5208713.07
2691,24,1951,173,5,607,2928515#bjSQTdG8kThp5,58.3600,-24211486,8857465.920,17195557,-2130035,-23881874.0500,-6118930.17
2692,115,821,113,4,848,19852986#vdOrm5kJe38PA,20.2352,-6134138,21040637.040,2212545,-5013107,-26650075.3500,-2.193062331E7
2693,134,2326,6,2,794,5846526#1qbv1osx1IuI8,5.6841,-18085028,11514022.900,-26293937,-23726931,-23601033.1100,-9610185.48
2694,172,1646,81,4,1021,17962527#mHxiWAD8CApb8,-4.4180,-8622150,23997836.980,19781999,11283011,-26901448.0900,-2.315033977E7
2695,146,817,84,7,252,11631950#hBvRvp9SLGBye,65.6650,9629702,-14179174.190,1727215,-7527681,5426503.7700,-1.543569927E7
2696,145,2151,48,2,1113,1722633#BBVSaKhR0CcuF,17.9412,6547433,1411608.210,4311815,12182171,21084774.8200,-2.65694713E7
2697,25,2440,43,1,489,19675555#FqWpvqWUiE9HT,38.0810,16365848,-11267567.070,-17600757,-7545571,-8708368.2700,2284520.41
2698,133,2252,188,3,918,2565290#5dtHUBHElCpiO,-5.2480,12515125,1358890.270,14728452,-3047893,-22860308.3900,-2.213918919E7
2699,214,2478,60,1,678,17557123#Dcdd4YW0zm8Au,39.3970,-24814945,-17149145.590,-19031995,-6000291,2172327.5900,1.041355145E7
2700,181,642,99,2,953,859500#yIEnVYDnQUrhm,-50.8700,-26151951,943483.160,2927408,18389483,26940120.1200,2.255076843E7
2701,138,825,200,2,1432,15117427#xQPltPx1OhWn7,-50.1200,20351737,20964320.310,-24935800,-13303006,-13558894.8200,2.191645783E7
2702,147,2414,153,7,273,2508703#rZxW2QdPIOQ33,13.7390,7584617,-9721989.870,-1016742,-18858643,-15193422.4000,2.29591274E7
2703,207,2394,27,6,519,6616039#KiQcxvy6KENE2,37.7550,-17825146,5045978.480,17165678,27002349,11967521.9400,-9896067.38
2704,210,178,100,2,1392,5748273#NiriHx5Tzypsq,-2.6928,-20392785,14239063.220,15788463,3627905,-3442307.1300,1.493094661E7
2705,21,2142,186,1,146,54966#0KHW1w5Sid74r,36.4650,123285,-1189547.210,9015463,-15104365,17615689.7700,-2941354.84
2706,1,1598,161,2,261,3054082#ordjFOSaKood1,26.3146,-20384582,23679523.040,13774511,-1944881,977015.4300,1.338533305E7
2707,4,2116,104,1,1367,24241383#piPDGtNMJKZOu,21.2072,17860281,16706094.180,-23563129,-26586506,13189135.8200,2.312563262E7
2708,159,2395,201,8,1377,16638292#EBKJL2p6dsH6Z,-56.0700,-16940480,3940799.710,-15315675,-19021719,-17092507.1400,-1989847.86
2709,206,1146,215,5,854,4501659#x574eMcq56gZW,39.8240,-21339595,5136273.170,-4404875,-21983577,-728686.0700,-3040465.32
2710,206,2215,91,7,268,24844769#Yi5nk74wVVnsH,-4.7600,13266149,15056054.630,10314312,-20409885,-10363790.7000,-52575.36
2711,43,1635,169,2,53,2359927#Dqe7glAY1saTl,-6.6230,-16507007,5171161.240,15132241,-110816,-14553796.2000,-1.080633568E7
2712,155,1637,166,5,1148,25839360#Z4MUr6bpMJJAs,0.2080,19277823,-3677523.140,-17828792,-17507405,-5806574.5700,1.458277467E7
2713,207,1481,155,6,22,12572401#DwgUcoZmVKDV8,-25.9670,-11327220,-10672396.530,-9908956,6993970,-954169.5200,-728328.6
2714,113,1397,174,6,244,22235223#fKyxpzVBWFhO3,75.0780,19302092,-25105560.210,3187103,472282,-12650615.4000,1.432289496E7
2715,190,686,153,1,764,1429303#MaUFE8LVYMXXC,20.1890,19128733,-2661528.500,-4687152,21025645,-16518093.0700,1.098105232E7
2716,128,1372,8,8,1470,5515836#dOUsRWdwwAPzl,-55.0200,-18998944,20506118.160,19748525,-17690491,-26025241.2700,1.8602881E7
2717,47,162,24,3,669,6926024#KZNFspeI92ITK,66.1820,21954500,11639799.690,-26683662,-22845271,-24550223.2000,5804.25
2718,162,86,105,3,167,1514892#dcOCtIGe9sMLH,-10.0700,6519590,-2073891.460,-10613781,-19950124,16625451.8100,5790952.39
2719,176,751,151,5,648,8245090#hl6XZbWmNcPMr,-2.4033,7234455,11286570.220,10100991,-20562780,-21492961.9700,-1.439216477E7
2720,153,1805,175,1,465,8699918#sqSDWKlhpb55u,-57.9400,17148330,-22119855.690,13198898,-15157859,-7655337.9200,-2315921.23
2721,97,759,87,1,1359,19832952#Trm8XLIFU5dFT,-28.8600,-10832074,-13976927.250,2210666,-1197119,-20468830.9600,-2.01580782E7
2722,4,622,5,5,462,8463976#X3KO8rcBEO0fe,-24.0100,-14653780,-7530183.050,-1705366,-22550615,8906195.5100,8483899.01
2723,153,2387,71,7,1185,21845944#xFwOzvhOj4IKc,-50.4700,-1649054,-26888506.970,-4372539,18666446,12484753.6900,-2.701997815E7
2724,40,2315,194,6,349,2797915#Xdf4OamUpwNtU,16.6700,14439055,-9392804.060,-7423006,18411445,-24669100.0900,9809643.99
2725,180,650,184,1,779,2782187#RkqRbwCyXqQtP,74.8000,-16229761,-8549974.600,4446474,25336440,-2611866.7900,-1742530.29
2726,115,2261,43,5,544,3419086#kY5mMtzOwlbpT,-18.9380,-7329632,19622725.050,-12593074,-4997321,7646838.3500,-2.516537357E7
2727,212,2387,169,5,1068,26834151#oh1OMKdUkJze3,76.7290,6329319,-26994250.650,26422829,-2788828,-23745322.5200,1.126392138E7
2728,194,424,120,3,550,10169005#utlDe88x0FZvi,-3.1260,-3517778,6449118.310,-20669267,-12659368,15199608.1900,-2.225225135E7
2729,48,2319,127,3,101,18955181#MFp1Q5EozK4xm,48.7220,-3099730,26041675.460,-21026976,-1282845,-15736944.2000,1.087103081E7
2730,115,599,117,2,457,25816200#ZS7igRiKUAxlL,34.3300,-26125712,7394390.980,-7199317,-14963229,-8318533.9600,-4376040.11
2731,221,2378,181,4,1415,11455826#rSa7FWfIuadNz,-55.2200,23058525,-8043346.300,11362427,-19204853,-13183727.2900,8292816.6
2732,70,1321,217,5,52,728998#51L4AR1yU0ZFD,-51.7100,4133628,-2204376.810,2688513,26945702,6011168.5100,-2.496821872E7
2733,35,1998,181,1,1341,1970272#wOSrmYYEupasA,19.1781,-6351355,-19677647.600,-17252062,10282825,-21500970.2700,1.967832387E7
2734,59,668,148,8,1021,13481647#cqf3W6owBsScl,-27.5660,25300788,-24443801.190,10115049,-20240128,-27230495.2200,604233.9
2735,113,824,211,6,294,19917807#leioqd8d5md31,-11.6300,-18925615,-13520657.350,-20367956,3641696,669259.7100,-2.305155247E7
2736,198,1333,223,7,1351,23551834#ZwYcpTEXYP3rD,-57.4200,-21600542,-12073847.620,-5793504,-20433,20580245.7900,8536.21
2737,129,295,114,4,1069,692518#hp2Oyn0nx2593,-26.4200,19087308,-16485867.880,22852449,14670839,23815802.5400,-1.335329634E7
2738,91,2546,163,7,113,4233839#9VfE7zu8UWgcb,65.2500,1195236,-24634821.380,16743795,17809077,-4614263.2000,-8452344.92
2739,119,562,100,8,493,1827996#trrxkpG1Qq3o0,-24.4300,-1844769,-18287420.030,-855910,24263188,-13769831.7700,1.20902076E7
2740,51,878,176,3,1329,18097090#hl6XZbWmNcPMr,-51.9300,-15953412,-1895089.400,21375837,26340868,18122076.2700,5305513.07
2741,9,1647,29,5,182,2982889#iifb1xn9ohFRD,59.3600,-24661274,9021894.420,17514972,-2169560,-24325461.0500,-6232530.17
2742,171,492,113,7,660,20221569#6KyUg69zWObJG,20.6402,-6248063,21431272.540,2253820,-5106182,-27145141.3500,-2.233782331E7
2743,180,1314,216,2,624,5954972#nwH6sId43ACmv,5.8691,-18420978,11727849.900,-26782037,-24167531,-24039128.6100,-9788585.48
2744,21,2417,144,2,846,18295875#USxtftKueR80C,-4.5180,-8782056,24443164.980,20148999,11492403,-27400625.0900,-2.357993977E7
2745,158,2531,98,3,871,11847698#XJEEKKuLvV8jZ,66.9150,9808365,-14442217.690,1759134,-7667506,5527154.2700,-1.572209927E7
2746,188,423,129,5,43,1754517#g5gUH8nBwZfUX,18.3012,6668883,1437718.210,4391952,12408021,21475836.3200,-2.70622713E7
2747,100,1683,54,1,464,20040308#2A3gSrRaAxjkS,38.7310,16669073,-11476475.070,-17926882,-7685459,-8869726.7700,2326920.41
2748,189,2316,160,6,1387,2612710#0DlrfPkDGuydF,-5.2980,12746925,1384103.270,15001352,-3104430,-23283832.3900,-2.254958919E7
2749,105,1736,173,1,842,17882363#LFROy3MpJPwhL,40.0470,-25274670,-17466931.090,-19384545,-6111341,2212678.5900,1.060635145E7
2750,99,372,219,7,116,875353#6CsPeZYUvUxX9,-51.8700,-26636098,960781.660,2981708,18729883,27438872.1200,2.296836843E7
2751,13,1433,98,6,610,15397206#FF5GFe2yIE879,-51.1200,20728312,21352237.810,-25397300,-13549331,-13809917.8200,2.232205783E7
2752,27,1994,63,2,140,2555110#gwy4afUT92c8z,13.9640,7725067,-9901974.870,-1035555,-19207793,-15474515.4000,2.33839274E7
2753,164,2492,225,7,106,6738368#Gs5TdbWqQdouU,38.5050,-18154696,5139493.980,17483128,27501818,12188803.4400,-1.007926738E7
2754,187,6,34,5,1414,5854552#hag77ENESCT4c,-2.7278,-20769922,14502194.220,16080338,3695139,-3506141.6300,1.520694661E7
2755,180,1256,6,8,504,55798#TbhmpNZkCQtEf,37.1150,125410,-1211701.710,9181976,-15383672,17941210.7700,-2995754.84
2756,34,746,53,8,551,3110409#BNLywIODKytRS,26.7696,-20761182,24117018.540,14028948,-1980781,994952.9300,1.363253305E7
2757,106,1565,125,1,1290,24688981#TLQ47JH8MQqsN,21.6872,18190019,17014685.680,-23998429,-27077594,13432669.3200,2.355283262E7
2758,47,2251,209,3,1154,16945413#8yJftz4JrDhG4,-57.0700,-17253117,4013579.210,-15598603,-19372969,-17408171.6400,-2026647.86
2759,45,2204,118,6,824,4584600#wyxR11TGFJgsr,40.6240,-21733545,5231203.170,-4486237,-22389252,-741960.5700,-3096465.32
2760,9,1168,42,3,693,25303019#xTZV9KFNzBAth,-4.9100,13510824,15333706.630,10504487,-20786485,-10554881.2000,-53375.36
2761,89,2115,51,3,216,2403350#QdByk42BOfGBr,-6.7730,-16811378,5266476.740,15411291,-113041,-14822347.2000,-1.100553568E7
2762,61,938,85,2,338,26315712#CosOWgMQRdOSF,0.1580,19633386,-3745398.640,-18157502,-17830299,-5913610.0700,1.485157467E7
2763,77,2383,162,4,1197,12803929#s22A7OdIMzFHh,-26.4170,-11536120,-10869263.030,-10091406,7122779,-971618.5200,-741928.6
2764,186,1625,65,3,1360,22644825#m7e0acweOOvVs,76.4280,19657817,-25568102.710,3245753,480870,-12883753.4000,1.458689496E7
2765,121,545,168,4,366,1455458#w2c1TFvUHNC6u,20.5190,19480939,-2710533.500,-4773540,21412838,-16822453.0700,1.118345232E7
