1,1,6,28,17192#FbXTrTAUe2LSjnvQ4d83FmIJrPuMumRdR,3302.86,6449#LqczLSpMl4j,-8196.3400,-7663,8123#QYvVRlMTJHQJUFy7iJdBe,15188.750
2,3,3,11,20169#2ZXjCkWXkXTeACYAdkTWYMPplIMr0y60g,14231.87,23019#ruEC0oJKOUZ,-8532.9600,-24401,15925#vXBQL8tVhUlIrHzL7fFSo,-3109.180
3,3,9,55,13382#h5QK6ejCtw4lOwgSR144ly2MTpGK3yjrd,-22439.0,11635#HW4weOoUz3c,-10776.8700,-11545,26981#kqF3CbxbAC4TLD9Ok5J8z,28012.000
4,2,9,9,29519#cK98qxIvUuLwfVNaWejNB7s7XWnFjlTJW,-26966.6,21008#bH1ywm9UVuQ,28883.7300,42576,28888#jQCZ5NyKAK7wrxNoRcemL,3447.510
5,2,7,3,39239#6IABNZopqfmvf1e1hQ2lH8pmneEco6Sun,13125.84,9950#RQ5pCL3GuUB,-40978.4500,47544,16201#hdiF9IELTXj1sC75x0cLY,14620.710
6,3,13,45,15664#fwsKq8VBtkKW3DRGId8BYTGKgJVZKZnCt,13139.75,54645#Ef7aE0nIKTs,6137.6600,-39378,44841#dZjK7KHAR79P9hWPqhpPq,10130.090
7,2,11,43,45642#2IE13GUbG0TmsuRTAxUzU0VKLzrxtPbDP,-17654.29,47266#a7WZkbHAbGG,8665.0900,-64073,27739#M5BbHei6rKT7yWxHXuPCL,-21757.690
8,3,2,56,54837#L8M3gwNfLzXGcA2wv3GKyJuOxcQUsyovi,-2894.35,41738#eF67fAAqPpl,-52922.7500,-29035,64363#Q3ZrEqXXukN8JbtVjXAg4,11326.290
9,2,10,20,68955#lF3a2sfcht1tySLZUOiO99OxSDPxZ401l,1214.09,83711#ERSV3bvNIQo,74794.5600,44563,50331#FsnZP22vVCtJIaFFS8vP9,56082.380
10,2,7,26,21924#NmDErpsfEUZ5WAunrF13swamQbSaebOuV,-7800.72,9486#1l7ZPbDCQ0h,51632.6200,10297,45036#B41dw2yiegxLQ0fiDCVoH,-6710.220
11,1,5,33,106274#hERLZRdLFxkfFNewmjasc1cNiMCHzZpVX,44338.71,91520#VQ1R2JrmrLL,-65051.5900,31945,85588#5iOpOo5vtdIfFc4ax46rZ,-42241.160
12,2,7,45,25770#MbNcVpRMs7uqcuUrX3Ng9vmaBpqVCQhCG,87643.84,4155#tD1uZNkbYhM,-76232.3700,-88520,23144#F8lyGPQNMTnxk0tvhNzBY,-10102.260
13,3,6,23,107343#TUf3NVN4tPaPAjei8c7C284vo5Sr8tJoi,-91263.41,49596#5e7EpD5N0Oq,-32861.3300,-42223,81971#9jdXdPA4pyuCUX6F2q29j,127283.960
14,1,3,10,74828#HOlxUEyNWi891ajygou4MmiM7dQGCcw1l,129802.04,85203#dQKv912cvhg,-53267.4600,32520,117365#qsHz5FF4TjxzkDQfpHKvj,77658.990
15,1,2,21,55390#Oa2j5p4tbBMb7A93OIr3YZjDHLch3Dq38,-92800.66,31391#VyNykWdYvcQ,-148879.0000,99307,24611#hudQm0zz9SJidZ98gc4Xg,81913.650
16,3,5,17,26703#OjQq6D5qKyzwoSZAaOIrZtUbA8FxXH7CF,-99604.42,95152#koq9eAdejJs,46741.5600,71030,126454#1cFyLF0Dye1K3g48Xt18I,9433.030
17,2,7,5,85328#85W3EFwVXpADBrAomfEUdnH7JPNlybM3R,-87642.25,58078#rZ28V9CzIDM,149226.4600,96015,61712#XPCbeBgrhs9rUOkp22ilA,-65043.480
18,1,10,8,180073#QyxkySSreg5eUXS6AbtrXOUPYcio9WlQl,-10659.01,64628#ZD1tqkFkzuP,12250.0100,-177755,181638#8vkG3en8ZKzql7RgS57P2,-146596.670
19,3,3,37,167260#FvYoyvFKanQlOo49rMnaZC2twISMUAEnl,53457.79,4857#Q2HNuQcZfyy,-175295.3900,-117668,37820#O4K0l2He89jSwwREFUtzh,-83435.670
20,3,12,42,173859#WdVVzBkGzWzK8EaIwAfhEv5STHMVi7v8a,-25708.42,48576#twLRqee7OJ3,14839.4300,176680,6275#lzdGVyxHVJei2NHkX5XqF,68573.720
21,1,8,20,126937#Sh1AbqXapirx9ZRZ8O3DS9mgxHRpLcXxF,-166247.0,124363#3HEPsonhbxk,88953.0800,-12997,106646#gqjXHC5jVv0RsMfkNqzWr,-67164.190
22,2,1,23,56335#GZsEfFwDbzhoN8jOK5pby8WsCQxtFyLC6,-217963.42,98769#skTLTG3kFje,201876.2700,22820,34420#c6gHvLmlmmKALMxL8yGLe,-31765.210
23,3,8,19,153234#ts6AVUMIYUv70WCUU4j8AtfWexURuu0Aa,-24495.62,173250#ocm0PfGiXlF,-190554.5500,63100,220755#Qh4OORQES7VKpQfrI6Tik,-174197.900
24,1,7,9,198447#UNJ9Na3To3POGb0eVkUWYBwUzdGkUejFq,-167344.19,86481#l5D2CQxPcum,37530.4800,-35214,220147#co5Vxd4Spo4VFuit13Ike,-214059.000
25,1,8,44,168652#u9RtXfN2oN6HPSuxZstxQuhtUqvz3HBKx,-186942.11,149252#cxDVrHBLhtU,-102000.5700,129349,57527#CMWef1T9UujpLBXbTlA2F,-60486.040
26,1,7,57,14519#cK98qxIvUuLwfVNaWejNB7s7XWnFjlTJW,-245681.47,131500#MZ1MNsmNeCn,-23033.4600,51484,153736#ESs37OCabhmUUTA1c5LTs,-222719.200
27,2,13,60,188533#tcjdKkEjYCbBDZTiMRMuMgkrr4dliGynN,-117449.53,51009#v8dIEZYYzcH,91706.8600,58601,29802#k3u1hSHC80MCMR7Mm1uJD,-244175.080
28,2,7,51,278232#RDRJUL53M8HW02iaDhPhnBU7CRxMGQlVi,230842.8,104051#oS0JHwniMPt,225777.8500,-274489,255148#C2mW7sfB8FBGGxBfVWTcV,-166891.070
29,1,1,29,270956#coTXPY5VJMSRp5Zj5OcZxLYo4ZqrxWlyL,-212591.17,29687#KZEaLLLY7Dx,65773.6000,-47977,9624#AaOowcVQjhGHHqaAETg0w,-62039.530
30,2,10,4,308481#KCTfXm4lJMebgQwzk1HGx6vtYqaSjklIs,-65519.87,91800#85rKfpr8vbi,145668.4200,-256631,116948#wLQt4rA4bKQVj8ah5UL99,-248494.420
31,1,13,56,109345#zF4A3vx4zNxuafmQcUw9Wor48xD4KCIm2,204459.45,196310#hnPfdFfqXY5,-310092.4400,-195146,28585#l4u20L2qBC8IPyJOXX44L,193605.070
32,3,7,7,295335#GZsEfFwDbzhoN8jOK5pby8WsCQxtFyLC6,7630.49,132225#XUATmmxGRwT,-306090.2500,224287,39137#Y7NG2rJvoQcViyrSVIoiN,133559.970
33,3,3,56,191400#Ob1EStoWOYvPqb20VWCK5drtuXI3AOZhe,8916.98,290706#yDvUoERLrIW,45461.6800,326571,60599#KSqXeag1oj8b419aMJQ3l,215837.140
34,2,2,8,44475#1v9KasAc9EbhMCfXCorRpn9VmdRyGW8ec,70066.62,233724#4mxmnbQnDmM,176480.2600,-127281,333388#6ShablxgTqn7g5BU0wRDC,-226888.090
35,3,10,19,74314#koZoziA3pCrcOkWbiD2iNd1NdVdmi9vIP,70631.29,267534#oYMSny7b63o,-148054.6900,-34531,8593#bnZvQJRbrLFCLMxCnTnxp,-100284.860
36,2,3,51,196411#EHwR0xQfGrboTREjs20K9NveUomsn12hs,-85915.9,93787#U59VHLA1VKi,-241689.2500,-278680,193855#qOz3mjzdlJaCgieozeYnH,-352509.130
37,3,3,34,32907#xMWD6EMMX250JAG5mTeZhPDsHAqqQJLrX,-80074.47,326840#KPSuPb5908z,259983.5500,159819,314214#KWjoaJAzDES1AZl8dtezp,-126400.190
38,3,13,32,152346#z3FplGKR5q0bBr09bp5j2ypvFfQ1532L2,217249.12,332207#Ysp0xI69wji,-346142.0500,-124256,360369#5YRKIBmWWciUO4mWyzPzs,191020.250
39,1,9,47,23702#cBvW3F0dObkeVG8otuLQuHit5dN5KM4Wt,-108132.28,120066#t6igs1ESBgS,-43781.4300,-112582,185213#EdnNvNS1KbO4LgpEx2ORx,-47597.760
40,1,9,48,166288#Vvkb8G9QM1S5IbJw20R357NKyCaxpoaYb,352572.5,390136#SNz9DOITSho,-49303.3300,-265592,322578#jH8EB7hXfPGAaNdNlpzRu,-265975.350
41,1,13,49,94752#e1ka1a7Uw1M0WJm7gfeIZbEvPTWXNhQZ5,141093.81,57849#xWgvDewgtJo,350360.6100,281066,180437#0essFhYv3z7vuwInO4g40,65194.210
42,3,5,10,405059#smALkXFhqeuUDes5MUav0mPdOqNqTejsu,88785.88,404652#xQgDv6hWiFO,210395.9800,-150560,338444#O0dvjhgHfX7KcrpJ4R9UI,-41694.280
43,1,13,50,253785#3cbTVkhjtwytJavOhbZVus7YjMQHDAhWg,-79763.64,86912#hlbnrE9jC5L,-166142.7500,363795,412269#Q1qGBxxs6P3hTBHjCAy75,379011.490
44,2,13,59,254227#zuxz3zGs2fEWo83NGdCqlSFdDpfcNs8Nz,3228.06,87994#12nWouMDlGM,391841.2100,28426,65654#tIEx5namUr2bX9jvZzT3W,116261.730
45,3,2,9,359151#YFv3ARpflI39l5kKxmv629d4edl7IVqKU,-187040.1,47739#H8Ad3KmOlhn,270166.7900,362459,312958#5sAODS56Vy59xxn9uRmDz,365082.160
46,1,1,5,401526#h461JX4ZHJi3VfrV9AK1zPgkwcLAyiCOA,-252897.02,360343#mEVBszgiBAa,50130.7600,-268501,53682#pCz8BewUwrNrktQiZOfsW,149452.800
47,2,7,37,354908#UOATFTrFhv0wvc3elF9l9t0vh5sulWlVD,378445.94,62099#onffUpQ9yrZ,-456872.9400,134645,19069#hoH4foMILIBEG0XxGnILm,144839.320
48,3,12,55,187755#TaJalbC1CDvJscfLsBcp9CqaKapdWD1K0,320467.66,465176#uhUhTPeDLyF,86388.6700,250615,398973#8D47mWoyOSJESoqTQed3r,-395170.500
49,1,8,7,31459#OVpaoSD7VFRO02jUHCwfwvHmwlR1aqiqb,-261740.34,63575#C6g1epe6cD7,20671.2600,-243238,184997#QF0VjVXcStiQrNJ0O00fu,321471.670
50,2,4,22,17001#PmjtjSRcNzJh5KDiXZzju53BiYb0RcxBN,289865.2,216769#skTLTG3kFje,272232.7900,-357265,109705#zKwt8fFKd9MKZEoaNhzx2,-105984.840
51,2,3,18,474257#3cAfNr9wNLjMgCa9uoSGr7E0FZIqpTlDs,427302.88,139600#ind9Jy8FT1O,11829.6600,-347663,107234#oZTxmI7eFQCdrO4XPvAjw,301202.750
52,3,5,61,449420#Cm2Qy4yMgacvvvfPc3gKZ1Xlv4Pmqcezb,140631.88,437880#dJL5QLjVYxk,-137106.9600,-385001,381869#egSWjPbGj1HENUkixPoZc,19929.320
53,3,4,42,140724#9wd5EyUfEO9QhJQS6BLeJDizb5o5N05zF,-384839.0,164506#9wlBSMYOyOn,-314130.3700,-316695,460194#X0BImTcGlRMLXWhdsuRgZ,503976.500
54,1,12,18,369682#s487VUnMHO9G05KzBIVRxnLGICDs542Zu,-488566.6,228710#A18j67RqOku,269026.7300,515076,270486#SG86rMq4f6QjQizLXeZgM,95071.010
55,2,7,51,397492#9iiAmhSzzUGBpVJM52gLwJFivwOdtUbzB,113925.84,92556#79YwPLYtfMP,-512922.4500,492994,91667#orVaSJZ32FYGf09i855Ih,119240.710
56,1,11,11,67853#u3aOVjfuF3J3T4BvKICZ0eawJfJZsb8Q0,110739.75,448600#ind9Jy8FT1O,-610.3400,-374753,344797#ASX71prjyqpB3JqCvpKRt,165340.090
57,2,9,56,321179#Lbu34GSG0S8cV0jqEEKJ4eP6uQThmL5a2,-197654.3,325810#ZqRHT20KajE,60044.5900,-531664,197803#hwV36ds88zvLFB9YXHmvr,-208894.190
58,1,5,34,393646#Xme0T8uW89H5X3syS8FxMtDbU3WRtbTu1,4305.65,301979#vgkQ4Ed8qw5,-347800.7500,-264660,439614#IDyoQjFiNkGkNK7HNuUvy,139460.790
59,1,5,8,442350#4TphYcnxhZWCariLznlwv0aKXH96NiU5B,59614.09,526327#0DXJj6tvJFs,444002.0600,296738,274691#FVFVk2bfjXU7qIEkXf9U3,349640.380
60,2,4,12,118536#szsUrOZ5oJgoJ4MdX3ogJkA1o9tGH242v,199.28,35348#J5CTT2tqKVI,265145.1200,38822,268308#OUEhG37L0cot9qobNLvXQ,-16265.220
61,3,12,20,579319#y1YcnySNmx1gLwTliN4CbSuGCZr8xhWoQ,279538.72,487366#wfXNF1FPpWc,-366982.0900,190482,435017#ayQQ74v3WQtvys1sXNzbm,-247635.160
62,1,6,27,132054#lHA1eG42F3LKGUvISxxPwLKxjtCPEu76G,437243.84,8753#q7WARSA0BVj,-435369.8700,-470540,112649#c5YXPH5CkS5fNX0sCr6c2,-87318.760
63,2,10,56,486083#bKZtsK2s0egnIYL74CUbtLShh9EJjFLIp,-472863.4,202097#tWuh75u7mFe,-121505.3300,-238123,396002#CnRBAWAMYUrEYQd7AivFU,608374.460
64,1,7,62,311744#4wPy6INlOOtwaAI34HSpTBE9yOupgRNtL,596202.06,368762#ERyFsU23SIk,-240067.4600,133720,519198#RJLpcEQ0TGk7ow1NP0AgK,376279.990
65,1,2,23,214055#WpW8sfYnrYLrxlBNhbenXGJPyjDoE4Hdm,-377600.66,134200#08IYunvKzgA,-643177.5000,430494,103208#FFpP3uJgnGggulNwux2Ih,377834.150
66,2,10,1,99415#eZZxdXoTX7PHrh8GQAF4uFzhWf8w4B6sO,-390004.4,365802#d5VdmqnH7iK,220965.0600,293330,509632#chmcHQB7ac0jx15wsaJaG,35094.030
67,1,10,3,321525#CiAeyZqwxnDeevgEFrTw4mCVeKusEwBPJ,-346042.25,220171#nTtvXJF3pAE,595172.4600,385224,238772#lxYJFCvS6Vky8qYoe4Jjr,-231317.980
68,2,1,47,662291#zvZaqvg6DkV0AL9TY1eZ2iYadQNa1NKdv,-33859.01,223072#hyqKvjfZe1c,70755.0100,-674480,670253#HINNqPLLAzVfWbA3gXi45,-567005.670
69,3,9,45,606276#MzMr23xZQnURF4ur59qgu9ukjWSaQmfRs,172657.8,8713#iZx3Tc3Umkw,-647364.3900,-445368,116777#PlJI5IrfUkXHio9W0eYTJ,-296799.170
70,2,9,17,587115#JwBFR4rLjM4ZS8BeqgyyOVDsmZtExl4KS,-87308.42,146957#LGosSYLoKyp,52288.4300,599211,8104#yNCpPrxnOaJC6VHx0dpk7,217901.720
71,3,2,32,421395#eWx8HcGbmYigeULo0aCoWGKH2JPBVGKQn,-540647.0,411688#8ZrFrnniM8m,299058.0800,-55097,338317#UVPNMypy3RMki7fpyOxjW,-234068.690
72,1,8,57,172908#UOATFTrFhv0wvc3elF9l9t0vh5sulWlVD,-708363.44,306231#s2e0JVwWNxG,641950.2700,65545,106537#5HhddlBA9Ek6MekosuUst,-123171.710
73,3,6,27,482215#2CSrJU3kpqS3ZAMl8X0n34GhMexQPpdoS,-94095.62,533734#7ELK7P9LAiw,-605574.0500,189125,678933#uYT7Bg98MqxyRro9BJYvU,-551145.400
74,1,12,48,608528#t6LyQ6rDSaYe3aYPBm8skx80sIhmFT8G7,-510544.2,264452#guv7MJt2Tqv,104156.4800,-95889,670996#SocJzAjpLFaALgImJNOTw,-639913.000
75,1,5,30,499142#vDuyvNvbHf57FFCCYUhbYEWGrfPbJtvxe,-565342.1,441290#3oVTowX1Jdm,-316554.0700,399599,170632#chmcHQB7ac0jx15wsaJaG,-189300.540
76,1,3,47,23529#eXZDM2ftER03yiEdJF187cnXtpKktbe2C,-712881.5,371993#oAGkTsRJdHh,-72960.4600,144918,446409#yOBjqAbEgAvkwnvfIwoQw,-634553.200
77,2,5,53,530260#FvYoyvFKanQlOo49rMnaZC2twISMUAEnl,-326249.53,132972#wzM692rLxHP,260806.3600,162601,73185#zs62WfAzFAvb9zSwvVgAC,-713088.080
78,2,4,1,762461#dNY3r2aYNCM4BbaiVAfWxuOVDTxakx4ks,650042.8,274291#wRhsE55mBXT,644665.3500,-765733,705888#jQCZ5NyKAK7wrxNoRcemL,-478359.070
79,3,9,59,737380#1DzAd7qTZPQosSgIDQ4anqQh2KSwJS8GV,-578991.2,64720#DJ2OAYaj6FS,183581.1000,-129844,16840#O27edFLqDV2MDQIsga9Gn,-156635.030
80,3,6,40,807756#pxhA50eQdY8rEmbLIEJ9sHr5xLYm6HQD5,-161519.88,239972#wzM692rLxHP,381174.4200,-680968,308243#tWK1ltEem9oO9TlniFdfh,-648011.420
81,3,6,39,280106#99BRKFFA2A7opUUNiCVhSxfLxYjzSSBoD,536459.44,510789#gY3ZgMCeU1f,-804084.9400,-507771,60633#ts69AoAhTvOqQcjj8W2jQ,513781.070
82,2,11,8,750025#PJCup1yK2VaQb8VxTrITkB5wGcCDKcbFf,17230.49,324943#QiCxDWFHdah,-789437.7500,564418,92131#HzlcGG9PJ1HznYJMJRb46,348789.470
83,2,11,62,467619#UuEy8LOTkOP8wtOIsRKeoaew8PdnVxXOU,23316.98,717203#dQKv912cvhg,117399.6800,821096,139018#B47LdIuuad0uiqS4uUPNd,527961.640
84,1,2,48,106182#FeaZq1bvEtWzVGbpR5kzzpI3ALlUOHecx,171666.62,577103#70Mx8TKcJ89,430364.2600,-302143,814876#Q9y5dRaM5NKedFfZEDwn0,-568590.090
85,1,2,40,166438#67q0JmtTeYkaT9RMxJxiVQMvBNCxvptup,177031.3,645554#TbIvm8GS8RZ,-356810.1900,-77656,20214#KWjoaJAzDES1AZl8dtezp,-236875.360
86,3,12,25,457804#gSrWRqvCOxU4R4t2XVD9XJlRoyBphGHbQ,-197915.9,220695#UQSwfuhTkgj,-580914.2500,-668530,459731#1kLssIbQvNDJabUirdLo0,-838334.130
87,1,8,32,65506#51OjbZdQ7mkIs78BgsPRcXj53Rh9WTKQJ,-175274.47,761353#bJcJ9NslzLd,611662.0500,379319,728074#acSjUe2xX4pJkyenMAOgd,-292551.190
88,2,7,18,343714#Di5V8JVd2qYUFcPp37DAaMPT09O55KyVI,512449.12,756809#33gLuEo0KGI,-793149.0500,-275368,824547#2kQt9csNv7xAKjJovwUTh,452064.750
89,2,13,53,52341#mEum6ZIr8z9sIhtQqT2JconfbaTsjFFKe,-244932.28,263202#U8TE9bWXYT7,-109950.9300,-257232,417202#6aNWnfiK7azWLLyAuS7bs,-111205.260
90,3,10,29,368821#8IFTam9xT4XCQr7ZZ4fwgcwBVfhP7tCaL,786172.5,866744#45eWKz0LY1s,-114845.8300,-599983,714535#PPkDGhN13N2uFi3wnyc7c,-610296.850
91,3,3,1,203938#4dvoPhq8KkJ5hfVT2VXTZ8sNRoBbV9oY2,301893.8,123672#zzHoIjPU61A,775028.1100,617241,390094#gsFqPCQuoSJWfKDp1C5rE,139067.710
92,1,10,42,881666#OOTRR0R9gqYpC6sXLqZFcGcDSqEkA1ZcQ,187185.88,883625#1UswFboeVmM,469156.9800,-336610,732324#SZECsU0jdG6IoEudbRL0f,-93239.280
93,1,8,44,540362#dwCMfJs6FunPBQPxoRfGNqdsi1hAT5V0i,-179763.64,186624#rHZZN5vHQJf,-363530.7500,793745,884938#1wGXrSgVgXyoLEYoTPmg2,823640.990
94,3,12,40,540040#DaWZsSPEOM0jeSQJd6PVdojg39XyWQb5O,3228.06,177428#4skB05IZBWf,847045.2100,61201,139191#KTJ3XHw7uy7cWPwrxsMOf,246850.230
95,3,8,43,749190#ZDWH88N6VMjsQRvbyt4qlHeiFDxMC8oQn,-383840.1,92681#22B1blAZ90q,580271.7900,756309,652889#IJ8czLltFppFoNnSDFHkc,760107.160
96,1,3,47,831116#qphtY3LVoBmy555NY9l4rVzRu0afEJ6zJ,-528097.0,751219#GIEGzrqQH6F,113531.2600,-563976,105955#u0KThJV7vcb6qTTb9Agi8,317466.800
97,1,7,10,725557#zCm3vh39E3tWkQvCSPMyAS24xqah1UJi9,771245.94,125156#654fyG3IodC,-947692.4400,288195,35352#1O8EiEyGXQUCpAv4xdNKL,302789.320
98,3,1,26,376354#Ck7RDGuqIWLDrHVG3sfpv8Gm1L2t5CMUK,648467.6,943428#4skB05IZBWf,183689.1700,506828,807369#5YRKIBmWWciUO4mWyzPzs,-796745.000
99,1,4,54,57010#3fgjrU0p7QqipV4pCWUJHbUkE1AnwmooM,-530540.3,123965#gtHhBqpsfv9,38131.2600,-484276,366337#nxitcGN570aIIc5DIXhIX,655973.670
100,2,9,42,30062#qigE0KAJsbIIjQIpTYYp2UMf7tsJD0Oiw,574665.2,428070#nRnHf7NDvoa,541179.2900,-711990,214546#RmL4mRQMDKLAhGUROPruI,-210194.340
101,3,13,8,931321#gmDjIl35EgsbuNorn0BQsfiftoYhy6fw2,851302.9,272752#8VtxMcjXlTw,31855.6600,-687663,206344#tu1aUk9K8LVjET8u5PxqU,587216.750
102,3,7,48,878671#TOuU3SsyQUBZXUT5ZKWbILnPOCzWjWD6g,267031.88,852741#Ly6HrtV2FcM,-265680.9600,-745601,747814#AFq1yTuJUpSeRMSOiycgR,42967.820
103,3,12,28,268065#8M2sP5LtdfFmZcXQbXleHDGZWK2ROMjHT,-747239.0,317376#7eHsDqJhvCA,-617483.8700,-621845,893407#Hya2mhrJ0QWk4qvU0chQd,979941.000
104,3,2,27,709845#paQVQd4hgN3j2cchmUdI4XfrXc55y8zdp,-950166.6,436412#OQDqB7nazCc,509169.7300,987576,512085#l4rpbbfrtNLoBgxKGhYzx,186694.510
105,3,7,36,755744#4wPy6INlOOtwaAI34HSpTBE9yOupgRNtL,214725.84,175161#fCQWpnlP1Sy,-984866.4500,938444,167133#qpBD2xVf6MIEcIeBZLQAL,223860.710
106,1,8,41,120041#0oNPveJJfU5piD2IhgxxnFEMeui3M4aMG,208339.75,842556#79YwPLYtfMP,-7358.3400,-710128,644753#kXQeaASaY1wg7e6191g1Z,320550.090
107,2,7,6,596716#KJOJtSoD6Hhd2w2iHHyyeh7QNT7Xrhsst,-377654.28,604353#bJcJ9NslzLd,111424.0900,-999254,367868#FPv55z5Uqf3QregPuJkuu,-396030.690
108,3,8,13,732456#TMq1KWaHtiUwiDWIzkfyKRS0gEZE5d3qY,11505.65,562221#zxAZgaEttd2,-642678.7500,-500285,814865#zFNoeifZUQ4XaSXUPVPwu,267595.290
109,3,1,59,815745#LqTGYCfuEnUfnDMFgV9MDRKxnttBV53CZ,118014.09,968943#QiCxDWFHdah,813209.5600,548913,499051#3uMgrvoe5KWrTOrL6aeDH,643198.380
110,2,1,61,215149#WuWhnTxLXTjvVkhiQOW61YWOjxXgHh5D1,8199.28,61209#LjC9Wc7cPFj,478657.6200,67347,491580#FFvYWBpO9bojvEP9ghjlZ,-25820.220
111,1,7,6,1052364#kgadCJwEQsSLmaaH52kbNg55ZqACpevwp,514738.72,883213#8SeDE7oCN3Q,-668912.5900,349020,784445#8HDZ1UApjpUpHI8kBYvGv,-453029.160
112,2,4,9,238339#0u7fEZJ9LFsEblANPOQWphyJrzQFTev47,786843.8,13350#LzoN02U0YlK,-794507.3700,-852559,202154#KgwRMVntu07v5ShN63Tgs,-164535.260
113,1,2,26,864823#xaPnwPvHZTPG61Clag4Sak5uZmz2PePHQ,-854463.44,354598#3Txxx9Dhgv2,-210149.3300,-434023,710033#E9YL3NPRo06mU4zukYIqC,1089464.960
114,1,11,50,548660#MYYBmidxK4dXPiuC6FHF5Np5Ml11w7DPF,1062602.0,652321#1ee7a7CEmAc,-426867.4600,234920,921032#RYmAxCQB0DJXKibRZ9aH5,674900.990
115,1,2,25,372720#vt40E9RDqGBAkhgdl7D3GQaMFomAwHbYf,-662400.7,237009#v8dIEZYYzcH,-1137476.0000,761682,181804#M5cQKw6lxjymMsYMOtuyG,673754.650
116,1,2,47,172128#hYVIM68uk2pi9WSBCaE2b9R1CsUpzMwKp,-680404.44,636452#guv7MJt2Tqv,395188.5600,515630,892811#jGB3YIVFZopUL1DbjlaDR,60755.030
117,3,13,1,557723#Xv39Zswc74e2YYyUIWKLzM52ylOVn3Edm,-604442.25,382264#xBv2rfRrsyF,1041118.4600,674433,415831#KwKEgTuOf4lcaZqVWCp3x,-397592.480
118,1,5,23,1144508#yHmdw6Blha6T4cU2ibUt01X0z3B8DlHqH,-57059.01,381516#NvICLcCLjt8,129260.0100,-1171205,1158867#UnG3MLHfiiBCy1wYnCNLt,-987414.670
119,3,2,52,1045292#hZ4xGJSmAtM8WgyITaiVaL696yOQkPXz9,291857.78,12570#CIO7CiKRmJj,-1119433.3900,-773068,195734#1DJtTzuvzUnZCX3eCOl3K,-510162.670
120,3,6,54,1000370#cJr8yf3GodbxCgwVV64mrUdUBMW2zwjqL,-148908.42,245339#DBPexXRcqM4,89737.4300,1021742,9934#u434oaMtrvCE4vjGlkqmJ,367229.720
121,2,9,44,715853#u3aOVjfuF3J3T4BvKICZ0eawJfJZsb8Q0,-915047.0,699013#IHkLvbVlkWO,509163.0800,-97197,569987#tfCwYa9X2y0xOzPbnGLCU,-400973.190
122,3,1,28,289482#1DXNP1z1jorbBM6C4Dp68BteD1jJpWA4k,-1198763.4,513693#Ekrr1oMTNnE,1082024.2700,108270,178654#tIEx5namUr2bX9jvZzT3W,-214578.210
123,3,4,35,811196#kCXsf9XLOeoxzE6kv7Do662hyWeApavGQ,-163695.62,894219#GIEGzrqQH6F,-1020593.5500,315150,1137111#r1xj0F7AfdTwLeS2bhJ8L,-928092.900
124,1,4,24,1018609#xIWfFzOTbFo3g73gfEFTnJUlM8CyXuVLb,-853744.2,442423#zK4bSfV0xFL,170782.4800,-156564,1121845#WLipG4rb03k31AsYO8P6c,-1065767.000
125,2,2,16,829632#0EdQmKVruJ45DmzQNR1kwqNz6FnQ1PIbW,-943742.1,733327#0DXJj6tvJFs,-531107.5700,669849,283738#JlOpxgQTcKMXBbWURBWDM,-318115.040
126,1,13,38,32540#U5Ags6CedvwcXu35LMbgng5UrhZqQH8Iw,-1180081.5,612486#1l7ZPbDCQ0h,-122887.4600,238352,739081#5t5HmgVsa4ZJJi7t0LLn4,-1046387.200
127,2,10,46,871988#YoiFHfQZ9VTU4V9HCwg8LROuNzUbPNxHw,-535049.5,214934#bt3CwhvslQM,429905.8600,266601,116567#Ds254y8auXPHsljDRrOMv,-1182001.080
128,2,1,14,1246690#0DNLj7xobJE4dQBrKUYRl7ojL1pCZmUpD,1069242.8,444532#kedhq1ONHNI,1063552.8500,-1256976,1156628#pVCbUJJAI5zfRMmzkUm0N,-789827.070
129,2,4,26,1203803#cz0JPlIqoWNvdBG70zkrI8x4YmzXNULP7,-945391.2,99754#13UwDqqPslh,301388.6000,-211711,24057#bxIQyPHGITQP1N4EWbWhz,-251230.530
130,1,3,13,1307032#PO48Gid2pP6YOuxFELDN8sZttbzJThnSh,-257519.88,388143#Fx5s90Jc5k2,616680.4200,-1105306,499538#JZUfXSEbmH9FDPub3AMom,-1047528.420
131,1,12,22,450866#GhqMwQ9wfZkXHn9KgwYAoUQuhMuYrzp29,868459.44,825269#X9YXq6jGDWY,-1298077.4400,-820396,92682#pCz8BewUwrNrktQiZOfsW,833957.070
132,1,2,9,1204715#tNtODYMtBt6gRfEBQvugzMHk1rRYHwtbD,26830.49,517661#oFFqhFtXfLl,-1272785.2500,904549,145124#gmghTtOrfGRjOxV8FUSf8,564018.970
133,1,6,5,743839#ef8p9DDyLY1hzRRd5wt1vvERyFhWtz6fI,37716.98,1143699#pvzAi4434Wt,189337.6800,1315621,217437#0essFhYv3z7vuwInO4g40,840086.140
134,3,2,26,167888#2gGLjT2YByIbFxETSQJ5cFQxc2CmLSgYg,273266.62,920482#Qf6j7ByPiSK,684248.2600,-477006,1296365#qsHz5FF4TjxzkDQfpHKvj,-910292.090
135,2,7,60,258561#TUpTkWJrali9wBLA0gbd5N0sx2ZWoZVzL,283431.28,1023575#C6g1epe6cD7,-565565.6900,-120781,31836#JxU2GT7u4ZPIfOQNn24v9,-373465.860
136,2,7,62,719197#F5PFx4lWGtJwj7zSSipWmgQgI6gg2DMHO,-309915.9,347603#Q7lfc3WYoAx,-920139.2500,-1058380,725606#CmnMzGVjfYtk4KHsmUcy9,-1324159.130
137,2,13,31,98104#6KQFuVcihBYfTbBoMvOStwFUvl6cDUFnE,-270474.47,1195867#sG8rstAj4Lt,963340.5500,598819,1141935#AHBaScDjT1IIGjZk3cT4k,-458702.190
138,1,13,4,535082#9PO4PMKC48nbL9zOmuRmIAUnGI1m198Q6,807649.1,1181410#D7q0kbsBtuQ,-1240156.0500,-426481,1288725#8keaxiT0ay21BJpd7y6hh,713109.250
139,3,3,59,80980#A83bfKUhVjWZRjxuBjQfiS2hRWtAonofb,-381732.28,406337#ZATrCRDPlRu,-176120.4300,-401882,649192#wEpjYP6mhdj1tQENBnKG4,-174812.760
140,3,11,10,571355#8agMUDSZK8txY3hNRqR9A2dpgLAT9HKUA,1219772.5,1343353#bJcJ9NslzLd,-180388.3300,-934373,1106493#anU3A4MYAlEwq3W5I17KB,-954618.350
141,1,6,15,313125#ZwPTUQrxN6C8LFodZwe4MGo39ekGR9N9V,462693.8,189495#7o42mXJi5GA,1199695.6100,953416,599751#j2ZmSlitjlu4ObHzjM68Q,212941.210
142,2,1,12,1358273#I0bT5zzT9QWd1gcgAFBpLwMil8Xr1nU3U,285585.88,1362598#3Txxx9Dhgv2,727917.9800,-522660,1126204#kqoKi40h4ECKSyg7oLKEm,-144784.280
143,2,2,38,826940#Oc0OxXhgRLTYbcDSiEOaQBe8mcuIfEJzr,-279763.62,286336#dRDTfRYjD2w,-560918.7500,1223695,1357606#CmnMzGVjfYtk4KHsmUcy9,1268270.490
144,2,11,21,825854#yDEnpclcBnKeejJkidAvhlkUkExD7wyXR,3228.06,266863#eXlRZzUne3o,1302249.2100,93976,212729#IrVsXtzLmXuiInyv3qlOD,377438.730
145,3,1,14,1139228#tmv6qHlC5HbDjoHmDOOMkHz5hhhSJoeeN,-580640.06,137623#4i3dMs3rvA8,890376.7900,1150159,992821#6QP86G5iWv292QMZGfb4E,1155132.160
146,2,5,26,1260706#ZmvlwOxq3CqEPSnOcc0jrZvYC2SKwTG9o,-803297.0,1142095#8UCnPyIMgZ9,176931.7600,-859451,158228#WElPze3AaYb5dqmlMYnpy,485480.800
147,3,7,46,1096207#RcTVAG2wihbXyIZKkd4SzPyAoKZilrPS1,1164045.9,188214#drbK98lq3N2,-1438511.9400,441745,51636#Td4mvArksi61TQFWmoc5c,460739.320
148,3,3,60,564952#jcXTWUDxGdUAs0MWDwLxQfAMPHjJmkmqE,976467.6,1421681#22B1blAZ90q,280989.6700,763040,1215766#lotRtZvkpSzDuCZUrFUKJ,-1198319.500
149,1,1,39,82561#TUpTkWJrali9wBLA0gbd5N0sx2ZWoZVzL,-799340.3,184355#WylHcC160pv,55591.2600,-725313,547676#yfwT2fw3F7vfsIuhRod2K,990475.670
150,3,1,62,43123#T9KJYk5e4acDEqBXlcRxHMwHuxQSywlYt,859465.2,639371#ekHUrAUvHxZ,810125.7900,-1066715,319387#plBCYXtlfhirY6snlXA4M,-314403.840
151,1,10,61,1388386#Xsj2m6Id1SuCUyw0QSTMXryA76t2VD6z2,1275302.9,405903#GQ4E9XvSSS3,51881.6600,-1027663,305455#OrvZ8lf7EfroCZOKm71KO,873230.750
152,3,9,35,1307922#NV5HzJt81G3LgsN37PjlTMdWce6jIhQw3,393431.88,1267602#SBD3EWfNpG6,-394254.9600,-1106201,1113758#GXL4QV5wfMAKK99VFNt7H,66006.320
153,3,7,15,395407#U2beNZWVAS7Xj93uqxVRJygOUCjObbQdT,-1109639.0,470247#cNvuEStDM2s,-920837.3700,-926995,1326620#QeVNadZWaVn7WqYHIvL4Q,1455905.500
154,2,5,36,1050008#s1ikT9IvGGpl0ZEaneGJDCKXQ11gf49pB,-1411766.6,644114#JkqbTJSK3Hw,749312.7300,1460076,753683#idhc6gaHFsIaXcYETDcHF,278318.010
155,3,7,21,1113997#oRhTRDamkAyulyt6c4T1vurm5UIUIhcHV,315525.84,257767#Tedt1UZg7j3,-1456810.4500,1383894,242599#KSqXeag1oj8b419aMJQ3l,328480.710
156,2,6,7,172230#LFLmUucyWHI2xah83sBM5APcozZQEIupH,305939.75,1236511#PibKPZ10U38,-14106.3400,-1045503,944709#kJ0iFVGLlUeV9iLz6z5ba,475760.090
157,2,5,19,872253#tpag96Ac69FxxhHI2digMpcLBAKcQjBSl,-557654.3,882897#TlM6BghkeAk,162803.5900,-1466845,537932#gVeJwZumWwBv4jLUyfCqK,-583167.190
158,1,11,54,1071265#DJisN9Jr4XWSHGTJHQREHhaVVe16o7VzM,18705.65,822462#dOaNNo6hvKk,-937556.7500,-735910,1190116#ydoc90DKMpzhsCX2x25Sf,395729.790
159,2,9,47,1189140#rQ7DKVya52muXgAxLDrlBk3fPPNTPGtAl,176414.1,1411559#xJXi0RqMrgL,1182417.0600,801088,723411#9nFLJ85b8OQ2PKHtiuCiO,936756.380
160,2,11,47,311761#cU76nLi9Xwn6WzFDbGjZE60ewTl3yll0T,16199.28,87071#IdWxui45ygJ,692170.1200,95872,714852#g1tSyu1TH2wETihfsW2uX,-35375.220
161,3,1,56,1525409#lpqcuN7p9689XCR2LKxWoj9YPjivN74gG,749938.7,1279059#kVn5egRn5sN,-970843.0900,507557,1133874#x83Avji8apUkDgIH2M1OS,-658423.160
162,1,3,54,344623#wzh1U7soMs1Bjo97hHaeUs0TwJjh4oGC6,1136443.9,17948#owNMbZsXHYX,-1153644.8700,-1234579,291659#Nrr4L8peuRY2QlVxPPszI,-241751.760
163,3,6,59,1243563#VytbJ6nxjyZrHIfbv06YWAcyO0i97Zgc7,-1236063.4,507099#onffUpQ9yrZ,-298793.3300,-629923,1024064#lBwp1AIGbnwhmBLROx810,1570555.460
164,1,2,39,785576#NmimDMHdjiaNrsLONjAFB082sjYYmlMZU,1529002.0,935880#dJL5QLjVYxk,-613667.4600,336120,1322865#zFNoeifZUQ4XaSXUPVPwu,973521.990
165,1,2,27,531385#Rv7vbcNkyokHgMlr6DjT7Ri0n75Ed8R4t,-947200.7,339818#IR8djGPIFRD,-1631774.5000,1092869,260401#LiCP5DFWpICxEmx8sDz9M,969675.150
166,3,7,31,244840#AtEZ8oafqkyjBad4NXVdlpqS4i5dYS39H,-970804.44,907102#Z9hTgYLAwVr,569412.0600,737930,1275989#4SWjGVhWJ5HVufIWTikyK,86416.030
167,2,3,62,793920#Caze9kE5zPZz8QQvE4uOMvon59CAaxiMg,-862842.25,544357#PXFK9JtrfHW,1487064.4600,963642,592891#8KENaWvI25I5JYWEUxrEt,-563866.980
168,2,9,62,1626726#KhQbYGays5lTz2DQ3fVSmHR9vqb7gm8sh,-80259.01,539960#ilKMeJXsDcE,187765.0100,-1667930,1647482#XgqvOwvVMLrwVAyfOsqjl,-1407823.670
169,3,8,60,1484308#AR59DW9zyrKWPAymSMFpRfQrfQXIpv1df,411057.78,16426#EDziA5SwP1T,-1591502.3900,-1100768,274691#FVFVk2bfjXU7qIEkXf9U3,-723526.170
170,2,3,29,1413626#AOAnvrdbu877LgtLYpNTa6mVZgAHiv1cc,-210508.42,343720#DJ2OAYaj6FS,127186.4300,1444273,11763#7oFKn5saKmXB7h9ZDa0Xc,516557.720
171,1,3,56,1010311#H8KI5kxCS7t53MoPUd1R1O2YyMGEILvmM,-1289447.0,986338#7ZXrAkgMaTy,719268.0800,-139297,801658#EHUVpNeu01oZL9lB0UTRv,-567877.690
172,2,8,62,406055#WpW8sfYnrYLrxlBNhbenXGJPyjDoE4Hdm,-1689163.4,721155#tD1uZNkbYhM,1522098.2700,150995,250771#dHqZMLzh9C4zJGquymuUd,-305984.710
173,3,2,43,1140177#WsaYrfL5UQn042ZIdZv3tE9S7d56aV1Bs,-233295.62,1254703#gX1e7UQdVSC,-1435613.0500,441175,1595289#GNsV1veZLuxRbWGeXUgBz,-1305040.400
174,1,9,63,1428690#0DNLj7xobJE4dQBrKUYRl7ojL1pCZmUpD,-1196944.1,620394#ZIAm8ElBVsN,237408.4800,-217239,1572694#ia6QiGQmMM0HqXpOM9zVD,-1491621.000
175,2,12,2,1160122#0lNX4BNy1H2R6QQMJGc0Bk37s3O7lrAHB,-1322142.1,1025365#pr2pJ4Ph57i,-745661.0700,940099,396843#Thxsj0vZJFx0Sj8a0r00Q,-446929.540
176,1,9,28,41550#zXowSUsEnbKJPnkZkw7govfP15HZKASxa,-1647281.5,852979#vgkQ4Ed8qw5,-172814.4600,331786,1031754#fIlDk82rjkoRvVrdsScNr,-1458221.200
177,2,2,39,1213715#tNtODYMtBt6gRfEBQvugzMHk1rRYHwtbD,-743849.5,296897#TlM6BghkeAk,599005.3600,370601,159950#HrREQIVJT1lGErc1ka8JB,-1650914.080
178,2,11,27,1730919#OQczzfmFQT7HT9OD0RS3XTms1fs3U6CFH,1488442.8,614772#uv1I8eCoI2H,1482440.3500,-1748220,1607368#xp8JbdnwghNAgUUT3WG08,-1101295.070
179,1,12,56,1670227#zuxz3zGs2fEWo83NGdCqlSFdDpfcNs8Nz,-1311791.1,134787#U59VHLA1VKi,419196.1000,-293578,31273#yenHjPT3kvzs1SDlWEZLx,-345826.030
180,2,12,49,1806307#Shfgy4RbP6ruVpK82Mg19b6gbxbwigOrV,-353519.88,536315#lh1zYiWOsx3,852186.4200,-1529643,690833#Iqv3VceeIY3BkEWNjdjbx,-1447045.420
181,3,5,5,621627#EZdF74IReynmQenSOdVEk6Ru5p6KVxbjE,1200459.5,1139748#oiUqt426iXI,-1792069.9400,-1133021,124730#ehdP77Spg71WC1dWO7Aos,1154133.070
182,3,6,10,1659405#IXHUfbVlihcydhCFQ51N9ZaVx4i7CaQLb,36430.49,710379#pbHz5vaUWtF,-1756132.7500,1244680,198118#838Xg3a4ABQLWeDTBEZ0Y,779248.470
183,3,1,11,1020058#wWt6ToC4NUPmmNHrEcWNsVkFXpw0P5jwD,52116.98,1570196#1Ye88mdTxiS,261275.6800,1810146,295856#TPUJ4l7j4H0CkKLxADiyY,1152210.640
184,2,2,3,229595#eclb1bAsM1tSNKaH0L6sCBXLZmEFg9Dmg,374866.62,1263861#aMAtbHHIN7H,938132.2600,-651868,1777853#WFEr2iXxlcGZMqAs4LUnC,-1251994.090
185,3,12,18,350685#wIj48fBIZffBtn7t02ITDqFlo0WY5heRY,389831.28,1401595#5hdH5jIBpKq,-774321.1900,-163906,43457#JrJ2AxPW9pLGdrDF3vwRQ,-510056.360
186,3,3,36,980590#kAY1i8iAGF5zPGsfGo5iAMiX4oAKTvlZq,-421915.9,474511#PibKPZ10U38,-1259364.2500,-1448230,991482#XgqvOwvVMLrwVAyfOsqjl,-1809984.130
187,3,5,29,130703#OjQq6D5qKyzwoSZAaOIrZtUbA8FxXH7CF,-365674.47,1630380#hremqnSfW4R,1315019.0500,818319,1555795#Q4XDjKX9SMtcnXDCE4xMl,-624853.190
188,3,7,53,726450#lnqiikCXmVI19DbvioTnbZCsmMxJ1LOkw,1102849.1,1606012#ao5XZcUvZH8,-1687163.0500,-577593,1752903#2Any4MegoYXRMTPbOE5LO,974153.750
189,1,7,2,109619#UuEy8LOTkOP8wtOIsRKeoaew8PdnVxXOU,-518532.28,549473#IGJ83MxQRL0,-242289.9300,-546532,881181#e4mIv5nELjxOcPk9sIH26,-238420.260
190,2,12,54,773888#2gGLjT2YByIbFxETSQJ5cFQxc2CmLSgYg,1653372.5,1819961#CPAeCfRwsc7,-245930.8300,-1268764,1498450#qdIUzn0Oqiivr4thOF431,-1298939.850
191,3,9,30,422311#H8KI5kxCS7t53MoPUd1R1O2YyMGEILvmM,623493.8,255318#nZaEPSTaFrC,1624363.1100,1289591,809408#LoE0UjxOk0bLpZ7XFABjA,286814.710
192,3,6,44,1834880#tDMJkQdWomql4igwRHppTk7w7u3KKu2aX,383985.88,1841571#BneIDEWu4fZ,986678.9800,-708710,1520084#XIQMXveG5pDFmlgXJWPMy,-196329.280
193,2,10,32,1113517#ZjSCjpS3DrMTHWTuCsjKXDDkLIFMO0dq7,-379763.62,386048#Tnu0vC2VxBs,-758306.7500,1653645,1830275#lzdGVyxHVJei2NHkX5XqF,1712899.990
194,3,10,2,1111667#WJO09SmXGnu8BjPSmo6VEb4FG4o8evWNh,3228.06,356297#K22x19jgRU4,1757453.2100,126751,286266#pep6a4mkiaaxVpgwnuj1v,508027.230
195,3,7,48,1529267#bl5t9XTysUs2wiEZrCESLtpWyaSPJ40lt,-777440.06,182565#CCWsWYtHmrc,1200481.7900,1544009,1332752#nopjWwLRzVJRLpwym2spT,1550157.160
196,2,7,5,1690296#9DYINqPXk59CznUHfngCzxDzISMSIaH13,-1078497.0,1532971#cSFePhGEmYL,240332.2600,-1154926,210501#fOFJuT7D21R7BLShddY9s,653494.800
197,2,7,19,1466856#nCzbkAGHtvzyeYsc1Xr4b34rdEjU9ALwR,1556845.9,251271#CBHr3B32oDW,-1929331.4400,595295,67919#OGGlKvR8bwz5ldOjMuBNV,618689.320
198,3,5,31,753551#KLebKWvKtqEPt3TAu95o9Y5w9v0vjvtGb,1304467.6,1899933#15l3JF6FhoC,378290.1700,1019253,1624162#IwO0xRFiJdF9PYqbBR8Ll,-1599894.000
199,1,10,23,108112#lgQxtzAeBJMFSrTnahJqdaA9livIa3cxh,-1068140.4,244745#tvaZKFtrHA8,73051.2600,-966351,729016#QB9heyhpn8wKcsEXhU3NF,1324977.670
200,3,6,19,56184#egFSQ8tJK0UXGvk5lSzDmsGEf9Xf6ZB4J,1144265.2,850672#zzHoIjPU61A,1079072.2900,-1421440,424228#WElPze3AaYb5dqmlMYnpy,-418613.340
201,2,7,51,1845450#lnqiikCXmVI19DbvioTnbZCsmMxJ1LOkw,1699302.9,539055#h1Md1CujfrS,71907.6600,-1367663,404565#NB6ZPcm4IfYpYJaEUy9mU,1159244.750
202,3,11,22,1737173#htXxllRlbJS7OSo6RxRyjnoFlcgebleRq,519831.88,1682463#5XsGZRJFA0z,-522828.9600,-1466801,1479703#Xqh9qcjGXcUoFi0Pcm2GE,89044.820
203,3,2,1,522748#09xO45RXtwDw8C0ZpXqTxv2epZUsqk91q,-1472039.0,623117#7d5r9N1MLOb,-1224190.8700,-1232145,1759833#Iqv3VceeIY3BkEWNjdjbx,1931870.000
204,1,8,45,1390171#R8u0DRUqWVAavHU96eYTr6nCtbI7QIQFx,-1873366.6,851816#hFnNLar1K8p,989455.7300,1932576,995282#fsDM7SirE6QBOb4pJcMaq,369941.510
205,1,7,6,1472249#KpzxDRUuiVSlF5vmZ40G5g4RY3hzNfdLs,416325.84,340372#qPUkc6RzyAT,-1928754.4500,1829344,318065#UWMLXvoovP2AUgXqO0SmQ,433100.710
206,2,3,37,224418#GXkpbIHEZeKArS72XwivK1HZkgOmzMOK3,403539.75,1630467#UPeogegtDQD,-20854.3400,-1380878,1244665#AKwYOOLDkrKfS0ypcqS1D,630970.090
207,2,3,32,1147790#oedG6csK51h888cbogjQrnENhhjm3yrFT,-737654.3,1161440#2OoZHCH6NPM,214183.0900,-1934435,707997#QF0VjVXcStiQrNJ0O00fu,-770303.690
208,3,1,33,1410075#a9JtnFrIfdy2WWTrlw3cGyPinYewinXEF,25905.65,1082704#elDqFVNgdlZ,-1232434.7500,-971535,1565367#Gk6rUyH8uaPNebyKs8Cyv,523864.290
209,1,5,35,1562535#o2eGCbC36QlyuGgfz556jiyzxK4m5sMsx,234814.1,1854175#R9kwSSjGe3b,1551624.5600,1053263,947771#dHqZMLzh9C4zJGquymuUd,1230314.380
210,2,8,33,408374#AyyoBFEK7ziKjpZpPILSdyMcBtmExUaNB,24199.28,112932#vWGpO1WqQO0,905682.6200,124397,938124#gmghTtOrfGRjOxV8FUSf8,-44930.220
211,1,9,42,1998454#N7AwYKvynPsPmq1Qniazq07kQ03uvfYC1,985138.7,1674906#wwQkIVIqCl7,-1272773.5900,666095,1483302#cPiBBlZPimMP4Kofjn0hY,-863817.160
212,2,1,36,450908#UOATFTrFhv0wvc3elF9l9t0vh5sulWlVD,1486043.9,22545#M5T0fzWbcwJ,-1512782.3700,-1616598,381164#KBFVxCrX6iADkZmL80ggN,-318968.260
213,2,11,29,1622303#x6d5TkjG87gtZWtDvCcAG4UQAMekBmKoB,-1617663.4,659600#ind9Jy8FT1O,-387437.3300,-825823,1338095#TngaurIw6DlwEqUAPlNcV,2051645.960
214,1,6,27,1022492#9iiAmhSzzUGBpVJM52gLwJFivwOdtUbzB,1995402.0,1219439#869ccR0IS6e,-800467.4600,437320,1724699#kegOxMtmxYHTFKh2IFxDI,1272142.990
215,1,2,29,690050#UZAJj5jNKMRhM6lciYAhlLSc60ec1fyFu,-1232000.6,442627#JtoNCVwSR1y,-2126073.0000,1424057,338997#QF0VjVXcStiQrNJ0O00fu,1265595.650
216,2,12,14,317553#XdpEixwKK1Rr1dFj1GftxbE2CjC2CMPS9,-1261204.4,1177752#8VtxMcjXlTw,743635.5600,960230,1659168#JkyXYFuOJbz3hvkCdA7sw,112077.030
217,1,6,60,1030118#nXpHHhS9ZAsxSqkglihYghLZrvkyvQsnM,-1121242.2,706450#AXT3mOnYZKs,1933010.4600,1252851,769950#HrREQIVJT1lGErc1ka8JB,-730141.480
218,1,13,38,2108943#pl0gtFdgE3G4kqWZ1MBmHbNESzE38VMCT,-103459.01,698404#zvW8fPqGmCf,246270.0100,-2164655,2136096#lhesTBU50Cq3oGO8u3umU,-1828232.670
219,3,1,4,1923324#pvtW2jihaXzfV3Gu5a8i4vasAq9kljZhp,530257.8,20283#H9e1jEL5nt1,-2063571.3900,-1428468,353648#6GM7crqdT8DcUXn5uMmz0,-936889.670
220,3,13,3,1826881#sUeh4VNkrNbYAFyuD0Fw1rXm8Jxv7Qqis,-272108.4,442102#Z9hTgYLAwVr,164635.4300,1866804,13593#bnZvQJRbrLFCLMxCnTnxp,665885.720
221,3,10,5,1304769#E1xf7PRuRfjouzKtPq3RaiZTzaMxDi6nb,-1663847.0,1273663#we5yZHEyKf7,929373.0800,-181397,1033328#HUjMIexxl6Y5TMYhw9C2u,-734782.190
222,1,1,33,522629#9FR1BlcnIJVVP6Xa5U5SwB0dg2VssMJvA,-2179563.5,928617#xoXKh7ZYJQV,1962172.2700,193720,322888#jQCZ5NyKAK7wrxNoRcemL,-397391.210
223,3,13,51,1469158#hW67sUGbKY4yS3wz8DruM5Uzy3V7OSPYy,-302895.62,1615188#aVS32GOFc7c,-1850632.5500,567200,2053467#sgEnU6kQojjmNYfMR1mXD,-1681987.900
224,1,1,39,1838771#Z1r7zXZfi0ROAyAZ7uf9p5tJSEptSJw3h,-1540144.1,798365#pr2pJ4Ph57i,304034.4800,-277914,2023543#NSeKdjAAQMDNinWizEWE1,-1917475.000
225,3,9,51,1490612#8PAtlYLoYAANkEm1fm62TY91xROTsYBz2,-1700542.1,1317402#htK7qOoVju0,-960214.5700,1210349,509949#1dOeDJKwR7m0nOZ6oMFhb,-575744.040
226,1,6,19,50561#TUpTkWJrali9wBLA0gbd5N0sx2ZWoZVzL,-2114481.5,1093472#PgoZJSjsqV6,-222741.4600,425220,1324426#KokwhEmp6hg7QSh4mlaWH,-1870055.200
227,2,7,32,1555443#ureW68vN02bzv8c0ZLUuh3aMDsFtrTsOu,-952649.5,378859#g6o1GepByk7,768104.8600,474601,203332#br8lr4ya34wmOAfFt4QXD,-2119827.080
228,2,8,40,2215148#9oet0NYFNYoPwuOxzqmZ7ZTI3zOk3HFLE,1907642.8,785013#IHkLvbVlkWO,1901327.8500,-2239463,2058108#9UJmUQjdsVy6olvpuvu0V,-1412763.070
229,3,7,23,2136650#W6IBPn5qlwGL9USKkfckuB501kAehewHP,-1678191.1,169821#PcnTWbRGT4Z,537003.6000,-375445,38490#5AvsFm8zRZ6pHjAcqMS9W,-440421.530
230,3,9,22,2305583#trZ435oTbDlJJuRQEKh0CSNHOluHUZt1W,-449519.88,684486#1l7ZPbDCQ0h,1087692.4200,-1953981,882128#i8MITHzkNNT30Ggi9k1WR,-1846562.420
231,1,11,51,792387#uo503Fdbo1Op9op66bTfjVwCy5zcllJtU,1532459.5,1454228#0ZhI2hYZAZT,-2286062.4400,-1445646,156779#rlm7EFf0gpAOjuQcfzWKp,1474309.070
232,2,10,11,2114095#tskWlWKxcO8MN46NdyuUWVqy84WVkFJGO,46030.49,903097#tWuh75u7mFe,-2239480.2500,1584811,251111#r1xj0F7AfdTwLeS2bhJ8L,994477.970
233,2,9,17,1296278#ixdT8qHKsAjRZBWToiL1iebDgIE5J4zcu,66516.98,1996692#6II03nL9YMW,333213.6800,2304671,374275#lzdGVyxHVJei2NHkX5XqF,1464335.140
234,1,2,44,291301#01ow8jppnbClbpmUmcNhWWYE0z5YtJr70,476466.62,1607240#iTHtmZCiZcR,1192016.2600,-826731,2259342#gE3jHswcCCrn3MBb1v31P,-1593696.090
235,1,4,38,442808#FbGHOjSlfvGDZoeVlIdRJ5c6qFiweUxGk,496231.28,1779616#8xtEK0Va4jE,-983076.6900,-207031,55079#N89KfFa68DQyLvr10kYjh,-646646.860
236,2,11,10,1241983#Xvf37mmLj8LMsRaVi6u5eKQGxsb4pS0PF,-533915.9,601419#3qQqJokRx1g,-1598589.2500,-1838080,1257357#E8XG2DA9kQhdgKBtLYHHr,-2295809.130
237,1,10,28,163301#01ow8jppnbClbpmUmcNhWWYE0z5YtJr70,-460874.47,2064894#5gJ5Z61B8Rc,1666697.5500,1037819,1969656#2UguFwlCAd0wW1t5gPl6K,-791004.190
238,2,13,39,917818#eKJeorOyLTFebFdq0yqsqO3ZHdJOhuYpe,1398049.1,2030613#9ivZlWSvGI2,-2134170.0500,-728706,2217081#5t5HmgVsa4ZJJi7t0LLn4,1235198.250
239,2,10,8,138258#AnIXsO6kYR0rlWQDgAr21oEOSfERPQ49T,-655332.25,692608#o9Nutfoj0OE,-308459.4300,-691182,1113171#3TVGMUbyDmsgA58mNdpm6,-302027.760
240,2,13,35,976422#bcZgPcx1nYG46kSA5Y9aX2zp21efpyBgK,2086972.5,2296570#CIO7CiKRmJj,-311473.3300,-1603154,1890408#LoE0UjxOk0bLpZ7XFABjA,-1643261.350
241,1,12,44,531498#1gquB4h0huEep51rbDCI1AqZ6DCYNm2tI,784293.8,321141#jBXwpVw6BLW,2049030.6100,1625766,1019065#UWMLXvoovP2AUgXqO0SmQ,360688.210
242,1,10,14,2311487#JvbwjNL0a38So91RMYa3YCBY5LHaVpGLl,482385.88,2320544#JKSIfSlfP9D,1245439.9800,-894760,1913964#WHPQJo0CUuqEJ7x5AoTl4,-247874.280
243,3,4,26,1400095#tskWlWKxcO8MN46NdyuUWVqy84WVkFJGO,-479763.62,485760#Mgnf8PiCZOx,-955694.7500,2083595,2302943#RHoNDNsT7sszsielD9KwG,2157529.490
244,2,9,46,1397481#KCTfXm4lJMebgQwzk1HGx6vtYqaSjklIs,3228.06,445732#kfinkvTf8bI,2212657.2100,159526,359804#M5cQKw6lxjymMsYMOtuyG,638615.730
245,3,13,19,1919305#2GFUrBIhXOUBU2ILhsS6Z8rUKvF2jMuzf,-974240.06,227507#NuZt5uTmJLJ,1510586.7900,1937859,1672684#wGE8cXbdAn26ugb3MGtB7,1945182.160
246,3,9,47,2119886#X4dSVMBx6tTlMXTtJrewd0NqCsgZ2qXJP,-1353697.0,1923847#RVTO4vdeM4d,303732.7600,-1450401,262774#YVc9XWoYQEfOkIIBdAvpq,821508.800
247,1,7,55,1837506#51OjbZdQ7mkIs78BgsPRcXj53Rh9WTKQJ,1949645.9,314329#n7etDZlSpQJ,-2420150.9400,748845,84203#gP1HGDgPUotodiqpdMTww,776639.320
248,3,7,2,942149#WuWhnTxLXTjvVkhiQOW61YWOjxXgHh5D1,1632467.6,2378186#N6AtkU6GwmP,475590.6700,1275465,2032559#rMRBjBlfVD2875fG9Sw6B,-2001468.500
249,1,7,8,133663#tVf16LZecBo3IiXiZ56S5m6Et1VmIyH3K,-1336940.4,305135#shxNXiv9reC,90511.2600,-1207388,910355#gefmrRUwmCyV34umeRUdT,1659479.670
250,1,11,39,69245#jrd7QNU2KYaRR7wCIRBjn3QikuZ4zpNKk,1429065.2,1061973#tFGdMfP8E2r,1348018.7900,-1776165,529069#hoH4foMILIBEG0XxGnILm,-522822.840
251,3,4,41,2302515#1dmOdlTGT5VVLk1IENiqzNCxVE8G81FSI,2123302.8,672206#hihZTbu0HCI,91933.6600,-1707663,503676#yfwT2fw3F7vfsIuhRod2K,1445258.750
252,3,13,9,2166424#AhPUdUD8wf94xEnVxQaEquO9PZRHJKAlh,646231.9,2097324#BGW3BhCBp2a,-651402.9600,-1827401,1845647#jJE30x0pu6B5TR5NHQ04P,112083.320
253,3,10,51,650090#vIMVY6hbIIilPe4mdbGArCc4fcEbyPGA7,-1834439.0,775988#VB6gd4hTEml,-1527544.3700,-1537295,2193046#T7CXzV7ijMzc8zKYCBwle,2407834.500
254,3,11,54,1730334#goCwZ2rMWPzrW6NBB7rYmfYCIwitF1J3q,-2334966.5,1059518#lVRDhr3NjQu,1229598.7300,2405076,1236880#HPfygWejdcRQ5u83cA1yx,461565.010
255,1,7,54,1830502#UQxCP2XCnGKoJrYf7VNKt2C9EopienzLx,517125.84,422978#u4psFm7ZvW0,-2400698.4500,2274794,393531#GXgUvOuaCq2Wv3rLh8sn5,537720.710
256,3,1,3,276607#OnA5WaSF3l0tWYqEDITJhxInFChMEiaQM,501139.75,2024422#uJMoF0ev5e6,-27602.3400,-1716253,1544621#z5UHTZaiY2c2XROS8lobm,786180.090
257,2,1,45,1423327#1iPBz4di1b8ERkjPMarOn1Ei5AFDDqugs,-917654.3,1439984#JubybKqwpyc,265562.5900,-2402026,878061#SmuVHSIF7jvinFBSqFimW,-957440.190
258,1,4,11,1748884#jn2fDpmIZEL6Ax2QCgFKbIP0G4tBSIt0w,33105.65,1342945#utQxn4TEO9W,-1527312.7500,-1207160,1940618#5YuZh5GizjyIvqxUqhjpp,651998.790
259,3,13,23,1935930#UEtLWItCSbpCRfEEWjPgf3CLTlucn06Ea,293214.1,2296791#UhE8scGc9ZW,1920832.0600,1305438,1172131#HzlcGG9PJ1HznYJMJRb46,1523872.380
260,2,5,19,504986#JOZBHEAdfthRrusRxPCPL5VY6JvguB23u,32199.28,138794#aILeT6WNGHJ,1119195.1200,152922,1161396#C1TPcOBJCEljesl66AIFf,-54485.220
261,3,3,29,2471499#3YQuFBlWgqN8gxNivloMvmOEE0jHu6F8c,1220338.8,2070752#8VtxMcjXlTw,-1574704.0900,824632,1832731#1kLssIbQvNDJabUirdLo0,-1069211.160
262,1,13,18,557192#FbXTrTAUe2LSjnvQ4d83FmIJrPuMumRdR,1835643.9,27143#Fx5s90Jc5k2,-1871919.8700,-1998618,470669#YCUFjRbAo0cu5QmMWKRPv,-396184.760
263,1,2,62,2001043#OL4oDE6f5FcDVD6wgLbtvNMlONfstSfmR,-1999263.4,812101#mTLnUdD4oED,-476081.3300,-1021723,1652126#wV6GN7t2WbWM5gQlvIn7h,2532736.460
264,1,10,16,1259408#TlbInjsr8mMPc7LZDyrweDRypfFYQEk1n,2461802.0,1502998#O1CGasROMoq,-987267.4600,538520,2126532#X9QiaRbKd50psG2atrkV7,1570763.990
265,1,2,31,848715#tNtODYMtBt6gRfEBQvugzMHk1rRYHwtbD,-1516800.6,545436#QhndlpJiK4T,-2620371.5000,1755244,417594#1iso98qHkb7fK0RSxqN03,1561516.150
266,1,4,61,390265#DJisN9Jr4XWSHGTJHQREHhaVVe16o7VzM,-1551604.4,1448402#htK7qOoVju0,917859.0600,1182530,2042346#A6ZGNxF9bK5b66qp8gwQV,137738.030
267,3,9,58,1266315#D6l9vYBoWyjPR3pQMZSdhgzuTX00DgEFl,-1379642.2,868543#fUnYfNtkxXV,2378956.4600,1542060,947010#MEyJoQIxQQRitG7SInwnm,-896415.980
268,2,4,14,2591161#2tjvLYYapITwNNfzuWENZNrxUb1lb63Ek,-126659.01,856848#jTsuu0WewUY,304775.0100,-2661380,2624711#mehUALMFHkXziYrrgw5Ix,-2248641.670
269,3,7,12,2362340#gSW0pcinql7Vs9ya8IUVnI5nZlZHKfRAP,649457.8,24139#6JQiVwiouRT,-2535640.3900,-1756168,432605#LLWjOdAYZSIhVpq6vz4PZ,-1150253.170
270,2,10,41,2240137#xh0CnxkA1F0pY514lXdJkUpKD7vxjY41A,-333708.4,540483#itfgzzceKmx,202084.4300,2289335,15422#RVnrBOlQFxeB5xfsDHbww,815213.720
271,2,4,17,1599227#zuxz3zGs2fEWo83NGdCqlSFdDpfcNs8Nz,-2038247.0,1560988#VB6gd4hTEml,1139478.0800,-223497,1264999#fzSlxBVs8u5NlBcYuZJdc,-901686.690
272,3,8,4,639202#7oybYgvioFVYVbQC1BViHcKdftGk0lhci,-2669963.5,1136079#wmCyyztHzhS,2402246.2700,236445,395005#yn3NByaiWL5etTnncNB0r,-488797.710
273,3,11,59,1798139#SL2dgqUss1kpLSRZZU4ZsEOqr2QYTiFSy,-372495.62,1975672#zzHoIjPU61A,-2265652.0500,693225,2511645#sA8OaFTBzENbrUTlWrPPC,-2058935.400
274,1,6,15,2248852#mnYcAwk4uNLDcSh7QKumLdXfv6VJIV0ss,-1883344.1,976336#dRDTfRYjD2w,370660.4800,-338589,2474392#ctk9FN5yMMQe4G0GKeoIo,-2343329.000
275,3,6,37,1821102#EgGxpXX1dTzF0PMRfJYUPFFOAfmT6ZeLu,-2078942.1,1609440#2OoZHCH6NPM,-1174768.0700,1480599,623054#TDf8nYFJ5NUhxq0otNwrQ,-704558.540
276,1,2,9,59571#9ld3QT4fQfB98XDSdRs4cb9ghHB8TjjDv,-2581681.5,1333965#gtHhBqpsfv9,-272668.4600,518654,1617099#HIlrZDN1Qw3NVvJzb8Yru,-2281889.200
277,2,12,25,1897170#ZVdP7CPsMII5gGdpSX1LSIEWCum448XQh,-1161449.5,460822#AI1V3WDAtRI,937204.3600,578601,246715#KDPZWoxbs0po0gx9Rn0po,-2588740.080
278,2,5,53,2699377#Stogzs8gYf1ADbHH6iOnTfbA2atouaL84,2326842.8,955253#ODWymuK4qGQ,2320215.3500,-2730707,2508848#GRGDxDJiU6uXCf8L0Knrf,-1724231.070
279,2,2,53,2603074#Xd1kpangUwVMnw9jonYhfVA1nyga3D8eC,-2044591.1,204854#I8n1OeXN1rh,654811.1000,-457312,45706#meQZH0anCSSdDqBg0L09h,-535017.030
280,1,5,58,2804858#RB5PdxprUq8mNGxcUuMIfBz8ylO7ESUNr,-545519.9,832658#wEKKMDdh0uc,1323198.4200,-2378318,1073423#v2pLurgzHLXzevfmzr4dJ,-2246079.420
281,3,4,34,963148#9oet0NYFNYoPwuOxzqmZ7ZTI3zOk3HFLE,1864459.5,1768707#uZg4z4hepUY,-2780054.9400,-1758271,188827#vZUi8Gcvyjn0yRcwVbvpY,1794485.070
282,1,1,12,2568785#3cbTVkhjtwytJavOhbZVus7YjMQHDAhWg,55630.49,1095815#ANf7Ej5BFCh,-2722827.7500,1924942,304105#xTdj4J5IS0kD98wAWibsF,1209707.470
283,1,4,23,1572497#fpUDagV4CVNtT4S6l75mkDNZsVelMhwM6,80916.98,2423189#uaOzdisZx0p,405151.6800,2799196,452694#ia6QiGQmMM0HqXpOM9zVD,1776459.640
284,3,2,21,353008#s1ikT9IvGGpl0ZEaneGJDCKXQ11gf49pB,578066.6,1950619#PLsyHIuxTwE,1445900.2600,-1001593,2740830#mUBacKDdi4f26A4zJspFh,-1935398.090
285,2,9,59,534932#SzrAAPD2N2MZ1VpC9mrA4KZoMjeGCs41E,602631.3,2157636#KYmHeBBofUl,-1191832.1900,-250156,66700#hHnvJizl1fEwWwsxG2Qxa,-783237.360
286,3,7,47,1503376#xd5hkVLhNIOjzbeEBBQ3WhYjUrTpBj8T2,-645915.9,728327#0DXJj6tvJFs,-1937814.2500,-2227930,1523233#DPwBO1BAzWsuFwsWcfBpN,-2781634.130
287,2,2,26,195900#5OFCSJCk2we3ORhAkLMHirVfVHHY9M4s2,-556074.5,2499407#7ZHE88EisqJ,2018376.0500,1257319,2383516#j8ivwzn1YnzSxV9HqbOF4,-957155.190
288,1,7,25,1109186#IrdloSLtC8m0YD3FxmkSWz8Nj5OvHGJD0,1693249.1,2455215#UfJzi5gT4pN,-2581177.0500,-879818,2681259#h5jpAhWqN6JSa8Iyg1IkT,1496242.750
289,3,1,14,166897#0Fec6Saq6CkCxmTkHjU1FaTjoIOG0fcMd,-792132.25,835744#45eWKz0LY1s,-374628.9300,-835832,1345160#hL5RXZWtkQ6JPkEcOfHHD,-365635.260
290,1,1,16,1178955#lF3a2sfcht1tySLZUOiO99OxSDPxZ401l,2520572.5,2773178#XaYgbjICjE8,-377015.8300,-1937545,2282365#qsHz5FF4TjxzkDQfpHKvj,-1987582.850
291,3,2,59,640684#2GMUkzwJXcZatG9nvXpJGTtoNBe5N61AY,945093.8,386964#F93UHjEdvew,2473698.1100,1961941,1228722#kEa4S42m93lKsLBOaaMKw,434561.710
292,2,2,46,2788094#hGYf7s7Wm4IbfQuaJaKRDP4P7pZ7eGWbE,580785.9,2799517#MiizCvO2iVi,1504200.9800,-1080810,2307844#eaBWDaPkZf6jIxgbp2gK8,-299419.280
293,3,12,20,1686672#1yNF3nhEKN1MAoP2EZMFUBNTurw36UaDw,-579763.6,585472#PgoZJSjsqV6,-1153082.7500,2513545,2775612#1rcAoH0VvV7UKCrm4KiVF,2602158.990
294,3,8,27,1683294#YVVFEpgd7Wgq7bl1kct3RfuYfs6UByyEz,3228.06,535166#2BJlAlh02Pm,2667861.2100,192301,433341#Xm3bJEvHoBNR4k7ZQDwOB,769204.230
295,3,6,53,2309344#RJ5w7fjND16e6NOBQL2v8cfairKK61Jey,-1171040.1,272449#LqczLSpMl4j,1820691.7900,2331709,2012615#93PHAl4Znt2RejyiuoJlC,2340207.160
296,3,11,26,2549476#xSsejkGCADngcG3kJTTbyPe3YQRvxLMpq,-1628897.0,2314723#Fj20MHo1jSi,367133.2600,-1745876,315047#ZfmO9zjik05cZWJCx0PeT,989522.800
297,3,7,28,2208155#UutuKEpy6Lae4NCBlbbaUmMPLCeMR1vwe,2342446.0,377386#8yS8aarFLWH,-2910970.4400,902395,100486#SG86rMq4f6QjQizLXeZgM,934589.320
298,3,9,36,1130748#09xO45RXtwDw8C0ZpXqTxv2epZUsqk91q,1960467.6,2856438#omQSgtCcrdB,572891.1700,1531678,2440955#u0KThJV7vcb6qTTb9Agi8,-2403043.000
299,1,3,55,159214#6WaLMMaxibsBzuXa8omk5lvkLJViyxnXR,-1605740.4,365525#950ao3W4QVi,107971.2600,-1448426,1091695#mT5kDlbiKL4ZgtLsrg7rE,1993981.670
300,1,3,59,82306#H8cYmfk7miRg8DeJupAhZnb3QFRGVscCl,1713865.2,1273274#QhA205XQK6h,1616965.2900,-2130890,633910#ba9RbcBBs2NzQsck7xrkF,-627032.340
301,1,1,31,2759579#V0Wq0TgfbCGew7c6n9E6vjMvX1sVYkKGX,2547302.8,805358#ucn0hQeUSXF,111959.6600,-2047663,602786#ajNEf0WsqCydJQYmQAqAK,1731272.750
302,3,2,59,2595675#AmoCVhMEbJIb2UUZlIyvAPp9ib56XX4Rj,772631.9,2512185#x43KJ7DPdya,-779976.9600,-2188001,2211592#FNOCuv8taB8JSK7x043Ok,135121.820
303,3,5,37,777431#Or9hddvb3NLqGb0K0RvynWAplmqRhZML9,-2196839.0,928858#LA3r3u9Mt5M,-1830897.8700,-1842445,2626259#h5jpAhWqN6JSa8Iyg1IkT,2883799.000
304,2,1,63,2070497#fpUDagV4CVNtT4S6l75mkDNZsVelMhwM6,-2796566.5,1267220#nBdd1mquq8I,1469741.7300,2877576,1478479#rh8eec4bw489ZhgBvQRW2,553188.510
305,2,7,39,2188754#gOjp7fkd3gTCd9GoP1htrRfPgB7jfmBiS,617925.8,505583#OiNzn8LDyKq,-2872642.4500,2720244,468997#QF0VjVXcStiQrNJ0O00fu,642340.710
306,3,11,33,328795#yuG6UzcT4qasSnjkhblXFfPvMvGtvfBBJ,598739.75,2418378#oZsfq9OdXDg,-34350.3400,-2051628,1844577#1TyOs2toMPOmuBE2Q8LiG,941390.090
307,2,12,58,1698864#4zmUOJsGeupSDeqR7V8iRMs8h1GVxVxbU,-1097654.2,1718527#N5BCuZWFkt9,316942.0900,-2869616,1048126#wV6GN7t2WbWM5gQlvIn7h,-1144576.690
