601,54,2,5,8,1,902797#1Zwgt9Cg7OMDXTklJ4QZEID6a5S,-824344,4730917,-0.3405,1786440#UeRTk3OGDn0ln3wOn,1606464.0
602,195,1,5,2,2,1198551#l7rxEmjGhB9Ci3Qn9kEJR4P1IjL,3400941,2820571,-0.3210,2143734#LyNVFbQU6tbWlCtYH,2773760.0
603,35,2,3,3,9,513763#UkQzPM4sgWtWS8QRvjDeWDaAYQO,-4748050,4156453,0.2395,2080566#yaxvvgV7vswb66NVb,2301312.0
604,140,1,5,4,3,5688373#U3LZoptzotvRUgxG15ne07R3Xc5,-4477,3037364,-0.3720,1615683#ZHi1wSimkY0ci72AW,-4437392.0
605,26,1,6,2,4,5247787#7CScWT6KxmbtN7yyC4ewhHa6j9z,5264773,5491986,0.3186,4375130#nuBaCyvAbAZmDGeiM,5724496.0
606,158,2,1,9,8,1464893#6uc7Ke198ffPW1TvqtMF25sBYj7,-2063529,4790068,-0.2470,894250#AUugcrTqnXvTj3adz,3664928.0
607,174,2,6,8,7,6001587#YFBWToMVvRRSm4dCkJAebwQDdjP,937515,-5386904,0.3248,5599852#Zb4GcYq8X1coqinpc,4159520.0
608,58,2,4,4,9,1567925#5y1WVhGZZMKxbO5pVLjVcqai8pn,-4192909,-3718929,-0.2680,66282#xePiZNnOVl1s6ZmzI,2351824.0
609,89,2,3,3,8,3830683#ImWo8klnnraJwEtSvu00vTYrZb8,-2717913,-2006183,0.3027,4277567#gWfPIF3ccRVc0js3S,-2252160.0
610,153,2,3,5,6,484729#rktLHRWEnl0OIYPxmDPsukiS9TB,436516,-2340482,-0.3250,4239574#nEKsZbC7fPiWZ8IB9,5824480.0
611,35,2,5,8,6,1966487#KS2WIsDEwMadpcS52VtaW5NLKXX,-147060,-5417521,0.2338,1340970#UPVPkHTsDjfJIDLmn,-1325792.0
612,14,2,1,3,8,2530782#hHNDOZ8NPppPd2A4pRxuEfPLnPy,1998794,1637569,0.3883,5145855#HYXm84e2iHgJLynvL,-530256.0
613,221,2,1,1,8,2670671#cAa725ZyR55azGRgaQFejRqf6oe,-3387312,-2220522,-0.2105,5967079#tTagMhqAkDOySbyrY,-2763704.0
614,97,1,2,9,8,4973489#LrfzqyvpCLCpCJYQ2TEHtByBoxG,-3348649,-5884455,-0.3150,1758831#S5XyXxopYJr3DsDIZ,-5942864.0
615,135,2,1,4,3,3949286#4L1JoNpTYc3pUw4JK8V78BcpCrA,4199588,-3071259,0.4139,1365651#Bcw8oO6kGT4Og3RAy,-5540240.0
616,200,1,6,2,3,4964113#AiUlaXUEq6czOnI49VlOKXOAoL9,-3121755,-71901,-0.2780,3475975#pjuEMAPoDVuJLZ4Yt,5288128.0
617,131,2,1,9,7,3417982#bZ9hbvwPQZzdceeNvG2njWPYvov,-1114952,4808128,0.2770,3901615#Ui39HDPce4kEDaj47,5760699.0
618,48,1,2,8,1,5938331#apg0djS64G8AhJEQibuyKFm6IZH,-2009194,3089175,0.3625,1427108#xIR38MUtPIT5ECyPk,5783968.0
619,40,2,3,6,6,1731664#8xiMsU0VWpezX5lUAnrs2fyOGJQ,1135341,-4352964,-0.3895,3736562#beVch7OUR3Qyjhj5B,6168272.0
620,22,2,6,9,5,2165068#YIM5F1TodEcBJX9nrI2kQaXtlwi,140898,4699508,-0.3200,1778899#eS7C3J3dtXbmKhlw9,299024.0
621,192,1,4,6,3,3890984#6v1T5PXOBwSXKSutQMhGjfI5BpJ,-146506,1211260,-0.2565,1505806#eHojGuzYLWOTnD585,5404656.0
622,125,2,1,1,4,5435365#PiRdSeFcsLdZqXEUi2ash5ePpk1,-6011130,842647,-0.2380,4058398#cAmH6oFZuw2A7GFCw,3032688.0
623,116,2,2,2,9,3175109#fCwHpmqodSbHtnWXiMMl8mUjIVC,-1280515,3675526,-0.3815,4138781#drfXg4Cg7aXg6IWP1,-4894016.0
624,205,1,2,8,3,2050824#kJYDoGsJ85i90qgg11SKC2PQjul,-108589,-95799,-0.2640,1502207#pvkQaEasfISUjQy58,-3334656.0
625,182,1,4,1,9,4920955#Q0z9NHIHUqbv2hXrLVPJ6DCQDil,1330284,2448468,0.3252,3363145#x1oEvy27zMiyHTU8j,-6149760.0
626,157,2,3,8,2,2964180#la3meShqjMwbDuVovZVjvjKxdoN,-3219427,346225,0.3577,2443519#nPHxU4C4rDOXArnnh,6219936.0
627,91,2,6,7,8,2547467#8uhrhrU9BetZSDSZtNVwAOToW7b,-3034442,1077965,0.3273,4849786#Rp39Z1CPrchRLgHzk,5534791.0
628,64,1,3,7,5,2848213#EgvNKdyZXZVKDbMYT17ZbLq7MHD,3338804,-3665032,-0.3220,6128309#kmC4ZUM1z7rwnnSQW,4964976.0
629,5,1,3,9,4,2103307#YG5weGK0WTts2h183eegP0hpxiY,-3469619,-2635617,-0.3745,981288#Py6kBWgGX2XBZjkId,-2663264.0
630,61,1,2,1,8,5852728#bs5pHceACDYLXHrsf00oAIMfDhT,-5084217,1020874,-0.2590,3328744#CTsJawwKwn4KGoknO,1029952.0
631,191,2,2,8,4,3820355#SCHWPe5WzxLiqo4saThblZjbJwz,-3554051,-6226566,-0.3133,3642905#8c5vWb9K3ISVLg3uL,1876160.0
632,121,1,2,4,4,6132347#rPt2Aymn0HOBOEMRdxrBbUrQzVM,3975662,2691025,0.2449,5926051#53wJKWRAx4TlJi2uV,2734544.0
633,216,1,5,6,6,3493087#iT38SSBpSntHKtauSzXTEcigtcs,1907954,246908,0.3534,4743351#oohJ435INgPku7A8X,2149072.0
634,3,2,3,4,9,5383830#IImOMff6Qg9K8rrL8ymie9DYfix,4173399,2697970,-0.2990,4268087#IRcID3IbdFbSqmN5e,-3172160.0
635,51,2,1,6,5,5676736#huM2O6KlVPXXLS0oWsynyR6ncSR,4674712,-4017045,0.2565,5314675#qFRiqy4iDc6aWi1jr,2884752.0
636,149,2,6,2,8,520326#AgGQEGIpyenpZuU4eptLkzjzboG,-1793846,5321972,0.3600,1818992#XPguALaUb54fBo21z,1977360.0
637,186,1,4,9,3,3783802#3AjaWUFJa8LUsNcNxfUWoSIl2Pz,-3937033,-1564078,0.3576,5375215#VR482F12oUcHxtssA,5603140.0
638,16,1,1,6,7,1174634#XhABuBV2zvewybzlM0kgEa8IFuj,4348983,5923331,0.3651,5162692#2PhtRTFUc2fEJ8mBn,-5367984.0
639,9,1,4,7,5,6363130#J6oQwBR30M7wNoEVNhJ77ru8piA,-803554,1235910,0.2586,4352619#0KUmveD3KnjU9pJoV,303928.0
640,121,1,6,2,6,3722744#5AavCmWRHq6GRq4SSqqqYo9wqT9,-5899332,2830802,0.2792,4444621#sYW28DSnfRE2VsOkk,4216000.0
641,16,2,6,8,5,4545869#i9tMJoXXal4yYzPQ7MNgoIDquTt,-5191821,-992279,-0.3245,1165948#lFknEm5VSu3nDzhHG,-1728448.0
642,30,1,6,5,9,5473508#nBk9VVXdn5krPypsogrD84Pvwz6,2780534,-6043066,-0.4010,5160619#0KUmveD3KnjU9pJoV,4901824.0
643,37,2,6,7,6,1293671#cAa725ZyR55azGRgaQFejRqf6oe,3987769,3412075,0.3207,2880330#0bwbgr1w9Ff0SGY82,-5303440.0
644,32,1,4,8,7,1077975#yWDPrrWz8azGWeHqg46SoVOFMqN,-4174169,6431114,-0.2350,3351472#uAXOktUh3DSQtfmh6,-3112400.0
645,88,1,4,3,7,4441527#uI9qe1WsbC8YIOcdLzqbDg1G1OG,-3501015,-3297318,-0.3925,4514712#8dU9i3aqcvv8OlZWd,-2590288.0
646,55,1,4,8,7,1514160#uD6MR3QlergblkizupmzOyn3aTb,-176531,4926182,0.2523,2678668#H7tVWT9eW6SWPA8J9,5556064.0
647,130,2,3,8,3,2764347#rPt2Aymn0HOBOEMRdxrBbUrQzVM,5941812,-5890698,0.4359,4339933#waLmIxDQeVrNaHhTD,-2105824.0
648,175,2,4,5,4,5533748#JFjccxZ4sZRI1BqVLOOas7PvdjG,-5042736,321898,-0.2970,3470476#IIfUM442jH5lVq4Jw,-5580800.0
649,201,2,1,2,9,985779#3tJ28vDnfYj43vB6pfkXIiKXvsq,-700707,-310835,-0.2275,4282078#p2Z5vHlwTSyiDOfqq,1772848.0
650,177,2,5,2,9,1163146#LTdUx8BtdNlXDpmygfrrr8DTHP4,1904943,-1785375,0.2645,1207719#HVoUflxbGisDuKtO6,3156992.0
651,113,1,2,2,5,977148#WjD0GNXOWo23MPvR90FGHqX2FRE,-892694,5124854,-0.3655,1934355#EQsNwNVu5jAELhLwy,1740864.0
652,158,1,6,4,7,1297697#lRPMztYYAwAKN9K2nrhvWgIOSVt,3682716,3055224,-0.3460,2321484#9J9n9zXSvh6gICMd7,3004960.0
653,107,1,2,8,1,556103#ZKxbhd0HuJbYhtLzMcdk1noBbs2,-5140950,4501125,0.2660,2252685#fzKmYIkCnpbPbUdA7,2492512.0
654,31,1,5,6,1,6158460#Ry7za9DklAr2PDahBeDUXyC2RXo,-4371,3289176,-0.3970,1748690#gI5eUdNyd31427SNj,-4805392.0
655,192,2,4,5,6,5680951#nk7LwQqUhroPu3cF6Ao4JOSI5uT,5699473,5946386,0.3451,4736025#unHytvbgOO60j90Im,6197296.0
656,171,1,2,7,5,1585236#gRiK9hmgtd9rWWHiAWvoDKinBPx,-2233179,5184668,-0.2720,967493#CYni33iMdnsCMQnSj,3968128.0
657,58,2,6,7,4,6495624#kIe037seR36js0mwTvOo5OKcPbU,1013990,-5829829,0.3513,6061074#agTb204Ah1JkWyALI,4501920.0
658,172,1,5,5,9,1696775#aBBUVE4nsnFwclfq0n8ufalEybQ,-4536909,-4024166,-0.2930,71013#yOAUFG8Z7zmSlTzaQ,2545424.0
659,204,1,2,9,6,4144633#Hl87ygSL7bqkN6FboSDvYbpDtWW,-2941413,-2171608,0.3292,4627998#XgMdHkkE5ji4hkCPe,-2436960.0
660,17,1,3,2,6,523990#jGl8XK5W4J6cIi26wCJv2PVfHSl,472516,-2531632,-0.3500,4586518#miGf8VORHDesWzauX,6302080.0
661,175,2,1,7,6,2126741#Seiausq2WpELiaEPNoCDnPCVJ1d,-158410,-5860071,0.2603,1450354#zxil84udz5MZLBL9N,-1434592.0
662,143,2,1,8,3,2737431#N9vLY2MqQItmA3meM0ONc1Kc7hT,2161819,1771544,0.4148,5565997#FgVtrOCy87XOldcSC,-573856.0
663,144,2,6,3,5,2888450#eDdR6cuaAfbFCUSd87kL4mTSmbP,-3662862,-2401247,-0.2355,6453385#D9NhTHJb8x7a6qRvS,-2988904.0
664,154,1,6,7,9,5377922#m7Sx7oSpJTH3K7WMbAes2021zqg,-3620624,-6363405,-0.3400,1901698#uWuGCOm3AG1hKjEbg,-6426064.0
665,86,2,3,7,7,4270292#Q5WQkGmyb1FefyMyFASK4btDp2s,4540938,-3320147,0.4404,1476541#lyogrKyq3Do2rUF1H,-5991440.0
666,147,2,6,6,4,5366688#oThPVGKv2zlqx54uuchmNzC8I6y,-3375655,-77007,-0.3030,3758089#GG0SLvZEMRdoWZCZF,5717328.0
667,82,2,5,4,4,3694934#JRKUF8KiZ4pFcUrKJDkOuDwvwdC,-1205302,5198178,0.3035,4217587#J9mJGDIUmRdXwJ04N,6228049.0
668,83,1,6,2,3,6418424#BxruykwSmzCdJYzzrSqRyxqaawF,-2171644,3338718,0.3890,1541817#LS45eQesQC0UTzlpk,6251168.0
669,121,1,1,2,9,1871068#YIM5F1TodEcBJX9nrI2kQaXtlwi,1226722,-4705264,-0.4145,4038307#T43vsXQnIlauPbZKB,6666672.0
670,5,2,5,4,9,2338866#DYzsL3vDVKQNjEL8dLCIYCcEM5M,152323,5078545,-0.3450,1921909#7T0Kfc5eiJHN3Y7b2,323824.0
671,51,2,4,6,4,4203513#FUAxYNH3wklm6JMaCFhEe63cLhG,-157556,1308841,-0.2815,1626753#lgiAUBejaDfwi7wUf,5839856.0
672,123,2,2,9,5,5871660#LpllZmbcq6lkaCNjjCMkxSghPt4,-6494630,910297,-0.2630,4384178#JCUfT1SSKglzCIOKM,3276688.0
673,227,1,5,1,9,3429914#5tXk5SYY8xXahYljn6lu92RUzUe,-1383765,3970626,-0.4065,4470365#N1Y5dnAc1dopUPdgu,-5286016.0
674,2,2,4,7,3,2214581#vFRN3cXzWrf45upxylMw4iYpllN,-117508,-102899,-0.2890,1622033#0dCQsf39I25WEH2I5,-3601956.0
675,149,1,3,1,7,5314423#fDvdtOA84YHGyTy2cmyCzExgMJH,1436034,2644668,0.3517,3632022#51SClRr7H19bkSzHX,-6641760.0
676,49,1,4,4,9,3200364#9b37pnnXBxcZODuuY1fBgo7cnhR,-3476952,374256,0.3842,2638633#S0VeAoA2Hbc6j0gYa,6716736.0
677,122,2,2,8,7,2750599#DNSQOhV2u02oShmycINCizXIVPf,-3275880,1163615,0.3538,5235932#M5aECalyHyPiTT5M5,5976241.0
678,59,2,3,9,8,3074431#N9vLY2MqQItmA3meM0ONc1Kc7hT,3604054,-3957607,-0.3470,6616015#V30iBym7yU7Vnqkda,5360176.0
679,117,1,4,1,6,2269928#ak9ZSB1FehQSh7Nemd8uvJEYrHV,-3745594,-2845167,-0.3995,1058894#LsFqJozPdl0Ml5afM,-2874464.0
680,17,1,1,7,5,6316558#vmzURS8ues915SZ1oHUX6JTJxyo,-5487417,1101874,-0.2840,3592186#sfAVU6J5jAdRti6Oa,1111552.0
681,215,2,4,6,1,4122492#RsMqW0biJBZafBPvyu62C2Rbp93,-3836151,-6719566,-0.3383,3931391#yX7YhJHyHB6rFbNdt,2024160.0
682,133,2,6,8,8,6617262#DsEgEXeLoTmvn9xLwuQqzRMl154,4289950,2904588,0.2714,6394866#Q9r7Biedm94HoWbQW,2951344.0
683,96,1,5,9,9,3768495#7TZPafv4o23UFrT66PdYsRxcJAc,2058529,265845,0.3799,5117656#wUaRydMcuPzHLgoen,2318672.0
684,195,1,1,4,3,5808149#jUj6Q2DZik3wbrCRrcNRSvGoVun,4502099,2910170,-0.3240,4604672#viF5itfV6CJVNqSpQ,-3421760.0
685,124,2,4,8,2,6123589#0ozbM7PYiP4FxNJSYJ5BupIjbxf,5043037,-4333295,0.2830,5732847#ZuduOFGbRyxda2F4G,3111952.0
686,194,2,2,8,6,560495#7TZPafv4o23UFrT66PdYsRxcJAc,-1934896,5740547,0.3865,1961624#tFUTJB6wQ6Ll2J4il,2132560.0
687,216,2,2,9,2,4080622#v0EmlM6H2PGShJCJcqp3PHQNxIY,-4245808,-1687053,0.3841,5796782#4aQRgtZlTX83JdifA,6042540.0
688,148,2,1,2,9,1266604#d7Nq43fh5wAa0OYNtNzCUIdrhhI,4689920,6388056,0.3916,5566702#8LmxmN1oBgid2rHTX,-5787984.0
689,211,2,3,8,4,6860557#Y8wkdAufpeyMLwPSSM7GwTYTPHg,-866805,1332410,0.2851,4692815#oiWWYnyw1QkTrdpNp,328328.0
690,211,1,2,2,6,4013022#a3hjEWZI8KfgHg6wif1LtNzAOpN,-6360807,3052252,0.3057,4791706#w7U1N4UN4WfY9lwqq,4544800.0
691,183,2,3,9,7,4900061#l6AF5NCz9Fo7MrdlWAAKfjdkDsP,-5597321,-1069991,-0.3495,1256120#co7Wana2BrSXKLSI7,-1863648.0
692,52,1,2,6,5,5899324#KrcIjJvlh8MGXOE2Df3RK1xyxrF,2997384,-6513366,-0.4260,5562524#uCxZXa0hufbInid2C,5283424.0
693,62,1,2,1,4,1394073#SayB1mc5SvEGFIQ5BsNbzFTifni,4298382,3677734,0.3472,3103619#0KUmveD3KnjU9pJoV,-5715440.0
694,65,1,3,6,4,1161208#2xoNfEdUobxO0II2TkQfQIWM9ZO,-4498069,6930689,-0.2600,3611584#VYhlnG6bHxcvHSebE,-3354800.0
695,31,2,2,8,1,4785105#pmQnawprpmOuqW5Z50OzDCkNiPW,-3773115,-3553318,-0.4175,4864526#xY8pPNAS2pUvPu3xE,-2791088.0
696,220,1,6,5,1,1630644#92m3Pgyz2xIuOwhIAAIbdNsmMyw,-190568,5308207,0.2788,2885396#P1hzb7mmh6LelbLZ3,5985664.0
697,62,1,5,7,5,2977825#yoIRTVd46sd5Pk6cqAqpmYaFcvO,6400974,-6346098,0.4624,4675098#ZYrDbV5b1O1ap70Vp,-2268224.0
698,140,1,1,5,9,5960280#7txmIJxqaPWixAvVRIsQNMzmDWN,-5431886,346698,-0.3220,3737995#t12JEdMbwg70H6u1v,-6012000.0
699,155,2,4,2,1,1060965#PwUH3vZd6XpP0TphN46M8iMnHl4,-755330,-334885,-0.2525,4611866#Q9r7Biedm94HoWbQW,1909648.0
700,198,2,1,1,2,1252450#eDdR6cuaAfbFCUSd87kL4mTSmbP,2051493,-1922775,0.2910,1300202#0CrOcpbQ7Mq8mWqJp,3399792.0
701,172,2,6,6,9,1051500#r3knjFpsr1FCZATEembuM8k9Yyn,-961044,5518792,-0.3905,2082270#wADb98shsESMmgyvv,1875264.0
702,121,1,2,6,3,1396843#ZeHB2iivXz7KTPgtrKxLB7AJu9F,3964491,3289877,-0.3710,2499234#Sa8i1zjOmCoVh22JR,3236160.0
703,178,2,1,5,2,598444#9IHS6EZIDPCGhbDWZ7aF5qbzwtG,-5533850,4845796,0.2925,2424805#moiTuz1pp91FV9aig,2683712.0
704,149,1,5,9,7,6628546#ifFG6xnUr30idhML7EE7O8p6vUd,-4265,3540989,-0.4220,1881696#QVIvQaTAJkMBw9gWZ,-5173392.0
705,130,2,2,8,8,6114115#Ng0ynPyhernYo3rra4o52vy0Iln,6134173,6400786,0.3716,5096920#kXP2budSvWN3lDVgM,6670096.0
706,184,2,3,5,2,1705578#PK08u71uvs8WLsYGAXnKkowzMkc,-2402829,5579268,-0.2970,1040735#HUg0lQd41H4mzpSsT,4271328.0
707,169,2,6,6,1,6989660#LpllZmbcq6lkaCNjjCMkxSghPt4,1090465,-6272754,0.3778,6522295#1pinuTgXzlH7P6UJH,4844320.0
708,59,2,1,6,9,1825625#rGazznNU81sUi5oLNkh4GAuLkQu,-4880909,-4329404,-0.3180,75745#jjumYnktwNN0MLwC1,2739024.0
709,92,2,1,6,4,4458582#JvQDHtmBB8my9J8FB7VTXc7va1R,-3164913,-2337033,0.3557,4978429#Oju4z5eZMggIu621u,-2621760.0
710,109,2,3,9,6,563252#I0KUEpXuCQPYwlncI2gG1ES92Tx,508516,-2722782,-0.3750,4933463#pRL2KlUMREWoI4Bsb,6779680.0
711,88,2,3,6,6,2286996#BssUljs41p1Y2kPRvR9WEIkXVeI,-169760,-6302621,0.2868,1559738#lpCSRZkFxibDmWzmD,-1543392.0
712,45,2,1,4,7,2944079#RkQ5XQK725A4rRjPwet8YTvlHu4,2324844,1905519,0.4413,5986139#HvBA8MwOafFFM5ebw,-617456.0
713,67,2,5,5,2,3106230#hO2H0ynUN5N7a5XLdazebp2NPhW,-3938412,-2581972,-0.2605,6939691#ox0q0MIC2oD5AaGiS,-3214104.0
714,211,1,4,5,1,5782355#SCHWPe5WzxLiqo4saThblZjbJwz,-3892599,-6842355,-0.3650,2044565#UMmM7pq7Pju0t47E0,-6909264.0
715,37,2,5,9,2,4591298#4ffAepmGWhgxpd3EklcPDAapQtH,4882289,-3569034,0.4669,1587432#daNAqPBPgtXmamxZI,-6442640.0
716,94,1,6,1,6,5769263#SnUE1nfegOeyDky2rj4VyFwnWO8,-3629555,-82113,-0.3280,4040203#3SuYJQAuyClVeCNeM,6146528.0
717,33,2,2,8,1,3971886#4Np0tg3uyeJwbZFbbUEAuEpvvoc,-1295652,5588228,0.3300,4533559#JmXHoRPlqEp5aKOGj,6695399.0
718,118,1,4,5,5,6898518#j5uANVfAOpPIjtXAsJ9gOgNYb8A,-2334094,3588262,0.4155,1656526#xY8pPNAS2pUvPu3xE,6718368.0
719,202,2,6,7,4,2010472#tnPmhCJOxmUnXJZpSTFSpCNsUmK,1318103,-5057564,-0.4395,4340053#S8ztiYefjgDUkQNdF,7165072.0
720,215,2,4,7,4,2512663#5H8ID9wLERchLrwxFdXex2zev7q,163748,5457583,-0.3700,2064920#kXP2budSvWN3lDVgM,348624.0
721,137,1,5,5,5,4516042#PoIr66MirXFwBTe5E5ghXfqVNBh,-168606,1406422,-0.3065,1747699#64ijv1N4op2qPOD9D,6275056.0
722,121,1,4,8,6,6307956#RE6oUi1XENTAka5PJhEs2GI2ZW2,-6978130,977947,-0.2880,4709958#eIb6wI9Iluxw8ahkn,3520688.0
723,112,2,3,9,9,3684719#hEvA9R4jonSceNVftjdQF9OvR6s,-1487015,4265726,-0.4315,4801948#lFknEm5VSu3nDzhHG,-5678016.0
724,26,1,6,6,3,2378339#RhpOCd9tFzt9pV5TyWGbsZnOOto,-126426,-109999,-0.3140,1741859#VqkFjsrJe5OyGlXar,-3869256.0
725,116,1,2,1,5,5707890#KCHbljiQialoUj71yAlq2xGOB5H,1541784,2840868,0.3782,3900899#eS7C3J3dtXbmKhlw9,-7133760.0
726,168,2,5,1,8,3436549#pPocPiNpm8DAuCW1PwRfoSVnUwQ,-3734477,402287,0.4107,2833746#hfJndl9LLMqfP5iQi,7213536.0
727,152,2,4,9,6,2953732#hwghhKUS6yz0ZMot3Mm3IOrsoHt,-3517317,1249265,0.3803,5622077#oyRAVqKnoftePcKvP,6417691.0
728,54,1,3,2,2,3300649#o0bZdeEcAFktMz07hdwBXoHuxz1,3869304,-4250182,-0.3720,7103722#P6B9zVr9exLmRw5Br,5755376.0
729,2,1,5,2,8,2436549#pPocPiNpm8DAuCW1PwRfoSVnUwQ,-4021569,-3054717,-0.4245,1136500#ndqYdCnrE8GW7TdDT,-3085664.0
730,200,2,6,3,2,6780388#15WYPw9FoAbBNL8ornmtf4dlnAY,-5890617,1182874,-0.3090,3855628#KskqhILiMM8OyMuMP,1193152.0
731,12,2,6,4,7,4424629#i9D2aYdhWFdQJubNWhiGCVSunKl,-4118251,-7212566,-0.3633,4219877#76cKeYcTLOHdDyOEY,2172160.0
732,145,1,3,3,4,7102177#VBfcHNrdrRa1Sv5O08OCONNskZk,4604237,3118150,0.2979,6863682#MskIchPUmyyOq8e15,3168144.0
733,202,1,5,3,3,4043903#Jm8VN1YTKNSkGxTPWlU5uL6S6zp,2209104,284783,0.4064,5491962#DcofphnxsbOQdOwtc,2488272.0
734,159,1,5,4,6,6232469#T2LcRN4yILp5T88wfpy5hs1VURO,4830799,3122370,-0.3490,4941256#afe0AyFkI8hShPoi4,-3671360.0
735,197,2,1,1,7,6570442#UlzKr1g6MBHzgsxm9YfEEEe4tN2,5411362,-4649545,0.3095,6151019#v5QSYh5zznBTic7cx,3339152.0
736,12,2,4,5,5,600663#5H8ID9wLERchLrwxFdXex2zev7q,-2075946,6159122,0.4130,2104255#sh6zLiQSMB9WiTxu9,2287760.0
737,19,2,6,9,1,4377441#nb6edqtcjTZCILwnBM3FxI2MwWO,-4554583,-1810028,0.4106,6218348#ACMCW2uilV85uGfXG,6481940.0
738,53,1,1,8,2,1358573#UWhVNm6fq16apXZcYYzvbZDggG4,5030858,6852781,0.4181,5970713#1gno6WN6t45RM1iHm,-6207984.0
739,187,1,2,8,3,7357984#6v1T5PXOBwSXKSutQMhGjfI5BpJ,-930057,1428910,0.3116,5033012#72JSUMfZHUtW5E7Xg,352728.0
740,74,1,4,1,6,4303301#rkDDTVlcZBLCR8q7Ix2Xs043ZfR,-6822282,3273702,0.3322,5138791#3TPaDcPU4eV76XcNa,4873600.0
741,123,2,1,1,9,5254253#PplvCn6dsvC0bX3YeG99tAob9ua,-6002821,-1147704,-0.3745,1346292#Hno22ALKIvWdV3Nuc,-1998848.0
742,74,1,4,7,1,6325140#7AVh37Th0SpOX97rzhosxQ3QXvI,3214234,-6983666,-0.4510,5964428#mNcOPVLFPKujHiHh8,5665024.0
743,87,2,4,4,3,1494476#CXqYpcXEeLp7b6MuZV6oaTlkapX,4608994,3943393,0.3737,3326908#9NmzuhHD2LdHkBo4B,-6127440.0
744,98,1,2,4,1,1244442#UlzKr1g6MBHzgsxm9YfEEEe4tN2,-4821969,7430264,-0.2850,3871695#crjeLwl2qQN8Cz49H,-3597200.0
745,201,1,6,4,5,5128683#ImWo8klnnraJwEtSvu00vTYrZb8,-4045215,-3809318,-0.4425,5214340#nBoA1kJGpafDcWjgr,-2991888.0
746,157,1,2,2,4,1747127#8pGmZmaEzrN0CVyXepkW820hGf0,-204606,5690232,0.3053,3092125#sr3vu0KlCYqiBXSyR,6415264.0
747,221,2,6,6,7,3191303#AhHru7q3ewb61g7cazsAhE7eWk7,6860137,-6801498,0.4889,5010262#TXqQu5tLx90iZr17W,-2430624.0
748,105,2,4,5,5,6386812#C6wqcgfehd1oK217uz5xbloV03f,-5821036,371498,-0.3470,4005513#8bOhGzuLVxLuwhmku,-6443200.0
749,109,2,6,2,2,1136151#ieVqTaxmEZ20d7nraa5zCmIv8Xk,-809953,-358935,-0.2775,4941654#qvh0cAiQGCxS9gbCB,2046448.0
750,219,2,3,9,4,1341754#Xbg9en81XB43BBUCYswhU4PkUVk,2198043,-2060175,0.3175,1392684#BnFQnSwftNTsgjrkb,3642592.0
751,4,1,3,9,4,1125851#uHy1sNkLVyhEy7iX6ZZnm9pqS4U,-1029394,5912729,-0.4155,2230185#5zKvvZCtdZOlWbXzI,2009664.0
752,84,1,3,8,8,1495989#FmhpNAnWZ4M062cP9uKqCGKXbeg,4246266,3524530,-0.3960,2676984#7GsdRFKuLXy66hNR3,3467360.0
753,23,1,6,1,3,640784#z0iyliaxTYXVMv0bFlpJnMZHi4z,-5926750,5190468,0.3190,2596924#Pdae3FDoxgoXJhfJJ,2874912.0
754,40,1,5,2,5,7098633#Hl87ygSL7bqkN6FboSDvYbpDtWW,-4159,3792801,-0.4470,2014703#en5UdCE4zRRH2nUVX,-5541392.0
755,69,1,6,2,1,6547279#mUojwYpYha3etBS7qNkxs7pUvir,6568873,6855186,0.3981,5457815#oiWWYnyw1QkTrdpNp,7142896.0
756,197,1,4,3,8,1825921#hVGpCgRmvRVigktURZYR3GiUR1A,-2572479,5973868,-0.3220,1113978#LlF2b9rXkwHFbRJRz,4574528.0
757,53,2,6,5,7,7483697#lRPMztYYAwAKN9K2nrhvWgIOSVt,1166940,-6715679,0.4043,6983517#nyIiZ1ciJq8siIJEk,5186720.0
758,173,1,2,7,9,1954475#AEgfx1S6JvoRzTM064ZoKi871oU,-5224909,-4634641,-0.3430,80476#IIfUM442jH5lVq4Jw,2932624.0
759,207,1,6,3,2,4772532#FXJvTnLmFtkEcRkEn2VjI0r3vQE,-3388413,-2502458,0.3822,5328860#0SxrQIM53y4QKgFaj,-2806560.0
760,200,1,3,6,6,602513#FUAxYNH3wklm6JMaCFhEe63cLhG,544516,-2913932,-0.4000,5280407#iRRwVyovcKNA1RC13,7257280.0
761,1,2,5,5,6,2447250#P2GpDhfUcgmwQieApv6hz3L5NVn,-181110,-6745171,0.3133,1669122#CAyXmhKpbdW6GIDf2,-1652192.0
762,174,2,1,9,2,3150728#bs5pHceACDYLXHrsf00oAIMfDhT,2487869,2039494,0.4678,6406281#n0ZpWb3PMzv5h6aVS,-661056.0
763,217,2,4,7,8,3324009#jjgSrPhRpqhpochARD2Djdq8Bab,-4213962,-2762697,-0.2855,7425997#FgVtrOCy87XOldcSC,-3439304.0
764,41,1,2,3,2,6186788#rQkR9ZB6ZjjnmN53FzWXljurFoT,-4164574,-7321305,-0.3900,2187432#daNAqPBPgtXmamxZI,-7392464.0
765,215,2,1,3,6,4912304#jTvP9ceWwWEx8Q5g2j41CObCiSg,5223639,-3817922,0.4934,1698322#2tERlE93vUxzyYN81,-6893840.0
766,41,2,6,5,7,6171838#cQTDGizcw5bzvfFDcchnqddWInY,-3883455,-87219,-0.3530,4322317#zQnKAmi0MRaSji5ht,6575728.0
767,211,2,6,3,7,4248838#cQTDGizcw5bzvfFDcchnqddWInY,-1386002,5978278,0.3565,4849531#EiFXx1igTZAgbPXiI,7162749.0
768,153,1,2,8,7,7378611#LPlh9BvMY39z4f8X6e00jxqEue8,-2496544,3837805,0.4420,1771235#51cUG2SZvvl03fY5Y,7185568.0
769,56,1,4,3,7,2149876#lsuSRliJsaSt7HtbnryLiSe3bvL,1409484,-5409864,-0.4645,4641798#4fShYEjWtYkdThKiG,7663472.0
770,198,2,3,2,8,2686461#904U8KLTkEhjcAVPdjtNiNrVdqQ,175173,5836620,-0.3950,2207930#buEy1KjeTlvCTo0jV,373424.0
771,223,2,5,5,6,4828571#tWovCDXpjTpr2AH7kllifiHsYPh,-179656,1504003,-0.3315,1868646#mpaxuk9s2qzzdKER7,6710256.0
772,119,1,5,7,7,6744251#jKAOhbZHtRB7YCYyU11z3mB8S8u,-7461630,1045597,-0.3130,5035738#lpCSRZkFxibDmWzmD,3764688.0
773,223,1,6,8,9,3939524#jOo44STvvV11rYuC1rQFcfP7ujK,-1590265,4560826,-0.4565,5133532#u8MSXvtzX3eiyZlvB,-6070016.0
774,50,2,2,5,3,2542096#xS45fWut816VTdgaVFvaBBDMJ7q,-135345,-117099,-0.3390,1861685#fzKmYIkCnpbPbUdA7,-4136556.0
775,83,1,1,1,3,6101358#y2rKd2Liu0Zgr1tPxAvYdk5m4og,1647534,3037068,0.4047,4169776#q83NNldtqESx2RQQX,-7625760.0
776,60,1,6,6,6,3672733#mqF5Zt6jTgv3VXIwcLVfRWIOAlO,-3992002,430318,0.4372,3028860#0SxrQIM53y4QKgFaj,7710336.0
777,183,2,6,1,5,3156864#yybNAycmcb48lw2iZBx1SLJ8dqV,-3758755,1334915,0.4068,6008223#UC4GPVhbDT5z3PejP,6859141.0
778,49,2,3,4,5,3526867#VSfZMfs4tHASIUhZ31AvkBKn7ro,4134554,-4542757,-0.3970,7591428#mNcOPVLFPKujHiHh8,6150576.0
779,114,1,6,3,1,2603170#Mtrebp0QpN5Ozk7RAZ9u3rTXK5S,-4297544,-3264267,-0.4495,1214106#hxpRsvgRKgxRGLJAy,-3296864.0
780,156,2,5,9,8,7244218#SRQsXp8oa5TB7BiRhcaZEjdlaT8,-6293817,1263874,-0.3340,4119070#hardotOxRarTXSywz,1274752.0
781,36,2,2,2,4,4726766#6INmETaRZ3vw7tbAe4CGurztcRJ,-4400351,-7705566,-0.3883,4508363#6YzPBGMtAAmcIhCBO,2320160.0
782,157,2,1,7,8,7587092#oW9SgPWjcxFXDvhShNd6IywsnGR,4918525,3331713,0.3244,7332497#RUHtRWgM50VwTLm3h,3384944.0
783,82,1,5,6,6,4319311#WDbBjhEpjLGcOkA7rUU2sOZ9VIZ,2359679,303720,0.4329,5866267#8q8hxPLfoH6Xr6IY2,2657872.0
784,124,2,3,4,9,6656788#rQkR9ZB6ZjjnmN53FzWXljurFoT,5159499,3334570,-0.3740,5277841#1Bg2ln9BDl44v0Skt,-3920960.0
785,43,2,4,3,4,7017295#xUP4uO2droh73chvRn5VEFNQdt0,5779687,-4965795,0.3360,6569191#ShDWaJBD1woIYdSTV,3566352.0
786,57,2,6,2,3,640832#0BDvobevMMJTOnQnfMt8EOlf1WM,-2216996,6577697,0.4395,2246887#xkvdnVuxB6tlM2GUn,2442960.0
787,49,1,4,9,9,4674261#tnEa6Q3zerQg0e3h7J8w6NgyIDz,-4863358,-1933003,0.4371,6639915#uoWD1BN4IjNhvTIlC,6921340.0
788,185,2,1,4,4,1450543#YXPJ4XVCrvoQE7VnsJP1WLf1aO9,5371795,7317506,0.4446,6374723#jlq25M2CiolB6dYI2,-6627984.0
789,162,2,1,9,2,7855411#olnCFdMu6BlgWDNWiWv68XccbBV,-993308,1525410,0.3381,5373208#5PUvVdN9v1sllXNTJ,377128.0
790,164,1,6,1,6,4593579#9TvHqRt2tJGgR9Sk844WQaFVvW1,-7283757,3495152,0.3587,5485876#niqqWWOYwqmOCETXM,5202400.0
791,63,2,4,2,2,5608445#K8bobT4VAIzIV7qF4m0whmAQxHK,-6408321,-1225416,-0.3995,1436464#OOuT026NEArDisKIR,-2134048.0
792,96,1,6,8,6,6750956#RE6oUi1XENTAka5PJhEs2GI2ZW2,3431084,-7453966,-0.4760,6366333#IBJhW4SE2jk7KrHEr,6046624.0
793,112,1,6,7,1,1594878#KUwFaOjVj51lQAQDLUUVDt9do0d,4919607,4209052,0.4002,3550197#yvn3Z8Y52z3vj6M8i,-6539440.0
794,131,1,1,2,7,1327675#CTSlpOgNHfoxvLhkdC20PYI0jY8,-5145869,7929839,-0.3100,4131807#Q1aq2WMglGT1o17xw,-3839600.0
795,144,2,4,9,8,5472261#tnEa6Q3zerQg0e3h7J8w6NgyIDz,-4317315,-4065318,-0.4675,5564154#2OZogJetdwlKa6dKI,-3192688.0
796,95,1,4,8,7,1863611#LPlh9BvMY39z4f8X6e00jxqEue8,-218643,6072257,0.3318,3298853#JXgigeCwZpxwONpBa,6844864.0
797,153,1,2,5,9,3404781#zmun4aJCs9itwnEXLS91uA4EImU,7319299,-7256898,0.5154,5345427#5c1k8W22br6pve2Kk,-2593024.0
798,70,1,1,5,1,6813344#x6ZEDTvLK7MHUQKZe07B55jOhpd,-6210186,396298,-0.3720,4273032#Pr4eLLljVetklUedQ,-6874400.0
799,63,2,3,2,3,1211337#6n0DtCo6G19eudDUbhkH4YRGqfN,-864576,-382985,-0.3025,5271442#yS1U2wsqQkNvxnTA8,2183248.0
800,13,2,5,8,6,1431058#3tWlYj1Uq3zTZt32wqUSuKjXWOQ,2344593,-2197575,0.3440,1485167#PgGLag7lVETq9C4dc,3885392.0
