1606,823,1218,647,9047175#wAsilehbVCIPzUBBCcy,12381598.95
1607,445,377,628,2093843#SoWHLEuXJSn45OA5anX,3260674.30
1608,1205,1709,136,10852481#PJoMcGfBgyvdRuUW799,-5719661.74
1609,690,1415,905,13748456#6y4P27W35FewdG5d4NU,-7227705.55
1610,575,1271,139,13967405#IfKvEJRYWdHMiXDHmNu,14919577.00
1611,930,224,793,11404444#N5DM3lyAdwUnJRtdcHZ,1937528.46
1612,431,1575,548,5924826#6sjPTU2PSSZMzr5l2ej,1853768.19
1613,433,234,1800,7169077#BMeGspnIlrr0GHHiMRL,-1071360.07
1614,93,1698,1068,11990832#6d1cFgqfwKQ7S5yQ5AY,-7810020.72
1615,522,31,564,8276865#IMRZ3ILaVu6q3g6x1XF,3075660.58
1616,619,1019,1205,8441755#pxYhqUZ1ajIdPzjgoZL,12847282.08
1617,581,678,1022,15530532#Kzi2Ynrm4GrpeaPH43E,-12417322.82
1618,1123,64,1113,5511906#S4ZoHf5i7OJkrkq03d5,-6173586.99
1619,932,866,104,13231462#3muWYKbzwtd4OBlIxkr,-15048384.18
1620,1237,1542,1788,3554194#HRyXJV3aQDusY7B8mcA,9845674.46
1621,395,1807,880,7140099#jyYN00DUCJU5ffVcCk6,-5023386.85
1622,1322,951,700,552026#RRhCR0SXP2lwe6OP3cv,13942637.75
1623,690,1572,1161,5717338#M1gStYpVVXrb42r4I1y,-12748219.50
1624,11,591,66,7339047#iFCxGi1bVFJgBb9yTGs,-14502851.21
1625,1344,13,521,5667417#oK6AYjLrMwrfdw6AvpQ,1925559.94
1626,1448,1027,788,12354722#x85DRU3FLJuUbS5d8wH,14902814.57
1627,416,377,290,10006846#WICbN0Y4NJc5wG4F9mD,6201280.89
1628,32,94,67,3438178#rA1Bk3ncOT24uRVCFTv,10853128.60
1629,374,756,521,14130056#2BFpdNuZd1GHxyhrbhD,2245773.44
1630,653,162,1613,2842618#MyosCZRgOZWfbthsETr,-11137519.06
1631,249,684,229,2744943#iJC7qy7bRg0AfrbvuCz,5252885.23
1632,722,338,96,11138266#uz0EPwPc3xoKjMQ2SNa,-15117845.48
1633,827,677,1878,8306888#HAZ1FxSKnNhUTqngzMv,12474499.94
1634,80,779,351,9716763#pBCsM4zRqng1gNqE7eN,-5779043.88
1635,811,812,986,2333218#x7Rw2qJzaGWFfvGxXY4,1493101.56
1636,627,1598,537,4715369#zGNUZgQfEb4aQKFoHbS,13297526.89
1637,786,1527,1273,13720557#TlYlgMNr7kIQBngzasB,-4269113.37
1638,865,1026,725,7264049#kDRx2Dz1JWPa4tW6rWv,9208081.69
1639,1186,938,661,15768422#fRHYMyTXtdC8TwX5aBS,-2991405.19
1640,1263,1853,1551,4256108#NlEENqw6mOgAhCq9fL5,237733.65
1641,1162,1109,881,12075534#1vcjgUY1HrNWiyYziJa,-7735630.18
1642,837,1512,579,6775380#V8neY2NeA9dnhutq3uc,1298636.33
1643,1081,1891,1377,15700946#2bzrlznTW1AkkYbCi0w,-12310318.63
1644,440,1374,1814,8947267#o4SdLKQIsptUiv0sfwQ,-10856067.53
1645,1072,268,286,11648645#dXsw3hncMyb7OahI2ev,-4147357.84
1646,413,581,1557,7082047#iFCxGi1bVFJgBb9yTGs,-14760777.39
1647,960,777,1027,504402#MowgGhXGdCFZHKmeel8,-2867250.42
1648,357,269,523,3003068#JYWnaF85k5jRc0QIzBf,3465757.55
1649,1131,48,116,11416492#2MMHayNLDRwumhP9R2L,14174501.15
1650,450,104,232,1888159#IldmRItzw9V5jIpkNlR,12636289.12
1651,755,202,1800,16090786#GpqtrRUcghY6uNApbcK,-597164.82
1652,747,615,528,6132757#qOBkvOM5FRZzUsomdNA,4573436.99
1653,124,485,875,750900#cIkMkPAWbfpgfVVnJ0k,11210828.15
1654,425,892,389,4178630#TVL2hwnRKI0i5zh3RhW,4960222.10
1655,1405,1344,1024,4789850#379rSGw6W2Dc8nuYR4D,-9001251.73
1656,1225,1874,1549,9328665#AnkWJZYm6EwrrRpb4B7,12767279.95
1657,1066,1127,368,2158778#NgyfN6Wz6OPwwrCYhQz,3362364.30
1658,528,1612,1193,11189861#ipgUOh4xSaKdIoVYUXL,-5897363.24
1659,1295,773,1352,14175428#hCBFOJzqQeR4VHPjbya,-7452111.05
1660,1337,1688,993,14401063#qz9jliI38bJulHLc8Zm,15383078.00
1661,484,1532,1503,11758165#PZ9EifindKsKAne0jZY,1997461.46
1662,283,102,147,6108492#2MMHayNLDRwumhP9R2L,1911052.69
1663,706,1875,652,7391146#2zQSvf6Fm09AqkaGGCa,-1104492.57
1664,470,1333,1808,12362115#vskFmgSUeW3UYyRoXEU,-8051850.22
1665,1185,218,1879,8533080#nkOEBkv09QKJ7BosFTS,3170764.08
1666,1107,64,618,8702851#JMvPTVcNyJzjBxUZ924,13244942.58
1667,907,975,682,16010665#AnkWJZYm6EwrrRpb4B7,-12801253.82
1668,795,1107,1413,5682160#mOs3YnUhAxv4CRwe2NU,-6364061.49
1669,189,1019,1271,13639923#6MZjBdylu3AAWYoYSIu,-15513199.18
1670,1348,949,428,3663735#1CEmaJ6vZ7ef0E5FBum,10149394.46
1671,324,1007,799,7360130#t301vcJQ9IcnKZqA5WM,-5178317.85
1672,1478,791,182,568850#379rSGw6W2Dc8nuYR4D,14372431.75
1673,1350,1665,817,5893425#aKnnVbwMckREm3bgpC3,-13141045.00
1674,609,1089,1277,7564738#JdQJk1sBoPSUi71inB2,-14949133.71
1675,736,250,840,5841535#cXlgTvq5bGC7Mc4XfYX,1985050.94
1676,1350,138,59,12734508#RoFyedyRJJaYh7s1SXq,15361367.57
1677,1426,1178,1138,10314320#c5oZBZ4a3sgWwtdsygD,6392088.39
1678,593,137,1316,3543545#OpusI5TyaQYOSqMz91d,11186689.10
1679,748,985,635,14563573#XcqeP48JNJNZCS9AwGC,2314933.94
1680,36,1808,584,2929607#FVMzmFDiT462XIW8Ib7,-11479381.06
1681,1340,892,372,2829018#AybTRhSTlseGtcLqXry,5414094.73
1682,618,1136,1036,11479413#zrDUUhlWuEyfgyIoN85,-15580737.98
1683,734,1804,1048,8561204#qmCsVOZbCMDKqrK60Be,12856445.94
1684,291,1329,392,10013868#YsjLG1vKXcNYIebVRXZ,-5956186.38
1685,1199,1650,1174,2404457#FKL6BqmunDifDHV2HhJ,1538827.06
1686,555,607,1538,4859294#jG13dDK24MbQn4NsWXm,13703634.39
1687,803,995,96,14139549#0cRVIaOH18m2kh1iuGH,-4399649.87
1688,1101,1659,897,7485488#zB4FZyU4HvtHlkAFbbN,9488856.19
1689,435,1418,618,16249293#2Xi8sKIHqvTTiyYzIZR,-3082699.69
1690,1435,1004,308,4385695#U8kaD8JjyjJ3bfoOKI2,245152.65
1691,57,507,632,12443422#fRHYMyTXtdC8TwX5aBS,-7971239.68
1692,469,1405,1263,6981604#moQ9MXB8Te40gWMdYrM,1338024.33
1693,1452,606,818,16178469#tigaGBKgwx9rX9vawcR,-12684643.63
1694,874,652,1807,9219139#cuGcxWUuFTB8gqPgCy1,-11186186.03
1695,919,1768,200,12002558#YGiMInpQmWhmyGVUSLS,-4273509.84
1696,172,762,1843,7296881#J2Cg1lJ9RVn4zlu7oHw,-15209361.89
1697,95,1327,942,519608#KdUX0PkzajUorC06Mvm,-2954334.42
1698,701,747,841,3094179#Ty5d27Yoqj1Z4c18JQU,3570857.55
1699,642,644,913,11762601#IEmkZDMND4f1qVNwiVU,14604325.65
1700,737,1386,1734,1945370#yVm6YN5waT6zBu3AIOm,13019422.62
1701,803,1409,1467,16578034#a0TzuOsp31midlSciG1,-615193.82
1702,1222,491,69,6318269#zzL31ZfNMks887pSZsW,4711840.49
1703,1021,840,956,773539#yCzBr7QsnUHknKKdflP,11549941.65
1704,711,12,1797,4304940#3s4NoPAOFEFcskyj9Zp,5110041.60
1705,531,571,1350,4934486#ZwLl8pB5yMUy57ezdXp,-9272903.73
1706,137,600,554,9610154#rOfR6yKyO2SNEVrVouc,13152960.95
1707,197,1877,108,2223713#FSDREhXPJLJR9z2uKzp,3464054.30
1708,1341,1515,355,11527241#MfvgYZhParBCmJkHoAH,-6075064.74
1709,411,132,1800,14602400#brFdt9uW2GWe9KxbpuA,-7676516.55
1710,610,174,1847,14834720#cQXjZMeaFYcP8Bttzud,15846579.00
1711,38,908,317,12111886#s9TGMe28WuVAUEfyNaG,2057394.46
1712,135,561,1642,6292158#PHHw9qRXNJYow6YXYHR,1968337.19
1713,979,1584,1401,7613214#fmCfcXNV0oqXq7mamjN,-1137625.07
1714,847,968,652,12733397#M9ycgkMxeBYxpdnyyGQ,-8293679.72
1715,359,404,1297,8789294#jG13dDK24MbQn4NsWXm,3265867.58
1716,106,1041,31,8963946#2bzrlznTW1AkkYbCi0w,13642603.08
1717,1233,1272,343,16490797#Z5INEpQpcgVLnVcQ91f,-13185184.82
1718,467,219,1712,5852414#mx9xfYWW91P8WELbLqE,-6554535.99
1719,935,1173,542,14048384#hEOLnHEFszM4KgujlRM,-15978014.18
1720,1459,355,963,3773276#gSoyUMDf8clqAFFWsid,10453114.46
1721,254,208,718,7580160#mOs3YnUhAxv4CRwe2NU,-5333248.85
1722,144,630,1560,585673#VOurPLVuaiRsJ5M1Wet,14802225.75
1723,521,1758,472,6069511#neNWk9pIXjVuCXOaqlj,-13533870.50
1724,1207,1588,592,7790429#HZhrSUoofKrvoJQEoQs,-15395416.21
1725,129,488,1160,6015653#Fmh744RrpJKTbi1rNV4,2044541.94
1726,1252,1180,1227,13114295#F0q8XYqI3O3TdaUDnpf,15819920.57
1727,946,47,90,10621794#sHQdRzCowYxkCWYQHcP,6582895.89
1728,1155,180,669,3648912#HAsvKvNTGjjBumXp79r,11520249.60
1729,1123,1213,749,14997090#NY5BY96ZnhZkfRjrhYe,2384094.44
1730,909,1523,1451,3016596#4Ubq9qMZH51wbFPfGvT,-11821243.06
1731,943,1099,514,2913092#qrpvE7PlTg392vDqlom,5575304.23
1732,513,3,80,11820560#fNwITrzQPHNa96BufHT,-16043630.48
1733,642,1000,218,8815521#cVg6gQIrAyBQBTGvUfV,13238391.94
1734,503,1879,432,10310972#8acw2Ny675SfvAbYSpk,-6133328.88
1735,99,558,1362,2475696#bOaIXsAHtcxm9amzpks,1584552.56
1736,482,1547,643,5003219#9OZWOuw9Z815u1wNxVr,14109741.89
1737,819,463,814,14558541#3G89r0H08PQK4S8eYno,-4530186.37
1738,1337,361,1068,7706926#9zJa9Tj5b6sRODTo33w,9769630.69
1739,1174,1898,575,16730164#QfuO3qJvppxOpPzABa2,-3173994.19
1740,118,155,960,4515283#0Rtgw0MDiW5EpbOHvXn,252571.65
1741,441,1835,383,12811309#47cxqQR0zGhxVRbvSET,-8206849.18
1742,101,1298,51,7187827#zGreAbZvJAJyeER9Nt5,1377412.33
1743,335,1252,260,16655992#1vltSkv29KmmFltzeQS,-13058968.63
1744,1307,1861,1799,9491011#KY6ZOhFfmv4PxtM97ob,-11516304.53
1745,766,1338,114,12356471#sVQF9vE3mnCZ2NwYTOW,-4399661.84
1746,1420,944,232,7511716#xz6QV7eAGSbzYc2BErB,-15657946.39
1747,720,1878,857,534815#7vzMnXThImmNf7DX20W,-3041418.42
1748,1044,1225,1159,3185290#V9zY3d5wOIg2q4lyNWt,3675957.55
1749,153,1240,1710,12108711#sK0PBdW5yLoWcRCghkO,15034150.15
1750,1023,736,1340,2002581#MmTgzhAzAudbOX7d7ru,13402556.12
1751,852,684,1134,17065282#zAmqwxL5qRmavk5rHzt,-633222.82
1752,209,368,1506,6503781#VUl0SuRXny4FvwU9fqK,4850243.99
1753,429,1195,1036,796179#Ty5d27Yoqj1Z4c18JQU,11889055.15
1754,997,1063,1310,4431250#jGfm0HT83tZZpEKn551,5259861.10
1755,1146,1728,1675,5079122#oVMguhJMlY5ZjSigpPA,-9544555.73
1756,539,1256,1456,9891644#8hfMoHZhOY5EDCHwgYn,13538641.95
1757,818,696,1744,2288648#tbINruWp7tnypWfJUSl,3565744.30
1758,664,1418,1412,11864621#KdtxR8CsnRhXSd4b5rm,-6252766.24
1759,1016,1421,351,15029372#YXlttRHJUEWNvsnetES,-7900922.05
1760,1372,591,805,15268378#BwQ0CLJh6nKHpmNOdAQ,16310080.00
1761,1081,285,1027,12465607#FVMzmFDiT462XIW8Ib7,2117327.46
1762,1476,1019,1241,6475824#asQENVu944sERVYi0l4,2025621.69
1763,1252,1294,253,7835283#0Rtgw0MDiW5EpbOHvXn,-1170757.57
1764,1224,603,1392,13104680#EiQM6ym7k9hhMtRVK0m,-8535509.22
1765,1022,591,716,9045509#Ux0eGfKkqNCL3J6vrjK,3360971.08
1766,594,86,1340,9225042#cO9KC9BI8M9eIn0R6Yq,14040263.58
1767,70,1569,3,16970930#JPBfMszkBy1Jj4gTwEZ,-13569115.82
1768,139,1262,116,6022668#KgJgQvAQmBNQJmnuc2r,-6745010.49
1769,192,1326,1709,14456845#DanCteDvuaYUIwkUexI,-16442829.18
1770,81,1693,1499,3882817#yHMNbBtGdOr6uhCTOHc,10756834.46
1771,183,1339,637,7800191#nrg9zOqxRdonl1dm86k,-5488179.85
1772,300,470,1042,602497#mMI8jtanFSq0vDu2w1w,15232019.75
1773,1181,1851,128,6245598#6VyPV4YdHlVwSPZNIRx,-13926696.00
1774,316,155,1803,8016120#0ubIRxGx5CqVJKbREz5,-15841698.71
1775,1010,725,1479,6189771#5q7pJXiLXCq6Ls65zRM,2104032.94
1776,1154,291,498,13494081#TOgDUTjkECcY6znYISR,16278473.57
1777,467,848,938,10929268#K1uEG7LFwvao4n1ojld,6773703.39
1778,227,223,22,3754279#QK4yWFnVKA8pXn3Z7Uc,11853810.10
1779,8,1442,863,15430607#FVMzmFDiT462XIW8Ib7,2453254.94
1780,292,1238,422,3103585#wjl5ly4XON3YwMrufND,-12163105.06
1781,545,1307,657,2997167#4dI46T8YMMtq0hfD3By,5736513.73
1782,409,801,1020,12161707#pecmAiYm8pXesETrBDi,-16506522.98
1783,549,196,1284,9069837#k3DDVcgazwSmRYBiIRZ,13620337.94
1784,714,498,473,10608077#BMeGspnIlrr0GHHiMRL,-6310471.38
1785,487,1396,1550,2546935#yIeMm8YVzYFdhpHKaXD,1630278.06
1786,410,556,1644,5147144#0sqM3mSQnojUicSqdWm,14515849.39
1787,836,1862,1533,14977533#tLicN4U8IsorsqPQTc6,-4660722.87
1788,84,994,1240,7928365#OCRwpFRr6CuQu0F89Tm,10050405.19
1789,423,447,532,17211035#dKjBkjLbGXkUona57gh,-3265288.69
1790,290,1237,1613,4644870#H9xfT6stFweJsEAsiMd,259990.65
1791,825,1233,134,13179197#jkmpm2ADzVeDCncKenn,-8442458.68
1792,1222,1191,735,7394051#girGWDcGu4cPv2ml9GM,1416800.33
1793,706,1898,1597,17133515#yk7oD01Fr9LMcLRfF2w,-13433293.63
1794,252,1139,1792,9762883#mzTMNyXaS65TFgZxwqn,-11846423.03
1795,613,907,28,12710384#hEOLnHEFszM4KgujlRM,-4525813.84
1796,1179,1125,518,7726550#t9VoWOIR3jkzo5aigWy,-16106530.89
1797,1344,497,772,550021#875E7VLiQ5iT1O8FkoP,-3128502.42
1798,1388,1703,1477,3276401#HadMrG7PJwofbxD0eMg,3781057.55
1799,1153,1836,611,12454820#VP7jz6CdGwY1AfWhPpD,15463974.65
1800,1310,87,946,2059792#OXNOuhOIVrO9j0QHvNa,13785689.62
1801,900,1891,801,17552530#1PZwYbVaKCX3t1raFvH,-651251.82
1802,684,244,1047,6689293#2Xi8sKIHqvTTiyYzIZR,4988647.49
1803,1326,1550,1117,818818#ShKtn0Mvc0vM70Bgnv8,12228168.65
1804,1283,183,822,4557560#fNwITrzQPHNa96BufHT,5409680.60
1805,272,955,105,5223758#PGYkpiHGStnxY1l0n68,-9816207.73
1806,940,1913,461,10173133#XqYK2NrHa4K0HIdsOFj,13924322.95
1807,1438,1446,1484,2353583#4p9jEzDZtyFVoRfiTdH,3667434.30
1808,1477,1321,574,12202001#0EROMdOCkaKDNEaSieM,-6430467.74
1809,132,780,799,15456344#GREvwDRPuveFTfYTYci,-8125327.55
1810,645,1008,1659,15702035#dKjBkjLbGXkUona57gh,16773581.00
1811,635,1592,1737,12819328#ZV6IHmMh4AeqnU8B53t,2177260.46
1812,1328,1478,840,6659490#RihzmUvMcFMMD5iD4N7,2082906.19
1813,36,1003,1002,8057351#RXY6YBHTxZ8RpyKsrjW,-1203890.07
1814,112,238,236,13475962#9Ra0PohsdYhdRRQOpEu,-8777338.72
1815,196,777,134,9301723#905mQ135FO7IwAnEM5R,3456074.58
1816,1082,1063,753,9486137#lQRvMT4SKU2SFxK8kuc,14437924.08
1817,396,1866,1560,17451062#On8VY3NzvfcfBvzkII4,-13953046.82
1818,1300,374,415,6192922#NV8mDXcuE7D59LkOkZ6,-6935484.99
1819,938,1480,980,14865306#ckWMhOZLWW0ZWXKx94Z,-16907644.18
1820,192,1099,138,3992358#DKXjqewFmQYpbEDiap0,11060554.46
1821,113,540,556,8020221#qqmZk1FaA6ucSJ2iOeB,-5643110.85
1822,455,309,524,619320#c5oZBZ4a3sgWwtdsygD,15661813.75
1823,352,13,1679,6421684#batdwci2CfhZEetHbYX,-14319521.50
1824,914,654,1118,8241811#8EXOHAmEaWlfaD6iwtR,-16287981.21
1825,403,963,1799,6363889#42Opb3qnooUaq3MpMoF,2163523.94
1826,1056,1333,1666,13873868#YsjLG1vKXcNYIebVRXZ,16737026.57
1827,1476,1648,1786,11236742#KlvTXEh6vATXV0pZbwc,6964510.89
1828,789,266,1271,3859646#CoN07tvnEJS2ljkxiyC,12187370.60
1829,383,1670,977,15864124#kDP1tMzLA4K911QCtuK,2522415.44
1830,1165,953,1289,3190574#B7Hh6E8iYt0E5VKhSGH,-12504967.06
1831,148,1514,799,3081241#MfvgYZhParBCmJkHoAH,5897723.23
1832,304,1599,64,12502854#UYkjQXxNmP3llB04iru,-16969415.48
1833,457,1323,454,9324154#rOfR6yKyO2SNEVrVouc,14002283.94
1834,926,1048,513,10905181#AEtCpWZZ5cDznuPVJBg,-6487613.88
1835,876,304,1738,2618174#8emfFylS9tVZh3k47Jk,1676003.56
1836,337,1496,749,5291069#nV9TMJQkj9iO3xsst65,14921956.89
1837,852,1330,355,15396525#wirarq1ck9hFtCL7A58,-4791259.37
1838,320,1627,1411,8149803#OUD6ms2yyCMLRPcGsM2,10331179.69
1839,1162,927,489,17691906#S4ZoHf5i7OJkrkq03d5,-3356583.19
1840,462,388,369,4774458#m4vaOQPq3aFUbg4WO8s,267409.65
1841,1209,630,1781,13547084#R1936APOQ7SigDzMFY2,-8678068.18
1842,854,1084,1419,7600274#fWVFVvw8R2nflhoCavb,1456188.33
1843,1078,613,1039,17611038#pozS9Lu5dkBSuCAGUd5,-13807618.63
1844,685,417,1784,10034755#pxYhqUZ1ajIdPzjgoZL,-12176541.53
1845,460,477,1838,13064297#gIUdtnBDDsi9rVvzdzp,-4651965.84
1846,938,1307,803,7941385#Hcvuv8xFatgtJzXwvIS,-16555115.39
1847,480,1048,687,565228#Q97PuXJ1ADuUUi12UxS,-3215586.42
1848,242,250,1795,3367512#jHr9KWIbA2516yk78Ha,3886157.55
1849,664,501,1408,12800930#JPBfMszkBy1Jj4gTwEZ,15893799.15
1850,107,1368,552,2117003#tLD4jcdtd4h3Qr2PL2H,14168823.12
1851,949,1166,468,18039778#NgyfN6Wz6OPwwrCYhQz,-669280.82
1852,1160,121,588,6874805#kaH3iWK0PivNWkrWDhg,5127050.99
1853,734,1905,1197,841458#m4vaOQPq3aFUbg4WO8s,12567282.15
1854,80,1234,335,4683870#H9xfT6stFweJsEAsiMd,5559500.10
1855,887,181,430,5368394#m95e3XLDv2FUv3PDq6B,-10087859.73
1856,1342,638,1363,10454623#KAZwJNv1NQi1P1DQAaf,14310003.95
1857,570,265,1224,2418518#kyEzw9BEYXQWY5Glkph,3769124.30
1858,800,1224,1631,12539381#LrPsPPD3M34MT8PGni1,-6608169.24
1859,737,138,1246,15883316#iQvkoUnckUK7Mm9KvqK,-8349733.05
1860,1407,1425,617,16135693#LaRGTKtNZwZf3P3NNW0,17237082.00
1861,189,969,551,13173049#kDRx2Dz1JWPa4tW6rWv,2237193.46
1862,1180,5,439,6843156#4WCfbCedFJbPhp9WXL1,2140190.69
1863,309,713,1750,8279420#wgZGeFbJYaUH9OBTlYq,-1237022.57
1864,489,1804,976,13847245#qsPp0XrBjyyZ0OwruRL,-9019168.22
1865,859,964,1449,9557938#Y39DJIDRA156fwhxAif,3551178.08
1866,81,108,166,9747233#hGgwKuHQm7kzwNbDm9f,14835584.58
1867,722,232,1220,17931195#SiW7EHH7G34XDtFkRNZ,-14336977.82
1868,972,1417,715,6363176#JaGZXzbfbmzbGRjtMBj,-7125959.49
1869,195,1633,251,15273767#ivCiz724hb38pgYU5BN,-17372459.18
1870,303,506,674,4101899#SVB9wwrbS3QQj6fFd7u,11364274.46
1871,42,1671,475,8240252#PnV0hANtIWycj7epGdW,-5798041.85
1872,611,149,6,636144#0sqM3mSQnojUicSqdWm,16091607.75
1873,1012,106,1335,6597771#5q7pJXiLXCq6Ls65zRM,-14712347.00
1874,23,1152,433,8467502#t1Zf3s4xY3QTBkNrYRF,-16734263.71
1875,1284,1200,222,6538007#phuCxlS5KTsJsPszBrw,2223014.94
1876,958,444,937,14253654#vlQ3jhp4KtopcdvXPgr,17195579.57
1877,997,518,738,11544216#CGza1IuKlTmc0MmSjpe,7155318.39
1878,1350,309,624,3965013#sid8gmM8qkjSTB1qnfW,12520931.10
1879,757,1899,1091,16297641#HlJwtiQAIzdbVYRJyBm,2591575.94
1880,548,668,260,3277563#RE7I55fMNS53ocM1L7U,-12846829.06
1881,1239,1722,942,3165316#iQvkoUnckUK7Mm9KvqK,6058932.73
1882,200,466,1004,12844001#0EROMdOCkaKDNEaSieM,-17432307.98
1883,364,519,1520,9578470#F7KzSM0OGGzgIKpvV2G,14384229.94
1884,1137,1598,554,11202286#i6wUglauoKwP8vrNFTq,-6664756.38
1885,1264,1142,30,2689413#zrDUUhlWuEyfgyIoN85,1721729.06
1886,265,505,1750,5434994#OpO9IgXhAOsopBsbcCP,15328064.39
1887,869,798,1074,15815517#KrDdl48N1F9CIRiiVmZ,-4921795.87
1888,556,329,1583,8371242#wb0K3dBzGLnUd2JIvGh,10611954.19
1889,411,1407,446,18172777#ak7ugauAWcXXT69Jpxf,-3447877.69
1890,634,1470,1022,4904045#tEWNY6sqmKJsLqNiHAB,274828.65
1891,104,28,1532,13914972#8acw2Ny675SfvAbYSpk,-8913677.68
1892,486,977,207,7806498#EKdgCBKOxXFkTfAotkW,1495576.33
1893,1449,1259,480,18088561#qetaLaE0BHCIzkAt9M1,-14181943.63
1894,1119,1626,1777,10306627#AICudqIZZ6WQeymKYyB,-12506660.03
1895,307,46,1752,13418210#SfWxd5zvwoq8jRGneqm,-4778117.84
1896,697,1488,1089,8156219#9OZWOuw9Z815u1wNxVr,-17003699.89
1897,1104,1598,602,580434#qW5Zm0mPrEFXmOkK4KF,-3302670.42
1898,586,728,217,3458623#KAZwJNv1NQi1P1DQAaf,3991257.55
1899,175,1097,309,13147039#ep6J8RqAAbxzYvLxu4B,16323623.65
1900,394,719,158,2174214#fmCfcXNV0oqXq7mamjN,14551956.62
1901,997,442,135,18527026#RRhCR0SXP2lwe6OP3cv,-687309.82
1902,146,1928,129,7060317#wdganQJhCCQmWPdJkkC,5265454.49
1903,142,329,1278,864097#rmJ1C0SvrQ9cb6Zo2LC,12906395.65
1904,366,354,1743,4810180#U7eFYLgyQTaQmolPAEP,5709319.60
1905,13,1339,756,5513030#r431944XhA3CfRYjvJZ,-10359511.73
1906,254,1295,368,10736112#sJgSifxxv4gOKuhAmQ4,14695684.95
1907,1190,1015,964,2483453#2wbM977eaHWunJFcKEV,3870814.30
1908,124,1127,793,12876761#UXWCcq77n6Ln1BTNEDI,-6785870.74
1909,1342,1428,1694,16310288#W2S8PqRkfy8bmF8fPhM,-8574138.55
1910,680,1842,1471,16569350#CTfg2gDlQrmN4UVXwOJ,17700583.00
1911,1232,345,1261,13526770#cxuNnyLUFCduT3dWaB2,2297126.46
1912,1032,464,38,7026822#prPAbyKHKckozOpzxDn,2197475.19
1913,582,422,603,8501488#zB4FZyU4HvtHlkAFbbN,-1270155.07
1914,866,1439,1716,14218527#1Ma3boBvBYYTL7YAbXY,-9260997.72
1915,33,1150,867,9814152#BenQH1RoriOD3s4xiDE,3646281.58
1916,569,1085,1475,10008328#ZV6IHmMh4AeqnU8B53t,15233245.08
1917,1048,529,881,18411327#rtnnJTV0H5TxQdMCBUI,-14720908.82
1918,644,529,1014,6533430#iNtCgRyhL7UlVqPUgml,-7316433.99
1919,941,1787,1418,15682228#Q97PuXJ1ADuUUi12UxS,-17837274.18
1920,414,1843,1209,4211440#ZIi6puOkYdUzFN6gJtP,11667994.46
1921,1461,872,394,8460282#zAmqwxL5qRmavk5rHzt,-5952972.85
1922,766,1919,1384,652967#hqEa4p1zrPGjs710sR7,16521401.75
1923,183,199,990,6773857#37eRAJPwXX1Tqy3lbuu,-15105172.50
1924,621,1651,1644,8693193#Pz2BimO6HRQOm1gvii3,-17180546.21
1925,677,1438,542,6712125#Th4kyZJ5X8dzbYnqlDu,2282505.94
1926,860,1486,209,14633441#sXXKJG1r7D4hDkaJAWs,17654132.57
1927,517,1318,1586,11851690#sP9r37oUuuxphKot5JU,7346125.89
1928,423,352,1873,4070380#V8neY2NeA9dnhutq3uc,12854491.60
1929,1132,196,1205,16731158#PHHw9qRXNJYow6YXYHR,2660736.44
1930,1421,383,1127,3364552#JM4NFDg0JG2xgLPJcYe,-13188691.06
1931,842,1929,1084,3249390#yUPhOgFvHT5l9GANdFv,6220142.23
1932,95,1264,48,13185148#smPVMrpT6GSxWH09zWI,-17895200.48
1933,272,1646,690,9832787#hY8UdrSrNAvulo3s3FQ,14766175.94
1934,1349,217,594,11499390#yUPhOgFvHT5l9GANdFv,-6841898.88
1935,164,50,218,2760652#QwTb5Jl11u3KUpJSZNM,1767454.56
1936,192,1445,855,5578919#w8zDnapxh3EqtWu8BUN,15734171.89
1937,885,266,1792,16234509#Ux0eGfKkqNCL3J6vrjK,-5052332.37
1938,792,962,1754,8592680#EiQM6ym7k9hhMtRVK0m,10892728.69
1939,1150,1887,403,18653648#tbINruWp7tnypWfJUSl,-3539172.19
1940,806,621,1674,5033633#ilswdY8b7dzoF8Almy1,282247.65
1941,488,1356,1283,14282859#izCWwKnV1IXn7QGGU3k,-9149287.18
1942,118,870,891,8012721#jb5238cPlseCVXa7poQ,1534964.33
1943,332,1905,1818,18566084#R1936APOQ7SigDzMFY2,-14556268.63
1944,63,904,1769,10578499#B7KI6sHt9lBoQzjhdQx,-12836778.53
1945,154,1547,1666,13772123#Dbq7rJVshaIF8H76P9v,-4904269.84
1946,456,1670,1374,8371054#oe5tiuU8sqbLvRmF0NX,-17452284.39
1947,240,218,517,595641#HlJwtiQAIzdbVYRJyBm,-3389754.42
1948,929,1206,535,3549734#W9OhFW9rseFRGzJ6now,4096357.55
1949,1175,1693,1106,13493149#M4OBkEqkH64GRb7W2oj,16753448.15
1950,680,69,1660,2231425#aKnnVbwMckREm3bgpC3,14935090.12
1951,1046,1648,1698,19014274#fWVFVvw8R2nflhoCavb,-705338.82
1952,622,1805,1566,7245829#pgJtUFUJxv0QnDlOFQO,5403857.99
1953,1039,684,1358,886737#ldwTXEUbGoNzX1LlOsn,13245509.15
1954,652,1405,1256,4936490#RihzmUvMcFMMD5iD4N7,5859139.10
1955,628,565,1081,5657666#kt7ADy1FsDjLTYxe8QU,-10631163.73
1956,656,20,1270,11017602#AitLmwspQPnZR3pc60G,15081365.95
1957,322,1765,704,2548388#c7ZXktY2JKvht6KFEYS,3972504.30
1958,936,1030,1850,13214141#vAnF4QEhLkDNHf0TQxb,-6963572.24
1959,458,786,245,16737260#8nSRyJXYUF2Z6KiShzo,-8798544.05
1960,1442,328,429,17003008#wS6XMtzbQC0AlhGTqb0,18164084.00
1961,786,1653,75,13880491#SDlbMVv3x6xMCVsAEXQ,2357059.46
1962,884,922,1533,7210488#zB4FZyU4HvtHlkAFbbN,2254759.69
1963,855,132,1351,8723557#TlYlgMNr7kIQBngzasB,-1303287.57
1964,1243,1074,560,14589810#LVgvNjqAymcE6b4OPHo,-9502827.22
1965,696,1337,286,10070367#EmnfDRgcYlKaJHbZgRp,3741385.08
1966,1057,130,888,10269424#VqpjFwJQoF2vYlFB5cG,15630905.58
1967,1374,826,541,18891460#Scy4LbWJ8APDslXKrGS,-15104839.82
1968,316,1572,1314,6703684#batdwci2CfhZEetHbYX,-7506908.49
1969,198,9,689,16090689#8o77PvfUz59hteUHzMY,-18302089.18
1970,525,1250,1745,4320981#YvWDwOVs8IwEvtkoF8x,11971714.46
1971,1390,72,313,8680313#IpxXwNNY3L67SqCkGp9,-6107903.85
1972,922,1759,866,669791#UXPzcBmUyEX56rP2oNy,16951195.75
1973,843,292,646,6949944#YnWQm4Sm6zyHkXG71wf,-15497998.00
1974,1219,218,959,8918884#7FugGj9zAS7Hlr3zRb8,-17626828.71
1975,69,1675,861,6886243#24h1NmFKfIsKmaqOh8f,2341996.94
1976,762,597,1376,15013227#5VSm7rAcH9QZ8lyo9mq,18112685.57
1977,38,188,538,12159164#QfuO3qJvppxOpPzABa2,7536933.39
1978,984,395,1226,4175747#inC5vCfGL90XrOSlfTz,13188052.10
1979,17,425,1319,17164675#O9jlRUZqblh3EeAwYtK,2729896.94
1980,804,98,98,3451541#3G89r0H08PQK4S8eYno,-13530553.06
1981,444,206,1227,3333465#95fio5e5PUh1sxPT9kt,6381351.73
1982,1480,131,988,13526295#F0q8XYqI3O3TdaUDnpf,-18358092.98
1983,179,842,1756,10087103#DEa7eQiGtwznN9gECor,15148121.94
1984,71,767,635,11796495#RlqyP3Hd78yyx05vMft,-7019041.38
1985,552,888,406,2831891#PuHfqUPBGyud7BOzdcF,1813180.06
1986,120,454,1856,5722844#d6TjWdlERydQXmxkzok,16140279.39
1987,902,1665,615,16653501#CEfIjePgrhcGww5sQFA,-5182868.87
1988,1028,1595,30,8814119#cgackjHxtBbidAew5hm,11173503.19
1989,399,436,360,19134519#m4W8G8Rnrw4j0QJS2ti,-3630466.69
1990,978,1703,431,5163220#27mRq84dnlh88RjQ4J6,289666.65
1991,872,754,1034,14650747#inC5vCfGL90XrOSlfTz,-9384896.68
1992,1239,763,1575,8218945#XhVMMgnT8OPmTSyhivn,1574352.33
1993,703,620,1259,19043607#FVMzmFDiT462XIW8Ib7,-14930593.63
1994,497,182,1762,10850371#uDeanvrRnTZmTOUvL9I,-13166897.03
1995,1,1116,1580,14126036#pWmo1V5gFoX5QpaLXlj,-5030421.84
1996,215,1851,1660,8585888#HAZ1FxSKnNhUTqngzMv,-17900868.89
1997,864,768,432,610847#zi0BJWu12kXIBWPd1TJ,-3476838.42
1998,1273,1684,853,3640845#DanCteDvuaYUIwkUexI,4201457.55
1999,686,358,7,13839258#ZG5iXkxpCOk4uTR6UzZ,17183272.65
2000,967,1351,1266,2288636#ruA6heBD4uwzZVyO20q,15318223.62
2001,1094,924,1365,19501522#WgChNhSUFU5ahyUvWR6,-723367.82
2002,1097,1681,1107,7431341#Jw3dxQzT4XB3g85s7HS,5542261.49
2003,447,1039,1439,909376#2A8GRivYOvhwFxXKlhm,13584622.65
2004,938,525,768,5062800#eLFhgH4vaO5DZFexMxa,6008958.60
2005,1243,1723,1407,5802302#Gu4vGMM5kFqSlQUWI8n,-10902815.73
2006,1057,677,275,11299091#wvPhAlq6cUfycrcYeOs,15467046.95
2007,942,584,444,2613323#DcpBVrKP8CDKZheEUtd,4074194.30
2008,260,933,1012,13551521#cVg6gQIrAyBQBTGvUfV,-7141273.74
2009,1063,145,693,17164232#xuBcwyN6McPXPAX7mPe,-9022949.55
2010,715,745,1283,17436665#AnkWJZYm6EwrrRpb4B7,18627585.00
2011,340,1029,785,14234212#xpBtJIOy9joTLY0etyU,2416992.46
2012,736,1381,1132,7394154#rOfR6yKyO2SNEVrVouc,2312044.19
2013,1128,1772,204,8945625#crnqa5RFg1fd8Cb6ReD,-1336420.07
2014,131,709,1300,14961092#qrpvE7PlTg392vDqlom,-9744656.72
2015,1359,1523,1600,10326581#MmTgzhAzAudbOX7d7ru,3836488.58
2016,56,1107,301,10530519#m4W8G8Rnrw4j0QJS2ti,16028566.08
2017,211,1123,202,19371592#mqejflpC5k60A9YwZYS,-15488770.82
2018,1477,684,1613,6873938#Y39DJIDRA156fwhxAif,-7697382.99
2019,944,163,1856,16499150#to6Ih0yiFu8AlHjTLKs,-18766904.18
2020,636,656,384,4430522#WgChNhSUFU5ahyUvWR6,12275434.46
2021,1320,1204,232,8900343#2X0mCoPppXNgsXX1J2a,-6262834.85
2022,1077,1598,348,686614#OW6yjYq34cNMvftFqSi,17380989.75
2023,14,385,301,7126030#r431944XhA3CfRYjvJZ,-15890823.50
2024,328,717,274,9144575#EQB6VBHFHXsRmbTZzxT,-18073111.21
2025,951,1913,1181,7060361#55Q1J0BDFCYtDTNVNyE,2401487.94
2026,664,1639,648,15393014#vNU5XqZhDXeHlSkEo9r,18571238.57
2027,1047,988,1386,12466638#wMfVIA5VnjoYOqHzhVP,7727740.89
2028,57,438,579,4281114#iCSntwGo3sCB35FWhmx,13521612.60
2029,392,653,1433,17598192#BL8J6sOBoBUozB4gVSK,2799057.44
2030,188,1744,965,3538530#1PZwYbVaKCX3t1raFvH,-13872415.06
2031,47,413,1369,3417539#yCzBr7QsnUHknKKdflP,6542561.23
2032,1375,929,32,13867442#HMDrQBgGljFI8UZP1bK,-18820985.48
2033,87,38,926,10341420#wgZGeFbJYaUH9OBTlYq,15530067.94
2034,283,1317,675,12093599#T7fOemVnlxScFuqhtYz,-7196183.88
2035,941,1727,594,2903130#t301vcJQ9IcnKZqA5WM,1858905.56
2036,47,1394,961,5866769#HgbTxhdR1Wq1RTtd5qO,16546386.89
2037,918,1133,1333,17072493#L86ACcd5cIJWEY7BpzR,-5313405.37
2038,1264,297,201,9035557#TlYlgMNr7kIQBngzasB,11454277.69
2039,1138,916,317,19615390#yUPhOgFvHT5l9GANdFv,-3721761.19
2040,1150,854,1083,5292808#ZkSev5isJtDihqDkECZ,297085.65
2041,1256,151,785,15018634#rXuy2slsF1MyqET5q80,-9620506.18
2042,871,656,363,8425168#FNwqGnF1ojhRCPX0TbT,1613740.33
2043,1075,1266,701,19521130#t301vcJQ9IcnKZqA5WM,-15304918.63
2044,930,1391,1754,11122243#24h1NmFKfIsKmaqOh8f,-13497015.53
2045,1337,686,1494,14479949#00O2czhcvxfTWWsu5Ts,-5156573.84
2046,1463,102,49,8800723#905mQ135FO7IwAnEM5R,-18349453.39
2047,1489,1319,347,626054#oe5tiuU8sqbLvRmF0NX,-3563922.42
2048,127,231,1171,3731956#cD1oMtVGSxj3HJ7mqXo,4306557.55
2049,197,954,804,14185368#dbPnVJMHsUpPTHH4CMw,17613097.15
2050,1253,701,872,2345847#zi0BJWu12kXIBWPd1TJ,15701357.12
2051,1143,199,1032,19988770#cxuNnyLUFCduT3dWaB2,-741396.82
2052,84,1558,648,7616853#APJ3ABlH14Q42vkGSeK,5680664.99
2053,1344,1394,1519,932016#auhOAnAAvc63D4MYXUq,13923736.15
2054,1224,1576,281,5189110#P5bV0vxRgVnBHuitIrf,6158778.10
2055,369,949,1732,5946938#Y39DJIDRA156fwhxAif,-11174467.73
2056,1459,1333,1177,11580581#MmTgzhAzAudbOX7d7ru,15852727.95
2057,74,1334,184,2678258#ZG5iXkxpCOk4uTR6UzZ,4175884.30
2058,1072,836,173,13888901#Y5Fo7klh8Zm3dz41hu4,-7318975.24
2059,179,1434,1140,17591204#qmCsVOZbCMDKqrK60Be,-9247355.05
2060,1477,1162,241,17870323#DcpBVrKP8CDKZheEUtd,19091086.00
2061,1383,406,1495,14587933#p5X1TWlvq1sBrwZENUo,2476925.46
2062,588,1839,731,7577820#VP7jz6CdGwY1AfWhPpD,2369328.69
2063,1401,1482,952,9167694#JplO9nRO7qxNKOzoYTe,-1369552.57
2064,508,344,144,15332375#dR6pEsGRTDGB01St9Aj,-9986486.22
2065,533,1710,1019,10582796#I41JhUdxn4DKLSxau5a,3931592.08
2066,544,152,1610,10791615#nmwOHoPokYshXcFSF1D,16426226.58
2067,537,1420,1758,19851725#RDIKhQFEdk7NuwZaFwE,-15872701.82
2068,1149,1727,17,7044192#BL8J6sOBoBUozB4gVSK,-7887857.49
2069,201,316,1127,16907611#JWfdm26JadQ5KIj9Mz7,-19231719.18
2070,747,63,920,4540063#qz9jliI38bJulHLc8Zm,12579154.46
2071,1249,404,151,9120374#2EKiJLDCmIJyzBuPAki,-6417765.85
2072,1233,1438,1726,703438#OWAC7QQoffH8UgITDb8,17810783.75
2073,674,478,1853,7302117#Tqn3ernGYCCFxTCRLWZ,-16283649.00
2074,926,1215,1485,9370266#uz0EPwPc3xoKjMQ2SNa,-18519393.71
2075,343,219,1500,7234479#VzfbtgKxx4w3J0X37p3,2460978.94
2076,566,750,1815,15772800#eLFhgH4vaO5DZFexMxa,19029791.57
2077,568,1789,338,12774112#sJgSifxxv4gOKuhAmQ4,7918548.39
2078,618,481,1828,4386481#PJoMcGfBgyvdRuUW799,13855173.10
2079,766,882,1547,18031709#zSXnoh4cPaUJObPXuxE,2868217.94
2080,1060,1459,1832,3625519#m4W8G8Rnrw4j0QJS2ti,-14214277.06
2081,1138,621,1512,3501614#OW6yjYq34cNMvftFqSi,6703770.73
2082,1271,1727,972,14208589#ZYH1i9XwNhpAWjsuvKe,-19283877.98
2083,1483,1165,96,10595736#LcjRe5XXoXOnHXU7rKE,15912013.94
2084,494,1867,716,12390704#4YbdSwaUsVW9H6ikpBQ,-7373326.38
2085,1329,634,782,2974369#zGNUZgQfEb4aQKFoHbS,1904631.06
2086,1464,403,66,6010694#JplO9nRO7qxNKOzoYTe,16952494.39
2087,935,601,156,17491485#qBEJhMFLS5KO3iw3Nwr,-5443941.87
2088,11,930,373,9256996#3hOjeQKvrNZXLwi7f4t,11735052.19
2089,387,1396,274,20096261#aGhT4TeMdVwtDJGp1r1,-3813055.69
2090,1322,5,1736,5422395#x5G1wZQpd5iMu0oAjCI,304504.65
2091,151,1480,536,15386522#WgChNhSUFU5ahyUvWR6,-9856115.68
2092,503,549,1047,8631392#fSRFfV1VsH7r4EEuIWv,1653128.33
2093,1446,1912,142,19998653#Fmh744RrpJKTbi1rNV4,-15679243.63
2094,1364,669,1747,11394115#vskFmgSUeW3UYyRoXEU,-13827134.03
2095,1184,255,1408,14833862#uMrYy6IP9qc2bJnvFP1,-5282725.84
2096,1222,283,335,9015557#TlYlgMNr7kIQBngzasB,-18798037.89
2097,624,1869,262,641260#8nSRyJXYUF2Z6KiShzo,-3651006.42
2098,471,709,1489,3823067#jnTSEe8skwhq3xEDkEA,4411657.55
2099,1197,1550,1601,14531477#6WUwjNomtITe9Gk3Rnu,18042921.65
2100,51,52,478,2403058#hxfP4xpC1RKxi15VPPe,16084490.62
2101,1191,1406,699,20476018#AybTRhSTlseGtcLqXry,-759425.82
2102,559,1434,189,7802365#OCRwpFRr6CuQu0F89Tm,5819068.49
2103,752,1749,1600,954655#EBfgFdZ0VhzbyxjLmkP,14262849.65
2104,21,696,1689,5315420#wgZGeFbJYaUH9OBTlYq,6308597.60
2105,984,176,162,6091574#B7Hh6E8iYt0E5VKhSGH,-11446119.73
2106,371,59,182,11862070#RzAk8f3UZMk0mQiE2wB,16238408.95
2107,694,153,1820,2743193#Pz2BimO6HRQOm1gvii3,4277574.30
2108,396,739,1231,14226281#wHtuxbXDh18Of8gZBMx,-7496676.74
2109,784,793,1588,18018176#JaGZXzbfbmzbGRjtMBj,-9471760.55
2110,750,1579,1095,18303980#DMTk4uxAr7ftRtlqbeR,19554587.00
2111,937,1713,309,14941654#vlQ3jhp4KtopcdvXPgr,2536858.46
2112,440,367,330,7761486#ZwLl8pB5yMUy57ezdXp,2426613.19
2113,185,1191,1701,9389762#LElWQvHtKMCTaSJT6cT,-1402685.07
2114,885,1910,884,15703657#MU9S1jsuosQbaYg7rXD,-10228315.72
2115,1196,1896,437,10839010#41HlfH7A9dgKDwDfaBh,4026695.58
2116,1032,1129,1023,11052710#UAeMEZY1ua4WfS1uY89,16823887.08
2117,863,1717,1419,20331857#37eRAJPwXX1Tqy3lbuu,-16256632.82
2118,821,839,316,7214446#CjIrcLmP5BGeqAPbtZj,-8078331.99
2119,947,470,398,17316072#wJX9azRhUmYsUz8q6Fw,-19696534.18
2120,858,1400,1455,4649604#moQ9MXB8Te40gWMdYrM,12882874.46
2121,1179,1536,70,9340404#5xasrkosGFrJp4xGCtj,-6572696.85
2122,1388,1277,1208,720261#aGhT4TeMdVwtDJGp1r1,18240577.75
2123,1334,571,1508,7478203#TaRSA1QeHRC8aNn5oxF,-16676474.50
2124,35,1714,800,9595957#Qb1SkUvTRUzIqbEgECu,-18965676.21
2125,1225,457,1820,7408597#XG8SLiOZafxBajJw6bY,2520469.94
2126,468,1792,1087,16152587#RRTnSgASOzJFg6Gj8C5,19488344.57
2127,88,658,1186,13081586#geF4AqJurBeNtpMcEki,8109355.89
2128,1180,524,1181,4491848#hnIHyH8YYi6DyaKyu4F,14188733.60
2129,1141,1110,1661,18465226#gweQBjtI1PrQfmIfktN,2937378.44
2130,444,1174,803,3712508#RoFyedyRJJaYh7s1SXq,-14556139.06
2131,741,828,1654,3585688#Ljrk83r5jr5ulH9TCqI,6864980.23
2132,1166,594,16,14549736#LcjRe5XXoXOnHXU7rKE,-19746770.48
2133,1391,361,1162,10850053#m3HJoOHijopHHZqkfH2,16293959.94
2134,706,486,756,12687808#ZkSev5isJtDihqDkECZ,-7550468.88
2135,229,1473,970,3045608#KdUX0PkzajUorC06Mvm,1950356.56
2136,1391,1343,1067,6154619#audLJit8ULCWofNyB0a,17358601.89
2137,951,69,874,17910477#6WUwjNomtITe9Gk3Rnu,-5574478.37
2138,247,1563,544,9478434#qW5Zm0mPrEFXmOkK4KF,12015826.69
2139,1126,1876,231,20577132#hxDglJuyKWxbvDHw8pe,-3904350.19
2140,5,1087,492,5551983#q6OBq4K7PcARSPbBhjg,311923.65
