696,2018-10-19 00:18:20.000,188048.95,6892952,3816222,4608047,576.1,-222257.17,6354261.770,true,false,-722885,-980794,217775#eMq96rslCH5UN6sS85gOHItyKQOOZaZb3IhWm,-4320305.100,2140254,1477793.1,-2394178
697,2015-08-22 01:06:58.000,1227153.5,295823,-4558393,-1675409,486.6,4911433.0,-4500081.510,false,false,2675407,348182,6255391#3RK53r0cTyaLZZsMT2BEoUF63IQkmZ8s2xiBZ,-6610339.940,3358585,-29207.49,5686364
698,2016-05-02 04:33:48.000,-764646.25,2186027,-484654,-1782182,295.8,-3554140.8,2757970.390,true,true,1550467,-2217823,1857436#4TzIBaUjbihDTJdfVl9fgWL3sAwmgRLmraTPG,-2509197.480,-5424275,-2452899.8,-5057745
699,2013-11-25 10:52:10.000,-5123951.0,2578483,913314,-314528,-114.0,3520841.2,2201175.720,false,true,3211616,511766,2728698#fsspDZ7nmWl9Cbdy0eNAAlmm9VrE7lwq5nWAX,-935238.450,1896077,-3526586.5,13149
700,2013-03-17 02:26:13.000,-2427732.2,-804202,-328283,-2847819,298.5,3395312.8,1539236.760,true,true,2948736,4257172,3951693#irM7g8iMkDSXDmsoDrgxGNYU7cDXDfnbxYqQL,2018185.190,5162182,1178363.2,797596
701,2017-02-11 10:22:52.000,-4165767.5,-6649334,-4591004,2164057,51.9,6888074.0,-4122320.280,true,false,-2637864,4016889,3759029#hzRx5VQifTSEBA4dCnqLmhIo9MJzHYpIDVJFh,-5182945.140,-3309318,-3348524.5,3126748
702,2016-09-20 05:54:52.000,-1165269.2,-396551,5545571,-6369164,-18.1,3286944.8,-3400166.030,false,true,2166766,-6823414,4320943#NG9j8bIoDbAFtzGrJfFUfSEV0pB40lRPPFtnk,-4796419.980,-4157073,-3315687.8,6224987
703,2014-11-20 08:25:55.000,-2019610.4,5915049,312765,3632286,-36.3,1486155.9,1716216.930,false,true,-4080939,-5104452,4991088#NNPVHWR3KWF5AB7wyFmvYGKTLHRiRZ3oaKQgH,-1540500.660,-4208899,3692071.2,4803177
704,2017-04-22 12:50:15.000,-4319730.0,1421620,-3280848,2188003,-334.9,6096422.0,-3987609.440,false,true,4604947,6726479,2327792#ACrhsOl1RpPzLbAFoqObz1qGEUc7vULTvIdBi,52498.070,399455,-1333842.6,4702736
705,2014-08-02 05:20:27.000,-1818036.0,1353176,6933307,507883,-190.5,-5755745.0,5654092.010,false,false,6111475,-926778,3373358#WWhk6rQedbTvwBCAtMyo51v1qtmasJgKHb6P8,-3884692.270,769449,4287916.5,6058581
706,2013-01-08 23:59:55.000,-3295334.0,-3572279,-5801670,-6947517,514.2,5855298.0,5372804.840,true,true,-20887,-3515644,4692523#fi5wfUsSCwwEiJuMFhipaEUjNNJ2LwF5VASn1,-5225175.950,-2207680,-262107.7,6756422
707,2013-03-02 09:13:59.000,6566833.0,588640,-4228672,1579373,129.0,3102515.0,3025320.140,false,false,5930995,-6858816,1050398#c9UKXqH53xCucDs7NMwOgKXK4ai6UYF15Dn31,4102813.080,6385052,3187878.0,3281294
708,2018-10-09 08:34:08.000,114100.67,2143468,-6471234,6181039,438.0,-2466417.5,-3838723.200,false,true,5217423,5553005,3324915#fyKVa7Hgz7RzFdizc04T1UVcTiagziREeIXom,3220603.440,-829994,-6407109.5,6174168
709,2016-11-01 17:37:03.000,1797442.2,6775369,1874353,-1013486,-180.7,5327488.5,6012410.020,true,true,6631170,-482819,5003640#Rnr42MOvQ0iBy0UrhpSGVuWwDpIQLzm7Q2M6b,-5345965.180,-2685126,-5330112.0,-3467357
710,2013-04-18 05:44:27.000,5580590.0,-3902164,4320295,-2996520,-94.2,-2040644.9,-3024161.520,false,false,-4308960,-1572621,5320178#xZRVjXM824saT00zbW9U3FgS5ETnds1aQF3rK,-3677978.390,5776553,-4360320.5,-2204996
711,2013-09-29 15:05:08.000,-5466299.5,-1559521,1208993,5005450,555.7,25972.48,-4649911.990,false,false,4716593,3395649,2839611#w3Wl6tTEjWwOS9WeF7q7Hervp7kGbztlMMlyr,-3018626.190,6047355,-6622762.0,635417
712,2017-10-22 00:15:15.000,-1197632.6,2062350,4623615,-555771,-40.8,342739.25,-5372648.200,false,false,3426226,4192116,1521967#cWoz8b7k75kmn4bp9rSlhljiVFsIVQ1jIoQOo,-4011666.340,-6178692,-4589028.0,4086502
713,2015-07-23 05:02:18.000,-4170711.5,-4275238,-1880891,-4085969,-24.8,1216716.2,1896439.510,true,false,-2141406,-2119235,6470130#Ji7YcMJsmqiSdc2hmkfW9yGnw0eMXeOgkkhPr,3290373.200,-2807766,-3880706.2,5699009
714,2019-05-09 23:50:56.000,-505708.22,5418107,-6099913,-5702249,65.3,2733412.5,-5920004.530,false,true,2940889,4659837,4783145#p2G0HkcmDAd03nirEVajRwlT09c4BN0B3kUlM,1160036.090,-2159734,2531598.8,-1841589
715,2017-07-22 06:48:39.000,-4034912.8,5881592,4200947,-4461249,10.0,-705820.7,3273128.990,true,true,5526052,4114244,1706684#S9XQnGYrXU3BA1r54ji2WzPpJvsZ1x5CLVgkG,-5339960.630,4735808,-4366011.5,-3711735
716,2014-05-02 06:43:08.000,7122106.5,-323078,2825972,-986838,-175.8,3984787.8,3986215.920,false,true,255323,-5464133,1958817#oB4qkGU3MxEDy5xv3FNXRp35tyiGXePda5z10,3000093.490,3808826,-3634801.2,2699056
717,2014-05-29 15:53:47.000,-556704.9,1424305,-1641746,6156497,-85.7,-5976932.5,-5710937.410,false,true,-4505322,-4231431,4811812#205Y0agGTuImgUiYs5JMkJh3OLizP6byHukIK,3077806.990,-3614494,1967851.1,-1578432
718,2013-12-07 11:13:30.000,5410747.5,4804298,4798646,3569470,418.8,-2136589.2,-2651533.080,true,true,3849848,1043169,7111862#mLrQ3qajWM8N8HbxJV6DTygEPqd6YvZALui6z,-3866527.100,81447,-6379882.0,6460766
719,2018-03-07 14:32:27.000,-6167023.5,-4295970,3759762,4860368,-61.7,-2019887.5,-1876591.430,false,true,-3152571,-4917649,4939892#tQhXiEHYyptkw1amC1vhH5zRKzF9LLtHtEzE1,-3383397.810,-2630659,4110321.5,-7145655
720,2014-10-23 12:21:20.000,-1533797.6,3911004,3185137,-6139336,425.4,1408616.2,1126387.780,false,false,4153951,-1156126,937177#WMMWQuVIfV18xRRT5zVXzqcPEYvkaF9l6FzXw,3601522.160,-4916461,997979.44,4663806
721,2016-05-29 13:26:33.000,-4693339.0,-3051356,-850111,-5066373,-243.6,-2428978.2,-2480217.010,true,false,-4007387,-2909116,3297371#X3kNlVUpOWhDk4tI6Qd2c1R97uXZyoxfZghvz,-3043787.470,4110896,-7063506.0,-6026690
722,2016-02-13 05:25:13.000,-597854.3,5543750,-2062511,1447558,-372.3,-3817669.8,5259212.660,false,false,-1516776,3386462,3365566#0GwuHGRI9RpztsWkgtjpylVvE5ut56v1UY19Q,-871678.690,3383184,-3878963.5,2170774
723,2017-04-01 07:20:02.000,4413810.5,-62421,-4615207,-742316,-27.0,-4434742.0,4349309.620,true,false,4429933,246736,4303154#rB82vZmLf9Le53YXSPsaRZkSc3DUU58s8l1P0,2203758.320,1238003,5562318.5,4399561
724,2018-07-05 01:25:42.000,-1510879.0,3136517,-7066376,-3310721,-499.1,-2435569.8,-6337740.360,false,true,2995938,4734575,5845738#PCnglpgQULzzoKTctJG0qudl8MoPJQIteKUPY,-6585787.030,4426632,5223179.5,6841289
725,2014-09-02 10:41:44.000,-3749426.8,3616659,-5537669,280760,585.4,2642745.0,-5999463.120,true,false,1685210,-3471847,6035436#4TzIBaUjbihDTJdfVl9fgWL3sAwmgRLmraTPG,1980662.140,5801914,1941668.8,-6536893
726,2015-04-26 10:19:45.000,-2809444.2,-3575167,-6821631,1409237,77.0,6613721.0,1806050.310,true,true,4376258,-1969086,4095704#REHmFi4QDV9UePGNlfstZ8KhObWACjelpGYVJ,426684.300,-4624747,1352961.2,-5009509
727,2018-02-18 23:54:19.000,1308276.4,5180280,5907656,-988021,-290.8,-2368727.5,-553756.400,false,true,3412129,1491763,1176140#i8eyZGeTSfRx18VzndRjniMR5f2eFNJOqyNU0,-1077464.790,-3176066,-3460854.5,-3380254
728,2015-01-06 06:44:01.000,3676705.8,-2420831,400673,2109540,-91.5,-2357888.8,3765553.080,false,false,316918,3364650,6665341#C0S05EKwP19EufuZ8cDmThZYxEz6NrWiJ22xL,436646.200,4203229,-4579034.0,4369349
729,2013-08-04 13:41:25.000,6014962.5,3381405,-2084443,59981,-42.1,-2075448.5,4671397.090,true,false,-4258144,2949864,6846955#4CdoOw8qEDsQGRZJMw6CiZzle1MASirxRoXLs,-4659897.660,4100827,-7229289.0,-3703634
730,2017-02-07 07:47:07.000,5507256.0,-5537413,4156567,1499319,221.7,-6582800.5,1369731.920,true,false,-7163372,-6963354,579627#1RtP762AJlQDihvyfSB5YInaoRsCctZFrzo4p,7192018.570,-5952289,-4394914.0,2478800
731,2017-02-03 20:10:49.000,231659.75,2186615,5860645,-4845898,-206.4,2361786.5,-1654868.440,false,false,4687494,-7245268,402192#5tuq5fjwx200uC7YXksNQEmt8PiXYDOLpQ7cG,2788579.580,5107753,-3575296.2,-3221551
732,2013-05-11 12:58:04.000,-4642496.5,-2108916,-4260014,-812209,-409.7,-4570406.5,-767149.870,false,false,-4821656,-2127133,667009#2KC1nyIacleeBQgBp5kWqtz9eonV6wchRKtZx,5144366.860,-2052396,4559444.0,4236071
733,2017-11-22 15:25:44.000,7009468.5,-5058847,2022357,6417514,-412.6,-408515.4,3451335.120,false,false,6677266,5454683,5743307#7bIFZlTI5CXmku1ijJZqFIfmYTcSKj22VRfnA,-6271540.920,-5744545,4343094.5,-4892822
734,2013-11-11 00:55:44.000,1062646.4,839784,6034653,3016315,-396.7,-2497530.0,3546397.790,false,false,1893537,2231894,3729192#5tuq5fjwx200uC7YXksNQEmt8PiXYDOLpQ7cG,5887154.650,4354110,2389998.2,-4121925
735,2016-11-16 06:36:35.000,-6283870.5,-6889423,-4169097,3543532,373.7,-773821.3,7043125.780,false,false,-6854284,1187971,1807282#eWtzYyBI494BDrcahl8GvpcO5Z0aZb7VEjtoj,3094138.420,3817748,-2173650.5,-3411324
736,2015-07-05 14:35:14.000,6699737.5,949823,5652585,5292142,274.7,3738898.5,-5367758.480,true,false,-5822316,-5505689,2273015#iHMNxY9QhujYPSzXbBljIKIXmeHFajg39AaAM,-2460416.910,-3482215,-3242394.5,3597878
737,2017-12-01 16:01:16.000,-6662046.0,-372612,-5437898,-1677971,180.8,-6438868.5,-7031475.300,false,true,5102343,4411765,1750502#kdXH57KcP13fuQJrBQbTJQnhS4iH8kubRNbOH,-4955228.830,157623,4567469.0,-2666688
738,2015-01-23 18:36:34.000,7304257.0,-5949962,2640426,-3652252,-477.0,-752010.0,4900972.860,false,false,2047309,-6635687,4720613#gFSMdXVqCgxrv0NDeXXvk70TbXbCxske3rijI,-252899.420,-3454750,-6686023.5,1634622
739,2018-09-29 00:00:54.000,3359698.5,-1819718,-1055361,41453,-0.2,5278571.0,5318308.110,true,true,3516184,-6950081,5854776#D1pMMyanafkWclOVcycMqlttOj2nTFPjWtuBj,415707.190,-1861669,5120648.0,583909
740,2016-06-16 19:40:30.000,-4811380.5,-5836520,-2572618,-3382411,491.4,6410287.0,2080289.450,false,false,1834047,-1553501,4439980#W86GKaDoeH5Ys2qxZEYBVFsva12IdEkNTg2u2,-3903552.530,-2715127,5331913.0,6677082
741,2018-08-26 10:31:38.000,-5909977.0,-2809652,4142079,6360197,-468.8,-1254351.5,-4231092.290,true,false,38429,-6316728,4044104#Xe4Idn3LAVimmhTAaONEuFrSnmdYu69SMNnd9,3626170.380,51181,-436790.53,-2905681
742,2017-11-03 15:38:39.000,-6183775.0,-1699162,-1165564,5941608,-288.2,-5931082.5,4222273.740,false,false,4330823,-1830341,3624131#GWp9li6ZCW8C1hugo9qukaSfSGhGUTGUGukY3,-4074506.650,4153069,-6357066.5,-5333046
743,2019-04-02 06:25:54.000,4155456.8,1049133,-338803,-5959150,56.3,-6984352.0,4224685.300,false,false,7417789,-7157923,1271425#nxg7orNPSPpEPEmTh1UBpQSSswFjaVdnFtLJ9,-3755679.090,-2841675,6078737.5,-334582
744,2019-01-17 13:11:37.000,5613968.5,4889459,5220261,-4959013,-36.9,5995252.5,3696900.610,false,true,-643883,2566107,621199#SlY6ILG2TVsjWzv1eazrDEUwcWSw5api7M4WP,2955648.670,6177583,-5297700.5,-1655663
745,2014-02-18 06:41:20.000,7216453.0,-2074430,-1991636,5154923,-384.2,7375357.5,503065.840,true,true,-3066259,-780055,5972608#v2jm25pdQOEsm2zKDnUZ5hCc7SQMePGxyTOfv,4081811.160,-285550,-304725.1,5297700
746,2018-12-19 06:57:10.000,200848.95,7388452,4090029,4939292,616.1,-238257.17,6810336.770,true,false,-774285,-1050686,233397#ReoaxZvh1LSJvnlql9GmixOsNi4OfsIpnib8e,-4631135.100,2293804,1584193.1,-2566328
747,2016-03-08 12:06:12.000,1315153.5,316523,-4886080,-1795694,520.6,5264233.0,-4822528.010,false,false,2866807,373022,6703797#Va3YH9xWYYN10pcdI8nMJOiqcd3cXbq328SCX,-7084360.440,3600035,-31607.49,6093918
748,2016-10-18 15:40:53.000,-819846.25,2342827,-519159,-1909682,318.3,-3809340.8,2955965.390,false,false,1662117,-2377399,1990081#N4MQQ1QsyuOhBUtIPYLpo99oFGZcDPmFz21Ha,-2689171.480,-5813425,-2628899.8,-5420145
749,2014-08-29 03:25:46.000,-5491151.0,2762533,979234,-337303,-119.0,3772841.2,2359072.220,false,false,3441866,548755,2923670#1D8fLwaFFb5YfvYfUaMIVyVh7wgfVxAyPLmRQ,-1002527.450,2032139,-3779386.5,13599
750,2014-01-18 23:34:49.000,-2600532.2,-861558,-351989,-3051642,322.0,3638512.8,1649236.760,false,false,3159736,4561945,4233277#j0qWbCz4A9mgbZhOIvb5rku0kSbjmsZWZpZXZ,2162375.690,5531532,1262363.2,854977
751,2017-06-27 16:10:53.000,-4462567.5,-7123334,-4917855,2318401,56.9,7379274.0,-4416557.780,false,false,-2826614,4302779,4026727#baCBGyeUbULhB1VFcuQZUkLn2WXYx3A4UYnOr,-5552738.640,-3545180,-3586924.5,3350248
752,2017-02-21 06:34:28.000,-1247669.2,-424951,5940948,-6822896,-19.6,3521344.8,-3641650.530,true,false,2321191,-7308898,4628530#Z2p72qHISIjnEN4E95xxpy3TKmVnsndxVL1ed,-5137471.480,-4453260,-3551687.8,6668762
753,2015-07-14 01:12:55.000,-2163610.2,6335799,335517,3891009,-40.8,1591755.9,1838856.930,false,false,-4371664,-5467143,5345598#m8OD6eLumZyYXn09VIiyjpYsSVvGw4Yh8VN2D,-1649649.660,-4508924,3954471.2,5144564
754,2017-08-29 05:49:36.000,-4626930.0,1523295,-3513218,2343724,-359.9,6529222.0,-4270649.940,true,true,4931622,7203785,2492414#IfNYhsviglZGSP1FZ0MObtETCr3Ug4vb9Ywef,56581.570,427217,-1428242.6,5036836
755,2015-04-09 12:02:48.000,-1946836.0,1448801,7424617,544210,-200.5,-6164545.0,6054584.010,false,false,6544375,-992146,3612445#wKtbWaJVdyvK1mvzcYJIlGkPtLuwHFXNZvhic,-4160699.270,824443,4591916.5,6488806
756,2013-11-25 14:24:56.000,-3528134.0,-3824567,-6212309,-7440069,550.7,6270498.0,5752607.340,true,false,-22087,-3764886,5024748#bPAo6k64EpNGvy1V6Z6UC6wUezimZ20td7sLu,-5594732.950,-2363680,-281307.7,7234347
757,2014-01-11 08:26:09.000,7031633.0,629790,-4528111,1690455,137.5,3322515.0,3239040.140,true,true,6349845,-7343748,1124402#IHmHc1cBNb3rOd94usnrQFTTgWgtNdk2Ba69S,4392882.080,6836852,3413478.0,3513944
758,2018-12-12 15:02:44.000,122100.67,2295368,-6928366,6617877,472.0,-2640817.5,-4109727.200,true,false,5586021,5944757,3559293#Jxv5cxqB14xvXHHWBzMS0WjdjfzLA6hjQtydy,3447859.940,-888494,-6859909.5,6610031
759,2017-04-02 04:26:02.000,1924642.2,7252594,2006058,-1085064,-195.7,5702688.5,6435983.520,true,true,7098920,-517447,5355987#As2TZ7kevUACylmuNy7bLnm3uJXzPcVP09l8L,-5723340.180,-2874976,-5705312.0,-3712319
760,2014-02-23 18:06:34.000,5974190.0,-4177114,4624175,-3207807,-104.2,-2183845.0,-3236426.520,true,true,-4611935,-1683128,5694442#2k8qlF0d8VCQDadYqL6C9QMf73NZP4Lg7Vwhd,-3937572.890,6183631,-4666720.5,-2360821
761,2014-07-18 13:40:30.000,-5851099.5,-1669096,1293813,5357476,593.2,27572.48,-4977437.990,true,false,5048543,3633926,3038952#eDi8X8aswgfxMnsN0Illn4RZH9fQdku50Aiju,-3230897.690,6472530,-7088362.0,680317
762,2018-02-07 15:12:41.000,-1281632.6,2206650,4948115,-595234,-42.3,366739.25,-5749257.700,true,true,3666901,4486902,1628519#nE26cksyVC6lXJrTJhFKhTa82t5HDeb7VZcK2,-4293536.840,-6612854,-4911428.0,4373802
763,2016-02-19 07:36:59.000,-4462711.5,-4574376,-2013089,-4372661,-29.8,1302316.2,2029596.510,false,true,-2291956,-2268197,6923478#GHBnOpP8O8GyrQpwuFoWekwGVkMvtS32EoF9n,3521197.700,-3004416,-4153506.2,6099284
764,2019-06-17 17:05:08.000,-541708.25,5797707,-6527705,-6101587,68.1,2925412.5,-6334628.530,false,false,3147239,4986494,5117748#bPAo6k64EpNGvy1V6Z6UC6wUezimZ20td7sLu,1241290.590,-2310859,2709198.8,-1970489
765,2017-11-20 04:30:02.000,-4316513.0,6293092,4494494,-4773249,8.5,-755420.7,3502034.990,false,false,5912377,4402611,1825743#SlNydIyVAyEovv3XVtQFV6FLqs3MterwWP3EP,-5713764.130,5066358,-4671611.5,-3971535
766,2015-01-25 23:32:32.000,7618906.5,-345128,3022938,-1056308,-190.8,4262388.0,4265246.420,true,true,273773,-5845875,2095348#I1eEcJvVZXTzg1OwgNsFUW5fGhTIR5mTjGvQW,3209121.490,4074276,-3888401.2,2887406
767,2015-02-19 14:21:45.000,-595904.9,1524155,-1756348,6585414,-88.7,-6393732.5,-6108886.410,false,true,-4819609,-4526565,5147188#sxjYSbtRylcsifWWDPVZwo818IkiraBPZ0caD,3292516.990,-3866681,2104651.2,-1688307
768,2014-09-21 21:16:42.000,5787547.5,5138473,5132626,3818604,446.3,-2285389.2,-2836845.580,true,false,4118323,1116283,7606445#wKtbWaJVdyvK1mvzcYJIlGkPtLuwHFXNZvhic,-4135562.100,87197,-6824682.0,6910503
769,2018-06-08 21:39:19.000,-6595823.5,-4594320,4021361,5198363,-66.7,-2160687.5,-2007326.930,true,true,-3372196,-5259534,5283074#Dhy5jpIgM8JiAdYPg2gpPBzgOJJBx5PejjXoo,-3618811.810,-2813490,4396721.5,-7642203
770,2015-06-29 21:09:44.000,-1640197.6,4182654,3406108,-6565964,453.9,1507016.2,1204713.280,false,true,4442351,-1236910,1001881#Vpoh7tsE12QNGehuzDvDMxF7SPxklt2KOREyx,3851073.160,-5258211,1066779.4,4988006
771,2016-11-21 10:37:15.000,-5018139.0,-3263106,-908856,-5418026,-263.6,-2596978.2,-2652252.510,true,false,-4284612,-3110991,3525699#HUVmlSCWuPeXP2RwlR6SicKo9IW0C525VgYEI,-3255439.470,4396596,-7553106.0,-6445290
772,2016-08-21 02:01:28.000,-639454.3,5927925,-2204832,1548113,-397.3,-4081669.8,5623860.660,false,false,-1621226,3620302,3598211#Cx4cpRNSVSfH3R1jwOGr3yPH5Eky4p3bbcuWV,-932142.690,3617884,-4146963.5,2320649
773,2017-08-16 23:01:56.000,4718610.5,-67271,-4934189,-792976,-32.0,-4741942.0,4650713.120,false,false,4736408,263645,4600300#PGeTtYp53AYlhHjGYKOBM0jlJrKLRnckfGUUA,2356212.820,1323703,5947118.5,4704161
774,2018-09-22 06:33:59.000,-1614879.0,3353317,-7553773,-3538831,-534.1,-2604369.8,-6775771.860,true,true,3202500,5061205,6249416#ZCTjCYycldOVrCqcY9Bc5JsI5VOrs4kV9zGUz,-7041099.030,4731882,5583979.5,7313489
775,2015-05-19 13:21:59.000,-4008626.8,3865909,-5919116,300503,625.4,2825145.0,-6413029.120,true,false,1801710,-3711638,6451210#2cD5x9EIDTfkyNHYnHecv3oSgbUAdKXGi2p8O,2117703.140,6201739,2075268.8,-6987968
776,2015-12-11 21:00:46.000,-3002244.2,-3822067,-7291119,1506723,80.6,7068921.0,1930294.310,true,false,4677408,-2104271,4377439#G86WNVkrYwZbZNdZ4UFP9oeb57ND4oiqqdE2H,455750.300,-4943147,1445761.2,-5354309
777,2018-05-27 08:33:28.000,1397876.4,5536430,6313346,-1055497,-310.8,-2531127.5,-592010.400,true,false,3646529,1594839,1256782#TLnsPXIvBbTt3v5GMp7aeecRhqob60axeGlB4,-1151368.790,-3394866,-3699254.5,-3613217
778,2015-09-08 03:25:32.000,3928705.8,-2586468,428341,2254047,-96.5,-2520288.8,4023749.080,false,false,338893,3596139,7122732#7feVV6Qum1dUXXGv32q8gWdxe2lwjJ7DIWcUi,466249.700,4492457,-4893434.0,4669605
779,2014-06-13 09:17:09.000,6426962.5,3613586,-2227915,64514,-42.6,-2217848.5,4991333.590,true,true,-4549575,3152845,7316486#7nJBbab0PdMdDfIu6oDZhTapqC4pxGRyIzhdA,-4979675.660,4382627,-7724489.0,-3957784
780,2017-07-04 08:41:13.000,5884856.0,-5916276,4441560,1602509,238.7,-7033200.5,1464137.920,true,false,-7653735,-7440106,619326#7XVXQ3ZXkGQc0jkU5AJD3sKBtSvHd96Qbc7Hl,7684160.070,-6360189,-4695714.0,2649000
781,2017-07-01 17:09:29.000,247659.75,2336687,6260982,-5176793,-221.4,2523386.5,-1768221.940,true,false,5008394,-7740922,429354#AFNHqFrLztC1Z6pnvO8MvFGCFWxL22AjMKxUb,2978649.080,5456984,-3820096.2,-3441551
782,2014-04-02 21:46:57.000,-4959296.5,-2253466,-4551581,-868308,-439.7,-4883206.5,-819421.870,false,true,-5151656,-2272332,712524#WYpUDmtumY4qFrz8k9nGIOs2kKddLw5V7NUwk,5495954.360,-2191996,4870644.0,4525509
783,2018-03-13 02:19:55.000,7487868.5,-5404197,2160423,6854917,-442.6,-436515.4,3686977.620,false,true,7132516,5827174,6134448#vGj9vL0hwVE0IfRErWUgnOZglNP8doIxYc050,-6699745.920,-6136645,4639094.5,-5226997
784,2014-09-11 00:54:47.000,1134646.4,897459,6445287,3221509,-421.7,-2667930.0,3787522.790,false,true,2022837,2383730,3982642#UHqSEe3cPqzslE8oheDp1Ait3hy4bGEVVwOq0,6287984.650,4650860,2552398.2,-4403325
785,2017-04-25 04:12:15.000,-6711070.5,-7358473,-4453301,3784777,399.7,-826621.3,7522649.280,true,true,-7319984,1268382,1929906#WeVbpfkQXQCX2u6XPf5Lkm9geRhOjN7GVYqmN,3304790.420,4076910,-2321650.5,-3643374
786,2016-02-16 20:22:05.000,7154937.5,1014198,6036203,5652133,293.7,3992498.5,-5732710.480,false,true,-6217391,-5879919,2426841#Mjx504xA8YpQR7MNNZxsMcHl9R3w8ZdWHgLNP,-2627393.410,-3719390,-3463194.5,3842578
787,2018-03-22 02:19:35.000,-7114046.0,-398512,-5806968,-1792370,192.3,-6875668.5,-7508185.800,false,true,5448368,4711613,1869037#ucNHZ416p3wLYcNvYX9F6glvhWELBWM4R4Qt2,-5290889.330,168473,4877069.0,-2847050
788,2015-09-29 19:29:43.000,7798657.0,-6353062,2819058,-3900109,-512.0,-803210.0,5233446.860,false,true,2185434,-7085149,5040008#h70B9eL8AAXKuYJgbDbTN8Yfs5lTxPq4q7VSb,-270383.420,-3688718,-7139623.5,1744722
789,2018-12-08 22:42:58.000,3586898.5,-1943143,-1127051,43593,-3.2,5636171.0,5677924.110,false,true,3754696,-7419856,6250531#4i3Kj5wqqyzVPujiZGGRsYJJP168L7AHUduUd,444448.190,-1987831,5467048.0,623359
790,2016-12-16 04:17:43.000,-5136980.5,-6231120,-2746270,-3610731,527.4,6843887.0,2220264.450,false,false,1957547,-1658806,4739780#gY8ggJAjobaBNf3nWU5yPVesLwRkPJmEGnvXK,-4166848.530,-2898402,5691913.0,7127882
791,2018-11-10 06:01:09.000,-6308377.0,-2999902,4421905,6788711,-503.8,-1338351.5,-4516792.290,false,true,41429,-6742931,4316493#KkgbVhhUnRDCrcx5si75GrUAyy28oablDN7QM,3870475.880,53981,-466390.53,-3102253
792,2018-02-27 07:36:26.000,-6600575.0,-1813737,-1244619,6342269,-308.2,-6330282.5,4506127.240,false,true,4622423,-1953067,3868222#S1f2aWTqlvd0msTpSQf4AUNtKGNWqZwdMLMZE,-4349419.650,4432404,-6785866.5,-5692571
793,2019-05-19 01:48:17.000,4435457.0,1120308,-361235,-6360617,61.3,-7454752.0,4509503.300,true,true,7917064,-7639828,1356460#qhJtARLqnpfeUHlYK2vzqINpvsb4HhHl2VVvE,-4008399.090,-3032525,6487537.5,-356969
794,2019-03-15 13:16:15.000,5991568.5,5217509,5570767,-5291750,-37.3,6398452.5,3945027.110,true,false,-686583,2738572,662374#GoIacOo2O4cu68JVF7n4U58knVltUbWj47Hb2,3154869.670,6592533,-5653700.5,-1767413
795,2014-12-14 21:43:16.000,7701253.0,-2213342,-2124936,5500424,-409.2,7870557.5,536262.840,true,true,-3271909,-832435,6373221#zthoxygKVvWdyJ8wUHVzpA8BNCRnHKKrMmFFB,4355088.660,-304625,-324725.1,5653175
796,2019-02-18 13:35:59.000,213648.95,7883952,4363837,5270537,656.1,-254257.17,7266411.770,false,true,-825685,-1120577,249020#paie6hlJxfmswXVBwUFEPKQrkuRs4CpvgvnrF,-4941965.100,2447354,1690593.1,-2738478
797,2016-09-23 23:05:25.000,1403153.5,337223,-5213767,-1915979,554.6,5617033.0,-5144974.510,true,true,3058207,397861,7152203#dVrxVaHTqMnc6msglEGH8cjVtOFSZ4CC4NjZQ,-7558380.940,3841485,-34007.49,6501472
798,2017-04-06 02:47:58.000,-875046.25,2499627,-553665,-2037183,340.8,-4064540.8,3153960.390,false,false,1773767,-2536974,2122727#baCBGyeUbULhB1VFcuQZUkLn2WXYx3A4UYnOr,-2869145.480,-6202575,-2804899.8,-5782545
799,2015-06-01 19:59:21.000,-5858351.0,2946583,1045153,-360079,-124.0,4024841.2,2516968.720,true,true,3672116,585743,3118642#UHqSEe3cPqzslE8oheDp1Ait3hy4bGEVVwOq0,-1069816.450,2168202,-4032186.5,14049
800,2014-11-22 20:43:26.000,-2773332.2,-918914,-375696,-3255465,345.5,3881712.8,1759236.760,true,false,3370736,4866717,4514861#1joOhkLJ1iNiSoAuG9w6oIw5KY7YcNwz1gBSB,2306566.190,5900882,1346363.2,912358
801,2017-11-10 21:58:54.000,-4759367.5,-7597334,-5244706,2472744,61.9,7870474.0,-4710795.280,true,true,-3015364,4588670,4294425#nxg7orNPSPpEPEmTh1UBpQSSswFjaVdnFtLJ9,-5922532.140,-3781043,-3825324.5,3573748
802,2017-07-25 07:14:05.000,-1330069.2,-453351,6336324,-7276629,-21.1,3755744.8,-3883135.030,false,false,2475616,-7794382,4936117#mnQvdHRkJWAbJVjzEpY08x7PGLa19eDOYzDGG,-5478522.980,-4749448,-3787687.8,7112537
803,2016-03-05 17:59:56.000,-2307610.2,6756549,358269,4149733,-45.3,1697355.9,1961496.930,true,false,-4662389,-5829834,5700107#0V442Yct71uBAzI76cbynJcVnwpI6Ux2ZoKEK,-1758798.660,-4808949,4216871.5,5485952
804,2018-01-04 22:48:56.000,-4934130.0,1624970,-3745588,2499444,-384.9,6962022.0,-4553690.440,true,true,5258297,7681090,2657037#ucNHZ416p3wLYcNvYX9F6glvhWELBWM4R4Qt2,60665.070,454980,-1522642.6,5370936
805,2015-12-15 18:45:08.000,-2075636.0,1544426,7915928,580537,-210.5,-6573345.0,6455076.010,false,false,6977275,-1057514,3851532#aS1NERNt9e9T78FtECZ61piki6Gepfhfl1DnN,-4436706.270,879436,4895916.5,6919031
806,2014-10-12 04:49:56.000,-3760934.0,-4076854,-6622949,-7932621,587.2,6685698.0,6132409.840,false,true,-23287,-4014128,5356972#4baAjDIM6izObnnf2rGMVR44Y5Nn6Jevsf4NH,-5964289.950,-2519680,-300507.7,7712272
807,2014-11-22 07:38:19.000,7496433.0,670940,-4827550,1801537,146.0,3542515.0,3452760.140,false,false,6768695,-7828679,1198405#WI18vCMUGv7SNr4znCZrl7xDN2HTkAIqO97vL,4682951.080,7288652,3639078.0,3746594
808,2019-02-14 21:31:19.000,130100.67,2447268,-7385498,7054715,506.0,-2815217.5,-4380731.200,false,true,5954619,6336508,3793671#NoZaetNcPF5HruNguwBzfFjrnTIA9lP19gis1,3675116.440,-946994,-7312709.5,7045893
809,2017-08-31 15:15:02.000,2051842.2,7729819,2137763,-1156641,-210.7,6077888.5,6859557.020,false,true,7566670,-552074,5708335#F3n9vZQbBBGweCYhZu5ltlflllvd6p1dkmYVd,-6100715.180,-3064826,-6080512.0,-3957282
810,2015-01-01 06:28:42.000,6367790.0,-4452064,4928054,-3419094,-114.2,-2327045.0,-3448691.520,false,true,-4914910,-1793636,6068707#rg7HChCXEUahTkIGJ5J7bfEcN7yOIzXRc94ZS,-4197167.390,6590709,-4973120.5,-2516646
811,2015-05-06 12:15:52.000,-6235899.5,-1778671,1378634,5709502,630.7,29172.48,-5304963.990,true,false,5380493,3872203,3238292#QYnngNBSt6BtooVPo68ldudSMPnmFWTOhXlV3,-3443169.190,6897705,-7553962.0,725217
812,2018-05-27 06:10:06.000,-1365632.6,2350950,5272616,-634696,-43.8,390739.25,-6125867.200,false,false,3907576,4781688,1735072#9XgIAHn1tOlwo7m8ZKbYWobTRQfGCuZUAiQUO,-4575407.340,-7047017,-5233828.0,4661102
813,2016-09-17 10:11:41.000,-4754711.5,-4873513,-2145287,-4659353,-34.8,1387916.2,2162753.510,true,true,-2442506,-2417160,7376826#Q8ScKe7wZJUI3hMEnqrM7Uz9jccaWMpSzYlPJ,3752022.200,-3201066,-4426306.5,6499559
814,2019-07-26 10:19:21.000,-577708.25,6177307,-6955496,-6500924,70.8,3117412.5,-6749252.530,true,false,3353589,5313152,5452351#QW4kaFP0ogQs6KktWNjExrZxIMXlPfNlEqBzK,1322545.090,-2461984,2886798.8,-2099389
815,2018-03-21 02:11:24.000,-4598113.0,6704592,4788040,-5085249,7.0,-805020.7,3730940.990,false,true,6298702,4690978,1944801#NPbr7VvPHTyj1cZhN3gSMsytvrJBukactNvd8,-6087567.630,5396908,-4977211.5,-4231335
816,2015-10-21 16:21:55.000,8115706.5,-367178,3219903,-1125777,-205.8,4539988.0,4544276.920,false,false,292223,-6227616,2231880#OQTRNNt4B280XYQkRc9W0lVLb6Uc6IVjRciZd,3418149.490,4339726,-4142001.2,3075756
817,2015-11-12 12:49:44.000,-635104.9,1624005,-1870950,7014330,-91.7,-6810532.5,-6506835.410,false,true,-5133897,-4821699,5482564#H8zwZCZ0egsW8obruWQrDOYavpfnGjAahqcds,3507226.990,-4118869,2241451.2,-1798182
818,2015-07-07 07:19:54.000,6164347.5,5472648,5466606,4067738,473.8,-2434189.2,-3022158.080,true,true,4386798,1189398,8101028#IlrjW8JLiS0tGP6zg6mZOyfnBxBfvTQvj1pBS,-4404597.100,92947,-7269482.0,7360241
819,2018-09-10 04:46:11.000,-7024623.5,-4892670,4282961,5536359,-71.7,-2301487.5,-2138062.430,false,true,-3591821,-5601418,5626256#YBgYZDicUpGNxukGofaOvc5fY0IKGXcg1KSAa,-3854225.810,-2996321,4683121.5,-8138751
820,2016-03-05 05:58:08.000,-1746597.6,4454304,3627079,-6992592,482.4,1605416.2,1283038.780,false,true,4730751,-1317693,1066585#JP7B546EKZEADAxiWNOEXXgaA8G81DpGUGFGO,4100624.160,-5599961,1135579.4,5312206
821,2017-05-16 07:47:57.000,-5342939.0,-3474856,-967600,-5769679,-283.6,-2764978.2,-2824288.010,false,true,-4561837,-3312865,3754026#Rjho5PE2Yj1iScoIqWfeddRhRqPzKPCXnnt3A,-3467091.470,4682296,-8042706.0,-6863890
822,2017-02-26 22:37:42.000,-681054.3,6312100,-2347154,1648668,-422.3,-4345670.0,5988508.660,false,true,-1725676,3854141,3830856#B4dtas4Nl0sQnFZ4JYzltM3FPoigfcMB1n8c9,-992606.690,3852584,-4414963.5,2470524
823,2018-01-01 14:43:49.000,5023410.5,-72121,-5253172,-843635,-37.0,-5049142.0,4952116.620,true,false,5042883,280554,4897445#wKtbWaJVdyvK1mvzcYJIlGkPtLuwHFXNZvhic,2508667.320,1409403,6331918.5,5008761
824,2018-12-10 11:42:16.000,-1718879.0,3570117,-8041170,-3766940,-569.1,-2773169.8,-7213803.360,false,true,3409063,5387835,6653094#w3pEcnJbuUYv5gp3iDSCgjd1Q5ZZe69ttM4k3,-7496411.030,5037132,5944779.5,7785689
825,2016-02-02 16:02:14.000,-4267827.0,4115159,-6300562,320247,665.4,3007545.0,-6826595.120,true,false,1918210,-3951429,6866984#8jnClN3eBMcvMN4Fq4Ny31w0ysSK3TUIDayj1,2254744.140,6601564,2208868.8,-7439043
826,2016-07-28 07:41:47.000,-3195044.2,-4068967,-7760607,1604209,84.3,7524121.0,2054538.310,true,false,4978558,-2239457,4659175#E1rq57AtjCzi4aKATNKJZdoQXeOdYaDUdywT8,484816.300,-5261547,1538561.2,-5699109
827,2018-09-01 17:12:36.000,1487476.4,5892580,6719035,-1122973,-330.8,-2693527.5,-630264.400,true,true,3880929,1697915,1337424#TbWtmZ7a8pa6T3UySFu4rkfU93AWp15XMY5ML,-1225272.790,-3613666,-3937654.5,-3846179
828,2016-05-10 00:07:02.000,4180705.8,-2752106,456008,2398554,-101.5,-2682688.8,4281945.080,true,true,360868,3827628,7580123#f6g8T2GX17DEdIKBcsnOVtE3Jlm2GNJuhSG16,495853.200,4781685,-5207834.0,4969861
829,2015-04-22 04:52:53.000,6838962.5,3845767,-2371387,69047,-43.1,-2360248.5,5311270.090,false,true,-4841006,3355826,7786018#Zh3D0tYyrovE44cKzagsAUCUztaxzB425oqZg,-5299453.660,4664427,-8219689.0,-4211934
830,2017-11-28 09:35:19.000,6262456.0,-6295138,4726552,1705698,255.7,-7483600.5,1558543.920,true,true,-8144097,-7916857,659025#7A9IRGGFmvdjH3DlQz99CryuO2wRmd5eQvvfm,8176301.570,-6768089,-4996514.0,2819200
831,2017-11-26 14:08:08.000,263659.75,2486758,6661319,-5507688,-236.4,2684986.5,-1881575.440,false,false,5329294,-8236576,456515#ysELktSMVVqQl8d7vFVjGv8PD6tjWsdFm6yP8,3168718.580,5806214,-4064896.2,-3661551
832,2015-02-23 06:35:50.000,-5276096.5,-2398016,-4843147,-924407,-469.7,-5196006.5,-871693.870,true,true,-5481656,-2417531,758039#K62zAPgqQDXL3j66EnjrKi8yvt8z97KdH0FXx,5847541.860,-2331596,5181844.0,4814946
833,2018-07-01 13:14:06.000,7966268.5,-5749547,2298488,7292319,-472.6,-464515.4,3922620.120,true,true,7587766,6199666,6525589#NZ6CeJ41ZM6lPKsISJDWoGOXSUQbu125ndNPR,-7127950.920,-6528745,4935094.5,-5561172
834,2015-07-12 00:53:50.000,1206646.4,955134,6855922,3426703,-446.7,-2838330.0,4028647.790,false,true,2152137,2535566,4236092#rFrngsUrk8PozxSyiB2n9tIqvb4kGI4ZgMj14,6688814.650,4947610,2714798.2,-4684725
