287,1839,-110734.1,2024820,-2614186,1007797#aHhwY4yNo1igN,1294920,2257383,673466,2062028,2063613
288,718,-206200.5,-2779381,-145258,2826224#InRXdEXuYsbVA,-1786956,1896216,-2153816,427244,1655377
289,482,48185.9,-1077163,2089177,1817542#drfpOlxRi4IEv,2652904,1913219,-2666691,2214694,492293
290,3530,218534.4,1102788,-2182140,934520#uftAxgTOLMcNI,-1167595,-693866,-2076813,1977956,962017
291,426,218869.6,2574851,-93474,1421462#qBHFGHP6r3dWA,1920763,1781262,-1202379,-2138239,-1712827
292,1573,137582.5,1964173,-380041,97143#cSwdnJgcqDslT,736278,-2430244,2321256,-1868625,-273232
293,2115,121307.4,757971,2246997,1399117#Co4XciOd7LHVU,982038,2228930,-2820989,835308,-944654
294,3321,10366.3,-2121269,2879159,876982#UdOd179EPaDOG,170203,1861968,-1678816,114249,1428770
295,3963,61282.7,138006,1857640,1594070#YDmdHFwVvTFwN,2350110,-2918447,-1398424,1450286,-1840797
296,3304,60168.1,2799698,-1243436,1281802#TVcrnJx0ML0Lf,-2929763,1122394,1296203,2197915,261114
297,1595,231150.5,-2854921,2532211,14602#HMuUbyRTTNEDO,555447,-2812885,2627604,873982,-1241597
298,609,138520.5,-1449562,-1843826,2890562#Ee4asFOzy56gX,2353569,-591147,-435980,1467302,1986769
299,1532,-195302.1,-2909803,1331372,457222#d39R4gsgMQjgX,-2305849,-2047732,-753763,2780551,-1373533
300,1569,151645.9,-1251237,1036426,1021732#WsOxrzEeTLGHd,2254641,2692752,1260209,-2272425,2033142
301,1998,92827.5,-2460629,-1375305,999034#H0clZgOBbVjRX,-2012554,290908,-106042,746690,239513
302,989,-208120.3,-1722993,-2941193,811594#RdbU5UqXZDZah,-2601089,1984996,1560767,2160150,966438
303,144,-171730.3,2584986,-1584847,2613033#aTpQoSwKz0n3m,-352285,2423580,546,-1020437,-278635
304,2981,-126475.5,2086367,-2989244,1004322#AUMhctEiDLQVR,-159513,286176,-101036,2422319,860571
305,611,78849.8,869044,-1343358,271894#kdwn26E2JtVV5,1596466,-2856462,873945,-971402,-1779629
306,4460,48972.4,790453,-442001,638558#gjfeSmvkKd8ow,131986,-482613,2680256,-254019,-2259252
307,3400,-5619.1,-1819060,404199,539620#D0UvuQ3gmB5zn,-1040727,-493015,-1979741,-2953270,1655153
308,1211,18046.5,1370016,-2058758,2466577#v1VuOyu7XNI3F,-2676624,2718996,2819598,-2420688,184943
309,3248,188994.5,914516,-2054543,1657436#xUtBQ09SVS4S2,-2027673,1625171,-922171,-2018857,1293717
310,4522,134196.3,2976207,342056,2839052#emv9H2LOnS4F0,-1669258,1328054,1720808,2345778,380608
311,1344,-104483.5,-503917,-2231260,503048#v0EpvKEvqjnYV,-1307707,-2902315,-805539,2078278,-356956
312,311,-101555.7,841058,2573874,2189730#VufjKLQA1EbEF,1696164,2286952,1836626,2070976,-2845204
313,4307,-231052.7,334452,1085660,1717912#sSrDQStpl10cU,1039453,-1718435,-624550,-1675843,-1121051
314,1029,-195313.2,-2456030,-532601,2868431#ZwUi4DJQnRhFB,-2407389,-2766727,-405278,-2679275,-2445249
315,1535,220473.7,552297,-1507272,2001385#wirmUNDMiYfk2,811068,1559445,-2294012,2028722,-1903261
316,3601,-21835.0,1294283,2641813,2210017#rDIUsI2JWyhFD,-459639,1506332,1420539,840398,-2361708
317,1695,-150583.5,2106206,2934125,1322365#TiKbuP8l2vZRN,-75649,-893840,-1043228,-270099,814092
318,4423,167642.2,-2009973,886362,1662683#IT3JdR128Ngt5,-1486177,-2996012,-2215298,-2687022,-2970650
319,611,-206164.1,-1285536,136776,3059840#iGms8x9JaO99L,306231,-741916,-2148083,-2035110,1775507
320,3994,-112752.8,-2384717,-2231067,2352482#tYjTf2p9l5Ysv,-772481,-171431,321107,2525055,-17280
321,2531,-171166.3,-1190395,-1610977,334621#jdPirmWSD5Hqv,-1716684,2389997,-2711275,3144546,-1419809
322,3061,10268.9,-460221,955615,1530152#UtuKggbqKrKzg,985842,1833853,785315,-427352,111157
323,2745,208036.9,2521039,1578541,2991909#6ZaSEu9rjIXbq,2587804,1207486,1840064,-2619099,-92876
324,2564,21807.6,-424399,-2913951,16179#lGhOTs7PidmeM,1880401,631786,-561041,-1213183,785441
325,515,-242529.1,2760574,766331,1321072#v4UCgHylJ0ns6,-2512324,453456,2338601,-1869545,2860734
326,3147,-60901.2,-2386708,-3000519,149085#MJn0sOjQubOqf,-108185,711639,2022660,2414670,2429274
327,4193,-129567.8,-2990527,-646128,1257060#g5hW0tBKrAtQc,-1101047,1780865,-2341928,1683553,-468005
328,4187,251024.8,2719850,-879890,1140670#6xefxOQrh9Lo2,1341725,-36448,-2107504,-2924812,3090194
329,3145,113738.6,-383720,-2552428,784027#88JfWCA548nux,2684995,-2665376,-848268,-2816040,-2834641
330,1669,-195174.0,-672779,2459536,1476408#TQmalRBkoLO99,-2718601,-2593746,1332616,-210365,-978100
331,3652,-35522.9,1212197,-1631300,3223658#nQSa6A9IhHCYg,-2360526,-1491889,2684732,-2555785,1795234
332,152,-58097.6,-2555304,604071,1333364#5fX7JX77HKxsr,342200,-2055486,-2827285,-665411,2126941
333,3591,8991.2,-1276814,-1539528,2700179#lGhOTs7PidmeM,438142,-1360342,-2693665,2681017,-1037245
334,995,230513.7,1748418,-3323075,3277494#G4tmCqa8JyoBs,3230859,1929985,-1775404,-1628050,-1365003
335,939,-182437.8,3317205,2663694,1271003#4YxU6fn9kaf6g,-709257,333723,809153,-2994443,2452098
336,4390,150351.1,-769948,-1424163,165844#kshYvh2uaOSfM,3106112,-3133351,-3061166,-1441416,-590405
337,934,-131564.6,2376020,-3068115,1183100#upJgaKCnvBFl3,1521625,2650683,791550,2422116,2423001
338,4362,-240663.5,-3262368,-170516,3316534#lDcWQTqWDllvJ,-2098093,2223791,-2527401,503058,1943136
339,1584,56662.4,-1263113,2450516,2130718#myxIusZfvljhz,3111104,2242985,-3129063,2596671,576088
340,550,256489.9,1294338,-2559020,1094769#3zzJ6Yl4OhajC,-1369545,-812616,-2435912,2318967,1129012
341,4078,256415.1,3017651,-108948,1663986#HU4si65vhcXJ3,2251488,2086212,-1408085,-2504712,-2007986
342,2312,161502.5,2300073,-446087,112427#pUTsn3Ag0KsKd,861578,-2845581,2719399,-2188666,-319768
343,2493,142515.9,887384,2630226,1636656#4kyMutpQlfbWb,1151038,2610530,-3303209,976463,-1104172
344,2009,12431.8,-2482719,3367919,1025852#Sqs4wVmbdW0i0,200478,2180018,-1964192,133325,1672720
345,2719,71328.7,162456,2170910,1862778#tCiE7Zxu1bUnj,2749229,-3413872,-1634381,1695161,-2154028
346,3467,68987.1,3273087,-1454693,1497844#kshYvh2uaOSfM,-3423963,1311657,1513873,2568463,303642
347,1468,268414.0,-3335521,2958716,15761#ZmvElntJXmxWj,649259,-3286448,3069182,1020381,-1452271
348,4129,160971.0,-1691962,-2152391,3375285#mqjF9sBb3YzFc,2747444,-689347,-508737,1711850,2319292
349,1659,-227149.1,-3396928,1554586,532630#ZyWBkRAZh6WAh,-2692476,-2389551,-878452,3245181,-1603867
350,177,176312.9,-1458787,1209833,1191802#TVcrnJx0ML0Lf,2628966,3143202,1468879,-2650694,2373618
351,2915,107191.5,-2868479,-1605288,1164946#2wKzPwNbiWh9k,-2348442,338896,-124660,869588,280630
352,759,-242834.3,-2008793,-3429483,944384#4RUGp5sjMcAPt,-3031189,2312658,1818473,2516417,1126005
353,596,-201073.3,3011511,-1847463,3043840#iGms8x9JaO99L,-409060,2823080,-681,-1187225,-322980
354,3199,-148184.5,2428892,-3479968,1169000#13o6CVMVGcL78,-186613,332926,-118188,2820495,1003064
355,4224,92848.8,1013006,-1564987,315398#wCm2gRkpvDIMO,1858316,-3324337,1018192,-1130568,-2070567
356,361,57752.4,920343,-515799,742852#Sqs4wVmbdW0i0,153824,-562713,3117984,-296997,-2628087
357,1176,-6371.6,-2114312,470606,627416#5pWGevGLbRi12,-1211255,-572278,-2301281,-3434653,1924386
358,3892,22531.5,1592366,-2391518,2866091#NYuJlWxi19Nft,-3109574,3161621,3278217,-2813580,215849
359,4241,219084.5,1062841,-2387984,1924344#1E1fKptzMau2L,-2355223,1889710,-1069812,-2344416,1501904
360,1288,155974.8,3456707,397416,3295904#X72x8Xckrb4P9,-1937208,1541704,1997804,2724371,441785
361,1675,-120620.5,-584492,-2591314,583522#gapPduff0Wldd,-1519207,-3368465,-934969,2413673,-415331
362,1439,-118574.7,975595,2986955,2540458#yOAT5w9NOmOIE,1968989,2653027,2132258,2403338,-3300422
363,189,-267390.2,386952,1259907,1991877#puIJrxf36UjvQ,1205103,-1992685,-725257,-1945101,-1299504
364,4293,-227218.7,-2845855,-617093,3324476#Wg69Fz3rEhERj,-2792002,-3207627,-470961,-3106354,-2833756
365,1047,255435.7,639047,-1745714,2318838#lNUfYV66SX8pb,941018,1807170,-2656895,2349456,-2204459
366,15,-26828.5,1498371,3060492,2558179#lGhOTs7PidmeM,-533139,1745594,1645619,973547,-2736882
367,3547,-175371.0,2439934,3395960,1529437#7VDR0JOHYPGpU,-89149,-1033953,-1208408,-313529,942869
368,262,195018.2,-2325816,1024521,1923647#mUcWTzbWavpSq,-1719227,-3465712,-2563854,-3109773,-3438709
369,3639,-238511.6,-1485611,158573,3538424#Af41GPyFHFbhr,354706,-857466,-2484534,-2354676,2054223
370,4186,-130249.3,-2756092,-2579714,2718899#ROW5vEgATyDwk,-894731,-197881,371509,2920324,-21488
371,1005,-196548.8,-1374745,-1860620,385574#lq6fD5NWvK6ej,-1984584,2761147,-3133092,3635183,-1642272
372,564,12951.9,-533221,1102902,1766848#EdckS91wTZMYu,1137592,2119724,906015,-495107,129458
373,2550,239644.4,2912527,1822918,3454794#IMNpZSlduY0Z7,2987167,1395136,2123635,-3025205,-105784
374,3961,23859.1,-488387,-3363399,18636#9zycR5afgjsYr,2172126,730236,-647847,-1401055,905910
375,4133,-280924.6,3186474,883418,1524307#yAWscs2kKQOHZ,-2899724,523371,2698740,-2158153,3301057
376,2799,-70898.2,-2751408,-3461463,171861#gkM5BTpaoGKWS,-124585,820039,2332058,2785818,2803299
377,2262,-149731.3,-3447277,-745750,1447763#V1MNOykNoLLBl,-1269297,2054378,-2700885,1942136,-540546
378,2904,289655.8,3135250,-1015450,1314217#oERhtBmu3EFtd,1546675,-43398,-2428751,-3371355,3562150
379,2947,131152.1,-441220,-2938861,903022#hCmeYBdYhsFwz,3092445,-3071226,-976046,-3242522,-3264559
380,1445,-225195.5,-773716,2832796,1698700#VfDwTiq9vq8Mv,-3130951,-2986096,1534206,-242344,-1126798
381,2659,-40037.9,1395397,-1878846,3709543#TCP9P8G792BYB,-2716863,-1717439,3090144,-2941558,2067871
382,2249,-67707.6,-2940354,695317,1533016#DxCyoitNzEZWK,393693,-2365942,-3253487,-766039,2448619
383,3409,10201.7,-1467214,-1770377,3105029#vQBjVuMK4uoV4,504810,-1563392,-3097782,3084840,-1193942
384,2524,266503.2,2008668,-3821170,3766786#Pb2R4Nh3HQMcK,3714059,2219797,-2041578,-1871252,-1568497
385,536,-209695.3,3811080,3061103,1459836#UGEbCWh7Eps3O,-815698,383623,929466,-3442667,2818716
386,2005,173743.1,-883948,-1636979,189726#oSyPqvlEgRTQI,3569762,-3600551,-3516899,-1656971,-677352
387,28,-152395.1,2727220,-3522044,1358403#bwwPPWzitx11H,1748329,3043983,909635,2782203,2782390
388,3376,-275126.5,-3745356,-195773,3806844#kshYvh2uaOSfM,-2409231,2551366,-2900986,578873,2230894
389,2686,65138.9,-1449063,2811855,2443894#kdwn26E2JtVV5,3569304,2572750,-3591434,2978647,659883
390,2201,294445.4,1485888,-2935900,1255017#rDIUsI2JWyhFD,-1571495,-931366,-2795011,2659977,1296008
391,3099,293960.6,3460451,-124422,1906510#CchODbiO1XXbW,2582213,2391162,-1613792,-2871185,-2303145
392,3050,185422.5,2635973,-512134,127711#1Io2fbAah71dJ,986878,-3260919,3117542,-2508707,-366303
393,2871,163724.4,1016796,3013454,1874195#ZSF4MocvNsmur,1320038,2992130,-3785428,1117619,-1263690
394,697,14497.3,-2844169,3856679,1174722#hwn1EVgoqNYqR,230753,2498068,-2249569,152402,1916671
395,1476,81374.7,186906,2484181,2131486#NT6KflMZkPNJY,3148347,-3909297,-1870338,1940037,-2467259
396,3629,77806.1,3746476,-1665950,1713886#3tNQXMgnLmtqr,-3918163,1500919,1731544,2939011,346171
397,1341,305677.5,-3816121,3385220,16921#EMyFKLHUmZlnA,743072,-3760010,3510761,1166781,-1662944
398,3018,183421.5,-1934362,-2460956,3860008#jciJUlWDmTZDk,3141319,-787547,-581493,1956398,2651815
399,1786,-258996.1,-3884053,1777800,608038#l4sgV3MUxQJnM,-3079102,-2731369,-1003142,3709812,-1834200
400,3416,200979.9,-1666337,1383239,1361871#8quZVQCinLtgy,3003291,3593652,1677548,-3028963,2714095
401,3832,121555.5,-3276329,-1835271,1330859#bCP2toUCwmiyZ,-2684329,386883,-143278,992487,321747
402,529,-277548.3,-2294593,-3917772,1077175#8886AYnjX9U5N,-3461289,2640321,2076178,2872684,1285573
403,1048,-230416.3,3438036,-2110079,3474647#mUcWTzbWavpSq,-465835,3222580,-1908,-1354013,-367325
404,3417,-169893.5,2771417,-3970691,1333678#8KbHZj8A5mvw1,-213713,379676,-135339,3218671,1145556
405,3206,106847.8,1156969,-1786616,358901#QSuPrR7rp5yOZ,2120166,-3792212,1162439,-1289733,-2361504
406,893,66532.4,1050233,-589597,847145#rHRgQVqW4OmiY,175661,-642813,3555711,-339975,-2996923
407,3583,-7124.1,-2409563,537013,715213#LMC3syNcgVhWB,-1381783,-651540,-2622820,-3916035,2193619
408,1942,27016.5,1814716,-2724277,3265604#8q4NtOwDYKUlQ,-3542524,3604246,3736836,-3206472,246755
409,603,249174.5,1211166,-2721426,2191251#i2Mc50TmSpLEe,-2682773,2154249,-1217453,-2669974,1710091
410,2685,177753.3,3937207,452775,3752755#NCZuH8c5pQXWn,-2205158,1755354,2274799,3102965,502961
411,2006,-136757.5,-665067,-2951368,663996#INWeFveHgDZkY,-1730707,-3834615,-1064398,2749067,-473706
412,2567,-135593.7,1110133,3400037,2891185#IzxLYMA1Mh0xn,2241814,3019102,2427890,2735700,-3755641
413,703,-303727.7,439452,1434153,2265843#UxaPz8znKexYF,1370753,-2266935,-825964,-2214359,-1477957
414,2926,-259124.2,-3235680,-701585,3780521#s47rrsCnUMhNc,-3176614,-3648527,-536644,-3533433,-3222262
415,559,290397.7,725797,-1984156,2636292#a9VzP9WW2nW03,1070968,2054895,-3019777,2670191,-2505658
416,1060,-31822.0,1702458,3479170,2906341#vFOSI93whGbOB,-606639,1984857,1870699,1106697,-3112057
417,768,-200158.5,2773662,3857796,1736510#CchODbiO1XXbW,-102649,-1174065,-1373588,-356959,1071645
418,732,222394.2,-2641660,1162680,2184610#PJslnmolgPsKb,-1952277,-3935412,-2912410,-3532524,-3906767
419,2036,-270859.1,-1685686,180369,4017009#PdL4PZmiuYOIH,403181,-973016,-2820984,-2674243,2332939
420,4378,-147745.8,-3127467,-2928361,3085316#Id7YoEFHqbjPj,-1016981,-224331,421910,3315594,-25695
421,4110,-221931.3,-1559095,-2110262,436528#7Cx7ZEwnUrtKC,-2252484,3132297,-3554908,4125820,-1864735
422,2698,15634.9,-606221,1250189,2003543#TCP9P8G792BYB,1289342,2405596,1026715,-562863,147759
423,2355,271251.9,3304014,2067295,3917679#aDDfKjck0XRiI,3386529,1582786,2407206,-3431311,-118693
424,727,25910.6,-552374,-3812848,21093#G9wIMAiEAkWB1,2463851,828686,-734654,-1588928,1026378
425,3121,-319320.1,3612374,1000505,1727542#drfpOlxRi4IEv,-3287124,593285,3058879,-2446761,3741380
426,2451,-80895.2,-3116108,-3922406,194637#oX6vUxf8aQInH,-140985,928439,2641456,3156966,3177324
427,331,-169894.8,-3904027,-845371,1638466#iJ7T7oY3GAS25,-1437547,2327890,-3059841,2200719,-613087
428,1621,328286.8,3550650,-1151010,1487764#38lKFUuA0xzUf,1751625,-50348,-2749998,-3817899,4034107
429,2749,148565.6,-498720,-3325293,1022017#rDIUsI2JWyhFD,3499895,-3477076,-1103823,-3669004,-3694477
