140,2010-06-20 12:13:50.000,-904180.56,-1101320,-488788,-642577,59.4,1207087.1,400589.450,false,false,352047,-289841,842374#GoIacOo2O4cu68JVF7n4U58knVltUbWj47Hb2,-744000.530,-515827,1011913.0,1267482
141,2016-02-28 16:37:21.000,-1129177.1,-526652,784167,1218023,-48.8,-246351.55,-802692.290,true,false,2429,-1202292,775436#4TzIBaUjbihDTJdfVl9fgWL3sAwmgRLmraTPG,694504.380,17581,-81590.52,-546823
142,2014-01-15 16:05:20.000,-1182175.1,-324262,-216898,1133676,-48.2,-1140682.6,816031.740,false,false,831623,-357629,695033#MjSycd6avojCzVcQJiqd9twv1Sfw5MdGThe7b,-775550.650,801043,-1211466.6,-1018746
143,2017-09-17 13:57:14.000,795456.8,195033,-69613,-1141546,-3.6,-1339551.8,806869.300,false,false,1426489,-1375063,251011#NSlC8E4TdKPMePfKN0Qa02T6YWNSJoOCKYB5r,-723039.090,-551475,1173137.6,-65932
144,2017-03-04 12:15:53.000,1082768.8,952859,1014189,-966175,-32.1,1156852.4,719382.610,false,true,-131483,496533,127099#U41DV4SGAenrShnvfAXEVShCekpMTg5xVAs5c,564996.670,1198183,-1025700.56,-314663
145,2004-04-15 18:18:04.000,1398852.8,-407480,-392042,1008911,-84.2,1432957.4,104701.840,true,true,-598459,-151501,1165258#K7ap3ikRa5kEGhC6nxLNOs4WMSsFofvs9nSUf,802481.160,-56650,-64725.08,1032000
146,2016-12-13 23:11:17.000,47248.95,1442452,804339,964352,136.1,-46257.17,1337436.770,true,false,-157485,-211988,45927#FTxwqECs8PDzjk2khEyvvNMQkCqwgEvvnsNrc,-901175.100,451204,307393.1,-500528
147,2009-08-19 00:15:32.000,259153.47,68123,-953836,-352274,112.6,1030632.9,-953170.010,false,false,570007,74948,1322925#oltJu15p4B6wtt1n4rCxBS2dUSC2GvSYti0F9,-1396114.440,702635,-2807.49,1203270
148,2011-03-26 02:15:53.000,-157446.27,461227,-105093,-379676,48.3,-746940.7,580025.390,false,false,322317,-462493,398335#F3n9vZQbBBGweCYhZu5ltlflllvd6p1dkmYVd,-529483.480,-1143625,-516899.72,-1071345
149,2005-07-26 20:42:38.000,-1084751.0,553933,188200,-63997,-59.0,748841.25,464314.220,false,false,678866,104893,584006#DeNfbaD9bLZyzaZ0jB1fIv6Rq1vsJPj711DGI,-195059.450,399389,-745786.56,8199
150,2003-12-08 09:51:30.000,-526932.3,-173286,-67511,-605766,40.0,720112.9,329236.760,false,false,627736,904675,854269#jpHleACPjyFgyB5qdAssiSYgVtUyEHA1kPpCU,432089.690,1099332,254363.27,166405
151,2013-01-04 18:34:39.000,-900967.56,-1435334,-995643,466279,-3.0,1484873.8,-885707.780,false,false,-561614,872093,814351#QW4kaFP0ogQs6KktWNjExrZxIMXlPfNlEqBzK,-1115216.640,-714830,-726124.44,668248
152,2012-01-30 22:39:07.000,-258869.3,-84151,1196430,-1378106,-1.6,708544.7,-743836.530,true,false,468091,-1483090,937486#7nJBbab0PdMdDfIu6oDZhTapqC4pxGRyIzhdA,-1044853.480,-899010,-719687.75,1343462
153,2007-10-15 15:48:49.000,-435610.38,1286799,62493,786327,13.1,324555.88,367176.930,false,false,-882964,-1114851,1091484#ik91uAOswu9gLbLxB09RKqM1VGzWTYskdC1Md,-339861.660,-908624,805671.3,1047914
154,2013-06-06 17:57:27.000,-940529.94,303195,-724778,475078,-59.9,1335622.1,-874163.940,true,true,1011522,1476119,516944#Lkyb6s3Uton9x61O62UZpgfjgw7hi1AeRKmb7,7579.570,94067,-295442.6,1027636
155,2007-01-18 03:34:40.000,-401236.03,301301,1528891,108286,-80.5,-1258944.9,1248680.010,false,false,1349575,-207730,743401#LWMlJWLjZ64l7riPxiFbPl3aVXRKbdwqLsAPC,-848615.270,164521,943916.25,1326106
156,2003-05-15 09:24:52.000,-734533.94,-797117,-1284635,-1529445,112.7,1288098.0,1194977.340,true,false,-7687,-773982,1038054#nrr6GCtaYVIYddfsFiXkZ53jtVNw6yVIDa8Pz,-1160048.950,-491680,-50907.7,1499247
157,2003-09-06 18:00:08.000,1454032.9,135990,-934843,357471,35.5,682514.9,674400.140,true,true,1323645,-1524570,236360#XQ6TbQe6NfEVsYlfhfujzoXrtxIjIsJPpJswv,912054.080,1415252,706277.9,722144
158,2016-11-01 09:19:38.000,26100.67,472568,-1442782,1375821,64.0,-548017.5,-857679.200,true,false,1162845,1243739,746757#pxsl7dxeFQr7HdUE8zHSme0hTO0qjBoRnmy6P,720781.940,-186494,-1426309.5,1379681
159,2012-04-10 18:38:07.000,398242.3,1525894,425598,-226134,-15.7,1200288.6,1353101.520,true,true,1485920,-101917,1127817#oB4qkGU3MxEDy5xv3FNXRp35tyiGXePda5z10,-1194840.180,-596776,-1202912.1,-772769
160,2003-11-30 13:41:03.000,1250989.9,-877714,977621,-672363,15.7,-465444.9,-689246.520,true,true,-976235,-357038,1203268#qRSb0EItRvVCf6udWTxBZop4JuqVUHmYGh0v7,-822438.890,1298695,-989920.56,-490921
161,2004-12-14 06:36:08.000,-1233499.6,-354196,275967,1133164,143.2,8372.48,-1047125.990,true,false,1065143,774602,646866#xc1JJgM5BHZDF5OeHATnRssvFhupGmn8EpDjw,-683639.690,1370430,-1501162.0,141517
162,2014-07-15 03:43:38.000,-273632.62,475050,1054109,-121684,-24.3,78739.24,-1229943.700,true,true,778801,949470,349889#srFjYt6sr3dzy0SYK0MHB8TBhVNLT4N5i339e,-911090.840,-1402904,-1042628.2,926202
163,2009-03-14 00:40:36.000,-958711.6,-984726,-426713,-932357,30.1,275116.3,431712.510,false,true,-485356,-480647,1483302#w95mkjp6pVy6bs4D0lCu2bYFZW6MlJk50NXR5,751303.700,-644616,-879906.25,1295984
164,2018-03-10 02:14:39.000,-109708.23,1242507,-1394207,-1309537,35.1,621412.5,-1359140.530,false,false,671039,1066604,1102512#LnZwYyMXWL7kvmINWiVTr7z35hkExmw1bnewT,266236.590,-497359,577998.6,-423689
165,2013-11-30 08:13:30.000,-937312.8,1355092,971936,-1029249,26.5,-160220.7,755162.990,false,false,1276477,942207,397041#p8FQemCPDEdZX5qFTaMBfFJMt00E3PenfFXYV,-1228122.130,1099758,-1004411.7,-853935
166,2006-03-29 13:39:51.000,1657306.4,-80528,659352,-222674,-10.8,931187.75,916880.420,true,true,52373,-1264977,456970#X4WHMxBEuLxns1EMeAPn8LBs3G4tScBPw0OKI,700785.490,888876,-845201.25,627206
167,2006-05-26 08:46:02.000,-125504.85,325955,-381124,1438416,-52.7,-1392132.6,-1333498.410,false,true,-1048159,-984957,1122676#RT6CwxdZdwT0hDh8OMruqzNgaARV8CvGJxjVJ,715996.990,-840431,463051.16,-369807
168,2005-03-31 20:38:22.000,1265947.4,1128373,1124866,828996,116.3,-499789.2,-613095.580,true,false,896623,238909,1671449#mhUxGMAzNQAiNQza7Pl3YeVGbpW5BNUu2Vkx6,-907142.100,18197,-1487082.0,1513653
169,2015-05-16 08:16:51.000,-1450223.4,-1014120,882167,1142417,-6.7,-471087.5,-438500.930,true,true,-736696,-1156920,1164890#TI0iKcjhKBD8geilfqez105HB0JA67PXrZeIe,-793843.810,-619518,959921.5,-1683627
170,2007-04-20 11:28:59.000,-363397.66,922854,754456,-1446428,111.9,326216.2,264807.280,false,true,981551,-267508,225433#CzpiMVyGZ78dPyxBHyAalghhB1Lvpcz8qgiSL,856461.160,-1157211,241179.42,1097606
171,2011-02-10 20:28:50.000,-1120538.9,-722106,-203922,-1198190,-23.6,-580978.2,-587826.510,true,false,-957912,-688497,785769#SoCS0RRitg96WxbXH5hQ3sB9G2YE9IcMYObYk,-715615.470,968196,-1677906.2,-1422090
172,2010-05-26 18:46:35.000,-140254.3,1317825,-496974,341453,-97.3,-913669.9,1248084.660,false,false,-367826,814228,806471#EGhrTq3HT1QnvPgvgpwxb2Slsp9gjsFXYCKoz,-206574.690,801484,-930963.4,522149
173,2013-02-07 02:39:14.000,1061010.6,-9071,-1106399,-185062,27.9,-1055541.9,1033871.120,false,false,1058708,60737,1034554#LZ9ncKmXyGF5oWvgF7DzTNltrua5gj3AwJfnN,526758.820,295303,1329518.2,1048961
174,2016-02-14 16:54:36.000,-366879.03,751717,-1705009,-801517,-114.1,-578769.75,-1519393.860,true,true,723750,1141645,1405280#9Wc3mbQQGSHGTIYFWyvrTXHFEqHfeqDN5s3K2,-1577355.030,1068882,1254379.5,1647089
175,2006-11-13 05:19:00.000,-898226.9,874909,-1341758,63581,145.4,636344.94,-1450237.120,true,false,403710,-834146,1461922#m9GJAnbBd2VIfNL8qxle04pPLjqL1sCGrWG9q,473211.140,1403839,472068.75,-1575068
176,2008-05-28 12:48:34.000,-688644.3,-859267,-1657263,336891,36.8,1606521.0,439366.310,true,false,1063608,-482045,996613#gFSMdXVqCgxrv0NDeXXvk70TbXbCxske3rijI,106958.300,-1122347,332161.2,-1216709
177,2015-03-16 00:43:45.000,322676.34,1262630,1445072,-245785,-70.8,-582327.56,-132962.400,true,false,833729,357927,289078#DJNVn3hkRqYpb1YHXfCDLdxuXkYtKz95amrjl,-264520.790,-769266,-838454.56,-817667
178,2007-08-22 19:07:28.000,904705.8,-598818,96331,519963,-36.5,-571488.6,925397.080,false,false,75193,818271,1634040#Ob5aZav71m12P1qVHCC0AVZ2jhLxPXtdXB0BX,111007.700,1021721,-1120633.9,1066533
179,2004-03-03 14:08:21.000,1482962.6,827414,-506251,10118,-36.6,-509048.5,1152095.590,true,true,-1052403,717073,1682108#gzM4yVwftKdWgRuCNAyJruBletUdGYNjuKMR5,-1142339.660,1001027,-1782088.9,-907984
180,2012-09-03 21:52:02.000,1353656.1,-1369926,1021650,364235,34.7,-1628400.4,331265.920,true,false,-1769385,-1719088,142938#PCsucaEFnx0XOCfb2UosQBpS8WL5Q2vpEdHWY,1778462.070,-1465389,-1086114.1,606600
181,2012-08-22 05:25:39.000,55659.75,535829,1456938,-1206053,-41.4,584186.4,-407979.940,true,false,1157594,-1793074,103416#ZCTjCYycldOVrCqcY9Bc5JsI5VOrs4kV9zGUz,697815.080,1266218,-882496.3,-801551
182,2003-07-13 12:00:26.000,-1157696.5,-518866,-1052783,-195120,-79.7,-1129606.2,-192157.870,false,true,-1191656,-529944,166344#n24VNrf5oEA3RZGaGeavlTsGo2bRSwlCjgvll,1276904.360,-516796,1136243.9,1052259
183,2014-07-26 15:29:45.000,1747068.2,-1259997,503637,1606087,-82.6,-100515.4,859267.620,false,true,1669516,1357276,1440756#hfhmL4XUvluCkkpwPx6goE36mByGVVWSwBL1H,-1561285.920,-1431445,1087094.6,-1216897
184,2004-09-15 01:06:13.000,270646.34,205359,1517673,759181,-121.7,-623130.0,894022.790,false,true,471237,561698,941242#HArR8TUORhRrPJnr0aZyp99uUjJ3cJgsAMD9K,1478024.650,1089860,603598.25,-1026525
185,2012-01-23 09:04:12.000,-1584670.6,-1729873,-1042853,889837,87.7,-193021.3,1768367.280,true,true,-1731584,303444,458412#g9gfLqJ8BjbAQJXagG5xWqZNrCBDhNRTS0c3r,776966.420,966960,-545650.4,-858774
186,2008-09-10 22:59:42.000,1692537.4,241698,1432781,1332235,65.7,949298.6,-1353286.480,false,true,-1476491,-1389165,580929#0FfUUxO1axzzyFM8VqQl5YX8IvyRs94D8kgym,-623675.410,-873290,-813594.56,906178
187,2014-08-04 22:39:54.000,-1690046.0,-87712,-1378134,-419576,54.3,-1634068.5,-1787659.800,false,true,1296068,1113437,446617#rYxkflX0wqdT7Vg3eZ9sTnHqLyfFdoFeD7ksX,-1262963.330,38273,1161869.1,-682700
188,2007-07-25 08:51:59.000,1865857.2,-1515862,675468,-925819,-92.0,-188810.0,1243758.860,false,true,527934,-1691611,1207274#E1qD1p8ETrFrmOgwpGYlh8V5p4QluO3RE41Ja,-60575.420,-881096,-1696423.6,423522
189,2016-08-09 14:18:07.000,860498.56,-462043,-266771,17919,32.7,1344971.1,1362532.110,false,true,892546,-1782550,1501471#EGhrTq3HT1QnvPgvgpwxb2Slsp9gjsFXYCKoz,99556.190,-473881,1310248.0,149959
190,2010-12-19 20:51:03.000,-1229780.6,-1495920,-662440,-870897,95.4,1640687.1,540564.450,false,false,475547,-395146,1142174#SRpzwNbJKNTTRxlVgrMlpfKcXCZMg8gkNJV3t,-1007296.530,-699102,1371913.0,1718282
191,2016-05-14 12:06:52.000,-1527577.1,-716902,1063993,1646537,-83.8,-330351.53,-1088392.290,false,true,5429,-1628495,1047825#jLG7kuA6fPmacSiArDY2i6P3yGWbOPbYy3GJ5,938809.880,20381,-111190.52,-743395
192,2014-05-11 08:03:07.000,-1598975.1,-438837,-295953,1534337,-68.2,-1539882.6,1099885.240,false,true,1123223,-480355,939124#E0TP2ohmV7nrq2hBDgzO7AgaEveWeDSdFhGW8,-1050463.650,1080378,-1640266.6,-1378271
193,2017-11-03 09:19:37.000,1075456.9,266208,-92045,-1543013,1.3,-1809951.8,1091687.300,true,true,1925764,-1856968,336046#WstFtXn4upibIiGKuLzIciZSsXy9jnV52cOoE,-975759.090,-742325,1581937.6,-88319
194,2017-04-30 12:20:32.000,1460368.8,1280909,1364695,-1298912,-32.5,1560052.4,967509.110,true,false,-174183,668998,168274#E1qD1p8ETrFrmOgwpGYlh8V5p4QluO3RE41Ja,764217.670,1613133,-1381700.6,-426413
195,2005-02-09 09:20:00.000,1883652.8,-546392,-525342,1354412,-109.2,1928157.4,137898.840,true,true,-804109,-203881,1565871#BEjnWkUOdZgAfDIJBW2rrYTkdpM4aOAaj6qq1,1075758.660,-75725,-84725.08,1387475
196,2017-02-13 05:50:07.000,60048.95,1937952,1078147,1295597,176.1,-62257.17,1793511.770,false,true,-208885,-281879,61550#Xrg2UkQ4ytziRnBYHsA8KtTmd89CaiQFmvVAg,-1212005.100,604754,413793.1,-672678
197,2010-03-06 11:14:45.000,347153.47,88823,-1281523,-472559,146.6,1383432.9,-1275616.510,true,true,761407,99787,1771331#Eds3sfKt4b4fIoWmKB1ozhGrPiWvMClP1Lin5,-1870134.940,944085,-5207.49,1610824
198,2011-09-11 13:22:58.000,-212646.27,618027,-139599,-507177,70.8,-1002140.7,778020.390,false,false,433967,-622068,530981#hueR7jkuwndhNGtNsBj9CTWoN4RtROzuDZfHc,-709457.480,-1532775,-692899.75,-1433745
199,2006-04-29 13:16:13.000,-1451951.0,737983,254119,-86773,-64.0,1000841.25,622210.720,true,true,909116,141881,778978#icgUIgUiZxKnOvJm6NC1WZu8XkhzqcgIndoej,-262348.450,535452,-998586.56,8649
200,2004-10-11 07:00:07.000,-699732.3,-230642,-91218,-809589,63.5,963312.9,439236.760,true,false,838736,1209447,1135853#lpoiYq7NyMvP8rfPHieTajvCSeabI2MB0GcD2,576280.190,1468682,338363.25,223786
201,2013-05-21 00:22:40.000,-1197767.6,-1909334,-1322494,620622,1.9,1976073.8,-1179945.280,true,true,-750364,1157984,1082049#zyLKOalECR0BaabVsdHOCyqM1G0r8h0gtCqqi,-1485010.140,-950693,-964524.44,891748
202,2012-07-02 23:18:43.000,-341269.3,-112551,1591806,-1831839,-3.1,942944.7,-985321.030,false,false,622516,-1968574,1245073#pAY2x9s6doGra53kW3LD7vFQrIWXA2d7qW5SF,-1385904.980,-1195198,-955687.75,1787237
203,2008-06-07 08:35:49.000,-579610.4,1707549,85245,1045051,8.6,430155.88,489816.930,true,false,-1173689,-1477542,1445993#yPJMnlOFfAA4kHeMNx2tEzxpSXpERep2rDlWu,-449010.660,-1208649,1068071.2,1389302
204,2013-10-13 10:56:47.000,-1247730.0,404870,-957148,630798,-84.9,1768422.1,-1157204.440,true,true,1338197,1953424,681567#8s8kbyjmxZKnmmeUkFeN6J3Z2PimojZpRQaAe,11663.070,121830,-389842.6,1361736
205,2007-09-25 10:17:01.000,-530036.06,396926,2020202,144613,-90.5,-1667744.9,1649172.010,false,false,1782475,-273098,982488#dLniG4F1JOBlV6zUocc0M3dLe51V0GXvOhLVm,-1124622.270,219514,1247916.2,1756331
206,2004-03-30 23:49:52.000,-967333.94,-1049404,-1695275,-2021997,149.2,1703298.0,1574779.840,false,true,-8887,-1023224,1370278#jSzgNdxgXtiRZ6B4imFcBXvtiL0wLVPoT52L7,-1529605.950,-647680,-70107.7,1977172
207,2004-07-17 17:12:18.000,1918832.9,177140,-1234282,468553,44.0,902514.9,888120.140,false,false,1742495,-2009501,310363#mK1KjM7oRmw8JWx4ULsDUTrxxt5ldbry4FEz1,1202123.080,1867052,931877.9,954794
208,2017-01-04 15:48:14.000,34100.67,624468,-1899914,1812659,98.0,-722417.5,-1128683.200,false,true,1531443,1635490,981135#R7mOR81TNWmMVF8JQpbvnCENGnT1Pi79cNSHG,948038.440,-244994,-1879109.5,1815543
209,2012-09-09 05:27:07.000,525442.3,2003119,557303,-297711,-30.7,1575488.6,1776675.020,false,true,1953670,-136544,1480165#jjcmHfYFSHtXWPMR70kY470rnrbHcnRMoAOt8,-1572215.180,-786626,-1578112.1,-1017732
210,2004-10-07 02:03:11.000,1644589.9,-1152664,1281500,-883650,5.7,-608644.94,-901511.520,false,true,-1279210,-467546,1577533#05lU3aqdrlBJUCeEkf6cD4e8JA5PFI17uuSay,-1082033.390,1705773,-1296320.6,-646746
211,2005-10-02 05:11:30.000,-1618299.6,-463771,360788,1485190,180.7,9972.48,-1374651.990,true,false,1397093,1012879,846206#b68CAj9qJG4gOlR9CiAYmmEoRejMdZYAchszT,-895911.190,1795605,-1966762.0,186417
212,2014-10-31 18:41:03.000,-357632.62,619350,1378610,-161146,-25.8,102739.24,-1606553.200,false,false,1019476,1244256,456442#2k8qlF0d8VCQDadYqL6C9QMf73NZP4Lg7Vwhd,-1192961.340,-1837067,-1365028.1,1213502
213,2009-10-11 03:15:18.000,-1250711.6,-1283863,-558911,-1219049,25.1,360716.3,564869.510,true,true,-635906,-629610,1936650#EjaPlDYgpDfpJ632GNz0XXrxDx05vDlc9SInB,982128.200,-841266,-1152706.2,1696259
214,2018-04-17 19:28:51.000,-145708.23,1622107,-1821998,-1708874,37.8,813412.5,-1773764.530,true,false,877389,1393262,1437115#FmahfHTrGLBcIdgYo2iyyV8DZSNDTNxDLTSpr,347491.090,-648484,755598.6,-552589
215,2014-03-31 05:54:53.000,-1218912.9,1766592,1265482,-1341249,25.0,-209820.7,984068.990,false,true,1662802,1230574,516099#U41DV4SGAenrShnvfAXEVShCekpMTg5xVAs5c,-1601925.630,1430308,-1310011.8,-1113735
216,2006-12-23 06:29:14.000,2154106.2,-102578,856317,-292143,-25.8,1208787.8,1195910.920,false,false,70823,-1646718,593502#kdXH57KcP13fuQJrBQbTJQnhS4iH8kubRNbOH,909813.490,1154326,-1098801.2,815556
217,2007-02-16 07:14:01.000,-164704.84,425805,-495726,1867332,-55.7,-1808932.6,-1731447.410,false,true,-1362447,-1280091,1458052#Ba80kIFDHNyWeQ76CPLADqlWzIHQvn6r0kpyh,930706.990,-1092619,599851.1,-479682
218,2006-01-14 06:41:34.000,1642747.4,1462548,1458846,1078130,143.8,-648589.2,-798408.080,true,true,1165098,312024,2166032#tGmu1eFj8mSgSIn7O5QoNghci77r0LGLT5mD7,-1176177.100,23947,-1931882.0,1963391
219,2015-08-17 15:23:43.000,-1879023.4,-1312470,1143767,1480413,-11.7,-611887.5,-569236.430,false,true,-956321,-1498804,1508072#9XgIAHn1tOlwo7m8ZKbYWobTRQfGCuZUAiQUO,-1029257.810,-802349,1246321.5,-2180175
220,2007-12-25 20:17:23.000,-469797.66,1194504,975427,-1873056,140.4,424616.2,343132.780,false,true,1269951,-348291,290137#yj6bYytrzvtAalPVnTi99x5mCP77xdvJ4Gvfb,1106012.160,-1498961,309979.4,1421806
221,2011-08-05 17:39:32.000,-1445338.9,-933856,-262666,-1549843,-43.6,-748978.2,-759862.010,false,true,-1235137,-890371,1014096#XWxKi3XvSG26sk2JxrcpYwBTl2RIkGvvDOadQ,-927267.470,1253896,-2167506.2,-1840690
222,2010-12-02 15:22:49.000,-181854.3,1702000,-639296,442008,-122.3,-1177669.9,1612732.660,false,true,-472276,1048067,1039116#37xdnka9fwLWoTwVnW9nKW8q3oDYOUIOpsmSK,-267038.690,1036184,-1198963.4,672024
223,2013-06-24 18:21:08.000,1365810.6,-13921,-1425382,-235721,22.9,-1362741.9,1335274.620,true,false,1365183,77646,1331699#HUVmlSCWuPeXP2RwlR6SicKo9IW0C525VgYEI,679213.320,381003,1714318.2,1353561
224,2016-05-03 22:02:53.000,-470879.03,968517,-2192406,-1029626,-149.1,-747569.75,-1957425.360,false,true,930313,1468275,1808958#mwthHQLSss37kvopvRcNy09yZ3RcgCOfvWyt9,-2032667.030,1374132,1615179.5,2119289
225,2007-07-30 07:59:15.000,-1157426.9,1124159,-1723204,83325,185.4,818744.94,-1863803.120,true,false,520210,-1073937,1877696#UYYBtJyu7imZDgkcyHEpS13ICLxMUxd0Rdy7C,610252.140,1803664,605668.75,-2026143
226,2009-01-12 23:29:35.000,-881444.3,-1106167,-2126751,434377,40.5,2061721.0,563610.310,true,false,1364758,-617231,1278349#v8Xzjx1ghdCGgSNrOjw0gdJUSEedzrVERiTCZ,136024.300,-1440747,424961.2,-1561509
227,2015-06-21 09:22:54.000,412276.34,1618780,1850761,-313261,-90.8,-744727.56,-171216.400,true,true,1068129,461003,369720#dtVRdbeYThfojuygLuw6STG7kpaDaeG9XhKxN,-338424.790,-988066,-1076854.6,-1050629
228,2008-04-23 15:48:58.000,1156705.8,-764456,123998,664470,-41.5,-733888.6,1183593.080,true,true,97168,1049760,2091431#HGvm6j039hreaZtGaVgQVeeQrWX9lp9hrwQbk,140611.200,1310949,-1435033.9,1366789
229,2005-01-10 09:44:05.000,1894962.6,1059595,-649723,14651,-37.1,-651448.5,1472032.090,false,true,-1343834,920054,2151640#Rnr42MOvQ0iBy0UrhpSGVuWwDpIQLzm7Q2M6b,-1462117.660,1282827,-2277289.0,-1162134
230,2013-01-28 22:46:08.000,1731256.1,-1748788,1306642,467424,51.7,-2078800.4,425671.920,true,true,-2259747,-2195839,182637#X8oZLbqK3GMLSJ5m1SNB0OJ7v3HTPQRaWrqFK,2270603.570,-1873289,-1386914.1,776800
231,2013-01-17 02:24:18.000,71659.75,685900,1857275,-1536948,-56.4,745786.4,-521333.440,false,false,1478494,-2288728,130577#U4yaiGK6iATFhYYRxlNIJuYpLWnZr1CGCgCf0,887884.580,1615448,-1127296.2,-1021551
232,2004-06-03 20:49:18.000,-1474496.5,-663416,-1344349,-251219,-109.7,-1442406.2,-244429.870,true,true,-1521656,-675143,211859#JqfmzfVm0FzutyTVnOS5nAmdVMFyIOin5AQV9,1628491.860,-656396,1447443.9,1341696
233,2014-11-14 02:23:56.000,2225468.2,-1605347,641702,2043489,-112.6,-128515.4,1094910.120,true,true,2124766,1729768,1831897#SuuCPXnFqnhgrxPqsRKj05pQ21qxxviemmmlf,-1989490.920,-1823545,1383094.6,-1551072
234,2005-07-16 01:05:16.000,342646.34,263034,1928308,964375,-146.7,-793530.0,1135147.790,false,true,600537,713534,1194692#WNQXjWVB1lp0ZBBtFKV4JStPAt0f9uWEotIa1,1878854.650,1386610,765998.25,-1307925
235,2012-07-01 06:39:52.000,-2011870.6,-2198923,-1327057,1131082,113.7,-245821.3,2247890.780,true,false,-2197284,383856,581037#ucNHZ416p3wLYcNvYX9F6glvhWELBWM4R4Qt2,987618.420,1226123,-693650.4,-1090824
236,2009-04-25 04:46:34.000,2147737.5,306073,1816400,1692227,84.7,1202898.6,-1718238.480,false,true,-1871566,-1763394,734755#aUUkG09n9XFrLC8q6Nb7L3CmMr48eg7ylkTKC,-790651.910,-1110465,-1034394.56,1150878
237,2014-11-23 08:58:12.000,-2142046.0,-113612,-1747203,-533976,65.8,-2070868.5,-2264370.300,true,true,1642093,1413285,565152#Znb9CuF8dtNkxQWO1rOsMXBM75NGg76CSnBEw,-1598623.830,49123,1471469.1,-863063
238,2008-03-30 09:45:08.000,2360257.2,-1918962,854101,-1173677,-127.0,-240010.0,1576232.860,false,false,666059,-2141072,1526668#zFSoZpup0jnZdVNyn3UGcfhWVvRIRNPsJT6Ti,-78059.420,-1115065,-2150023.8,533622
239,2016-10-19 13:00:12.000,1087698.5,-585468,-338461,20058,29.7,1702571.1,1722148.110,true,true,1131059,-2252326,1897226#6gt93MWboBjaVvLFZ48UPZquT5Mq0zwB4OO3j,128297.190,-600044,1656648.0,189409
240,2011-06-20 05:28:16.000,-1555380.6,-1890520,-836093,-1099216,131.4,2074287.1,680539.450,true,false,599047,-500451,1441975#AdMqdjQzSjVP7p2pxUz3gmuWTgx7FgEOiLylk,-1270592.530,-882377,1731913.0,2169082
241,2016-07-29 07:36:24.000,-1925977.1,-907152,1343819,2075052,-118.8,-414351.53,-1374092.290,true,true,8429,-2054698,1320214#crvoStlpoWirLWbS8xsoz4yr1GHgCOfLCUigj,1183115.380,23181,-140790.52,-939966
242,2014-09-04 00:00:54.000,-2015775.1,-553412,-375009,1934998,-88.2,-1939082.6,1383738.740,false,true,1414823,-603081,1183216#1jMI38rCr9S8FCOhpItgo92qAriUgLOXFK886,-1325376.650,1359714,-2069066.6,-1737796
243,2017-12-20 04:42:00.000,1355456.9,337383,-114478,-1944480,6.3,-2280351.8,1376505.300,true,false,2425039,-2338873,421080#bbFvU8cvrT3m8QEOGwxsfqGqxjEAzw7d2ApMU,-1228479.090,-933175,1990737.6,-110707
244,2017-06-26 12:25:10.000,1837968.8,1608959,1715201,-1631648,-32.9,1963252.4,1215635.610,true,false,-216883,841462,209449#mhUxGMAzNQAiNQza7Pl3YeVGbpW5BNUu2Vkx6,963438.670,2028083,-1737700.6,-538163
245,2005-12-06 00:21:57.000,2368452.8,-685305,-658641,1699913,-134.2,2423357.2,171095.840,true,false,-1009759,-256260,1966483#S4PTCNmCE7oTVJFSjdMiEn8B1gZbrYBv7l6se,1349036.160,-94800,-104725.08,1742950
246,2017-04-15 12:28:56.000,72848.95,2433452,1351954,1626842,216.1,-78257.17,2249586.770,false,true,-260285,-351771,77172#mNAfFiNckjpXhSmXCfO70Ma1buHNv8niZdVYN,-1522835.100,758304,520193.1,-844828
247,2010-09-21 22:13:59.000,435153.47,109523,-1609210,-592844,180.6,1736232.9,-1598063.010,true,true,952807,124627,2219737#QpWXyUhmE82kxQK86jd4kTZHX133e2GegLHs0,-2344155.440,1185535,-7607.49,2018378
248,2012-02-28 00:30:03.000,-267846.25,774827,-174104,-634677,93.3,-1257340.6,976015.390,true,true,545617,-781644,663626#k7UU5wiPu0hXAoFXWkfYdKQ1eXdzUyMS3S5mD,-889431.480,-1921925,-868899.75,-1796145
249,2007-01-31 05:49:49.000,-1819151.0,922033,320039,-109548,-69.0,1252841.2,780107.220,true,false,1139366,178870,973950#BiDPN8VYGACserGqgazd4BxxeoMN663PEUSZo,-329637.450,671514,-1251386.6,9099
250,2005-08-15 04:08:43.000,-872532.3,-287998,-114924,-1013412,87.0,1206512.9,549236.760,false,true,1049736,1514220,1417437#vgILLVipRfugpRnQ398FeVXob1qBvo19YYGJM,720470.690,1838032,422363.25,281167
251,2013-10-04 06:10:41.000,-1494567.6,-2383334,-1649345,774966,6.9,2467273.8,-1474182.780,false,true,-939114,1443874,1349747#K2pbRwjau9pFCqeCblIBLklD7SwQQCz0DaOpa,-1854803.640,-1186555,-1202924.4,1115248
252,2012-12-03 23:58:20.000,-423669.3,-140951,1987183,-2285571,-4.6,1177344.8,-1226805.530,true,true,776941,-2454058,1552660#CketGFOAnoEWTvjbU5RLZ2wCS9JRO5meCVZXL,-1726956.480,-1491385,-1191687.8,2231012
253,2009-01-29 01:22:50.000,-723610.4,2128299,107997,1303774,4.1,535755.9,612456.930,true,true,-1464414,-1840233,1800503#sVf8ZH64WZNqlBBQ9RzLcKBeLxaCZnP2hmw4B,-558159.660,-1508674,1330471.2,1730689
254,2014-02-19 03:56:08.000,-1554930.0,506545,-1189518,786519,-109.9,2201222.2,-1440244.940,false,true,1664872,2430730,846189#KOUuRqs2t5Hi2rSqN9t8JzNtIC6BWuO5jPE9v,15746.570,149592,-484242.6,1695836
255,2008-06-01 16:59:21.000,-658836.06,492551,2511512,180940,-100.5,-2076544.9,2049664.010,false,false,2215375,-338466,1221575#5aG32x92HvQ1gwnjaG7UxgLj5lh7WgpGUbu1J,-1400629.270,274508,1551916.2,2186556
256,2005-02-14 14:14:52.000,-1200133.9,-1301692,-2105914,-2514549,185.7,2118498.0,1954582.340,false,false,-10087,-1272466,1702503#sVf8ZH64WZNqlBBQ9RzLcKBeLxaCZnP2hmw4B,-1899162.950,-803680,-89307.7,2455097
257,2005-05-28 16:24:28.000,2383633.0,218290,-1533721,579635,52.5,1122514.9,1101840.140,true,true,2161345,-2494433,384367#TcLWB2iWhDV0FwyFAD23MYo47jL51otLDhhnh,1492192.080,2318852,1157477.9,1187444
258,2017-03-09 22:16:49.000,42100.67,776368,-2357046,2249497,132.0,-896817.5,-1399687.200,true,false,1900041,2027242,1215513#PuuSWyivCH0hCCn6sQrcECTHcNjblMavhoh6U,1175294.940,-303494,-2331909.5,2251406
259,2013-02-07 16:16:07.000,652642.3,2480344,689008,-369289,-45.7,1950688.6,2200248.520,false,true,2421420,-171172,1832512#LnZwYyMXWL7kvmINWiVTr7z35hkExmw1bnewT,-1949590.180,-976476,-1953312.1,-1262694
260,2005-08-14 14:25:19.000,2038189.9,-1427614,1585380,-1094937,-4.2,-751844.94,-1113776.520,true,false,-1582185,-578053,1951797#Va3YH9xWYYN10pcdI8nMJOiqcd3cXbq328SCX,-1341627.890,2112851,-1602720.6,-802571
261,2006-07-21 03:46:52.000,-2003099.6,-573346,445608,1837216,218.2,11572.48,-1702177.990,false,false,1729043,1251156,1045547#rGq4BQmQxRogmXAGWSkfsBZslh4SuVqOCbYpr,-1108182.690,2220780,-2432362.0,231317
262,2015-02-17 09:38:28.000,-441632.62,763650,1703110,-200609,-27.3,126739.24,-1983162.700,true,true,1260151,1539042,562994#XYL1a9mvrBKghJrv6eUPXiU8CsXS0pLy3efL3,-1474831.840,-2271229,-1687428.1,1500802
263,2010-05-10 05:50:00.000,-1542711.6,-1583001,-691109,-1505741,20.1,446316.3,698026.510,false,false,-786456,-778572,2389998#0fYwmxP8vAfQ5BqeEF5CewDTrwpSpRM9yGfyo,1212952.700,-1037916,-1425506.2,2096534
264,2018-05-26 12:43:04.000,-181708.23,2001707,-2249790,-2108212,40.6,1005412.5,-2188388.530,true,true,1083739,1719919,1771718#2poOqmT3GWXaxkbidBTRENMHjtwIA5hEv3j1q,428745.590,-799609,933198.6,-681489
265,2014-07-30 03:36:15.000,-1500512.9,2178092,1559029,-1653249,23.5,-259420.7,1212974.990,true,false,2049127,1518941,635158#UkiYp0M5ncZYBIzEjsOCpw2Gpc9HNXxtseQZl,-1975729.130,1760858,-1615611.8,-1373535
266,2007-09-17 23:18:38.000,2650906.2,-124628,1053283,-361613,-40.8,1486387.8,1474941.420,true,false,89273,-2028460,730033#MjSycd6avojCzVcQJiqd9twv1Sfw5MdGThe7b,1118841.490,1419776,-1352401.2,1003906
267,2007-11-09 05:41:59.000,-203904.84,525655,-610328,2296249,-58.7,-2225732.5,-2129396.410,false,true,-1676734,-1575225,1793428#qQIsTBXFdXCY4DYKmX4Yy7ltPNKbmQjnOsnGa,1145416.990,-1344806,736651.1,-589557
268,2006-10-29 16:44:45.000,2019547.4,1796723,1792826,1327264,171.3,-797389.2,-983720.580,true,false,1433573,385138,2660615#bDZv6JmNWxJClK80QvFKjj0UWtyvo8xbLqhqX,-1445212.100,29697,-2376682.0,2413128
269,2015-11-18 22:30:36.000,-2307823.2,-1610820,1405366,1818408,-16.7,-752687.5,-699971.930,true,true,-1175946,-1840689,1851254#4SUUwVGpYSnvOw8CeQm1Kgnl3a3AMWXHGt2q7,-1264671.810,-985180,1532721.5,-2676723
270,2008-08-31 05:05:46.000,-576197.7,1466154,1196398,-2299684,168.9,523016.2,421458.280,false,false,1558351,-429075,354841#Mjx504xA8YpQR7MNNZxsMcHl9R3w8ZdWHgLNP,1355563.160,-1840711,378779.4,1746006
271,2012-01-28 14:50:14.000,-1770138.9,-1145606,-321411,-1901496,-63.6,-916978.2,-931897.510,false,true,-1512362,-1092246,1242424#TbWtmZ7a8pa6T3UySFu4rkfU93AWp15XMY5ML,-1138919.470,1539596,-2657106.2,-2259290
272,2011-06-10 11:59:03.000,-223454.3,2086175,-781617,542563,-147.3,-1441669.9,1977380.660,false,true,-576726,1281907,1271761#Ftzby9PkENSIXZrdR2AprIwdNIT7NixZFkvxc,-327502.690,1270884,-1466963.4,821899
273,2013-11-09 10:03:01.000,1670610.6,-18771,-1744364,-286381,17.9,-1669941.9,1636678.120,false,false,1671658,94555,1628845#FyOVwgKhL43fd5W2IhoE27ErHC9ZuoF48milc,831667.820,466703,2099118.2,1658161
274,2016-07-22 03:11:10.000,-574879.0,1185317,-2679803,-1257736,-184.1,-916369.75,-2395456.860,true,true,1136875,1794905,2212636#GffxZAn8nuvrKKcjDnczMx0i4NpUVRLtWVVKE,-2487979.030,1679382,1975979.5,2591489
275,2008-04-14 10:39:30.000,-1416626.9,1373409,-2104651,103068,225.4,1001144.94,-2277369.120,true,false,636710,-1313728,2293470#wlPNTwOFM7Fttn5M87iErqwJS0EI5du5W4guV,747293.140,2203489,739268.75,-2477218
276,2009-08-30 10:10:36.000,-1074244.2,-1353067,-2596239,531863,44.1,2516921.0,687854.310,true,true,1665908,-752416,1560084#KmS4Bjp4PJF6EaDZHbS2AxLbRDuVvKm2gj5rN,165090.300,-1759147,517761.2,-1906309
277,2015-09-26 18:02:02.000,501876.34,1974930,2256451,-380737,-110.8,-907127.56,-209470.400,false,false,1302529,564079,450362#9v78WOZWtLaXhmkcAvXp23ZG5oZKAU2Wr1Ng2,-412328.790,-1206866,-1315254.6,-1283592
278,2008-12-24 12:30:29.000,1408705.8,-930093,151666,808977,-46.5,-896288.6,1441789.080,true,true,119143,1281249,2548822#1KAiIrq5VFpSltGBLzVsoHttgf6Xayddl68JG,170214.700,1600177,-1749433.9,1667045
