2313,-18798986,-13088163.820,189019.4,-9257933,-7384561,3723178#lWhnujR8Up7nBRHt5wzOofZNH6egd5
2314,-10858329,-18014498.870,-18367.3,1467375,9754113,12814701#0q68N5gfUW1g9aSbcbZUJD5mQQ1QaX
2315,-12954529,7245553.360,393822.3,-862279,-22900559,13459526#sClt22eXR0gyDB5UDA69c5j8fHVjUU
2316,16614312,-16829451.520,255023.9,8807032,6020130,14064367#G6ggOgisM9iwuHfXh9pzjtOZ3vzQON
2317,-15072584,-1795362.650,383071.1,9711498,12906234,21633080#OilDnGw7SyPs5gtr72XyfVk5TGM15W
2318,-13485456,10588486.100,32030.0,-21971394,-8386708,22944525#oWlxy5CRNDPHSsWFPCuWuE3FuYkNu9
2319,-9878388,-2775680.560,157321.3,-6160101,-7281460,16615870#RyO5LuiswJFFBuFNl3j4M2FDeTGtM2
2320,-2388726,22029903.370,17431.8,-15173321,833473,16176653#zSpOB2oJKCqrO705pxrFeArDaGzdNx
2321,-14081154,10921381.290,97369.3,11404645,-1482061,14347924#2nXmlcd6Dg248dyjPS6lbC6zELNV9T
2322,4096199,-14613166.030,-150713.7,-23094561,-22147018,2205677#GTD9MmeImjiIMmUJdeQlFYh4J7ozYH
2323,17155869,-17701399.510,422750.2,-18282348,10173838,9110511#qbRLjNymvSAC6Hqb6tSz7BkPr4a9VS
2324,10762574,4232246.840,55220.5,-15173009,21331612,12587553#V4SbLBoRnMJH1hYTBGS1nmwljKN4Pb
2325,-22936340,16572846.690,-421950.9,10613091,-10260661,4933531#ugFyczumGtFqHby12ZlHks2y7fPxbV
2326,-11898552,-14206027.850,-352085.5,4896038,-12787469,5887231#jvWu0l0f5GMjqEvoKX5SKzY61NJIJU
2327,12739719,-14431419.070,346747.6,5922486,-9235571,9604331#6GHUJUWLvnzIscxaKzeUkuImwCQlEn
2328,-917608,10546295.730,346231.9,-17817716,8239760,4161960#A9g1sAkcSbXQXmuQ2p4FY0xlsvokzV
2329,12192118,-18518820.210,9469.7,4936935,3012993,21523488#oRO2ll4tKJhnEXcwwRIdtIfvJhSlsg
2330,22974420,-16712620.430,-202692.5,12644342,-16673523,5757398#EDOwMEZFbAbbfzyYuxHwlmEfun5Dkt
2331,2518353,20669269.850,-66835.8,7297452,14134472,14321534#0nHslWYXd3mgtcCz9tlgH7xbnHEyAa
2332,8706710,13630908.320,419478.1,-14014262,19879382,19470340#cPicwQ02DNQd3MwYh9LL9MqEQ67lrF
2333,11558869,3989165.590,148751.0,-17348924,-16099929,14017639#SqFLTduLgk8SnlehpY7YGXtUleZalE
2334,-5706618,7344822.990,-29403.8,-15356324,20222967,21251501#UkW0niG7wVJc4TS8IeH0Zr5FLhiqgQ
2335,9281941,-10219057.380,-371480.3,-22804851,-9232262,13994405#bdvQKXBHmBXIY9gmCMMKcWWyv5DxCT
2336,-10548410,17423669.830,409170.3,-1474696,-14732605,567604#MN4dBjUP0oHgrMfyI3lRm6QrI4zCZO
2337,19363758,-19138437.640,-65886.4,15574727,-9837639,8434840#DXaJPgCOnRLWUJ2hdgmYBdgxKzi0HU
2338,12657235,-12235904.770,421579.3,-10894099,22710293,11628369#Cp4saf3cYZJ2kjKz9R8njptoWYZ5MC
2339,19911391,17564193.710,-191474.9,13475954,11781051,23043279#lAIt39ObkEwCxBAh2jVLfrpNeY00da
2340,10685202,-8039342.230,156676.4,-5221407,-9050068,10967402#81entcTSdm19oWfT2kWhagoJxVqmUv
2341,18313616,22416443.890,193712.8,12673024,17349359,14472038#IBHh0gnn3nNUA0IVVG7AjODEgm3IHW
2342,19242769,-22359860.720,-270419.3,10439346,-983633,10428617#u6eMYrqV65oHicAJu9XmoRnTwYdn0j
2343,-3137411,13186778.660,227489.4,10798322,5838850,8963094#0da0wnrLhrq1vDZVKQDbt3K9YKcitU
2344,4506548,20484624.700,159331.9,-7413804,-21330945,2242276#iG4kFMklwuwFsbITyGfqb0O94tRHGj
2345,10151384,19230450.870,-408760.8,-7801868,-14253286,21437251#1Qxure7BS4MP6PV2fw0CHXjJDu6tk7
2346,-6600051,13220977.500,102198.0,23228029,-11158747,9222812#6lAFS2ktNFSjMp8hTCvQV9uleR9n2I
2347,22313995,17833144.430,332384.7,2383408,-8153060,12198730#LEW4d8JVNuGersfMloOQ9uGX4feKLl
2348,-15086708,-15964294.480,-338440.6,-9896429,7492634,617768#UU8PUY8DEAOSjDFiLL7K2P4UZ2zx17
2349,-23452681,12861848.830,-125820.4,-13114316,-14938821,1099602#VkBGpp5LVxH0trO0qzdYKQCCNM3HMK
2350,2540940,-15011778.490,-335025.8,-11305829,4289644,23131670#ihSrzet7xiedtEDca2pD4tNSvjzQcd
2351,8743391,-6085322.070,-248735.0,21395827,-19826280,7334321#XjAtge5qGf9KjxHWvFnsRppLzIxmUs
2352,3863941,-20338515.340,190311.8,-3107417,10177569,16392420#BJzrXUNOXhHlUn0rTkjsRoJ1X0qAV6
2353,6724159,20590012.590,139247.2,8266466,13934192,15277590#vjNT3BZDT9tAKJw6OdB7EsUy0yzb6d
2354,-1741726,-9102083.310,322463.1,-19546888,-16253883,890247#Mkf8K078yWGxmruTjZ0VjOU2cvbsuu
2355,-20294604,4926883.920,70192.3,9023040,-18937810,22402624#nmz7jkM9KY2ruGU5yLGI2ABd4Bo6mx
2356,-7112252,-2128826.550,114852.8,16833481,19290402,13538373#JRDWVgm98462RM4XFKmxJvDtFgR0se
2357,15079964,1187904.460,155415.1,3332122,7823116,20725589#A3BHpYtyaZUSgjx6Qb7Z40su0pqU0u
2358,-21533922,14751752.010,-309011.3,14183738,-8561556,10817575#XETIsRAYjSwgZwK3QgczpkEUbfv94g
2359,21215403,10789824.950,375880.4,-22350425,16544738,5573408#old4D6WzuYSRpfIRywxT97CgmDfUCQ
2360,-21804701,-4721718.180,213997.5,-57698,-10395363,16271394#m57ee07XYdFHPf0UyOT2QsTk9MJfX2
2361,12388642,-5211933.070,-393943.3,-5193390,-22294148,23065023#xWpOuO9smhxihIuu5INFpFdyUrc7S4
2362,649595,3883504.060,255756.2,-7113466,-6223813,6801143#oipKVDE6iLljTYa7S2kRH56Lv4oZgz
2363,-19205236,-13371133.320,193291.4,-9458128,-7544046,3803642#a3IVYpmWQczApkpu1mJnKTLjSNicdw
2364,-11092879,-18403575.370,-18931.8,1499248,9964665,13091456#zt7NPuR1SJUPKsnuiDEJMFKUX5wHk0
2365,-13234391,7401986.860,402252.8,-881092,-23395102,13750225#rT6Mv2yGbbfRRypUEzB2rIeonWQX4F
2366,16973180,-17192993.520,260475.9,8997115,6150035,14367973#3bFQARvxppa6O4Gqp7DtbGVc04VogO
2367,-15397838,-1834181.650,391163.6,9920988,13184956,22099876#eC9livQedfzfAdutvCX5gHie7ooRaY
2368,-13776394,10817075.600,32606.0,-22445256,-8567615,23439328#fwo8OOoNxEnWjJ5uYArw3wmfQycAvh
2369,-10091438,-2835669.560,160500.8,-6292886,-7438267,16974014#oaDq3WKm4mtpZ7J9OB3Nm7khACZZPo
2370,-2440172,22504785.370,17853.3,-15500140,851386,16525176#dd6zoafOGnPnk0TC9nItvpK24U4YUk
2371,-14384441,11156779.290,99424.3,11650133,-1513799,14656952#N5oUK8ZKDfhNwmlZiUA4HeEefbgzb7
2372,4184287,-14927792.530,-154093.2,-23591966,-22623865,2253096#hFtjDM49YEvJZ4bn9zB9yB5rvSMME5
2373,17524915,-18082544.010,431681.7,-18675892,10392671,9306473#vsDwwYf7Y2LUUGo1isq3RPPxY7pGpT
2374,10994199,4323182.840,56547.0,-15499545,21790476,12858344#4QpEmwDBDHbbaXXdPkvToTqmONbljd
2375,-23429390,16929366.190,-430812.9,10841402,-10481219,5039479#BNgkMLJalqpirm9TBulftIQfGbwOtI
2376,-12154152,-14511320.350,-359840.5,5001167,-13062288,6013645#x8sNGnHSbZRsoS6iRcKLtMl2psdtKR
2377,13013644,-14741297.570,354193.1,6049661,-9434090,9810633#14CVdSyK9LOLWiOmUhKyOKodth9KHW
2378,-937475,10772916.230,353565.4,-18200264,8416758,4251148#4NqmyJvtuPMs0npKSxfamKdftqmZjz
2379,12454025,-18916544.210,9639.2,5042809,3077776,21985374#R52qqVQ0HHqj6LJIEx3gDXdOPlqIyp
2380,23467376,-17071378.430,-206954.0,12915612,-17031228,5880914#ItZuazXj3sYtMebAPnDfucW4N3G2Fl
2381,2572278,21112524.350,-68239.8,7454114,14437512,14628652#yjGcHsTIZLcI0FbKn0nOGbLcLFV2cp
2382,8893379,13922963.320,428608.1,-14314568,20305561,19887670#ihSrzet7xiedtEDca2pD4tNSvjzQcd
2383,11806594,4074684.090,151860.5,-17720586,-16445008,14317910#Rh3E9Wf8DJQvSzg72EhahikwGjJpJm
2384,-5828843,7502106.990,-30170.8,-15685176,20656243,21706612#FuNK6WSax1n9EdNARHJh19fxS5VG45
2385,9480679,-10437992.380,-379322.3,-23293295,-9429895,14293886#lQ1vuFEXjQ3eksrnAX8KL1t67AZeWp
2386,-10774060,17796740.330,418025.8,-1506322,-15047908,579720#qXxVo5QLFXUImzaldCmeTqkM3RbRfv
2387,19778202,-19547836.140,-67159.9,15907827,-10047942,8615289#I7HDRAs2f0l0UK84802KsAruaBcDn3
2388,12927941,-12497631.270,430427.3,-11127189,23196158,11876881#9c8u7Xjdro8gGBEWiFT4syH9HscpJj
2389,20336941,17939557.210,-195412.4,13764168,12033097,23535712#7W6AsJL20RGFpp1DQjNcylrUz6dPgM
2390,10913607,-8211055.730,160005.9,-5333090,-9243546,11201566#4t5t61PSpWBptcCtlmGWtwNK0eL6W5
2391,18704847,22895361.890,197978.8,12943656,17719887,14780966#cHH69Iz6twajhQwG2090wElMQHxEEq
2392,19653800,-22837340.220,-276045.8,10662067,-1004787,10651151#DjUYm27DBUkCHD5GzKdjoUgdoiXnU5
2393,-3204455,13468118.660,232425.4,11028841,5963399,9154157#eaI0RJ2zdnALXlOZoLPoT4ePgeIQcT
2394,4602629,20921764.700,162786.9,-7572031,-21785841,2289913#GXLx3CPlGI9oOz1EsFyUwjmyhYPfVl
2395,10367679,19640635.370,-417647.8,-7968110,-14557201,21894272#dfNB5h6huWLcI5FQ3LfJuvz1tcpKeW
2396,-6740807,13502920.500,104430.0,23723269,-11396636,9419327#TmDLnilPt9YSFjKLfwyPiPDbbv7DAf
2397,22789433,18213004.430,339364.2,2434054,-8326894,12458473#vsDwwYf7Y2LUUGo1isq3RPPxY7pGpT
2398,-15407933,-16304418.480,-345636.6,-10107182,7652164,630729#xwVse6mV1mDtKxHmgTJXg7RdFdKeOs
2399,-23951784,13135453.830,-128384.9,-13393508,-15256917,1123003#QqkmdVAUuicCLWLXHReJSoaMOeJfDM
2400,2595215,-15331272.490,-342240.3,-11546541,4381059,23623790#43U5R3VZeRVpGiN1SY29GXH34Us5qu
2401,8929237,-6214721.070,-253909.5,21851074,-20247783,7490267#BnlP4gjqEealjaPCuUQ062ZUblK4Zu
2402,3945977,-20770903.340,194203.8,-3173673,10393766,16740829#5tiqpEudnIaDMBta6TYuPdaMU9jHfA
2403,6867222,21027541.090,142035.7,8442194,14230413,15602148#4NqmyJvtuPMs0npKSxfamKdftqmZjz
2404,-1778607,-9295233.310,329303.1,-19962273,-16599175,909064#YJSTgYId22nKLQSmKFMRD73jdDlgUZ
2405,-20725485,5031502.420,71712.8,9214520,-19339986,22878161#dWrhsqRP84bUcvFoSvckTQFQiR8Gtu
2406,-7263325,-2174199.550,117120.8,17190663,19699591,13825670#ihSrzet7xiedtEDca2pD4tNSvjzQcd
2407,15400001,1213205.460,158919.6,3402603,7988862,21165187#Sg2DN18f0wektQ53YuJGWp3rrb7T5H
2408,-21990684,15064607.510,-315419.8,14484500,-8743189,11046864#1IDXW8qTeQ7vVK3AjrzyJdQlaCQhDM
2409,21665103,11018630.450,383920.4,-22823995,16895536,5691503#F6DRqEf5TwzCzj8ReRuee8nLJ96icX
2410,-22266773,-4821665.680,218554.5,-59118,-10615544,16616016#8NywppA97nGs7We4ZkfjnzvyNvR8FU
2411,12650817,-5322370.570,-402148.8,-5303561,-22766332,23553468#sSdfpNMNiFrC0ioGZgkhpfvoxQLy9N
2412,663354,3965510.560,261334.2,-7264022,-6355518,6944995#KfjPbWkNHefGAmBHZrZV3oEn887NvX
2413,-19611486,-13654102.820,197563.4,-9658323,-7703531,3884106#hTCE6lpYyuU9a6jjtVsi99QYrLCz36
2414,-11327429,-18792651.870,-19496.3,1531121,10175218,13368211#7Wzu1qF0WC6gugyXnP0uBVx00CtHMg
2415,-13514254,7558420.360,410683.3,-899905,-23889645,14040924#2nXmlcd6Dg248dyjPS6lbC6zELNV9T
2416,17332049,-17556535.520,265927.9,9187198,6279939,14671579#CGzb2dk2Qv9iCrZFuX2QE7NqdvT7l7
2417,-15723093,-1873000.650,399256.1,10130477,13463677,22566671#inefgVGJ4A4KjLVkKHrV6RbSlYvPI7
2418,-14067331,11045665.100,33182.0,-22919118,-8748523,23934130#JECf3qMTCWSIvkYC0QI7tgSR9gSUcv
2419,-10304488,-2895658.560,163680.3,-6425670,-7595074,17332158#jzNS8KoNH1tJy6hI7vaH6WJSALFSzM
2420,-2491619,22979667.370,18274.8,-15826960,869299,16873699#QKsKcJY9DHvRqprAA1oX8CrY2JZiKp
2421,-14687729,11392177.290,101479.3,11895620,-1545537,14965979#2nmoADK9r7S48vi22fiLF21OPBcYfZ
2422,4272374,-15242419.030,-157472.7,-24089371,-23100712,2300516#KqoNoZMaBysGHUeeHMqrgElWcb85kB
2423,17893962,-18463688.510,440613.2,-19069436,10611504,9502435#F35r4nVRVGsjgNxvbgKaoaKXxS2YV0
2424,11225824,4414118.840,57873.5,-15826081,22249341,13129135#VsPYQSriI1vxWQo1PRwPtK2quTUbdu
2425,-23922440,17285885.690,-439674.9,11069712,-10701777,5145428#6JWo94VqRuEl2NVngITWLbrYNYdXh5
2426,-12409752,-14816612.850,-367595.5,5106297,-13337107,6140058#82TcvVFMKoKlSr7rP8k0plg090lg1c
2427,13287569,-15051176.070,361638.6,6176836,-9632609,10016935#WJopgXHavfMHGopeMhTltCHPQkTORk
2428,-957343,10999536.730,360898.9,-18582812,8593756,4340337#uo2IIokzmS9LxPn8zGGQf7Tw4pxv4D
2429,12715933,-19314268.210,9808.7,5148682,3142560,22447260#qAbK9RwMIOGcMpYI5bgRWJJt5TfNen
2430,23960332,-17430136.430,-211215.5,13186881,-17388934,6004431#HPBloMRuTaAUIZXniR3NgLGr7Szu3g
2431,2626203,21555778.850,-69643.8,7610776,14740553,14935771#UtMtWABQI4I9aBrmbvffYKPUvgLido
2432,9080047,14215018.320,437738.1,-14614875,20731740,20305000#O9rHdIi8z1n29VJJW0rsfNlakIwbas
2433,12054319,4160202.590,154970.0,-18092248,-16790086,14618180#TZ5h0PSxQkpOco0xaVPLfcWauXgrzS
2434,-5951068,7659390.990,-30937.8,-16014029,21089519,22161724#i22kbQ9HmUG2GpiiiwoNEZg8tLXG2P
2435,9679416,-10656927.380,-387164.3,-23781738,-9627528,14593366#lCnaqfACpwx3F2OdpufbMNooshpvBP
2436,-10999710,18169810.830,426881.3,-1537947,-15363212,591835#fefVSIRB0g3l8qrtpGRNR30LSuGVfF
2437,20192645,-19957234.640,-68433.4,16240927,-10258246,8795737#1eYlZ89Bs4aIEkEKrhnQzkG7W4pKWz
2438,13198647,-12759357.770,439275.3,-11360279,23682024,12125394#m57ee07XYdFHPf0UyOT2QsTk9MJfX2
2439,20762491,18314920.710,-199349.9,14052382,12285143,24028145#Bjuw2WIYWa4RgnoOV14RSJT040GCsJ
2440,11142012,-8382769.230,163335.4,-5444773,-9437024,11435730#LEW4d8JVNuGersfMloOQ9uGX4feKLl
2441,19096078,23374279.890,202244.8,13214288,18090414,15089894#3gHIuFa1jPq4d3YcUnWTkjAJ0gzNTs
2442,20064831,-23314819.720,-281672.3,10884789,-1025940,10873685#UOyqs3sSz1hIXtfg5zVSTneLgBHvFy
2443,-3271500,13749458.660,237361.4,11259360,6087947,9345220#JqeoyaxF7S3EJzv5ull1D2dq4I33BE
2444,4698710,21358904.700,166241.9,-7730258,-22240737,2337551#NILyEq0IuaFTmymVVyw5JJeCfqG7y4
2445,10583974,20050819.870,-426534.8,-8134352,-14861116,22351293#UImfZx9qLWvfF5yXBdfV62xoPU27Vp
2446,-6881563,13784863.500,106662.0,24218508,-11634525,9615842#3dJmUF5N3zrx33fe9iLJ3dr1hQ8yeU
2447,23264870,18592864.430,346343.7,2484699,-8500727,12718216#T4DnHfJ5jEnOHkm4OcUmKficcw5GAP
2448,-15729158,-16644542.480,-352832.6,-10317936,7811695,643690#hlcg8dWz9BI1BfVVsRJVSS1fuTLcf8
2449,-24450887,13409058.830,-130949.4,-13672701,-15575014,1146403#kjyeIhoi1VItP9W8YK3iPeAJQdxw5l
2450,2649490,-15650766.490,-349454.8,-11787253,4472475,24115911#xFdbZm6IhakTSaFFtTZPQ6HJZPpuPQ
2451,9115084,-6344120.070,-259084.0,22306321,-20669287,7646214#RulVOp93bJW6sxTmtcImvIASdweYzL
2452,4028012,-21203291.340,198095.8,-3239930,10609963,17089239#pWiallLTXUhNgdN0hj77MCOmNkmL5R
2453,7010284,21465069.590,144824.2,8617923,14526635,15926705#uV31szZke6xHTVvn8qQLTLZjhWyBkm
2454,-1815488,-9488383.310,336143.1,-20377657,-16944467,927880#riJm9cv1egqfC5Llh5Rit9PMFPITCr
2455,-21156366,5136120.920,73233.3,9406001,-19742163,23353698#gVcVS126AFHGVCZlYHK6a4KDvq8nuu
2456,-7414398,-2219572.550,119388.8,17547845,20108781,14112968#8Dc6KgvX2fZKPhD48PDk2R1pfQnQhT
2457,15720039,1238506.460,162424.1,3473084,8154608,21604785#cYGI7oCeIT12j7osGltklfRfAaswqW
2458,-22447447,15377463.010,-321828.3,14785262,-8924823,11276154#caZ5DCwfuSob9zE3ymby7fy4cIpXoZ
2459,22114803,11247435.950,391960.4,-23297565,17246334,5809599#4vsB0BdWiLgqHFTcREzmzsYwPjWft3
2460,-22728846,-4921613.180,223111.5,-60537,-10835724,16960638#ibSkPFEYiGcyCmYPKLgTgSYJ9GJ3yj
2461,12912992,-5432808.070,-410354.3,-5413733,-23238517,24041912#uKy487oiWyaX53kLrbFWZdxKGVIxBB
2462,677113,4047517.060,266912.2,-7414578,-6487222,7088847#5d5KfeK6v9wyPNI5S03CTwyCY4ax0r
2463,-20017736,-13937072.320,201835.4,-9858518,-7863016,3964570#8gcUmjvqTswj5gN13a4NWaKNQNnuiA
2464,-11561979,-19181728.370,-20060.8,1562994,10385770,13644966#cHH69Iz6twajhQwG2090wElMQHxEEq
2465,-13794116,7714853.860,419113.8,-918718,-24384188,14331623#HzLM6FesryKEXO7kmfW2wOdM9nQ3N9
2466,17690917,-17920077.520,271379.9,9377281,6409844,14975185#USWmBuhjNwFQDfuQ82lWX5Maci1la7
2467,-16048347,-1911819.650,407348.6,10339967,13742399,23033467#i3tRozAyO6ggpLGkvXrULQdMdfOcyi
2468,-14358269,11274254.600,33758.0,-23392980,-8929430,24428933#ubosDJw1zMrlJrkGejZDmstbxWfqDG
2469,-10517538,-2955647.560,166859.8,-6558455,-7751881,17690302#1LvSNyvqIztOgEKUPSgsmMOoPXO8Bf
2470,-2543065,23454549.370,18696.3,-16153779,887212,17222222#zpQOJGniloQ9cUEpZhWb03PVvGe363
2471,-14991016,11627575.290,103534.3,12141108,-1577275,15275007#jKrfXbsk3yDpp8MFBBNz8syCI6rmut
2472,4360462,-15557045.530,-160852.2,-24586776,-23577559,2347935#WJopgXHavfMHGopeMhTltCHPQkTORk
2473,18263008,-18844833.010,449544.7,-19462980,10830337,9698397#CoMXTBJsSqpFzI7tzLY8yUBMgNPRGf
2474,11457449,4505054.840,59200.0,-16152617,22708205,13399926#l6e8KWLV4ffkUuPcFbFCNxJtRe7knU
2475,-24415490,17642405.190,-448536.9,11298023,-10922335,5251376#kG86xAPsfrcHs9Auih0pbxLPYlqQ8L
2476,-12665352,-15121905.350,-375350.5,5211426,-13611926,6266472#J93QuEFxiPWjqv2vSP6sVxClJdE3br
2477,13561494,-15361054.570,369084.1,6304011,-9831128,10223237#20LyxE59RKs7zkjmirMoSuGScQY7x5
2478,-977210,11226157.230,368232.4,-18965360,8770754,4429525#oWlxy5CRNDPHSsWFPCuWuE3FuYkNu9
2479,12977840,-19711992.210,9978.2,5254556,3207343,22909146#cN2e44rq9FwWGYJey9o1B1Bwmmy2l5
2480,24453288,-17788894.430,-215477.0,13458151,-17746639,6127947#0zjv2AgIEBiITm4rXTxzcaDWD9AzP3
2481,2680128,21999033.350,-71047.8,7767438,15043593,15242889#sWcpzFU9VSTZGvWXLhPIFFnLqub57e
2482,9266716,14507073.320,446868.1,-14915181,21157919,20722330#OPwaXBeMgk6Pq66pFDTr5a0EG6tJOO
2483,12302044,4245721.090,158079.5,-18463910,-17135165,14918451#iTUuThZI6chyz4ww0brAB9EbDO6ztG
2484,-6073293,7816674.990,-31704.8,-16342881,21522795,22616835#fefVSIRB0g3l8qrtpGRNR30LSuGVfF
2485,9878154,-10875862.380,-395006.3,-24270182,-9825161,14892847#5d5KfeK6v9wyPNI5S03CTwyCY4ax0r
2486,-11225360,18542881.330,435736.8,-1569573,-15678515,603951#228kJhJG90E4t24Ey064fdxNlD8ogT
2487,20607089,-20366633.140,-69706.9,16574027,-10468549,8976186#ZOQyzPyoduPwuW4HyFw4UGOA9BOzNa
2488,13469353,-13021084.270,448123.3,-11593369,24167889,12373906#uOOqfoBFekrxuYv9xZzQeNMbU6UGDx
2489,21188041,18690284.210,-203287.4,14340596,12537189,24520578#YVHWvgebyheQCiSpfpbv2eQcN8sCx2
2490,11370417,-8554482.730,166664.9,-5556456,-9630502,11669894#3gHIuFa1jPq4d3YcUnWTkjAJ0gzNTs
2491,19487309,23853197.890,206510.8,13484920,18460942,15398822#VI8EUvBaE2KeVIk7Yte7vEDAbVMKjY
2492,20475862,-23792299.220,-287298.8,11107510,-1047094,11096219#SmbtwEnTKjbqzY3taYaCpDbuPphDwQ
2493,-3338544,14030798.660,242297.4,11489879,6212496,9536283#NcNRvzDlu5bgAsuX1LCOSLmMNopXJr
2494,4794791,21796044.700,169696.9,-7888485,-22695633,2385188#o7aBrlj3ohKshd09IOm9Phey4RlX1e
2495,10800269,20461004.370,-435421.8,-8300594,-15165031,22808314#CHQCh6xQ5nHIISuz65EJ3Cb1Yxaept
2496,-7022319,14066806.500,108894.0,24713748,-11872414,9812357#4XCm4EPSmoWaUiTgYlqqBhEB6ecvtA
2497,23740308,18972724.430,353323.2,2535345,-8674561,12977959#llOuYWALjFdKns9F1clJNxr2munIoJ
2498,-16050383,-16984666.480,-360028.6,-10528689,7971225,656651#APyxyBKv4TXwiiTAIizB1cky4KZzX7
2499,-24949990,13682663.830,-133513.9,-13951893,-15893110,1169804#0ujj3fHhy3HNuBnS6kDIMMrrE0qV1Q
2500,2703765,-15970260.490,-356669.3,-12027965,4563890,24608031#yBVkMrVuti2GPzgTw2gdaoH0rXVqCU
2501,9300930,-6473519.070,-264258.5,22761568,-21090790,7802160#9Ynid4Xn0fmFCgYJiOGTj8aiZWP2y2
2502,4110048,-21635679.340,201987.8,-3306186,10826160,17437648#fFewmIAx5NQFkArL9XYcVcg4MYFuHW
2503,7153347,21902598.090,147612.7,8793651,14822856,16251263#oXv8Uoy30J3Zg8YaKA7nr72DINcNMD
2504,-1852369,-9681533.310,342983.1,-20793042,-17289759,946697#JV2mXcR3KmRd2FVEyDaDmRAm8ZP3xO
2505,-21587247,5240739.420,74753.8,9597481,-20144339,23829235#ELI8QLNpZmER68KPt0iTxoeU4sh3So
2506,-7565471,-2264945.550,121656.8,17905027,20517970,14400265#pMaUq34z3kSvcFmfY4RY6txGRGah43
2507,16040076,1263807.460,165928.6,3543565,8320354,22044383#VjI4J6Bzgzlbsp2z50PGjvN6TeYnE3
2508,-22904209,15690318.510,-328236.8,15086024,-9106456,11505443#baGASs3pR4b7UH0e5RJKmBaKfCdl2L
2509,22564503,11476241.450,400000.4,-23771135,17597132,5927694#lrFVZCl4hf2WxAaDZUi1aFO4ViZQsd
2510,-23190918,-5021560.680,227668.5,-61957,-11055905,17305260#qAbK9RwMIOGcMpYI5bgRWJJt5TfNen
2511,13175167,-5543245.570,-418559.8,-5523904,-23710701,24530357#4XCm4EPSmoWaUiTgYlqqBhEB6ecvtA
2512,690872,4129523.560,272490.2,-7565134,-6618927,7232699#QKsKcJY9DHvRqprAA1oX8CrY2JZiKp
2513,-20423986,-14220041.820,206107.4,-10058713,-8022501,4045034#SydmLzNhvVs6oe2UO031EAh7V6Bmki
2514,-11796529,-19570804.870,-20625.3,1594867,10596323,13921721#22BF6A65SfTNHtdeo7gl4oT1FqFj00
2515,-14073979,7871287.360,427544.3,-937531,-24878731,14622322#CDYFbR3J6qigsE0hRd8OqTLWrAFGl4
2516,18049786,-18283619.520,276831.9,9567364,6539748,15278791#cRzDH6s4pChUmCBG24QMZQQ4Mly2J4
2517,-16373602,-1950638.650,415441.1,10549456,14021120,23500262#Al6qILUXVczndtp9KePPZhwYyHfL5G
2518,-14649206,11502844.100,34334.0,-23866842,-9110338,24923735#wbc2u3bRVwX9bggPz7sRMR3oHsA8dy
2519,-10730588,-3015636.560,170039.3,-6691239,-7908688,18048446#KKsxY5InKoWqMojtQmFgGeSQRdEI5l
2520,-2594512,23929431.370,19117.8,-16480599,905125,17570745#8kHv2FTkWYs0XzoAPn9TjKCZRUhaew
2521,-15294304,11862973.290,105589.3,12386595,-1609013,15584034#SydmLzNhvVs6oe2UO031EAh7V6Bmki
2522,4448549,-15871672.030,-164231.7,-25084181,-24054406,2395355#ntvabVJHyNCXCQwV7lifP4tArxnjlM
2523,18632055,-19225977.510,458476.2,-19856524,11049170,9894359#WzgFaxjVgxKzKVnjhq5jonPFkik13j
2524,11689074,4595990.840,60526.5,-16479153,23167070,13670717#gteoAkybtTN7ywEzPF8mmg1rPm2nCR
2525,-24908540,17998924.690,-457398.9,11526333,-11142893,5357325#tbeBELEoPw3KIModurlVY94odzvmvN
2526,-12920952,-15427197.850,-383105.5,5316556,-13886745,6392885#d8dJoGMrW0y0vphBo27sfyVPDlLMje
2527,13835419,-15670933.070,376529.6,6431186,-10029647,10429539#VwBlvR3rXw6pP4zjYOW63tSiCkNuO1
2528,-997078,11452777.730,375565.9,-19347908,8947752,4518714#HovjpBSPusfVQzyDPRd19L7f3KZf9u
2529,13239748,-20109716.210,10147.7,5360429,3272127,23371032#3SDw4WKZjx70vXwy6GwxHc7eIRNnfx
2530,24946244,-18147652.430,-219738.5,13729420,-18104345,6251464#MGFUBeXuzH1XeBXJRiK8mDQ3CG9vj5
2531,2734053,22442287.850,-72451.8,7924100,15346634,15550008#kXZgqfhkQIJLEZADHEM2SF14AmDmA7
2532,9453384,14799128.320,455998.1,-15215488,21584098,21139660#ZZj2wg6VlRBe9Gr85olI3GIdCh7u63
2533,12549769,4331239.590,161189.0,-18835572,-17480243,15218721#22BF6A65SfTNHtdeo7gl4oT1FqFj00
2534,-6195518,7973958.990,-32471.8,-16671734,21956071,23071947#0zjv2AgIEBiITm4rXTxzcaDWD9AzP3
2535,10076891,-11094797.380,-402848.3,-24758625,-10022794,15192327#TmDLnilPt9YSFjKLfwyPiPDbbv7DAf
2536,-11451010,18915951.830,444592.3,-1601198,-15993819,616066#bPqxVUVhVeBYRzcJJwun489slatiia
2537,21021532,-20776031.640,-70980.4,16907127,-10678853,9156634#itei6Hpl1qtw4H0NCfU4EFqWTDKKvm
2538,13740059,-13282810.770,456971.3,-11826459,24653755,12622419#RdllPC6uGZQEQWTgH8gnhA5cvkFInD
2539,21613591,19065647.710,-207224.9,14628810,12789235,25013011#Tqz2NPVBkqLPessBPzH38OJKcY0jqd
2540,11598822,-8726196.230,169994.4,-5668139,-9823980,11904058#82TcvVFMKoKlSr7rP8k0plg090lg1c
2541,19878540,24332115.890,210776.8,13755552,18831469,15707750#pKxqyY7R2B1FOqILn6nSR0Nz4LS0bB
2542,20886893,-24269778.720,-292925.3,11330232,-1068247,11318753#HJKnDVVHk8XFqlOt6m0nXVq0WPJh0S
2543,-3405589,14312138.660,247233.4,11720398,6337044,9727346#Fyk3ca4Bol6pwii1f8LxDuk2aQYdEu
2544,4890872,22233184.700,173151.9,-8046712,-23150529,2432826#sQIJNsfSSmXutUohwl8pw6lTvThcjY
2545,11016564,20871188.870,-444308.8,-8466836,-15468946,23265335#3RFocO2ybKGz3AyRLIZ3AbjZi9QNH7
2546,-7163075,14348749.500,111126.0,25208987,-12110303,10008872#67WKw2nS9skfaCrBVSzefELABUBDr0
2547,24215745,19352584.430,360302.7,2585990,-8848394,13237702#K9dIRj79IRdCFbN0S47bBskWZRH9U7
2548,-16371608,-17324790.480,-367224.6,-10739443,8130756,669612#FuNK6WSax1n9EdNARHJh19fxS5VG45
2549,-25449093,13956268.830,-136078.4,-14231086,-16211207,1193204#cuJqh10rJ8UvYzdoS9LwMQG5ZhkgtT
2550,2758040,-16289754.490,-363883.8,-12268677,4655306,25100152#sbGl9rc87r7VBYorKdFAizl6gweVGr
2551,9486777,-6602918.070,-269433.0,23216815,-21512294,7958107#JAy00UwZ0T9UekhbDI4U8s0qOsqVBh
2552,4192083,-22068067.340,205879.8,-3372443,11042357,17786058#82TcvVFMKoKlSr7rP8k0plg090lg1c
2553,7296409,22340126.590,150401.2,8969380,15119078,16575820#2jeQ4vQE3qDAwjvywXnZu9foTZTQkc
2554,-1889250,-9874683.310,349823.1,-21208426,-17635051,965513#r6T3G9ztH4346bLwgF63Rmo9qYfWO3
2555,-22018128,5345357.920,76274.3,9788962,-20546516,24304772#78m9aH5TIm8EA0T4V6Gt2oOftusdrw
2556,-7716544,-2310318.550,123924.8,18262209,20927160,14687563#E7IX5lvhLAy57ui1AYfGWiziD5IYAg
2557,16360114,1289108.460,169433.1,3614046,8486100,22483981#ooUauRUTBQ6FIdiVF86Kx9OYEOUuqq
2558,-23360972,16003174.010,-334645.3,15386786,-9288090,11734733#r5TwaHqBjoH438IOf7u07fDnNVwAGc
2559,23014203,11705046.950,408040.4,-24244705,17947930,6045790#43U5R3VZeRVpGiN1SY29GXH34Us5qu
2560,-23652991,-5121508.180,232225.5,-63376,-11276085,17649882#uuavmIzL7hrmKYc4DDzMH7EXgqHhem
2561,13437342,-5653683.070,-426765.3,-5634076,-24182886,25018801#c0LPlPikSZilcottCLkCyjCpbD0kIw
2562,704631,4211530.060,278068.2,-7715690,-6750631,7376551#NILyEq0IuaFTmymVVyw5JJeCfqG7y4
2563,-20830236,-14503011.320,210379.4,-10258908,-8181986,4125498#2vNHv1ohKbwdRvZdRN86yZGuZ0ajZv
2564,-12031079,-19959881.370,-21189.8,1626740,10806875,14198476#4GQlbbyuECKvmUePD3vuA4azPY5y3G
2565,-14353841,8027720.860,435974.8,-956344,-25373274,14913021#7Qhrjjq3KwYtETX9SZ2sZPlFDPGSRd
2566,18408654,-18647161.520,282283.9,9757447,6669653,15582397#CoMXTBJsSqpFzI7tzLY8yUBMgNPRGf
2567,-16698856,-1989457.650,423533.6,10758946,14299842,23967058#82TcvVFMKoKlSr7rP8k0plg090lg1c
2568,-14940144,11731433.600,34910.0,-24340704,-9291245,25418538#RZdeoGO8qlxuDQQxOMpQfnwl0vBAIS
2569,-10943638,-3075625.560,173218.8,-6824024,-8065495,18406590#vjNT3BZDT9tAKJw6OdB7EsUy0yzb6d
2570,-2645958,24404313.370,19539.3,-16807418,923038,17919268#nDBwKG2dXHHz5TTljNYfb48cpuY7wI
2571,-15597591,12098371.290,107644.3,12632083,-1640751,15893062#0LN3MId6vtZnFkcMOFBdb6dxIkjbbK
2572,4536637,-16186298.530,-167611.2,-25581586,-24531253,2442774#w56tuqwv1gJY0XTA1Fc7aAg7B9jbH4
2573,19001101,-19607122.010,467407.7,-20250068,11268003,10090321#XjAtge5qGf9KjxHWvFnsRppLzIxmUs
2574,11920699,4686926.840,61853.0,-16805689,23625934,13941508#uik3QONjkfC6BG59Iz5pml0RfsWLK3
2575,-25401590,18355444.190,-466260.9,11754644,-11363451,5463273#0l5JFzSaAIcyCcwANhbwEZqrqemo9X
2576,-13176552,-15732490.350,-390860.5,5421685,-14161564,6519299#C3MDQ0K5oZhi8lOkNHFGyXAxVrHzuv
2577,14109344,-15980811.570,383975.1,6558361,-10228166,10635841#FbQGEDFiJ35n0uKxfx7UGyBC10dm8G
2578,-1016945,11679398.230,382899.4,-19730456,9124750,4607902#MCDCKZX6W0443YIOcQSQPrzuz7q89U
2579,13501655,-20507440.210,10317.2,5466303,3336910,23832918#3yPBh2evbdpdwBMYz1b308bUgDckuI
2580,25439200,-18506410.430,-224000.0,14000690,-18462050,6374980#PAdB6N6Zcw5U48uv4nhvVTnN3ElvsE
2581,2787978,22885542.350,-73855.8,8080762,15649674,15857126#fqIuD6NUociXKX4ZFhRFV8kFqS9oMG
2582,9640053,15091183.320,465128.1,-15515794,22010277,21556990#bFvVQreORTCg5CJIOPzAIUXppuh9FB
2583,12797494,4416758.090,164298.5,-19207234,-17825322,15518992#IVI9kkYpXWL4XGM5VMJa8XwYeJZkSn
2584,-6317743,8131242.990,-33238.8,-17000586,22389347,23527058#82TcvVFMKoKlSr7rP8k0plg090lg1c
2585,10275629,-11313732.380,-410690.3,-25247069,-10220427,15491808#011GevKuZl7L6txe2y5QsIe0c2S3QY
2586,-11676660,19289022.330,453447.8,-1632824,-16309122,628182#RNGzVbFvbfdWv7nivIKgAyWSWeI6kP
2587,21435976,-21185430.140,-72253.9,17240227,-10889156,9337083#BCjsB2rxmcbeanTxwU4Z6fAQhM9wsX
2588,14010765,-13544537.270,465819.3,-12059549,25139620,12870931#DiMK8AnA93N3hkuoTbQYRwCjQZ3eGD
2589,22039141,19441011.210,-211162.4,14917024,13041281,25505444#88oQ8mDEjltkn2yMcXSCGaKbpz1VJk
2590,11827227,-8897909.730,173323.9,-5779822,-10017458,12138222#zpQOJGniloQ9cUEpZhWb03PVvGe363
2591,20269771,24811033.890,215042.8,14026184,19201997,16016678#kEemQA8WuWf26uiAw5dAZ9DT6u77vl
2592,21297924,-24747258.220,-298551.8,11552953,-1089401,11541287#pnCj2zXIlycYU2QJ1EeI4MsZEPgxnB
2593,-3472633,14593478.660,252169.4,11950917,6461593,9918409#FuQ5S3YmOCbbO0atfazJbpIpu6ejkM
2594,4986953,22670324.700,176606.9,-8204939,-23605425,2480463#y8q8S0ZCBbO35r6xMVUHJcgMZRYKNM
2595,11232859,21281373.370,-453195.8,-8633078,-15772861,23722356#sD02RYADf0KJehqXxbeeO85FJuhIi8
2596,-7303831,14630692.500,113358.0,25704227,-12348192,10205387#jOSjmbR8MoHTqT4XsUPq6mhEzMlDfN
2597,24691183,19732444.430,367282.2,2636636,-9022228,13497445#zryKtXba4Iafiw85CxPLDGA8CSYhxt
2598,-16692833,-17664914.480,-374420.6,-10950196,8290286,682573#3aHFbIPa5k2SqqTOzm1SHdGBZJsjuB
2599,-25948196,14229873.830,-138642.9,-14510278,-16529303,1216605#KgmoV6GsIobVXc4jlv8h8rhhxfajI3
2600,2812315,-16609248.490,-371098.3,-12509389,4746721,25592272#dfNB5h6huWLcI5FQ3LfJuvz1tcpKeW
2601,9672623,-6732317.070,-274607.5,23672062,-21933797,8114053#pP8QzGC5tQBeQ0u8x1YlkOtAZzbsTY
2602,4274119,-22500455.340,209771.8,-3438699,11258554,18134467#i3tRozAyO6ggpLGkvXrULQdMdfOcyi
2603,7439472,22777655.090,153189.7,9145108,15415299,16900378#DZ6UyfbsA4t5mFHG3QYyxDs1N6OH9W
2604,-1926131,-10067833.310,356663.1,-21623811,-17980343,984330#OPwaXBeMgk6Pq66pFDTr5a0EG6tJOO
2605,-22449009,5449976.420,77794.8,9980442,-20948692,24780309#lXjc8KhMPjfJkDBSNhpKRoRxadBxn2
2606,-7867617,-2355691.550,126192.8,18619391,21336349,14974860#ODq5FJ2jIdMztkrc0X8dsBAV2eUvGj
2607,16680151,1314409.460,172937.6,3684527,8651846,22923579#CGzb2dk2Qv9iCrZFuX2QE7NqdvT7l7
2608,-23817734,16316029.510,-341053.8,15687548,-9469723,11964022#Y2TTt3gf87mD5L3XIirivaP0TvmkcT
2609,23463903,11933852.450,416080.4,-24718275,18298728,6163885#d8dJoGMrW0y0vphBo27sfyVPDlLMje
2610,-24115063,-5221455.680,236782.5,-64796,-11496266,17994504#LoCDWDBzLIzBiy4CEaBAcTtWWWzyd2
2611,13699517,-5764120.570,-434970.8,-5744247,-24655070,25507246#0T18sj1nNQFFhzHFqJbL5Cf8m4G4ri
2612,718390,4293536.560,283646.2,-7866246,-6882336,7520403#kjyeIhoi1VItP9W8YK3iPeAJQdxw5l
2613,-21236486,-14785980.820,214651.4,-10459103,-8341471,4205962#elVElhxc5urI2SJZT0sIBBfXo2AZl3
2614,-12265629,-20348957.870,-21754.3,1658613,11017428,14475231#jvWu0l0f5GMjqEvoKX5SKzY61NJIJU
2615,-14633704,8184154.360,444405.3,-975157,-25867817,15203720#qXxVo5QLFXUImzaldCmeTqkM3RbRfv
2616,18767523,-19010703.520,287735.9,9947530,6799557,15886003#QqkmdVAUuicCLWLXHReJSoaMOeJfDM
2617,-17024111,-2028276.650,431626.1,10968435,14578563,24433853#4ixXUxI9JSG15dAfiBFeFWjtxJpgLS
2618,-15231081,11960023.100,35486.0,-24814566,-9472153,25913340#cPicwQ02DNQd3MwYh9LL9MqEQ67lrF
2619,-11156688,-3135614.560,176398.3,-6956808,-8222302,18764734#fVWNPLXuvKlwVnldFP8qwRsUFIqzlY
2620,-2697405,24879195.370,19960.8,-17134238,940951,18267791#cRzDH6s4pChUmCBG24QMZQQ4Mly2J4
2621,-15900879,12333769.290,109699.3,12877570,-1672489,16202089#8HwLvTCC9HvZJt3b9sNxTytuh29HL8
2622,4624724,-16500925.030,-170990.7,-26078991,-25008100,2490194#GxftqbWH00xjRkon7BcZNEO2OsaeFt
2623,19370148,-19988266.510,476339.2,-20643612,11486836,10286283#NcNRvzDlu5bgAsuX1LCOSLmMNopXJr
2624,12152324,4777862.840,63179.5,-17132225,24084799,14212299#C3MDQ0K5oZhi8lOkNHFGyXAxVrHzuv
2625,-25894640,18711963.690,-475122.9,11982954,-11584009,5569222#zpQOJGniloQ9cUEpZhWb03PVvGe363
2626,-13432152,-16037782.850,-398615.5,5526815,-14436383,6645712#7W6AsJL20RGFpp1DQjNcylrUz6dPgM
2627,14383269,-16290690.070,391420.6,6685536,-10426685,10842143#oipKVDE6iLljTYa7S2kRH56Lv4oZgz
2628,-1036813,11906018.730,390232.9,-20113004,9301748,4697091#xEIcvTPnE9hEOCixQNEEmErG7i1Pwd
2629,13763563,-20905164.210,10486.7,5572176,3401694,24294804#0ujj3fHhy3HNuBnS6kDIMMrrE0qV1Q
2630,25932156,-18865168.430,-228261.5,14271959,-18819756,6498497#gt3j0aAvtJnNRbxklw9ZoWQPxaxA7l
2631,2841903,23328796.850,-75259.8,8237424,15952715,16164245#IYx9LzILPPGzICF0bTqdbZT7fv2ApB
2632,9826721,15383238.320,474258.1,-15816101,22436456,21974320#tLWXA9WfJERrkSIzPWn5xpaSj6jC9q
2633,13045219,4502276.590,167408.0,-19578896,-18170400,15819262#Al6qILUXVczndtp9KePPZhwYyHfL5G
2634,-6439968,8288526.990,-34005.8,-17329439,22822623,23982170#2eQ6XaepQnnPSRrLCowC4Hlie5jcda
2635,10474366,-11532667.380,-418532.3,-25735512,-10418060,15791288#x5APURDz81oHIW0kvefUm9UFBPnwoy
2636,-11902310,19662092.830,462303.3,-1664449,-16624426,640297#GGP8Fe4b51L5Rcar8NqOqEwz3pB3Sg
2637,21850419,-21594828.640,-73527.4,17573327,-11099460,9517531#ugFyczumGtFqHby12ZlHks2y7fPxbV
2638,14281471,-13806263.770,474667.3,-12292639,25625486,13119444#88oQ8mDEjltkn2yMcXSCGaKbpz1VJk
2639,22464691,19816374.710,-215099.9,15205238,13293327,25997877#LQHYQT61GecBYGCGy3jYeR5F276r3H
2640,12055632,-9069623.230,176653.4,-5891505,-10210936,12372386#l2oxwdZ6IdPD0KcKoWBkbfAkwIKc8V
2641,20661002,25289951.890,219308.8,14296816,19572524,16325606#3VsINBSEPagtYCUkdzLjC5vH1nzf9O
2642,21708955,-25224737.720,-304178.3,11775675,-1110554,11763821#SFENFIGB6UXY5X4e7VoATnGaizaY9Q
2643,-3539678,14874818.660,257105.4,12181436,6586141,10109472#J93QuEFxiPWjqv2vSP6sVxClJdE3br
2644,5083034,23107464.700,180061.9,-8363166,-24060321,2528101#Ee08sNxaiQRA1v8dawaR9UH5BSsmPl
2645,11449154,21691557.870,-462082.8,-8799320,-16076776,24179377#rsbaMu37jarLP1OZVFWdW2oVgIU9z1
2646,-7444587,14912635.500,115590.0,26199466,-12586081,10401902#MCDCKZX6W0443YIOcQSQPrzuz7q89U
2647,25166620,20112304.430,374261.7,2687281,-9196061,13757188#o7aBrlj3ohKshd09IOm9Phey4RlX1e
2648,-17014058,-18005038.480,-381616.6,-11160950,8449817,695534#0nHslWYXd3mgtcCz9tlgH7xbnHEyAa
2649,-26447299,14503478.830,-141207.4,-14789471,-16847400,1240005#rQqjgCFHbDFLp9MVVGx0A3xLx3rqoD
2650,2866590,-16928742.490,-378312.8,-12750101,4838137,26084393#hqADtprbYNwPzx9LIjpCC3hQzfWhvX
2651,9858470,-6861716.070,-279782.0,24127309,-22355301,8270000#O9rHdIi8z1n29VJJW0rsfNlakIwbas
2652,4356154,-22932843.340,213663.8,-3504956,11474751,18482877#LQHYQT61GecBYGCGy3jYeR5F276r3H
2653,7582534,23215183.590,155978.2,9320837,15711521,17224935#WJopgXHavfMHGopeMhTltCHPQkTORk
2654,-1963012,-10260983.310,363503.1,-22039195,-18325635,1003146#cN2e44rq9FwWGYJey9o1B1Bwmmy2l5
2655,-22879890,5554594.920,79315.3,10171923,-21350869,25255846#wWPtsrpPYCPrhhaQ42bh0tIHBns0PC
2656,-8018690,-2401064.550,128460.8,18976573,21745539,15262158#jzNS8KoNH1tJy6hI7vaH6WJSALFSzM
2657,17000189,1339710.460,176442.1,3755008,8817592,23363177#YM3ThDzQI4d3BHyftcqbFVB6YeO8Kb
2658,-24274497,16628885.010,-347462.3,15988310,-9651357,12193312#MlV6k0SL6TLoiZDzfH1Zu80Wc50geu
2659,23913603,12162657.950,424120.4,-25191845,18649526,6281981#ooUauRUTBQ6FIdiVF86Kx9OYEOUuqq
2660,-24577136,-5321403.180,241339.5,-66215,-11716446,18339126#fqIuD6NUociXKX4ZFhRFV8kFqS9oMG
2661,13961692,-5874558.070,-443176.3,-5854419,-25127255,25995690#hlcg8dWz9BI1BfVVsRJVSS1fuTLcf8
2662,732149,4375543.060,289224.2,-8016802,-7014040,7664255#MV1AROCvifEVpJnR6Khq42dLL0rEvi
2663,-21642736,-15068950.320,218923.4,-10659298,-8500956,4286426#0hkpMgCR0faKdjMneAZyFE0zejIbQ0
2664,-12500179,-20738034.370,-22318.8,1690486,11227980,14751986#cQDypD90IyPvZqwz0ZB2EYoz0RNKkv
2665,-14913566,8340587.860,452835.8,-993970,-26362360,15494419#RdllPC6uGZQEQWTgH8gnhA5cvkFInD
2666,19126391,-19374245.520,293187.9,10137613,6929462,16189609#To8M1Bkqop88SHjQtzfDulOfrFJQXF
2667,-17349365,-2067095.650,439718.6,11177925,14857285,24900649#NnE6OXpuW28P3djsv4YGkMrWkKPrOc
2668,-15522019,12188612.600,36062.0,-25288428,-9653060,26408143#oipKVDE6iLljTYa7S2kRH56Lv4oZgz
2669,-11369738,-3195603.560,179577.8,-7089593,-8379109,19122878#r6IYxtH6RU5SahcRYPPHtIVp0qM9li
2670,-2748851,25354077.370,20382.3,-17461057,958864,18616314#CHQCh6xQ5nHIISuz65EJ3Cb1Yxaept
2671,-16204166,12569167.290,111754.3,13123058,-1704227,16511117#xz9lUkXO3bTpj0PiDKhNHmE5oteEsz
2672,4712812,-16815551.530,-174370.2,-26576396,-25484947,2537613#7RwtOnqb54XgWvs5sZaRycXu4OgQjS
2673,19739194,-20369411.010,485270.7,-21037156,11705669,10482245#IYx9LzILPPGzICF0bTqdbZT7fv2ApB
2674,12383949,4868798.840,64506.0,-17458761,24543663,14483090#7TrXYaqeOqTsHyaqVZvps7ZgoiuIdm
2675,-26387690,19068483.190,-483984.9,12211265,-11804567,5675170#2eQ6XaepQnnPSRrLCowC4Hlie5jcda
2676,-13687752,-16343075.350,-406370.5,5631944,-14711202,6772126#fqIuD6NUociXKX4ZFhRFV8kFqS9oMG
2677,14657194,-16600568.570,398866.1,6812711,-10625204,11048445#zryKtXba4Iafiw85CxPLDGA8CSYhxt
2678,-1056680,12132639.230,397566.4,-20495552,9478746,4786279#lAIt39ObkEwCxBAh2jVLfrpNeY00da
2679,14025470,-21302888.210,10656.2,5678050,3466477,24756690#hlcg8dWz9BI1BfVVsRJVSS1fuTLcf8
2680,26425112,-19223926.430,-232523.0,14543229,-19177461,6622013#wZeXGtEe9dfSmuUKlQkDmOK3OS1N09
2681,2895828,23772051.350,-76663.8,8394086,16255755,16471363#nEg50sIq2fC0sCuNj12DCifnGTRZFR
2682,10013390,15675293.320,483388.1,-16116407,22862635,22391650#FG2JuULrYtesRDGJ0cgUFCH9dc55yx
2683,13292944,4587795.090,170517.5,-19950558,-18515479,16119533#V2v709y8ynIdbBZ6ZzF2I4hpekezuM
2684,-6562193,8445810.990,-34772.8,-17658291,23255899,24437281#Njl4LuKlEIbXNJvoNGeLgmDtxuyA10
2685,10673104,-11751602.380,-426374.3,-26223956,-10615693,16090769#GZ3dveFcH0JCF8cFttWUVb7YjsWcvn
2686,-12127960,20035163.330,471158.8,-1696075,-16939729,652413#fkZdXCXZ5xqo9wfOxHrnaPwNkCG9sb
2687,22264863,-22004227.140,-74800.9,17906427,-11309763,9697980#PAdB6N6Zcw5U48uv4nhvVTnN3ElvsE
2688,14552177,-14067990.270,483515.3,-12525729,26111351,13367956#Q3OlFmFBlWARssopxXvXTa3PGY5aSC
2689,22890241,20191738.210,-219037.4,15493452,13545373,26490310#2JkYaf43N6DUywAGD97C4VSahwmQr2
2690,12284037,-9241336.730,179982.9,-6003188,-10404414,12606550#krZ11WoMFpAihVsT757xRt3somNoJh
2691,21052233,25768869.890,223574.8,14567448,19943052,16634534#0nHslWYXd3mgtcCz9tlgH7xbnHEyAa
2692,22119986,-25702217.220,-309804.8,11998396,-1131708,11986355#ntvabVJHyNCXCQwV7lifP4tArxnjlM
2693,-3606722,15156158.660,262041.4,12411955,6710690,10300535#Ei2M1SldO0cDbJq2nNSRiEtJH6yQfT
2694,5179115,23544604.700,183516.9,-8521393,-24515217,2575738#afVFDpH965GdmqU5vIWWrttxQpdNaY
2695,11665449,22101742.370,-470969.8,-8965562,-16380691,24636398#EDOwMEZFbAbbfzyYuxHwlmEfun5Dkt
2696,-7585343,15194578.500,117822.0,26694706,-12823970,10598417#4Wchmp3eCV2GQFlvs1p7FH3zNRMZu5
2697,25642058,20492164.430,381241.2,2737927,-9369895,14016931#DiMK8AnA93N3hkuoTbQYRwCjQZ3eGD
2698,-17335283,-18345162.480,-388812.6,-11371703,8609347,708495#YazeGcYVa16ionMX5bc20NNIWV7WdY
2699,-26946402,14777083.830,-143771.9,-15068663,-17165496,1263406#kVrPdjLIxab4qSBUt99yZWMEL3rYXh
2700,2920865,-17248236.490,-385527.3,-12990813,4929552,26576513#r6T3G9ztH4346bLwgF63Rmo9qYfWO3
2701,10044316,-6991115.070,-284956.5,24582556,-22776804,8425946#GWdoMYwaoSXzeXfAXRVivnYcvNborL
2702,4438190,-23365231.340,217555.8,-3571212,11690948,18831286#M8oqDD32raG2MOSoj0C1yVWLDbiBLU
2703,7725597,23652712.090,158766.7,9496565,16007742,17549493#3Aikh3djGh2IOcft8vcPg2CJ2yAU1D
2704,-1999893,-10454133.310,370343.1,-22454580,-18670927,1021963#mTZ0Xj9vGIZ9i7JI94ZrWQJKw8qD4C
2705,-23310771,5659213.420,80835.8,10363403,-21753045,25731383#VjI4J6Bzgzlbsp2z50PGjvN6TeYnE3
2706,-8169763,-2446437.550,130728.8,19333755,22154728,15549455#iFlknRalFXxbcLvEVRzyc4mvvbEfjb
2707,17320226,1365011.460,179946.6,3825489,8983338,23802775#N5yoFoAY1lQYN3X8EgFWAHNuJatTMJ
2708,-24731259,16941740.510,-353870.8,16289072,-9832990,12422601#qz3gSeJHPwj7SOFMLGenoXQoxmkrww
2709,24363303,12391463.450,432160.4,-25665415,19000324,6400076#bLg8WV1SKpNRz3P7GjJtvyGAbakgwQ
2710,-25039208,-5421350.680,245896.5,-67635,-11936627,18683748#ZysQcH6o44uPBfjukUwfs84OUTDvIY
2711,14223867,-5984995.570,-451381.8,-5964590,-25599439,26484135#VsPYQSriI1vxWQo1PRwPtK2quTUbdu
2712,745908,4457549.560,294802.2,-8167358,-7145745,7808107#JAy00UwZ0T9UekhbDI4U8s0qOsqVBh
2713,-22048986,-15351919.820,223195.4,-10859493,-8660441,4366890#Q4KHSGzQqNeMK6qD7n9L3u1FuWaSWw
2714,-12734729,-21127110.870,-22883.3,1722359,11438533,15028741#kPUuVMmDjRLl8DRLZ6p2QY2yl0Ok2l
2715,-15193429,8497021.360,461266.3,-1012783,-26856903,15785118#hMEfrAnKCjuxP2TOfaW0pQVGjvvfXp
2716,19485260,-19737787.520,298639.9,10327696,7059366,16493215#BCAvNSDr4mlCpbMMGEH8qA9Twu4bBd
2717,-17674620,-2105914.650,447811.1,11387414,15136006,25367444#88oQ8mDEjltkn2yMcXSCGaKbpz1VJk
2718,-15812956,12417202.100,36638.0,-25762290,-9833968,26902945#NyhnJytT4TimYNPggT0hoPKLCHxdrC
2719,-11582788,-3255592.560,182757.3,-7222377,-8535916,19481022#Y2TTt3gf87mD5L3XIirivaP0TvmkcT
2720,-2800298,25828959.370,20803.8,-17787877,976777,18964837#bes5vBz5Doo0STTM1EBnBIOdhmieKE
2721,-16507454,12804565.290,113809.3,13368545,-1735965,16820144#MqkZ2IBJcre1y3yhA3Nj1UvP3xR4fR
2722,4800899,-17130178.030,-177749.7,-27073801,-25961794,2585033#hqqI5zaov6k1dC1KbUlITOYNoJNr15
2723,20108241,-20750555.510,494202.2,-21430700,11924502,10678207#V5OKVO65Nf7XjjIrWC9nCXZeELUypY
2724,12615574,4959734.840,65832.5,-17785297,25002528,14753881#9c8u7Xjdro8gGBEWiFT4syH9HscpJj
2725,-26880740,19425002.690,-492846.9,12439575,-12025125,5781119#CQU23fDgNQips9xWxbKXovK1ymAMPI
2726,-13943352,-16648367.850,-414125.5,5737074,-14986021,6898539#VwBlvR3rXw6pP4zjYOW63tSiCkNuO1
2727,14931119,-16910447.070,406311.6,6939886,-10823723,11254747#4rjs8w06x7mOi5VaEZbdKTFgvTqx7v
2728,-1076548,12359259.730,404899.9,-20878100,9655744,4875468#sSdfpNMNiFrC0ioGZgkhpfvoxQLy9N
2729,14287378,-21700612.210,10825.7,5783923,3531261,25218576#nCE2Bre4SeBEVeNjmwH5dhdSv98GUy
2730,26918068,-19582684.430,-236784.5,14814498,-19535167,6745530#3eybZlkJnCZcLJyH7HTpfE5YNdI2aQ
2731,2949753,24215305.850,-78067.8,8550748,16558796,16778482#TAhX8aOYDHOUBoiG3YDZBC4Mpm9flX
2732,10200058,15967348.320,492518.1,-16416714,23288814,22808980#PAdB6N6Zcw5U48uv4nhvVTnN3ElvsE
2733,13540669,4673313.590,173627.0,-20322220,-18860557,16419803#DJdDB0vZcIiImSAq0ru31E1A8ThnSH
2734,-6684418,8603094.990,-35539.8,-17987144,23689175,24892393#hqADtprbYNwPzx9LIjpCC3hQzfWhvX
2735,10871841,-11970537.380,-434216.3,-26712399,-10813326,16390249#tzvg6Ss3ck1TCTkcHu2eGW6ZEA7zFO
2736,-12353610,20408233.830,480014.3,-1727700,-17255033,664528#EFQikF1ts7UA406ZphJoxDgc7qYnvs
2737,22679306,-22413625.640,-76074.4,18239527,-11520067,9878428#6JWo94VqRuEl2NVngITWLbrYNYdXh5
2738,14822883,-14329716.770,492363.3,-12758819,26597217,13616469#Chqftn3pog0JSaN04XG3sG0MCVybA6
2739,23315791,20567101.710,-222974.9,15781666,13797419,26982743#knq9yzdMONJZKcyagCvH1wZ18MzeTS
2740,12512442,-9413050.230,183312.4,-6114871,-10597892,12840714#HovjpBSPusfVQzyDPRd19L7f3KZf9u
2741,21443464,26247787.890,227840.8,14838080,20313579,16943462#oqnT7Uxkp3uOsGygejxhbSH3oq0xja
2742,22531017,-26179696.720,-315431.3,12221118,-1152861,12208889#sWcpzFU9VSTZGvWXLhPIFFnLqub57e
2743,-3673767,15437498.660,266977.4,12642474,6835238,10491598#3GAQggUzraivcqbMKnXWydLfYKIb2c
2744,5275196,23981744.700,186971.9,-8679620,-24970113,2623376#kG86xAPsfrcHs9Auih0pbxLPYlqQ8L
2745,11881744,22511926.870,-479856.8,-9131804,-16684606,25093419#RdllPC6uGZQEQWTgH8gnhA5cvkFInD
2746,-7726099,15476521.500,120054.0,27189945,-13061859,10794932#oS6geQ4mw5q3pi409daoQ3vTra6QU6
2747,26117495,20872024.430,388220.7,2788572,-9543728,14276674#PpSuZYN9nJ2Frl3Go0orF85iaqR8ak
2748,-17656508,-18685286.480,-396008.6,-11582457,8768878,721456#zt7NPuR1SJUPKsnuiDEJMFKUX5wHk0
2749,-27445505,15050688.830,-146336.4,-15347856,-17483593,1286806#osC3gQoKSrG0V3iwFJcSts4LM3HXmV
2750,2975140,-17567730.490,-392741.8,-13231525,5020968,27068634#itei6Hpl1qtw4H0NCfU4EFqWTDKKvm
2751,10230163,-7120514.070,-290131.0,25037803,-23198308,8581893#jMTqCdUrl2JCOef1YV0fCr9YJejq1n
2752,4520225,-23797619.340,221447.8,-3637469,11907145,19179696#SAqhQMjjzriEmubxNjgU8Zs1QdhTZQ
2753,7868659,24090240.590,161555.2,9672294,16303964,17874050#taGvVJTww2d5l2TtO5zeyF532sqtiK
2754,-2036774,-10647283.310,377183.1,-22869964,-19016219,1040779#XT36QpKL7EITvlGulZDLm3ommjfbpf
2755,-23741652,5763831.920,82356.3,10554884,-22155222,26206920#4HqVAyMKq0paElZbNWOM7so2MgLTaI
2756,-8320836,-2491810.550,132996.8,19690937,22563918,15836753#HJKnDVVHk8XFqlOt6m0nXVq0WPJh0S
2757,17640264,1390312.460,183451.1,3895970,9149084,24242373#JRDWVgm98462RM4XFKmxJvDtFgR0se
2758,-25188022,17254596.010,-360279.3,16589834,-10014624,12651891#4QdUr8bDj6FTGNkP4j0tgTKFJ6QP6r
2759,24813003,12620268.950,440200.4,-26138985,19351122,6518172#YjAnCd1ebBU0hlMvc7nXuiAHQ4pcrP
2760,-25501281,-5521298.180,250453.5,-69054,-12156807,19028370#5eE5wTrSUjELsdjUDw9449BS4rnC5e
2761,14486042,-6095433.070,-459587.3,-6074762,-26071624,26972579#CGzb2dk2Qv9iCrZFuX2QE7NqdvT7l7
2762,759667,4539556.060,300380.2,-8317914,-7277449,7951959#llOuYWALjFdKns9F1clJNxr2munIoJ
2763,-22455236,-15634889.320,227467.4,-11059688,-8819926,4447354#YkoWwvAMKbumKDEDPIiYYZhKKdzijR
2764,-12969279,-21516187.370,-23447.8,1754232,11649085,15305496#0W37D8kyYgdVp60MRJmnvWJJEBwrRk
2765,-15473291,8653454.860,469696.8,-1031596,-27351446,16075817#xmTNUjlz3QNANEmPF1jshhom6gdqf6
2766,19844128,-20101329.520,304091.9,10517779,7189271,16796821#SFENFIGB6UXY5X4e7VoATnGaizaY9Q
2767,-17999874,-2144733.650,455903.6,11596904,15414728,25834240#0eCOPB9IdPp3LwoB9XLBzHXwkBYAgQ
2768,-16103894,12645791.600,37214.0,-26236152,-10014875,27397748#ZysQcH6o44uPBfjukUwfs84OUTDvIY
2769,-11795838,-3315581.560,185936.8,-7355162,-8692723,19839166#sCWFY8HSFY53ccKGHfFYmMe8kRazXi
2770,-2851744,26303841.370,21225.3,-18114696,994690,19313360#yN9ZhdSmlcPDda7lJlzibW2oXx0O14
2771,-16810741,13039963.290,115864.3,13614033,-1767703,17129172#YjAnCd1ebBU0hlMvc7nXuiAHQ4pcrP
2772,4888987,-17444804.530,-181129.2,-27571206,-26438641,2632452#huRBLT09E1d3cgbX21aPpB8FgydDAX
2773,20477287,-21131700.010,503133.7,-21824244,12143335,10874169#3cq3nAqVq5wwI4L3MZphbs1SPkTGFw
2774,12847199,5050670.840,67159.0,-18111833,25461392,15024672#AtVuUSTbROcdNyIsURp82JIEuUs0pK
2775,-27373790,19781522.190,-501708.9,12667886,-12245683,5887067#wllfYJViHeQ743Otm2iGevVbdLx12j
2776,-14198952,-16953660.350,-421880.5,5842203,-15260840,7024953#XhpU0utPEsRPU3mPkBWXdSnQNDjqeW
2777,15205044,-17220325.570,413757.1,7067061,-11022242,11461049#RPCN6cAbcUPIl3PX2jJMhoL7FmLAeF
2778,-1096415,12585880.230,412233.4,-21260648,9832742,4964656#rTxtYbztVDNEWoiTfdteMerOwtJdAI
2779,14549285,-22098336.210,10995.2,5889797,3596044,25680462#oqnT7Uxkp3uOsGygejxhbSH3oq0xja
2780,27411024,-19941442.430,-241046.0,15085768,-19892872,6869046#48kBhff9eivpft0cdTtYAWX35NvZpX
2781,3003678,24658560.350,-79471.8,8707410,16861836,17085600#tUXg3CECHIMaT1hzfDICT40mLfynGN
2782,10386727,16259403.320,501648.1,-16717020,23714993,23226310#2JkYaf43N6DUywAGD97C4VSahwmQr2
2783,13788394,4758832.090,176736.5,-20693882,-19205636,16720074#Y3AOblJhXm13ckJDHcDyiko00yE4oe
2784,-6806643,8760378.990,-36306.8,-18315996,24122451,25347504#LoCDWDBzLIzBiy4CEaBAcTtWWWzyd2
2785,11070579,-12189472.380,-442058.3,-27200843,-11010959,16689730#LEW4d8JVNuGersfMloOQ9uGX4feKLl
2786,-12579260,20781304.330,488869.8,-1759326,-17570336,676644#xZ8CetYpGEKwXJNwEd1Wc7djYWLKTq
2787,23093750,-22823024.140,-77347.9,18572627,-11730370,10058877#LQHYQT61GecBYGCGy3jYeR5F276r3H
2788,15093589,-14591443.270,501211.3,-12991909,27083082,13864981#ooUauRUTBQ6FIdiVF86Kx9OYEOUuqq
2789,23741341,20942465.210,-226912.4,16069880,14049465,27475176#dd6zoafOGnPnk0TC9nItvpK24U4YUk
2790,12740847,-9584763.730,186641.9,-6226554,-10791370,13074878#r6IYxtH6RU5SahcRYPPHtIVp0qM9li
2791,21834695,26726705.890,232106.8,15108712,20684107,17252390#ZobS9NkAw7rFD2xxCsr0zBnwmhAzQl
2792,22942048,-26657176.220,-321057.8,12443839,-1174015,12431423#U924De8uvHdeyqKdN1znmOvzrgplBw
2793,-3740811,15718838.660,271913.4,12872993,6959787,10682661#P6jltX7Dj9CPw8g63iNnMNbUmR2a0A
2794,5371277,24418884.700,190426.9,-8837847,-25425009,2671013#wZeXGtEe9dfSmuUKlQkDmOK3OS1N09
2795,12098039,22922111.370,-488743.8,-9298046,-16988521,25550440#Q1TdzkZLhyIVllgtWMn1Ir8zcsqmJs
2796,-7866855,15758464.500,122286.0,27685185,-13299748,10991447#okERYEtPhKnSznYiWxK1DXWDvOxi9i
2797,26592933,21251884.430,395200.2,2839218,-9717562,14536417#4Wchmp3eCV2GQFlvs1p7FH3zNRMZu5
2798,-17977733,-19025410.480,-403204.6,-11793210,8928408,734417#4Wchmp3eCV2GQFlvs1p7FH3zNRMZu5
2799,-27944608,15324293.830,-148900.9,-15627048,-17801689,1310207#V5OKVO65Nf7XjjIrWC9nCXZeELUypY
2800,3029415,-17887224.490,-399956.3,-13472237,5112383,27560754#CZ9e6hr6hiY6cloybnoqVaDbuwMwYD
2801,10416009,-7249913.070,-295305.5,25493050,-23619811,8737839#bUMefJwu5Uy7CHrMIUkHDzKn7JFyNt
2802,4602261,-24230007.340,225339.8,-3703725,12123342,19528105#lmueN0llIc2Qn9XgUmbpWKKXLMzKNW
2803,8011722,24527769.090,164343.7,9848022,16600185,18198608#iVaQkU2tD13GIRMFdSMP7H6vzirfsL
2804,-2073655,-10840433.310,384023.1,-23285349,-19361511,1059596#SrZkFrTAaMzjXtM8p4MSLoe2MVovqP
2805,-24172533,5868450.420,83876.8,10746364,-22557398,26682457#kMKA0PBACoMkgDQyVR4uHmZwkB4A28
2806,-8471909,-2537183.550,135264.8,20048119,22973107,16124050#taGvVJTww2d5l2TtO5zeyF532sqtiK
2807,17960301,1415613.460,186955.6,3966451,9314830,24681971#SvBUYnUGO31Vbo7KpFszwJSFV6sEM1
2808,-25644784,17567451.510,-366687.8,16890596,-10196257,12881180#TZ5h0PSxQkpOco0xaVPLfcWauXgrzS
2809,25262703,12849074.450,448240.4,-26612555,19701920,6636267#BnlP4gjqEealjaPCuUQ062ZUblK4Zu
2810,-25963353,-5621245.680,255010.5,-70474,-12376988,19372992#IVI9kkYpXWL4XGM5VMJa8XwYeJZkSn
2811,14748217,-6205870.570,-467792.8,-6184933,-26543808,27461024#deTraPhlAjwVjs5OPuMs3t9SPZs6sD
2812,773426,4621562.560,305958.2,-8468470,-7409154,8095811#awYJDVdi6ibjfAeq4An2SaOZJlyIMh
2813,-22861486,-15917858.820,231739.4,-11259883,-8979411,4527818#3hGUry64cHXcGWdnInEJ0nURK0Mv0n
2814,-13203829,-21905263.870,-24012.3,1786105,11859638,15582251#1Qxure7BS4MP6PV2fw0CHXjJDu6tk7
2815,-15753154,8809888.360,478127.3,-1050409,-27845989,16366516#KqoNoZMaBysGHUeeHMqrgElWcb85kB
2816,20202997,-20464871.520,309543.9,10707862,7319175,17100427#0OEkQiEijUTDO6AlUybNv8ZO9u826I
2817,-18325129,-2183552.650,463996.1,11806393,15693449,26301035#xBFMv4f5dBKJEQCApbt1W1fP5FnSC5
2818,-16394831,12874381.100,37790.0,-26710014,-10195783,27892550#krZ11WoMFpAihVsT757xRt3somNoJh
2819,-12008888,-3375570.560,189116.3,-7487946,-8849530,20197310#2JkYaf43N6DUywAGD97C4VSahwmQr2
2820,-2903191,26778723.370,21646.8,-18441516,1012603,19661883#PZyOEb0f3GMDMPmS0EqlwUCZjxZGpi
2821,-17114029,13275361.290,117919.3,13859520,-1799441,17438199#SwpF4qndguLARMywTcUcwIsOekBfCc
2822,4977074,-17759431.030,-184508.7,-28068611,-26915488,2679872#67WKw2nS9skfaCrBVSzefELABUBDr0
2823,20846334,-21512844.510,512065.2,-22217788,12362168,11070131#DOllJuUHhdykj3QfG99ReQhHOzVJtz
2824,13078824,5141606.840,68485.5,-18438369,25920257,15295463#y8q8S0ZCBbO35r6xMVUHJcgMZRYKNM
2825,-27866840,20138041.690,-510570.9,12896196,-12466241,5993016#8NywppA97nGs7We4ZkfjnzvyNvR8FU
2826,-14454552,-17258952.850,-429635.5,5947333,-15535659,7151366#lCnaqfACpwx3F2OdpufbMNooshpvBP
2827,15478969,-17530204.070,421202.6,7194236,-11220761,11667351#atNnoukQIg5C7zuwxMFr3A82iheSyE
2828,-1116283,12812500.730,419566.9,-21643196,10009740,5053845#XBImhHBKjA3BDMOZQrIq8psCg8Hnhl
2829,14811193,-22496060.210,11164.7,5995670,3660828,26142348#a4cGgbKSVYQtKtYyHPKXBDp63YAgCB
2830,27903980,-20300200.430,-245307.5,15357037,-20250578,6992563#E7IX5lvhLAy57ui1AYfGWiziD5IYAg
2831,3057603,25101814.850,-80875.8,8864072,17164877,17392719#NeCh7lTkvOdMloOoUiti5O4GqkKYlb
2832,10573395,16551458.320,510778.1,-17017327,24141172,23643640#TC3s4JXMN8Rwkepwbs48t5878Mh3ps
2833,14036119,4844350.590,179846.0,-21065544,-19550714,17020344#4QpEmwDBDHbbaXXdPkvToTqmONbljd
2834,-6928868,8917662.990,-37073.8,-18644849,24555727,25802616#LdRcdNTNzG1nKb3WoR0RCI8uLYD9og
2835,11269316,-12408407.380,-449900.3,-27689286,-11208592,16989210#iAuf0ooLkcylz4XrnztSnThuhUnn2w
2836,-12804910,21154374.830,497725.3,-1790951,-17885640,688759#ef12Wopp7KBC0ApnyRBFrKZbh8Z0PL
2837,23508193,-23232422.640,-78621.4,18905727,-11940674,10239325#tbeBELEoPw3KIModurlVY94odzvmvN
2838,15364295,-14853169.770,510059.3,-13224999,27568948,14113494#yoHnyNttKDY9IIOjfTmrz8pdZBViZO
2839,24166891,21317828.710,-230849.9,16358094,14301511,27967609#To8M1Bkqop88SHjQtzfDulOfrFJQXF
2840,12969252,-9756477.230,189971.4,-6338237,-10984848,13309042#iCCFdIBMh2gsUA2XqxMYb34U1QTjK8
2841,22225926,27205623.890,236372.8,15379344,21054634,17561318#3Qq8SnDQBEHg7c0WOIOrfhHZK0eyJi
2842,23353079,-27134655.720,-326684.3,12666561,-1195168,12653957#48AZajlA4sWOFGs7xaIYf8uD04VBpt
2843,-3807856,16000178.660,276849.4,13103512,7084335,10873724#i22kbQ9HmUG2GpiiiwoNEZg8tLXG2P
2844,5467358,24856024.700,193881.9,-8996074,-25879905,2718651#APyxyBKv4TXwiiTAIizB1cky4KZzX7
2845,12314334,23332295.870,-497630.8,-9464288,-17292436,26007461#BAXHw0sVcNA7LIvmgMLRXbcbpFUxyI
2846,-8007611,16040407.500,124518.0,28180424,-13537637,11187962#elVElhxc5urI2SJZT0sIBBfXo2AZl3
2847,27068370,21631744.430,402179.7,2889863,-9891395,14796160#9Ynid4Xn0fmFCgYJiOGTj8aiZWP2y2
2848,-18298958,-19365534.480,-410400.6,-12003964,9087939,747378#DZ6UyfbsA4t5mFHG3QYyxDs1N6OH9W
2849,-28443711,15597898.830,-151465.4,-15906241,-18119786,1333607#5SbvAYSJfEGa2MfIJZo3AHU4mBvcOy
2850,3083690,-18206718.490,-407170.8,-13712949,5203799,28052875#zQ9ZMJhkGoyqw7oXnfVVkBuaEJMo0q
2851,10601856,-7379312.070,-300480.0,25948297,-24041315,8893786#4s9oErFVVOVCsfVW8qi8JPsAYsvaTy
2852,4684296,-24662395.340,229231.8,-3769982,12339539,19876515#SYxnEbum6iRUoR5cidCgfw3Hah5eYn
2853,8154784,24965297.590,167132.2,10023751,16896407,18523165#Bzrbmx4X76gC7YvNr94zWbWAMhGoJi
2854,-2110536,-11033583.310,390863.1,-23700733,-19706803,1078412#ApeJIlA0X1iZqgclPehuwYAGHGc4cZ
2855,-24603414,5973068.920,85397.3,10937845,-22959575,27157994#540oLmcbaEPUB774FZ0LI3cJ9mEphR
2856,-8622982,-2582556.550,137532.8,20405301,23382297,16411348#a4cGgbKSVYQtKtYyHPKXBDp63YAgCB
2857,18280339,1440914.460,190460.1,4036932,9480576,25121569#YBZvfFNO7KYhWBWr1WpVbLmVMUjl65
2858,-26101547,17880307.010,-373096.3,17191358,-10377891,13110470#3NYlKoIoZnNB5bmVuzYp00dCkLFQ3Y
2859,25712403,13077879.950,456280.4,-27086125,20052718,6754363#nEg50sIq2fC0sCuNj12DCifnGTRZFR
2860,-26425426,-5721193.180,259567.5,-71893,-12597168,19717614#hl8zZLxp0uIT792Zhv5OGmQd6xXBL6
2861,15010392,-6316308.070,-475998.3,-6295105,-27015993,27949468#sSdfpNMNiFrC0ioGZgkhpfvoxQLy9N
2862,787185,4703569.060,311536.2,-8619026,-7540858,8239663#ytSq4rmn0KmeLLkXB5pNYkx5JNq2Ux
2863,-23267736,-16200828.320,236011.4,-11460078,-9138896,4608282#dx66yrzSN01l1YHBAo6umbMik1BmU6
2864,-13438379,-22294340.370,-24576.8,1817978,12070190,15859006#fr3uxJSbhVOC0mQo1JsrviUPxvRdVb
2865,-16033016,8966321.860,486557.8,-1069222,-28340532,16657215#BCAvNSDr4mlCpbMMGEH8qA9Twu4bBd
2866,20561865,-20828413.520,314995.9,10897945,7449080,17404033#hqqI5zaov6k1dC1KbUlITOYNoJNr15
2867,-18650383,-2222371.650,472088.6,12015883,15972171,26767831#rjGPZqtAwTf984h80BWLKwjtkEBMrs
2868,-16685769,13102970.600,38366.0,-27183876,-10376690,28387353#JuQIkJreOzTilUd8oghNwXKSydBgVE
2869,-12221938,-3435559.560,192295.8,-7620731,-9006337,20555454#vDd26bYy0SOA13gbUXAmY1paQ8I2m0
2870,-2954637,27253605.370,22068.3,-18768335,1030516,20010406#kVrPdjLIxab4qSBUt99yZWMEL3rYXh
2871,-17417316,13510759.290,119974.3,14105008,-1831179,17747227#fXXVlDxGU8HRnF4Se4vxclkZqUzrUP
2872,5065162,-18074057.530,-187888.2,-28566016,-27392335,2727291#HTuJtWALagQse5d4vgkNAM02wVkTSM
2873,21215380,-21893989.010,520996.7,-22611332,12581001,11266093#WJ6fmevHyyPLfUQTvHNvCCqFELEKRb
2874,13310449,5232542.840,69812.0,-18764905,26379121,15566254#iW329u3aL4NbNab5IZVWmBJ7bCJRH9
2875,-28359890,20494561.190,-519432.9,13124507,-12686799,6098964#DudAdjV59Jmh5ea1YBI86i0XuZrmMQ
2876,-14710152,-17564245.350,-437390.5,6052462,-15810478,7277780#8es9JhNJ0CBlqb7bf4ppszQzorTNBY
2877,15752894,-17840082.570,428648.1,7321411,-11419280,11873653#zSpOB2oJKCqrO705pxrFeArDaGzdNx
2878,-1136150,13039121.230,426900.4,-22025744,10186738,5143033#hqqI5zaov6k1dC1KbUlITOYNoJNr15
2879,15073100,-22893784.210,11334.2,6101544,3725611,26604234#NG7UQMYVOAqWMA5tpfAM9zjhshEP4f
2880,28396936,-20658958.430,-249569.0,15628307,-20608283,7116079#GaOCXVP0cbVlOj6jzhYcLOsgzy6lMN
2881,3111528,25545069.350,-82279.8,9020734,17467917,17699837#bes5vBz5Doo0STTM1EBnBIOdhmieKE
2882,10760064,16843513.320,519908.1,-17317633,24567351,24060970#ELvubPdlW9kMj9N2g1lfCeaZrKJ2Ux
2883,14283844,4929869.090,182955.5,-21437206,-19895793,17320615#r6C1otN5BTvOT2pi2vBy1fMB2HcwDD
2884,-7051093,9074946.990,-37840.8,-18973701,24989003,26257727#1zYQAWdQeCQEhugXxGwNNPMJUIo9Ok
2885,11468054,-12627342.380,-457742.3,-28177730,-11406225,17288691#tNYEtCT0ETMPjAax98uh8EW28OkShj
2886,-13030560,21527445.330,506580.8,-1822577,-18200943,700875#zQ9ZMJhkGoyqw7oXnfVVkBuaEJMo0q
2887,23922637,-23641821.140,-79894.9,19238827,-12150977,10419774#w56tuqwv1gJY0XTA1Fc7aAg7B9jbH4
2888,15635001,-15114896.270,518907.3,-13458089,28054813,14362006#fr3uxJSbhVOC0mQo1JsrviUPxvRdVb
2889,24592441,21693192.210,-234787.4,16646308,14553557,28460042#iCCFdIBMh2gsUA2XqxMYb34U1QTjK8
2890,13197657,-9928190.730,193300.9,-6449920,-11178326,13543206#syUAmfRTZW8FCJoWizguDrYnArbQqs
