483,2008-05-31 01:26:17.000,489810,-4114010,4653189,643531
484,2011-05-14 12:51:26.000,1821831,-911105,-1817523,4456857
485,2015-02-12 19:13:35.000,-3744127,-187031,3492911,3265452
486,2013-03-29 14:22:46.000,1447138,-2002035,2455646,4822611
487,2017-06-19 00:15:06.000,2498369,-3080215,1529023,2965174
488,2016-09-07 07:32:08.000,4574860,450434,-2531555,-1169537
489,2007-02-24 23:56:04.000,2089111,-71334,1163368,3894213
490,2009-05-16 02:54:13.000,2462695,-693103,938828,190269
491,2019-05-08 07:27:00.000,231232,4245650,4838504,-2731756
492,2010-03-14 06:48:37.000,4508490,1035986,188422,18008
493,2009-03-08 02:21:03.000,1694525,947183,-1733050,-481457
494,2019-01-14 06:04:50.000,3380278,-206835,2693767,-3203568
495,2016-01-23 05:41:17.000,-4410752,-3682223,1350804,-2922502
496,2007-08-20 20:12:15.000,-1491427,-1925598,225404,3338681
497,2008-11-27 04:29:54.000,-250581,-4157600,3749328,2880280
498,2008-10-15 12:19:39.000,2218038,-4099672,356802,-1967780
499,2014-09-18 05:59:48.000,-4007990,299587,-3478917,2688310
500,2009-05-02 08:00:07.000,3929184,4702981,-3460280,-761634
501,2010-10-14 02:32:45.000,-3134857,3307903,-4001926,722960
502,2012-08-11 21:49:56.000,3277869,-963917,-1520442,-4839374
503,2006-03-25 19:00:36.000,4453420,-852320,4786671,4271400
504,2008-10-19 09:43:42.000,-2698675,2990010,3794622,-3815731
505,2005-08-17 10:27:05.000,-2158730,-4262846,-3157407,-4691420
506,2019-08-09 14:16:13.000,-1210024,954637,3520151,-3099696
507,2008-12-09 13:24:07.000,-873578,187919,2699637,-392785
508,2008-09-08 11:12:12.000,-1774481,-2892539,2343959,-2698563
509,2006-07-05 18:43:31.000,2928304,684963,-1825873,1591875
510,2014-04-14 01:40:52.000,1803733,1358750,1848127,2633719
511,2018-07-23 12:41:31.000,-2765372,-4280603,-54404,-2412068
512,2006-01-19 00:28:34.000,3643257,-118526,275244,-825149
513,2012-10-22 23:37:48.000,-4936141,525608,2826240,4953332
514,2018-09-10 05:06:20.000,-4725574,558981,-2033813,4447855
515,2008-06-24 16:33:29.000,3265184,2416589,1541739,-169362
516,2006-09-02 15:21:01.000,-2526149,92500,-17061,-4693686
517,2012-12-25 19:09:21.000,1379766,4285772,4991774,3487008
518,2019-06-17 09:03:12.000,-1796468,-5084141,-1021627,3234446
519,2014-08-21 20:04:44.000,2425161,-392367,1895710,-3607269
520,2017-11-18 03:36:30.000,-1315441,3576791,4165371,-175697
521,2019-03-15 00:18:01.000,-4839750,-2438236,-190181,-1342288
522,2014-09-12 13:20:47.000,-4846583,162583,4288635,-3212549
523,2016-03-08 05:20:37.000,5154718,2321994,-4490012,-2639868
524,2012-06-12 12:09:08.000,-1651946,941080,-5072450,-3536185
525,2014-02-26 19:30:02.000,617622,358378,2320705,-1107842
526,2018-10-14 07:59:19.000,3270470,1847359,2773186,-1938203
527,2006-03-15 19:51:16.000,-2838072,3351552,-3181197,-2797862
528,2013-06-10 09:41:24.000,449873,-4744176,3122106,-1251417
529,2014-05-12 03:55:50.000,-2232991,-4728619,4135689,-3075348
530,2017-12-08 04:37:11.000,2343750,-3204128,-2229094,-1022423
531,2012-07-18 08:54:25.000,325990,717658,988870,-1725411
532,2015-03-27 14:48:35.000,1529770,3639619,3878277,1047573
533,2008-10-26 18:19:21.000,540286,-4539903,5135639,710931
534,2011-09-03 01:49:33.000,2010760,-1005096,-2004839,4917507
535,2015-04-18 00:53:47.000,-4131038,-205905,3853955,3602552
536,2013-06-25 14:08:32.000,1596093,-2208216,2708521,5318136
537,2017-07-23 15:41:41.000,2753957,-3396211,1685948,3269824
538,2016-10-21 20:18:31.000,5043540,497265,-2789974,-1290260
539,2007-08-09 07:21:16.000,2303022,-78886,1282893,4292551
540,2009-09-30 09:36:34.000,2713143,-762863,1035253,208744
541,2019-05-19 03:37:10.000,255396,4677690,5331404,-3010881
542,2010-07-19 06:07:05.000,4967106,1141054,206747,19683
543,2009-07-26 01:31:46.000,1866475,1042910,-1908031,-530882
544,2019-01-29 02:02:20.000,3721700,-227174,2965842,-3526818
545,2016-03-15 22:15:53.000,-4856212,-4054492,1486567,-3217302
546,2008-01-27 19:05:37.000,-1642470,-2119169,247266,3675481
547,2009-04-20 01:29:27.000,-275846,-4575901,4126053,3169192
548,2009-03-09 23:27:54.000,2440457,-4511460,393102,-2164655
549,2014-11-27 06:23:07.000,-4408867,330013,-3827192,2958110
550,2009-09-18 01:17:37.000,4322538,5173014,-3805480,-837584
551,2011-02-11 09:36:04.000,-3446822,3638360,-4401907,794860
552,2012-11-16 22:07:16.000,3604932,-1059687,-1672010,-5320724
553,2006-09-20 11:51:06.000,4895651,-937012,5262058,4695284
554,2009-03-14 08:16:20.000,-2966238,3286581,4171972,-4193781
555,2006-02-20 02:44:29.000,-2371500,-4685426,-3469357,-5156595
556,2019-08-17 06:37:23.000,-1329454,1048465,3867351,-3406496
557,2009-05-03 00:13:05.000,-960254,205517,2965087,-431485
558,2009-02-03 06:06:57.000,-1948532,-3177827,2574909,-2963691
559,2006-12-28 15:35:51.000,3215890,752649,-2004448,1748800
560,2014-06-29 03:48:44.000,1980753,1491798,2029765,2892419
561,2018-08-13 16:33:59.000,-3035939,-4698700,-60617,-2647381
562,2006-07-20 04:08:28.000,3999533,-130133,301606,-906574
563,2013-01-26 04:59:10.000,-5416851,576355,3101352,5436382
564,2018-09-29 16:49:36.000,-5184694,613154,-2230888,4879755
565,2008-11-22 21:13:20.000,3582001,2651006,1690464,-185662
566,2007-02-24 07:11:13.000,-2771852,100511,-18786,-5148261
567,2013-03-29 00:49:16.000,1512314,4701065,5473737,3825083
568,2019-06-27 00:10:02.000,-1969292,-5573945,-1119952,3547159
569,2014-11-01 19:33:59.000,2657944,-429569,2078335,-3955294
570,2017-12-18 05:06:29.000,-1442222,3921158,4566446,-193072
571,2019-03-28 00:12:58.000,-5303757,-2672616,-208956,-1471025
572,2014-11-22 22:00:52.000,-5309965,177666,4698760,-3520874
573,2016-04-29 08:43:40.000,5647873,2544789,-4920162,-2891818
574,2012-09-21 04:21:47.000,-1809252,1030102,-5555725,-3873760
575,2014-05-16 08:35:39.000,677038,393078,2542255,-1213963
576,2018-11-01 18:33:46.000,3581330,2022779,3036281,-2122453
577,2006-09-13 22:31:35.000,-3107279,3669044,-3483309,-3064262
578,2013-09-06 10:23:59.000,492196,-5193610,3418231,-1369492
579,2014-07-27 06:45:48.000,-2443743,-5175121,4526614,-3365798
580,2018-01-06 18:06:09.000,2565075,-3506577,-2438644,-1119340
581,2012-10-26 06:27:28.000,357137,785501,1082545,-1887142
582,2015-05-31 11:32:50.000,1673902,3981651,4243495,1146423
583,2009-03-24 11:12:25.000,590761,-4965796,5618089,778331
584,2011-12-23 14:47:40.000,2199689,-1099088,-2192154,5378157
585,2015-06-21 06:34:00.000,-4517950,-224779,4214998,3939652
586,2013-09-21 13:54:19.000,1745047,-2414397,2961396,5813661
587,2017-08-27 07:08:16.000,3009545,-3712207,1842873,3574474
588,2016-12-05 09:04:54.000,5512220,544096,-3048392,-1410983
589,2008-01-21 14:46:28.000,2516932,-86439,1402418,4690888
590,2010-02-14 16:18:56.000,2963591,-832624,1131678,227219
591,2019-05-29 23:47:19.000,279559,5109729,5824304,-3290006
592,2010-11-23 05:25:33.000,5425721,1246122,225072,21358
593,2009-12-13 00:42:29.000,2038426,1138636,-2083012,-580307
594,2019-02-12 21:59:51.000,4063122,-247512,3237917,-3850068
595,2016-05-07 14:50:29.000,-5301671,-4426762,1622329,-3512102
596,2008-07-05 17:58:58.000,-1793512,-2312740,269129,4012281
597,2009-09-10 22:29:01.000,-301111,-4994203,4502778,3458105
598,2009-08-02 10:36:09.000,2662877,-4923249,429402,-2361530
599,2015-02-05 06:46:26.000,-4809745,360440,-4175467,3227910
600,2010-02-03 18:35:07.000,4715893,5643047,-4150680,-913534
601,2011-06-11 16:39:23.000,-3758788,3968817,-4801888,866760
602,2013-02-21 22:24:36.000,3931995,-1155457,-1823579,-5802074
603,2007-03-18 04:41:36.000,5337883,-1021704,5737446,5119168
604,2009-08-07 06:48:57.000,-3233802,3583153,4549322,-4571831
605,2006-08-25 19:01:54.000,-2584270,-5108006,-3781307,-5621770
606,2019-08-24 22:58:33.000,-1448884,1142292,4214551,-3713296
607,2009-09-24 11:02:04.000,-1046930,223114,3230537,-470185
608,2009-07-01 01:01:41.000,-2122582,-3463116,2805859,-3228819
609,2007-06-22 12:28:10.000,3503477,820334,-2183023,1905725
610,2014-09-13 05:56:36.000,2157774,1624846,2211402,3151119
611,2018-09-03 20:26:28.000,-3306507,-5116797,-66829,-2882693
612,2007-01-18 07:48:22.000,4355809,-141740,327969,-987999
613,2013-05-01 10:20:32.000,-5897560,627102,3376465,5919432
614,2018-10-19 04:32:53.000,-5643813,667327,-2427963,5311655
615,2009-04-23 01:53:11.000,3898818,2885424,1839189,-201962
616,2007-08-17 23:01:25.000,-3017555,108522,-20511,-5602836
617,2013-06-30 06:29:11.000,1644862,5116359,5955699,4163158
618,2019-07-06 15:16:51.000,-2142116,-6063749,-1218277,3859871
619,2015-01-12 19:03:14.000,2890727,-466771,2260960,-4303319
620,2018-01-17 06:36:28.000,-1569003,4265524,4967521,-210447
621,2019-04-10 00:07:56.000,-5767763,-2906997,-227731,-1599763
622,2015-02-02 06:40:56.000,-5773348,192749,5108885,-3829199
623,2016-06-20 12:06:44.000,6141028,2767585,-5350312,-3143768
624,2012-12-30 20:34:26.000,-1966559,1119123,-6039000,-4211335
625,2014-08-02 21:41:15.000,736454,427778,2763805,-1320085
626,2018-11-20 05:08:14.000,3892190,2198198,3299376,-2306703
627,2007-03-15 01:11:55.000,-3376485,3986536,-3785422,-3330662
628,2013-12-03 11:06:34.000,534519,-5643045,3714356,-1487567
629,2014-10-11 09:35:47.000,-2654495,-5621623,4917539,-3656248
630,2018-02-05 07:35:08.000,2786400,-3809027,-2648194,-1216257
631,2013-02-03 04:00:31.000,388284,853344,1176220,-2048873
632,2015-08-04 08:17:06.000,1818034,4323682,4608714,1245273
633,2009-08-20 04:05:28.000,641237,-5391689,6100539,845731
634,2012-04-13 03:45:47.000,2388618,-1193079,-2379470,5838807
635,2015-08-24 12:14:13.000,-4904861,-243653,4576042,4276752
636,2013-12-18 13:40:05.000,1894002,-2620578,3214271,6309186
637,2017-09-30 22:34:51.000,3265133,-4028203,1999798,3879124
638,2017-01-18 21:51:17.000,5980900,590927,-3306811,-1531706
639,2008-07-04 22:11:40.000,2730843,-93991,1521943,5089226
640,2010-07-01 23:01:17.000,3214039,-902384,1228103,245694
641,2019-06-09 19:57:29.000,303723,5541769,6317204,-3569131
642,2011-03-30 04:44:01.000,5884337,1351190,243397,23033
643,2010-05-01 23:53:12.000,2210376,1234363,-2257993,-629732
644,2019-02-27 17:57:22.000,4404544,-267851,3509992,-4173318
645,2016-06-29 07:25:04.000,-5747131,-4799031,1758092,-3806902
646,2008-12-12 16:52:20.000,-1944555,-2506311,290991,4349081
647,2010-02-01 19:28:35.000,-326376,-5412504,4879503,3747017
648,2009-12-25 21:44:24.000,2885296,-5335037,465702,-2558405
649,2015-04-16 07:09:46.000,-5210622,390866,-4523742,3497710
650,2010-06-22 11:52:37.000,5109247,6113080,-4495880,-989484
651,2011-10-09 23:42:42.000,-4070753,4299274,-5201869,938660
652,2013-05-29 22:41:56.000,4259058,-1251227,-1975147,-6283424
653,2007-09-12 21:32:06.000,5780114,-1106396,6212833,5543052
654,2009-12-31 05:21:35.000,-3501365,3879724,4926672,-4949881
655,2007-02-28 11:19:19.000,-2797040,-5530586,-4093257,-6086945
656,2019-09-01 15:19:44.000,-1568314,1236120,4561751,-4020096
657,2010-02-15 21:51:02.000,-1133606,240712,3495987,-508885
658,2009-11-25 19:56:25.000,-2296633,-3748404,3036809,-3493947
659,2007-12-15 09:20:30.000,3791063,888020,-2361598,2062650
660,2014-11-28 08:04:28.000,2334794,1757894,2393040,3409819
661,2018-09-25 00:18:56.000,-3577074,-5534894,-73042,-3118006
662,2007-07-19 11:28:16.000,4712085,-153347,354331,-1069424
663,2013-08-04 15:41:53.000,-6378270,677849,3651577,6402482
664,2018-11-07 16:16:10.000,-6102933,721500,-2625038,5743555
665,2009-09-21 06:33:02.000,4215635,3119841,1987914,-218262
666,2008-02-08 14:51:37.000,-3263258,116533,-22236,-6057411
667,2013-10-01 12:09:05.000,1777410,5531652,6437662,4501233
668,2019-07-16 06:23:41.000,-2314940,-6553553,-1316602,4172584
669,2015-03-25 18:32:30.000,3123510,-503973,2443585,-4651344
670,2018-02-16 08:06:26.000,-1695784,4609891,5368596,-227822
671,2019-04-23 00:02:53.000,-6231770,-3141377,-246506,-1728500
672,2015-04-14 15:21:01.000,-6236730,207832,5519010,-4137524
673,2016-08-11 15:29:48.000,6634183,2990380,-5780462,-3395718
674,2013-04-10 12:47:06.000,-2123865,1208145,-6522275,-4548910
675,2014-10-20 10:46:51.000,795870,462478,2985355,-1426206
676,2018-12-08 15:42:42.000,4203050,2373618,3562471,-2490953
677,2007-09-13 03:52:15.000,-3645692,4304028,-4087534,-3597062
678,2014-03-01 11:49:10.000,576842,-6092479,4010481,-1605642
679,2014-12-26 12:25:46.000,-2865247,-6068125,5308464,-3946698
680,2018-03-06 21:04:06.000,3007725,-4111476,-2857744,-1313174
681,2013-05-14 01:33:33.000,419431,921187,1269895,-2210604
682,2015-10-08 05:01:21.000,1962166,4665714,4973932,1344123
683,2010-01-15 20:58:32.000,691712,-5817582,6582989,913131
684,2012-08-02 16:43:54.000,2577547,-1287071,-2566785,6299457
685,2015-10-27 17:54:25.000,-5291773,-262527,4937085,4613852
686,2014-03-16 13:25:52.000,2042956,-2826759,3467146,6804711
687,2017-11-04 14:01:27.000,3520721,-4344199,2156723,4183774
688,2017-03-04 10:37:41.000,6449580,637758,-3565229,-1652429
689,2008-12-17 05:36:52.000,2944753,-101544,1641468,5487563
690,2010-11-16 05:43:38.000,3464487,-972145,1324528,264169
691,2019-06-20 16:07:39.000,327886,5973808,6810104,-3848256
692,2011-08-04 04:02:29.000,6342952,1456258,261722,24708
693,2010-09-18 23:03:55.000,2382327,1330089,-2432974,-679157
694,2019-03-14 13:54:52.000,4745966,-288189,3782067,-4496568
695,2016-08-20 23:59:40.000,-6192590,-5171301,1893854,-4101702
696,2009-05-21 15:45:41.000,-2095597,-2699882,312854,4685881
697,2010-06-25 16:28:08.000,-351641,-5830806,5256228,4035930
698,2010-05-20 08:52:39.000,3107716,-5746826,502002,-2755280
699,2015-06-25 07:33:05.000,-5611500,421293,-4872017,3767510
700,2010-11-08 05:10:07.000,5502602,6583113,-4841080,-1065434
701,2012-02-07 06:46:02.000,-4382719,4629731,-5601850,1010560
702,2013-09-03 22:59:16.000,4586121,-1346997,-2126716,-6764774
703,2008-03-09 14:22:36.000,6222346,-1191088,6688221,5966936
704,2010-05-26 03:54:12.000,-3768929,4176296,5304022,-5327931
705,2007-09-03 03:36:43.000,-3009810,-5953166,-4405207,-6552120
706,2019-09-09 07:40:54.000,-1687744,1329947,4908951,-4326896
707,2010-07-10 08:40:01.000,-1220282,258309,3761437,-547585
708,2010-04-22 14:51:10.000,-2470683,-4033693,3267759,-3759075
709,2008-06-08 06:12:49.000,4078650,955705,-2540173,2219575
710,2015-02-12 10:12:20.000,2511815,1890942,2574677,3668519
711,2018-10-16 04:11:24.000,-3847642,-5952991,-79254,-3353318
712,2008-01-17 15:08:09.000,5068361,-164954,380694,-1150849
713,2013-11-07 21:03:15.000,-6858979,728596,3926690,6885532
714,2018-11-27 03:59:27.000,-6562052,775673,-2822113,6175455
715,2010-02-19 11:12:53.000,4532452,3354259,2136639,-234562
716,2008-08-01 06:41:49.000,-3508961,124544,-23961,-6511986
717,2014-01-02 17:49:00.000,1909958,5946946,6919624,4839308
718,2019-07-25 21:30:30.000,-2487764,-7043357,-1414927,4485296
719,2015-06-05 18:01:45.000,3356293,-541175,2626210,-4999369
720,2018-03-18 09:36:25.000,-1822565,4954257,5769671,-245197
721,2019-05-05 23:57:50.000,-6695776,-3375758,-265281,-1857238
722,2015-06-25 00:01:05.000,-6700113,222915,5929135,-4445849
723,2016-10-02 18:52:52.000,7127338,3213176,-6210612,-3647668
