1206,2019-11-25 03:12:39.000,-2882044,2268222,8380951,-7394896
1207,2014-06-23 20:49:44.000,-2087042,434284,6415937,-934585
1208,2014-05-09 11:58:33.000,-4211188,-6886578,5577259,-6410355
1209,2013-04-01 22:56:05.000,6954515,1632560,-4325923,3788825
1210,2017-03-14 07:31:01.000,4282020,3221422,4391052,6255519
1211,2019-05-15 18:56:06.000,-6553317,-10133961,-141379,-5706443
1212,2013-01-12 03:47:08.000,8631121,-281024,644319,-1965099
1213,2016-06-17 02:36:53.000,-11666074,1236066,6677815,11716032
1214,2019-06-10 01:12:14.000,-11153247,1317403,-4792863,10494455
1215,2014-04-11 09:51:24.000,7700622,5698434,3623889,-397562
1216,2013-05-13 21:03:49.000,-5965991,204654,-41211,-11057736
1217,2016-07-23 02:28:07.000,3235438,10099881,11739249,8220058
1218,2019-10-30 04:38:45.000,-4216004,-11941397,-2398177,7612421
1219,2017-05-25 12:54:17.000,5684123,-913195,4452460,-8479619
1220,2019-01-13 00:36:11.000,-3090375,8397922,9780421,-418947
1221,2019-09-12 23:07:21.000,-11335841,-5719563,-453031,-3144613
1222,2017-06-07 14:41:49.000,-11333938,373745,10030385,-7529099
1223,2018-03-08 04:43:30.000,12058888,5441131,-10512112,-6167168
1224,2016-04-21 23:06:19.000,-3854237,2187381,-11838300,-8262235
1225,2017-03-02 10:48:31.000,1449446,844178,5422405,-2593543
1226,2019-06-29 12:01:46.000,7622510,4303232,6456516,-4517703
1227,2013-03-08 09:15:51.000,-6606963,7796440,-7410772,-6527462
1228,2016-10-24 19:37:39.000,1042395,-11036259,7267856,-2904467
1229,2017-04-11 19:35:33.000,-5183519,-10979647,9608639,-7141648
1230,2019-01-26 01:22:44.000,5442300,-7438421,-5162794,-2379261
1231,2016-05-16 22:37:03.000,762048,1667460,2300320,-3989645
1232,2017-09-20 17:08:10.000,3547618,8428060,8991336,2431473
1233,2014-07-09 14:42:10.000,1246943,-10502405,11889939,1654531
1234,2015-12-12 15:23:09.000,4655766,-2320977,-4627256,11366607
1235,2017-10-03 08:16:44.000,-9547799,-470141,8908564,8321952
1236,2016-11-08 10:49:24.000,3681456,-5094750,6248771,12255486
1237,2018-11-20 15:53:52.000,6332189,-7820155,3882898,7534924
1238,2018-07-07 07:07:56.000,11605060,1152899,-6407833,-2980382
1239,2013-12-09 15:14:05.000,5297769,-184621,2956243,9869276
1240,2015-01-04 07:29:32.000,6219415,-1739510,2385203,467394
1241,2019-10-17 21:59:26.000,593685,10726243,12232004,-6918631
1242,2015-05-31 20:25:36.000,11387723,2612006,463297,43133
1243,2014-12-06 14:01:48.000,4273782,2383081,-4357765,-1222832
1244,2019-08-24 17:27:29.000,8501608,-511913,6774892,-8052318
1245,2018-03-23 14:20:13.000,-11092645,-9266265,3387242,-7344502
1246,2014-03-16 03:32:39.000,-3757065,-4829163,553341,8390681
1247,2014-10-25 07:23:18.000,-629556,-10432122,9400203,7213967
1248,2014-10-06 11:23:23.000,5554330,-10276499,901302,-4920905
1249,2017-08-03 11:49:36.000,-10021152,755984,-8703042,6735310
1250,2015-01-12 03:22:34.000,9829501,11753476,-8638280,-1900884
1251,2015-09-22 12:22:32.000,-7814339,8264758,-10001641,1801460
1252,2016-08-06 02:09:54.000,8183814,-2400467,-3793969,-12059624
1253,2013-07-27 07:38:06.000,11086892,-2122700,11917483,10629660
1254,2014-10-17 11:53:06.000,-6712127,7438582,9454872,-9486481
1255,2013-04-17 14:48:15.000,-5350280,-10601546,-7836657,-11669045
1256,2019-12-02 19:33:49.000,-3001474,2362050,8728151,-7701696
1257,2014-11-15 07:38:43.000,-2173718,451882,6681387,-973285
1258,2014-10-04 06:53:17.000,-4385239,-7171866,5808209,-6675483
1259,2013-09-24 19:48:25.000,7242101,1700246,-4504498,3945750
1260,2017-05-29 09:38:53.000,4459040,3354470,4572690,6514219
1261,2019-06-05 22:48:34.000,-6823884,-10552058,-147592,-5941756
1262,2013-07-13 07:27:02.000,8987397,-292631,670681,-2046524
1263,2016-09-20 07:58:15.000,-12146784,1286813,6952927,12199082
1264,2019-06-29 12:55:31.000,-11612367,1371576,-4989938,10926355
1265,2014-09-09 14:31:15.000,8017439,5932851,3772614,-413862
1266,2013-11-04 12:54:01.000,-6211694,212665,-42936,-11512311
1267,2016-10-24 08:08:02.000,3367986,10515174,12221212,8558133
1268,2019-11-08 19:45:34.000,-4388828,-12431201,-2496502,7925134
1269,2017-08-05 12:23:33.000,5916906,-950397,4635085,-8827644
1270,2019-02-12 02:06:10.000,-3217156,8742289,10181496,-436322
1271,2019-09-25 23:02:18.000,-11799848,-5953943,-471806,-3273350
1272,2017-08-17 23:21:54.000,-11797320,388828,10440510,-7837424
1273,2018-04-29 08:06:33.000,12552043,5663926,-10942262,-6419118
1274,2016-07-31 15:18:58.000,-4011543,2276403,-12321575,-8599810
1275,2017-05-19 23:54:07.000,1508862,878878,5643955,-2699664
1276,2019-07-17 22:36:14.000,7933370,4478652,6719611,-4701953
1277,2013-09-06 11:56:11.000,-6876170,8113932,-7712884,-6793862
1278,2017-01-20 20:20:15.000,1084718,-11485693,7563981,-3022542
1279,2017-06-26 22:25:32.000,-5394271,-11426149,9999564,-7432098
1280,2019-02-24 14:51:42.000,5663625,-7740870,-5372344,-2476178
1281,2016-08-24 20:10:05.000,793195,1735303,2393995,-4151376
1282,2017-11-24 13:52:25.000,3691750,8770092,9356554,2530323
1283,2014-12-05 07:35:14.000,1297418,-10928298,12372389,1721931
1284,2016-04-02 04:21:16.000,4844695,-2414969,-4814571,11827257
1285,2017-12-06 13:56:57.000,-9934711,-489015,9269607,8659052
1286,2017-02-04 10:35:10.000,3830410,-5300931,6501646,12751011
1287,2018-12-25 07:20:28.000,6587777,-8136151,4039823,7839574
1288,2018-08-20 19:54:20.000,12073740,1199730,-6666251,-3101105
1289,2014-05-23 22:39:17.000,5511679,-192174,3075768,10267613
1290,2015-05-21 14:11:53.000,6469863,-1809271,2481628,485869
1291,2019-10-28 18:09:36.000,617848,11158282,12724904,-7197756
1292,2015-10-05 19:44:04.000,11846338,2717074,481622,44808
1293,2015-04-25 13:12:31.000,4445733,2478807,-4532746,-1272257
1294,2019-09-08 13:24:59.000,8843030,-532251,7046967,-8375568
1295,2018-05-15 06:54:49.000,-11538104,-9638535,3523004,-7639302
1296,2014-08-23 02:26:00.000,-3908107,-5022734,575204,8727481
1297,2015-03-18 04:22:51.000,-654821,-10850424,9776928,7502880
1298,2015-02-28 22:31:38.000,5776750,-10688288,937602,-5117780
1299,2017-10-12 12:12:55.000,-10422030,786411,-9051317,7005110
1300,2015-05-30 20:40:04.000,10222856,12223509,-8983480,-1976834
1301,2016-01-20 19:25:51.000,-8126305,8595215,-10401622,1873360
1302,2016-11-11 02:27:14.000,8510877,-2496237,-3945538,-12540974
1303,2014-01-22 00:28:36.000,11529124,-2207392,12392871,11053544
1304,2015-03-12 10:25:44.000,-6979691,7735154,9832222,-9864531
1305,2013-10-21 07:05:40.000,-5563050,-11024126,-8148607,-12134220
1306,2019-12-10 11:55:00.000,-3120904,2455877,9075351,-8008496
1307,2015-04-08 18:27:41.000,-2260394,469479,6946837,-1011985
1308,2015-03-01 01:48:02.000,-4559289,-7457155,6039159,-6940611
1309,2014-03-19 16:40:44.000,7529688,1767931,-4683073,4102675
1310,2017-08-13 11:46:45.000,4636061,3487518,4754327,6772919
1311,2019-06-27 02:41:02.000,-7094452,-10970155,-153804,-6177068
1312,2014-01-11 11:06:56.000,9343673,-304238,697044,-2127949
1313,2016-12-24 13:19:37.000,-12627493,1337560,7228040,12682132
1314,2019-07-19 00:38:48.000,-12071486,1425749,-5187013,11358255
1315,2015-02-07 19:11:06.000,8334256,6167269,3921339,-430162
1316,2014-04-28 04:44:13.000,-6457397,220676,-44661,-11966886
1317,2017-01-25 13:47:57.000,3500534,10930468,12703174,8896208
1318,2019-11-18 10:52:24.000,-4561652,-12921005,-2594827,8237846
1319,2017-10-16 11:52:48.000,6149689,-987599,4817710,-9175669
1320,2019-03-14 03:36:09.000,-3343937,9086655,10582571,-453697
1321,2019-10-08 22:57:15.000,-12263854,-6188324,-490581,-3402088
1322,2017-10-28 08:01:58.000,-12260703,403911,10850635,-8145749
1323,2018-06-20 11:29:37.000,13045198,5886722,-11372412,-6671068
1324,2016-11-09 07:31:38.000,-4168850,2365424,-12804850,-8937385
1325,2017-08-06 12:59:44.000,1568278,913578,5865505,-2805786
1326,2019-08-05 09:10:41.000,8244230,4654071,6982706,-4886203
1327,2014-03-07 14:36:31.000,-7145376,8431424,-8014997,-7060262
1328,2017-04-18 21:02:50.000,1127041,-11935128,7860106,-3140617
1329,2017-09-11 01:15:30.000,-5605023,-11872651,10390489,-7722548
1330,2019-03-26 04:20:41.000,5884950,-8043320,-5581894,-2573095
1331,2016-12-02 17:43:08.000,824342,1803146,2487670,-4313107
1332,2018-01-28 10:36:41.000,3835882,9112123,9721773,2629173
1333,2015-05-03 00:28:17.000,1347894,-11354191,12854839,1789331
1334,2016-07-22 17:19:23.000,5033624,-2508960,-5001887,12287907
1335,2018-02-08 19:37:10.000,-10321622,-507889,9630651,8996152
1336,2017-05-03 10:20:57.000,3979365,-5507112,6754521,13246536
1337,2019-01-28 22:47:03.000,6843365,-8452147,4196748,8144224
1338,2018-10-04 08:40:43.000,12542420,1246561,-6924670,-3221828
1339,2014-11-05 06:04:29.000,5725590,-199726,3195293,10665951
1340,2015-10-05 20:54:15.000,6720311,-1879031,2578053,504344
1341,2019-11-08 14:19:45.000,642012,11590322,13217804,-7476881
1342,2016-02-09 19:02:32.000,12304954,2822142,499947,46483
1343,2015-09-12 12:23:14.000,4617683,2574534,-4707727,-1321682
1344,2019-09-23 09:22:30.000,9184452,-552590,7319042,-8698818
1345,2018-07-06 23:29:25.000,-11983564,-10010804,3658767,-7934102
1346,2015-01-30 01:19:22.000,-4059150,-5216305,597066,9064281
1347,2015-08-09 01:22:25.000,-680086,-11268725,10153653,7791792
1348,2015-07-24 09:39:53.000,5999169,-11100076,973902,-5314655
1349,2017-12-21 12:36:14.000,-10822907,816837,-9399592,7274910
1350,2015-10-16 13:57:34.000,10616210,12693542,-9328680,-2052784
1351,2016-05-20 02:29:10.000,-8438270,8925672,-10801603,1945260
1352,2017-02-16 02:44:34.000,8837940,-2592007,-4097106,-13022324
1353,2014-07-19 17:19:06.000,11971355,-2292084,12868258,11477428
1354,2015-08-05 08:58:21.000,-7247254,8031725,10209572,-10242581
1355,2014-04-25 23:23:05.000,-5775820,-11446706,-8460557,-12599395
1356,2019-12-18 04:16:10.000,-3240334,2549705,9422551,-8315296
1357,2015-08-31 05:16:40.000,-2347070,487077,7212287,-1050685
1358,2015-07-26 20:42:46.000,-4733340,-7742443,6270109,-7205739
1359,2014-09-11 13:33:04.000,7817274,1835617,-4861648,4259600
1360,2017-10-28 13:54:37.000,4813081,3620566,4935965,7031619
1361,2019-07-18 06:33:31.000,-7365019,-11388252,-160017,-6412381
1362,2014-07-12 14:46:50.000,9699949,-315845,723406,-2209374
1363,2017-03-29 18:40:59.000,-13108203,1388307,7503152,13165182
1364,2019-08-07 12:22:05.000,-12530606,1479922,-5384088,11790155
1365,2015-07-08 23:50:57.000,8651073,6401686,4070064,-446462
1366,2014-10-19 20:34:25.000,-6703100,228687,-46386,-12421461
1367,2017-04-28 19:27:52.000,3633082,11345761,13185137,9234283
1368,2019-11-28 01:59:13.000,-4734476,-13410809,-2693152,8550559
1369,2017-12-27 11:22:03.000,6382472,-1024801,5000335,-9523694
1370,2019-04-13 05:06:07.000,-3470718,9431022,10983646,-471072
1371,2019-10-21 22:52:12.000,-12727861,-6422704,-509356,-3530825
1372,2018-01-07 16:42:03.000,-12724085,418994,11260760,-8454074
1373,2018-08-11 14:52:41.000,13538353,6109517,-11802562,-6923018
1374,2017-02-17 23:44:17.000,-4326156,2454446,-13288125,-9274960
1375,2017-10-24 02:05:20.000,1627694,948278,6087055,-2911907
1376,2019-08-23 19:45:09.000,8555090,4829491,7245801,-5070453
1377,2014-09-05 17:16:50.000,-7414583,8748916,-8317109,-7326662
1378,2017-07-15 21:45:25.000,1169364,-12384562,8156231,-3258692
1379,2017-11-26 04:05:29.000,-5815775,-12319153,10781414,-8012998
1380,2019-04-24 17:49:39.000,6106275,-8345769,-5791444,-2670012
1381,2017-03-12 15:16:11.000,855489,1870989,2581345,-4474838
1382,2018-04-03 07:20:56.000,3980014,9454155,10086991,2728023
1383,2015-09-28 17:21:21.000,1398369,-11780084,13337289,1856731
1384,2016-11-11 06:17:30.000,5222553,-2602952,-5189202,12748557
1385,2018-04-14 01:17:22.000,-10708534,-526763,9991694,9333252
1386,2017-07-30 10:06:43.000,4128319,-5713293,7007396,13742061
1387,2019-03-04 14:13:38.000,7098953,-8768143,4353673,8448874
1388,2018-11-17 21:27:06.000,13011100,1293392,-7183088,-3342551
1389,2015-04-19 13:29:41.000,5939500,-207279,3314818,11064288
1390,2016-02-20 03:36:36.000,6970759,-1948792,2674478,522819
1391,2019-11-19 10:29:55.000,666175,12022361,13710704,-7756006
1392,2016-06-15 18:21:00.000,12763569,2927210,518272,48158
1393,2016-01-30 11:33:57.000,4789634,2670260,-4882708,-1371107
1394,2019-10-08 05:20:01.000,9525874,-572928,7591117,-9022068
1395,2018-08-28 16:04:00.000,-12429023,-10383074,3794529,-8228902
1396,2015-07-09 00:12:43.000,-4210192,-5409876,618929,9401081
1397,2015-12-30 22:21:58.000,-705351,-11687027,10530378,8080705
1398,2015-12-16 20:48:08.000,6221589,-11511865,1010202,-5511530
1399,2018-03-01 12:59:33.000,-11223785,847264,-9747867,7544710
1400,2016-03-03 07:15:03.000,11009565,13163575,-9673880,-2128734
1401,2016-09-17 09:32:29.000,-8750236,9256129,-11201584,2017160
1402,2017-05-24 03:01:54.000,9165003,-2687777,-4248675,-13503674
1403,2015-01-14 10:09:36.000,12413587,-2376776,13343646,11901312
1404,2015-12-29 07:30:59.000,-7514818,8328297,10586922,-10620631
1405,2014-10-29 15:40:30.000,-5988590,-11869286,-8772507,-13064570
1406,2019-12-25 20:37:21.000,-3359764,2643532,9769751,-8622096
1407,2016-01-22 16:05:38.000,-2433746,504674,7477737,-1089385
1408,2015-12-21 15:37:30.000,-4907390,-8027732,6501059,-7470867
1409,2015-03-06 10:25:23.000,8104861,1903302,-5040223,4416525
1410,2018-01-12 16:02:29.000,4990102,3753614,5117602,7290319
1411,2019-08-08 10:25:59.000,-7635587,-11806349,-166229,-6647693
1412,2015-01-10 18:26:44.000,10056225,-327452,749769,-2290799
1413,2017-07-03 00:02:21.000,-13588912,1439054,7778265,13648232
1414,2019-08-27 00:05:22.000,-12989725,1534095,-5581163,12222055
1415,2015-12-07 04:30:48.000,8967890,6636104,4218789,-462762
1416,2015-04-12 12:24:37.000,-6948803,236698,-48111,-12876036
1417,2017-07-31 01:07:46.000,3765630,11761055,13667099,9572358
1418,2019-12-07 17:06:03.000,-4907300,-13900613,-2791477,8863271
1419,2018-03-09 10:51:18.000,6615255,-1062003,5182960,-9871719
1420,2019-05-13 06:36:06.000,-3597499,9775388,11384721,-488447
1421,2019-11-03 22:47:10.000,-13191867,-6657085,-528131,-3659563
1422,2018-03-20 01:22:07.000,-13187468,434077,11670885,-8762399
1423,2018-10-02 18:15:45.000,14031508,6332313,-12232712,-7174968
1424,2017-05-29 15:56:56.000,-4483463,2543467,-13771400,-9612535
1425,2018-01-10 15:10:56.000,1687110,982978,6308605,-3018029
1426,2019-09-11 06:19:37.000,8865950,5004910,7508896,-5254703
1427,2015-03-06 19:57:10.000,-7683789,9066408,-8619222,-7593062
1428,2017-10-11 22:28:01.000,1211687,-12833997,8452356,-3376767
1429,2018-02-10 06:55:28.000,-6026527,-12765655,11172339,-8303448
1430,2019-05-24 07:18:37.000,6327600,-8648219,-6000994,-2766929
1431,2017-06-20 12:49:13.000,886636,1938832,2675020,-4636569
1432,2018-06-07 04:05:12.000,4124146,9796186,10452210,2826873
1433,2016-02-24 10:14:24.000,1448845,-12205977,13819739,1924131
1434,2017-03-02 19:15:37.000,5411482,-2696943,-5376518,13209207
1435,2018-06-17 06:57:35.000,-11095445,-545637,10352738,9670352
1436,2017-10-26 09:52:30.000,4277274,-5919474,7260271,14237586
1437,2019-04-08 05:40:13.000,7354541,-9084139,4510598,8753524
1438,2019-01-01 10:13:29.000,13479780,1340223,-7441507,-3463274
1439,2015-10-01 20:54:53.000,6153411,-214831,3434343,11462626
1440,2016-07-06 10:18:57.000,7221207,-2018552,2770903,541294
1441,2019-11-30 06:40:05.000,690339,12454401,14203604,-8035131
1442,2016-10-20 17:39:28.000,13222185,3032278,536597,49833
1443,2016-06-18 10:44:40.000,4961584,2765987,-5057689,-1420532
1444,2019-10-23 01:17:31.000,9867296,-593267,7863192,-9345318
1445,2018-10-20 08:38:36.000,-12874483,-10755343,3930292,-8523702
1446,2015-12-15 23:06:05.000,-4361235,-5603447,640791,9737881
