1,2011-11-23 01:10:35.000,-10567.59,-13334,-15090,3248,-18.0,11273.78,-2995.280,false,true,4635,14422,11257#M4Li9dSiDSh4v68rF4BLV3wOjv9FexkQy5Zyt,-5836.140,-7243,-10924.43,-2251
2,2010-10-25 20:40:16.000,-11669.3,1048,10300,-16909,2.8,5344.69,-19383.030,false,false,4816,-26638,14725#yt1FkDTYafo7Pk8MAeTCOLNeRPAs6PkwehVcU,-21698.980,-10448,-11687.78,12137
3,2005-11-07 13:27:47.000,-3610.37,24549,-5762,10157,26.6,7755.87,-743.070,true,false,-10789,-26778,27955#4CdoOw8qEDsQGRZJMw6CiZzle1MASirxRoXLs,-12414.660,-8549,18471.29,23752
4,2012-05-16 14:59:24.000,-18929.96,-1829,-27668,7916,15.0,37222.14,-25042.440,true,true,31497,44202,23077#YqVdUVm8Y7HWHL2ZQ6R8i4pRr4bVrLdGqySof,-4670.930,10780,-12242.59,25336
5,2004-12-28 07:27:38.000,-14836.04,14426,54960,-694,-50.5,-32544.88,47204.010,false,false,50875,-11626,26140#i8eyZGeTSfRx18VzndRjniMR5f2eFNJOqyNU0,-20594.270,-459,31916.27,35431
6,2000-09-25 14:09:51.000,-36133.92,-40254,-52717,-51789,3.2,42497.95,55569.840,false,true,-4087,-26256,41380#P8X0H0mlhcigmZI6DbNpvl5TqEKCZ1IzUnzm7,-51377.950,-23680,6692.3,65472
7,2001-02-03 20:23:38.000,59632.91,12540,-36526,24225,10.0,22514.88,33240.140,true,false,67095,-69775,14349#v8Xzjx1ghdCGgSNrOjw0gdJUSEedzrVERiTCZ,41847.080,59852,29477.89,24194
8,2016-04-22 13:53:52.000,2100.67,16868,-71386,65307,-37.9,-24817.51,-44667.200,false,true,57051,68484,43623#bexJ5jYXEFCPUUJgwXyjqG0zAfFR6nMAVkvJm,39012.440,-10994,-67909.53,72093
9,2011-01-12 10:11:09.000,16642.31,94219,30483,-11401,29.2,74688.61,82381.020,false,true,82670,1965,70775#eMq96rslCH5UN6sS85gOHItyKQOOZaZb3IhWm,-62715.180,-27226,-77312.13,-37882
10,2001-05-10 00:34:41.000,70189.85,-52864,65982,-38502,45.7,-35844.91,-52451.520,true,true,-67310,-25516,80475#VsPbryU4iIK96jRyqzF8pZuK5qpynyuZ25WeT,-43655.390,77461,-70720.57,-23446
11,2002-07-22 10:50:03.000,-79099.59,-25471,21506,77086,30.7,3572.48,-64547.990,true,false,69293,59771,48844#6iHctkY5RM7MjcOtN6JzIbDbGOH7dz7d4Xr8h,-46825.190,94905,-104362.05,6817
12,2013-08-23 06:51:22.000,-21632.63,42150,80608,-3296,-19.8,6739.24,-100115.200,false,false,56776,65112,30232#qeTwtJh4KquVdwzyEYvaAvr7CAK8T9Iw9q8qn,-65479.340,-100417,-75428.17,64302
13,2007-06-19 16:56:31.000,-82711.62,-87313,-30119,-72281,45.1,18316.31,32241.510,true,true,-33706,-33760,123258#K7ap3ikRa5kEGhC6nxLNOs4WMSsFofvs9nSUf,58830.200,-54666,-61506.26,95159
14,2017-11-13 22:32:02.000,-1708.23,103707,-110832,-111524,26.8,45412.52,-115268.530,true,false,51989,86632,98703#JPleCZ8yYLU6wmJ2RexBwjurrcXmidRW0NaFd,22473.090,-43984,45198.65,-36989
15,2012-12-02 15:09:22.000,-92512.82,120592,91296,-93249,31.0,-11420.7,68444.990,false,true,117502,77106,39865#un1LYLJLLKdX1Fy0fxZVijNXQqcktTWrWixw1,-106711.630,108108,-87611.7,-74535
16,2004-01-13 11:11:41.000,166906.31,-14378,68455,-14265,34.1,98387.78,79788.920,false,false,-2976,-119752,47376#uYEdsM43AU6KM5jzA8ExfxmvtcsZOu681q2gS,73701.490,92526,-84401.23,62156
17,2004-03-19 13:22:06.000,-7904.85,26405,-37318,151666,-43.7,-141732.6,-139651.410,false,true,-105297,-99555,116548#yX85oafHnLMyCg0JjfpybVuP7yz2QNYKCUDR6,71866.990,-83869,52651.15,-40182
18,2002-11-17 14:28:47.000,135547.42,125848,122926,81594,33.8,-53389.18,-57158.080,true,true,91198,19566,187700#Pf579j5Qxser87mSGAogfzF80r5Wbh4rbkA7F,-100037.100,947,-152681.98,164441
19,2014-08-09 10:56:14.000,-163823.33,-119070,97369,128431,8.2,-48687.5,-46294.430,false,true,-77821,-131266,135344#n24VNrf5oEA3RZGaGeavlTsGo2bRSwlCjgvll,-87601.810,-71025,100721.47,-193983
20,2005-04-02 09:03:47.000,-44197.67,107904,91543,-166544,26.4,31016.2,29830.780,false,true,116351,-25157,31321#WM4sUzjeDDSbwNF8fLjFTZcKgqOWRolMdeKpk,107808.160,-131961,34779.42,125006
21,2009-09-01 04:56:44.000,-146138.84,-86856,-27688,-143231,36.3,-76978.19,-71720.010,false,true,-126237,-82873,100786#o9IiAckal5DpVhfHn2x4r7YKKInUbLwkvjJh1,-80659.470,111096,-209106.23,-166290
22,2008-11-03 04:57:51.000,-15454.29,165300,-70010,39788,-22.3,-121669.86,154140.660,false,true,-54476,112709,108536#7xXJyoCETVyiO5MdYvoJlbqzHu99GRdIfnbFZ,-25182.690,97384,-126963.38,72524
23,2011-12-22 03:33:34.000,146610.6,5478,-149452,-33083,42.9,-133941.94,129660.620,true,false,139283,10010,143117#mnQvdHRkJWAbJVjzEpY08x7PGLa19eDOYzDGG,69395.320,38203,175118.28,135161
24,2015-06-22 01:29:46.000,-54879.03,101317,-242818,-117188,-9.1,-72369.75,-205299.360,false,true,104063,161755,194246#B7AGvYhCNef78kk1eIICUUMc8I62eyJiN5ZEB,-211419.030,153132,171979.45,230489
25,2004-09-26 21:18:16.000,-120626.85,127159,-197418,4351,25.4,89144.93,-209539.120,true,false,54210,-114773,214600#L7I0dVdCr658OFxQM1Wy1KNe0kgCqI8cgLChd,62088.140,204364,71268.75,-221843
26,2006-07-10 04:45:31.000,-110244.3,-118567,-248799,44433,25.9,240920.95,66634.310,false,false,160158,-76489,151407#QYmq0ZXzqLmfkR94XFuzx3jTZmbWCWQf6Tpdg,19760.300,-167147,53761.2,-182309
27,2014-05-27 22:46:19.000,53876.33,194180,228003,-43357,-10.8,-95127.55,-18200.400,true,false,130529,48699,47152#Znb9CuF8dtNkxQWO1rOsMXBM75NGg76CSnBEw,-42808.790,-112866,-123254.57,-118779
28,2005-08-18 05:02:57.000,148705.81,-101906,13328,86442,-21.5,-84288.65,150809.080,true,true,9268,123804,261867#wVyhAjIxJmCf1LmCn8Cqx7YSwIP5131NLn0vl,22197.200,154037,-177433.81,165765
29,2001-08-08 03:21:09.000,246962.64,130871,-75835,-3480,-35.1,-81848.5,192286.090,false,true,-178110,108130,273514#wt27oWc5AHL4MvJMbcVQ9LK5Sa8VRl1Fc5efq,-183005.660,155627,-296488.9,-145534
30,2011-06-20 19:09:44.000,220856.1,-233338,166672,54666,-16.2,-277200.38,48047.920,true,true,-298297,-288833,23841#Mjx504xA8YpQR7MNNZxsMcHl9R3w8ZdWHgLNP,302037.570,-241689,-183714.12,96000
31,2011-06-05 14:29:42.000,7659.75,85614,255927,-213368,3.5,99386.4,-67919.440,false,false,194894,-306112,21931#UA4TtfUwKKs6je9Nj3VGMLMbyP1CYbk9SyWLi,127606.580,218526,-148096.3,-141551
32,2000-11-06 09:33:48.000,-207296.55,-85216,-178083,-26823,10.2,-191206.27,-35341.870,true,true,-201656,-94347,29799#ikCJsfgERirbVrf8CWZfLElEssaIoNEiZsHrN,222141.860,-97996,202643.84,183946
33,2013-08-29 06:47:13.000,311868.28,-223947,89440,293879,7.4,-16515.4,152340.120,true,true,303766,239802,267333#NImBHA9rbbJZWEIHAAqTM0cCe5QFcIm8fGNes,-276670.920,-255145,199094.64,-214372
34,2002-03-18 01:09:05.000,54646.34,32334,285770,143599,-46.7,-111930.01,170647.790,false,true,83337,106190,180892#tQhXiEHYyptkw1amC1vhH5zRKzF9LLtHtEzE1,275534.650,199610,116398.27,-182325
35,2010-09-30 16:17:12.000,-303070.66,-322723,-190241,166102,9.7,-34621.3,329796.780,true,false,-334484,62210,90539#jPklU1uWGAgRsPKrAt04eYXXrTo7cYeWC0Ugk,145010.420,189473,-101650.4,-162624
36,2006-11-02 05:39:06.000,326937.38,48573,281926,252261,8.7,188498.6,-258430.480,false,true,-291266,-266476,119451#XDxJibA7cEMTERQuwKcHKQ2ABhdzh7Lvqi2Io,-122745.910,-161765,-151194.56,172078
37,2013-09-07 15:44:59.000,-334046.0,-10012,-270925,-76378,19.8,-323668.47,-357528.300,true,true,257993,213893,91012#stlyyQSypp1VqmOxz1qzzzSehqN8TPycDceQL,-255981.830,5723,233069.17,-141613
38,2005-07-08 06:12:33.000,382657.2,-306562,139571,-182247,12.9,-35210.0,246336.860,false,false,113559,-343226,249090#lbDsSQNtfMdy5Z2n3tyb6j03vdZvqLJXjBeym,-8123.420,-179191,-335623.66,93222
39,2016-01-09 18:11:55.000,178898.55,-91768,-51701,11500,41.7,272171.2,283684.110,true,true,177009,-373224,314206#b68CAj9qJG4gOlR9CiAYmmEoRejMdZYAchszT,13333.190,-95394,271048.06,31609
40,2009-06-20 18:59:23.000,-252980.56,-312120,-141483,-185938,-12.5,339887.1,120639.450,true,false,105047,-79231,242773#hsky1tcPYcK9xb95Pv7eA36C5ARLkf2vycGKp,-217408.530,-149277,291913.0,365882
41,2015-09-30 01:38:18.000,-332377.12,-146152,224515,360994,21.1,-78351.54,-231292.290,true,true,-3570,-349886,230658#08XOqm7zANo1jL0a7cXWWfw4LkVqlNOPycz2w,205893.380,11981,-22390.52,-153680
42,2013-05-29 08:09:47.000,-348575.16,-95112,-58787,332354,-8.2,-342282.6,248324.740,false,true,248423,-112177,206850#yUR3rUQeaftOOK6mMLaRLEkmgoC3NuypGYwTk,-225724.650,242372,-353866.62,-299696
43,2017-06-15 23:12:27.000,235456.81,52683,-24748,-338612,-13.6,-398751.8,237233.300,true,false,427939,-411253,80942#yqauwT9o5cN6lO5zLbX89Ph3ds8E8iPTiubDw,-217599.090,-169775,355537.62,-21157
44,2016-11-10 12:06:36.000,327568.72,296759,313177,-300702,-31.3,350452.34,223129.610,true,false,-46083,151604,44749#5Nc0Gk7Rstiao9KL9WSfIZpnRePDW26VqIasF,166554.670,368283,-313700.56,-91163
45,2002-08-25 12:14:11.000,429252.78,-129655,-125443,317909,-34.2,442557.34,38307.840,true,false,-187159,-46742,364033#MjSycd6avojCzVcQJiqd9twv1Sfw5MdGThe7b,255926.160,-18500,-24725.08,321050
46,2016-08-13 09:53:39.000,21648.95,451452,256724,301862,56.1,-14257.17,425286.770,false,true,-54685,-72205,14682#Yd0nbgD1TanIh3Vp6XY6WrHqYTILbjtwIzbsQ,-279515.100,144104,94593.1,-156228
47,2008-07-16 02:17:05.000,83153.47,26723,-298462,-111704,44.6,325032.88,-308277.010,true,true,187207,25269,426113#uCsBM2pxWcNKzFainRAxMcfs79SNDsilokYPV,-448073.440,219735,1992.51,388162
48,2010-04-21 04:01:43.000,-47046.26,147627,-36082,-124675,3.3,-236540.69,184035.390,true,true,99017,-143342,133044#YBY03LegbWcCIBonvCH7KJE6doRMzvin9wQ9A,-169535.480,-365325,-164899.72,-346545
49,2004-01-20 11:35:26.000,-350351.06,185833,56361,-18446,-49.0,244841.27,148521.220,true,false,218366,30916,194062#r9fiWhRZ2uScYzPlCX6hT82j1dtO4V8tCbwjD,-60481.450,127264,-240186.56,7299
50,2002-04-01 15:34:17.000,-181332.34,-58574,-20098,-198120,-6.9,233712.84,109236.760,false,true,205736,295130,291101#JZOlqro4Krs1qmHiVXVqDPo6cvlS2tSD9WHIw,143708.690,360632,86363.26,51643
51,2012-04-07 06:58:36.000,-307367.6,-487334,-341941,157592,-13.0,502473.78,-297232.780,false,true,-184114,300312,278955#4CdoOw8qEDsQGRZJMw6CiZzle1MASirxRoXLs,-375629.640,-243105,-249324.44,221248
52,2011-03-28 21:19:53.000,-94069.3,-27351,405677,-470641,1.3,239744.69,-260867.530,true,true,159241,-512122,322312#ejAGuNxJA4vTMwiI3G5skE40udXCylBTw1OHQ,-362750.480,-306635,-247687.78,455912
53,2006-07-01 06:14:48.000,-147610.38,445299,16989,268880,22.1,113355.87,121896.930,true,true,-301514,-389469,382465#GnhlFz6Wam8elofqDDE0kgqfEyCNPL0vxbsiK,-121563.660,-308574,280871.28,365139
54,2012-09-22 07:58:45.000,-326129.97,99845,-260038,163637,-9.9,470022.12,-308082.940,false,true,358172,521508,187699#HUVmlSCWuPeXP2RwlR6SicKo9IW0C525VgYEI,-587.430,38542,-106642.59,359436
55,2005-09-04 14:09:59.000,-143636.05,110051,546270,35632,-60.5,-441344.88,447696.010,false,false,483775,-76994,265227#2SNFVyV6ghEqnN2NOO4PjyMUAmEwS6EN0a8lO,-296601.270,54534,335916.28,465656
56,2001-08-12 04:34:51.000,-268933.9,-292542,-463356,-544341,39.7,457697.94,435372.340,false,false,-5287,-275498,373605#mdxL3jr8n1HXdLnT8QA83XAFZ2llIHohRseKv,-420934.950,-179680,-12507.7,543397
57,2001-12-15 19:35:48.000,524432.94,53690,-335965,135307,18.5,242514.88,246960.140,true,true,485945,-554707,88353#enS5VhsAt6w6CoptqctIFnXACos3GBl6OZ15K,331916.080,511652,255077.89,256844
58,2016-06-25 20:22:28.000,10100.67,168768,-528518,502145,-3.9,-199217.52,-315671.200,true,false,425649,460236,278001#82XMbkgHJIL3IQkdWEQTVVPEWtqPaKDwDE69v,266268.940,-69494,-520709.53,507956
59,2011-06-12 21:00:08.000,143842.31,571444,162188,-82979,14.2,449888.62,505954.520,false,true,550420,-32662,423122#X8ECY1UGXuGW4iehvw0L83mLeysJ3dbmFU74F,-440090.180,-217076,-452512.12,-282844
60,2002-03-17 12:56:48.000,463789.84,-327814,369862,-249789,35.7,-179044.9,-264716.520,false,false,-370285,-136023,454739#QGCxXX6aYxvuJ8o4cx89cGfbfgt4HtEmjYQyO,-303249.890,484539,-377120.56,-179271
61,2003-05-10 09:25:25.000,-463899.6,-135046,106326,429112,68.2,5172.48,-392073.990,false,false,401243,298048,248185#UOSr0Ni8477RlQgMm9Po8OkTsNFo3QHZ3ioVe,-259096.690,520080,-569962.06,51717
62,2013-12-09 21:48:47.000,-105632.63,186450,405108,-42759,-21.3,30739.24,-476724.700,true,true,297451,359898,136784#JgrLwkBrFtB86ipudI2Be4EzAixZfGN6of9rR,-347349.840,-534579,-397828.16,351602
63,2008-01-16 19:31:13.000,-374711.62,-386451,-162317,-358973,40.1,103916.31,165398.510,false,false,-184256,-182722,576606#BJgYRY46dg7yVhS0zlEGHHaMZhLpUtXculbLL,289654.700,-251316,-334306.25,495434
64,2017-12-22 15:46:14.000,-37708.23,483307,-538624,-510862,29.6,237412.52,-529892.530,true,true,258339,413289,433306#SHcZ9LVJBIPyzcn73s87mmLWK1u2BAnbtnlsU,103727.590,-195109,222798.66,-165889
65,2013-04-02 12:50:45.000,-374112.8,532092,384843,-405249,29.5,-61020.7,297350.990,true,false,503827,365473,158924#lyZWwRmOdLsaLV82dw4HIaTo5zGgghvy4bTnT,-480515.130,438658,-393211.7,-334335
66,2004-10-08 04:01:04.000,663706.3,-36428,265421,-83735,19.1,375987.78,358819.420,true,false,15473,-501494,183907#VU8juf9J1NtKeJH7SSxa78Eb5WK02iVQd1k9x,282729.490,357976,-338001.22,250506
67,2004-12-10 11:50:05.000,-47104.85,126255,-151920,580583,-46.7,-558532.56,-537600.410,false,true,-419584,-394689,451924#lyZWwRmOdLsaLV82dw4HIaTo5zGgghvy4bTnT,286576.990,-336056,189451.16,-150057
68,2003-09-02 00:31:59.000,512347.4,460023,456906,330728,61.3,-202189.19,-242470.580,true,false,359673,92680,682283#Q7JNPGfSTG4NmfF3Qmr8yPfKWPQabLnBSsV2o,-369072.100,6697,-597482.0,614178
69,2014-11-10 18:03:06.000,-592623.3,-417420,358968,466426,3.2,-189487.5,-177029.930,true,true,-297446,-473151,478526#JqIVEsdz3k4q8zV5lg82YevXQ5hLWbb6CS9z6,-323015.810,-253856,387121.47,-690531
70,2005-12-07 17:52:11.000,-150597.67,379554,312514,-593172,54.9,129416.2,108156.280,false,false,404751,-105941,96025#7A9IRGGFmvdjH3DlQz99CryuO2wRmd5eQvvfm,357359.160,-473711,103579.42,449206
71,2010-02-24 02:07:26.000,-470938.84,-298606,-86433,-494884,16.3,-244978.19,-243755.510,false,true,-403462,-284748,329114#AFtJqEPETVjOl1acTm7V0aJIiYSUjTyLnr3HS,-292311.470,396796,-698706.25,-584890
72,2009-05-12 01:34:06.000,-57054.29,549475,-212331,140343,-47.3,-385669.88,518788.660,false,true,-158926,346549,341181#C5vWCBi9JPL4MuJ9iQ5PxlRd7xPdPpp3xkcxM,-85646.690,332084,-394963.38,222399
73,2012-05-07 19:15:27.000,451410.6,628,-468434,-83743,37.9,-441141.94,431064.120,false,false,445758,26919,440263#J6Rrk6thf94b6Gw2FGWL1z1m6MQOHRKU3pZMf,221849.820,123903,559918.25,439761
74,2015-09-09 06:38:02.000,-158879.03,318117,-730215,-345298,-44.1,-241169.75,-643330.860,true,true,310625,488385,597924#lyZWwRmOdLsaLV82dw4HIaTo5zGgghvy4bTnT,-666731.030,458382,532779.44,702689
75,2005-06-12 23:58:30.000,-379826.84,376409,-578865,24094,65.4,271544.94,-623105.120,true,false,170710,-354564,630374#GoIacOo2O4cu68JVF7n4U58knVltUbWj47Hb2,199129.140,604189,204868.75,-672918
76,2007-02-24 15:26:32.000,-303044.3,-365467,-718287,141919,29.5,696120.94,190878.310,false,true,461308,-211674,433142#NAWGqiON1cr5ARJFI3nx2bEHq31fnL3F4Rq7I,48826.300,-485547,146561.2,-527109
77,2014-09-02 07:25:28.000,143476.33,550330,633693,-110833,-30.8,-257527.55,-56454.400,false,false,364929,151775,127794#dVua4RloLHCsPvJ4WTpbU1BLuZ4AGg4HsYFGi,-116712.790,-331666,-361654.56,-351742
78,2006-04-20 01:44:28.000,400705.8,-267543,40996,230949,-26.5,-246688.66,409005.080,true,true,31243,355293,719258#K7ap3ikRa5kEGhC6nxLNOs4WMSsFofvs9nSUf,51800.700,443265,-491833.8,466021
79,2002-06-16 22:56:53.000,658962.6,363052,-219307,1052,-35.6,-224248.5,512222.590,false,false,-469541,311111,743045#fu4v8fhSAD5c6hUbElIjiii9l7qD8DhvXxhc4,-502783.660,437427,-791688.94,-399684
80,2011-11-14 20:03:50.000,598456.1,-612201,451665,157856,0.7,-727600.4,142453.920,true,true,-788660,-765585,63540#MnIpaWdGQB6Qkq92n8Q156RT8Lvjg4F9lwMTk,794179.070,-649589,-484514.12,266200
81,2011-10-31 11:28:21.000,23659.75,235686,656264,-544263,-11.4,260986.4,-181272.940,true,false,515794,-801766,49093#UJXJAkIrXdYZYFOAf6jUKGVMbrtI3BJugY0xG,317676.080,567757,-392896.28,-361551
82,2001-09-28 18:22:40.000,-524096.56,-229766,-469650,-82922,-19.7,-504006.25,-87613.870,true,false,-531656,-239546,75314#dezqRgUqgik2zQyA3Vg7pZ4VAU6U97iJdNgho,573729.360,-237596,513843.84,473384
83,2013-12-17 17:41:24.000,790268.25,-569297,227506,731282,-22.6,-44515.4,387982.620,true,false,759016,612293,658474#T0Wj893fxF3RrXM44wEqGNVcuuXx3aGNIwdId,-704875.920,-647245,495094.62,-548547
84,2003-01-16 01:08:08.000,126646.34,90009,696404,348793,-71.7,-282330.0,411772.790,false,false,212637,258026,434342#SQFNe0PcMpod8Oiuex7WIoICIUpRl4F9IecpT,676364.650,496360,278798.28,-463725
85,2011-03-09 13:52:52.000,-730270.7,-791773,-474445,407347,35.7,-87421.3,809320.280,false,true,-800184,142621,213163#B8ZLi6kbJ81YgbLXQAMi6nUZLJt7bjnJIqlQe,355662.420,448635,-249650.4,-394674
86,2007-06-16 11:25:58.000,782137.4,112948,665544,612252,27.7,442098.6,-623382.480,true,false,-686341,-640706,273277#j0qWbCz4A9mgbZhOIvb5rku0kSbjmsZWZpZXZ,-289722.410,-398940,-371994.56,416778
87,2013-12-27 02:03:17.000,-786046.0,-35912,-639995,-190777,31.3,-760468.5,-834238.800,true,true,604018,513741,209547#rGq4BQmQxRogmXAGWSkfsBZslh4SuVqOCbYpr,-591642.330,16573,542669.2,-321975
88,2006-03-14 07:05:42.000,877057.2,-709662,318203,-430104,-22.0,-86410.0,578810.860,false,true,251684,-792688,568485#0vL56Lzzy4x7XWxzF81os95TgFQ7EDNsSyGUI,-25607.420,-413159,-789223.6,203322
89,2016-03-20 16:53:59.000,406098.53,-215193,-123391,13640,38.7,629771.2,643300.110,false,true,415521,-842999,709961#PIPbUA45MG8fhpv1BOTcWl6keUa0lExYJgpON,42074.190,-221556,617448.06,71059
90,2009-12-20 03:36:36.000,-578580.56,-706720,-315135,-414258,23.4,773487.06,260614.450,true,false,228547,-184536,542573#E7keVc8dqO5Eeb8EaQqBCoEpSsAALsvdM9Pgw,-480704.530,-332552,651913.0,816682
91,2015-12-14 21:07:49.000,-730777.1,-336402,504341,789508,-13.8,-162351.55,-516992.290,false,false,-570,-776089,503047#8rHGXYgXC1Jivl6fVlzvstwVr0nlYhtIaAQjb,450198.880,14781,-51990.52,-350252
92,2013-09-22 00:07:34.000,-765375.2,-209687,-137842,733015,-28.2,-741482.6,532178.240,false,false,540023,-234903,450941#RIZKhnBRjeEcaJ70IpQ5HRC0eaWKvq2XXgsmS,-500637.650,521707,-782666.6,-659221
93,2017-08-01 18:34:50.000,515456.8,123858,-47180,-740079,-8.6,-869151.8,522051.300,false,true,927214,-893158,165977#rXGuQwEbFGlZJAOz86eoBtwRgpgXsGutC6KeM,-470319.090,-360625,764337.6,-43544
94,2017-01-06 12:11:14.000,705168.7,624809,663683,-633439,-31.7,753652.3,471256.110,false,true,-88783,324069,85924#lyZWwRmOdLsaLV82dw4HIaTo5zGgghvy4bTnT,365775.670,783233,-669700.56,-202913
95,2003-06-21 03:16:08.000,914052.8,-268567,-258743,663410,-59.2,937757.3,71504.840,true,false,-392809,-99122,764646#p3K6pOWAGBxWwu4oVPAJG1LVWk1hr8sKUOts2,529203.660,-37575,-44725.08,676525
96,2016-10-13 16:32:28.000,34448.95,946952,530532,633107,96.1,-30257.17,881361.770,true,false,-106085,-142096,30305#gcpltbeYgSD61YhipyofK7tL7OmZI20muWZJ9,-590345.100,297654,200993.1,-328378
97,2009-01-31 13:16:19.000,171153.47,47423,-626149,-231989,78.6,677832.9,-630723.510,false,false,378607,50108,874519#nE26cksyVC6lXJrTJhFKhTa82t5HDeb7VZcK2,-922093.940,461185,-407.49,795716
98,2010-10-07 15:08:48.000,-102246.26,304427,-70588,-252176,25.8,-491740.7,382030.390,true,true,210667,-302917,265690#aKSrVrKOC3C9IBh1nhNhqUhQc3TQs4m7SUAOW,-349509.480,-754475,-340899.72,-708945
99,2004-10-23 04:09:02.000,-717551.06,369883,122280,-41222,-54.0,496841.28,306417.720,false,true,448616,67904,389034#ltmxmEITuGlPMwMoGycNuT1mD0VB8x0CsYs7u,-127770.450,263327,-492986.56,7749
100,2003-02-03 12:42:54.000,-354132.34,-115930,-43805,-401943,16.5,476912.84,219236.760,true,true,416736,599902,572685#JyKuod0UhFGrHIyvCst750ZFSTWbJN2wXtct4,287899.190,729982,170363.27,109024
101,2012-08-21 12:46:38.000,-604167.56,-961334,-668792,311935,-8.0,993673.75,-591470.280,true,false,-372864,586203,546653#hQgqT2IwoqHWpo9m3wOcVjVNzn3RzkmWInljm,-745423.140,-478968,-487724.44,444748
102,2011-08-29 21:59:30.000,-176469.3,-55751,801053,-924374,-0.1,474144.7,-502352.030,false,true,313666,-997606,629899#29OH0yh8Xc0Lq7oOXUJCp5FDb4g9jIWO40q50,-703801.980,-602823,-483687.78,899687
103,2007-02-21 23:01:48.000,-291610.38,866049,39741,527604,17.6,218955.88,244536.930,false,true,-592239,-752160,736974#lZDTvvxOJXYqhuYOtU4rkH6T9G87g5zpX0gSH,-230712.660,-608599,543271.3,706527
104,2013-01-29 00:58:06.000,-633329.94,201520,-492408,319357,-34.9,902822.1,-591123.440,false,true,684847,998813,352322#RhovlgOqTeMAEdTFMbYS5NN5IB0vCPyq1l8Bh,3496.070,66305,-201042.6,693536
105,2006-05-12 20:52:20.000,-272436.03,205676,1037581,71959,-70.5,-850144.9,848188.010,false,false,916675,-142362,504314#dezqRgUqgik2zQyA3Vg7pZ4VAU6U97iJdNgho,-572608.270,109527,639916.25,895881
106,2002-06-28 18:59:51.000,-501733.9,-544829,-873996,-1036893,76.2,872897.94,815174.840,true,true,-6487,-524740,705829#UiIW15kMGbJ2D1DsFtZF1sgY8YTjTdugBpl7o,-790491.950,-335680,-31707.7,1021322
107,2002-10-26 18:47:58.000,989232.94,94840,-635404,246389,27.0,462514.88,460680.140,false,false,904795,-1039638,162356#tUBGei3YQwntN72wTahbVsH3wyzxS9WDvS0BS,621985.080,963452,480677.88,489494
108,2016-08-29 02:51:03.000,18100.67,320668,-985650,938983,30.0,-373617.5,-586675.200,false,true,794247,851987,512379#WmozZG90mNU5q0BYDOnIAkNKpm1DoZZqX12XW,493525.440,-127994,-973509.5,943818
109,2011-11-11 07:49:08.000,271042.3,1048669,293893,-154556,-0.7,825088.6,929528.020,true,true,1018170,-67289,775470#wlPNTwOFM7Fttn5M87iErqwJS0EI5du5W4guV,-817465.180,-406926,-827712.1,-527807
110,2003-01-23 01:18:56.000,857389.9,-602764,673741,-461076,25.7,-322244.9,-476981.520,false,false,-673260,-246531,829004#y4b0nwDp63GDzjaUNfp0qTEIr05upgshJZpYd,-562844.390,891617,-683520.56,-335096
111,2004-02-26 08:00:47.000,-848699.56,-244621,191147,781138,105.7,6772.48,-719599.990,false,false,733193,536325,447525#uhRYlsIsqwxrv7fQzruFy5HNmE1XCiqErgUCu,-471368.190,945255,-1035562.06,96617
112,2014-03-28 12:46:12.000,-189632.62,330750,729609,-82221,-22.8,54739.24,-853334.200,false,false,538126,654684,243337#TUeb44apXGQY0BqYP50tF2fVnAG3YADtcyd5f,-629220.340,-968742,-720228.2,638902
113,2008-08-14 22:05:55.000,-666711.6,-685588,-294515,-645665,35.1,189516.31,298555.510,true,false,-334806,-331685,1029954#mbbs61kSFedlavEbmeevomZOlKPcRqcn6P9Nu,520479.200,-447966,-607106.25,895709
114,2018-01-30 09:00:26.000,-73708.23,862907,-966415,-910199,32.3,429412.53,-944516.530,false,true,464689,739947,767909#sJane1N99WZCK5taXGCaK4wNwkhFFZ5NCOV8B,184982.090,-346234,400398.66,-294789
115,2013-08-01 10:32:07.000,-655712.8,943592,678389,-717249,28.0,-110620.7,526256.990,true,true,890152,653840,277982#k0KY9pqeaXTeSYSfcui7MNLNiFzGtrzPtvcvd,-854318.630,769208,-698811.7,-594135
116,2005-07-03 20:50:28.000,1160506.4,-58478,462386,-153204,4.1,653587.75,637849.920,false,true,33923,-883235,320439#G86WNVkrYwZbZNdZ4UFP9oeb57ND4oiqqdE2H,491757.490,623426,-591601.25,438856
117,2005-09-02 10:18:03.000,-86304.85,226105,-266522,1009499,-49.7,-975332.56,-935549.410,false,true,-733872,-689823,787300#PGeTtYp53AYlhHjGYKOBM0jlJrKLRnckfGUUA,501286.990,-588244,326251.16,-259932
118,2004-06-16 10:35:10.000,889147.44,794198,790886,579862,88.8,-350989.2,-427783.080,true,true,628148,165795,1176866#xc1JJgM5BHZDF5OeHATnRssvFhupGmn8EpDjw,-638107.100,12447,-1042282.0,1063916
119,2015-02-12 01:09:59.000,-1021423.3,-715770,620568,804422,-1.7,-330287.5,-307765.430,false,true,-517071,-815035,821708#AYdxwS9ORBUzBGLatJQPVZwLrdDQjd5JbgvEa,-558429.810,-436687,673521.5,-1187079
120,2006-08-14 02:40:35.000,-256997.67,651204,533485,-1019800,83.4,227816.2,186481.780,false,false,693151,-186724,160729#CRtErIvtGXs3jq4Duvcl8aMw9zG2PsAibY1Mn,606910.160,-815461,172379.42,773406
121,2010-08-18 23:18:08.000,-795738.8,-510356,-145177,-846537,-3.6,-412978.2,-415791.010,true,false,-680687,-486622,557441#tPvjDY023KM3oAlSBSLZXp0GTzfaxLiuXsqLV,-503963.470,682496,-1188306.2,-1003490
122,2009-11-17 22:10:20.000,-98654.29,933650,-354653,240898,-72.3,-649669.9,883436.660,false,false,-263376,580388,573826#Q8ScKe7wZJUI3hMEnqrM7Uz9jccaWMpSzYlPJ,-146110.690,566784,-662963.4,372274
123,2012-09-22 10:57:21.000,756210.6,-4221,-787417,-134402,32.9,-748341.94,732467.620,true,false,752233,43828,737408#nJ8vKGrmWtrPfc9ak7ObQbGEYkr23J5X1unVL,374304.320,209603,944718.25,744361
124,2015-11-27 11:46:19.000,-262879.03,534917,-1217612,-573407,-79.1,-409969.75,-1081362.360,false,true,517188,815015,1001602#PMNRGl5Hw4iDIpFpzFXa0VfXfVfLXGIuqa0xd,-1122043.030,763632,893579.44,1174889
125,2006-02-27 02:38:45.000,-639026.9,625659,-960311,43838,105.4,453944.94,-1036671.120,true,false,287210,-594355,1046148#Gg5pqnwTaTGvxCVpuzoecPwy483GasbLeLcDQ,336170.140,1004014,338468.75,-1123993
126,2007-10-12 02:07:33.000,-495844.3,-612367,-1187775,239405,33.2,1151321.0,315122.310,true,true,762458,-346860,714878#UWcRvd9jcDXjdWRMQSyftkAnbypKpg7xLqWf3,77892.300,-803947,239361.2,-871909
127,2014-12-08 16:04:37.000,233076.33,906480,1039382,-178309,-50.8,-419927.56,-94708.400,false,true,599329,254851,208436#4TzIBaUjbihDTJdfVl9fgWL3sAwmgRLmraTPG,-190616.790,-550466,-600054.56,-584704
128,2006-12-20 22:25:58.000,652705.8,-433181,68663,375456,-31.5,-409088.66,667201.080,false,false,53218,586782,1176649#lcEnOHw8WGwtmEaCnpusjQNmzVQHIm4irqpuN,81404.200,732493,-806233.8,766277
129,2003-04-25 18:32:37.000,1070962.6,595233,-362779,5585,-36.1,-366648.5,832159.090,true,false,-760972,514092,1212577#U4yaiGK6iATFhYYRxlNIJuYpLWnZr1CGCgCf0,-822561.660,719227,-1286888.9,-653834
130,2012-04-09 20:57:56.000,976056.1,-991063,736657,261045,17.7,-1178000.4,236859.920,true,false,-1279022,-1242336,103239#P3NRaseeQefkBmQ4YYEMxKZw5LpZ7aJGjnk3e,1286320.570,-1057489,-785314.1,436400
131,2012-03-27 08:27:00.000,39659.75,385757,1056601,-875158,-26.4,422586.4,-294626.440,false,false,836694,-1297420,76254#4SUUwVGpYSnvOw8CeQm1Kgnl3a3AMWXHGt2q7,507745.580,916987,-637696.3,-581551
132,2002-08-21 03:11:33.000,-840896.56,-374316,-761216,-139021,-49.7,-816806.25,-139885.870,false,false,-861656,-384745,120829#UiIW15kMGbJ2D1DsFtZF1sgY8YTjTdugBpl7o,925316.860,-377196,825043.9,762821
133,2014-04-07 04:35:34.000,1268668.2,-914647,365571,1168684,-52.6,-72515.4,623625.120,false,false,1214266,984785,1049615#bDZv6JmNWxJClK80QvFKjj0UWtyvo8xbLqhqX,-1133080.920,-1039345,791094.6,-882722
134,2003-11-16 01:07:11.000,198646.34,147684,1107039,553987,-96.7,-452730.0,652897.790,false,false,341937,409862,687792#ACrhsOl1RpPzLbAFoqObz1qGEUc7vULTvIdBi,1077194.650,793110,441198.28,-745125
135,2011-08-16 11:28:32.000,-1157470.6,-1260823,-758649,648592,61.7,-140221.3,1288843.780,false,false,-1265884,223033,335788#8BEOdr54EHBDAkXSp22lzsuaCWPBX8KAohdDe,566314.420,707798,-397650.4,-626724
136,2008-01-28 17:12:50.000,1237337.4,177323,1049163,972244,46.7,695698.6,-988334.480,true,false,-1081416,-1014935,427103#lUfYXOjPt5Wc0ldZJZK8KluYQcf1NoSheejyo,-456698.910,-636115,-592794.56,661478
137,2014-04-16 12:21:36.000,-1238046.0,-61812,-1009064,-305177,42.8,-1197268.5,-1310949.300,false,true,950043,813589,328082#XlpKL2hBSoSnGC1W4RFTS1mpyOhTx8jQ8ZsUP,-927302.830,27423,852269.2,-502338
138,2006-11-18 07:58:51.000,1371457.2,-1112762,496836,-677962,-57.0,-137610.0,911284.860,false,false,389809,-1242149,887879#hlWWJXbgpAIHcnognZf02CMof5QuLLqCPIUee,-43091.420,-647128,-1242823.6,313422
139,2016-05-30 15:36:03.000,633298.56,-338618,-195081,15779,35.7,987371.2,1002916.110,true,true,654034,-1312775,1105716#qbBfjpQD3W4Aop6FMgKcPNL9Sq7JvIVzbapyk,70815.190,-347719,963848.06,110509
