1,3,109,17840#OvbE0uc055Pe,-16665,11020#6rYCKzXybYi7futJq1fGv4,-2602,13327#L5cE4Jp7F3JhjWnyOiyiAi64cIxJ5I,4220,-0.08,11089.83,8770#aBbLlJQe0A,-10020,-4.5550,-7333,-668.63
2,4,123,12043#kYQ9c6tu4xhl,16961,6083#sarifgxAuvLg21oBusRMMH,-12241,14907#ygKDNvcO8ghTRjylqgfZFvjl8yzkdL,-17225,0.06,25912.57,18759#rPnJnhbr9v,-9787,0.7900,-6687,-6067.89
3,4,105,16752#YXP11G0HTV92,5245,4972#in60lj7neh1vTE76mUy6ig,-12417,31964#Oa6XA5QtKc1rzlEa8q5G7unLEIeztL,17609,-0.04,30627.81,5807#atkQkw5Zl6,-17655,1.5300,-210,11465.65
4,7,17,11457#StcHn1FoUL5N,15200,17414#0cz0BaxvKmLX78uvc14OTQ,-8383,34676#EhFWOv3xat9Ymaf1ihoOyTX8xEJ3wP,-15284,-0.03,3823.37,19423#QHk1N2EjCt,41713,-1.2800,26986,-3560.42
5,4,101,20815#pR6wSowBdlLE,-37538,6705#JFoHwMqDCdmmEodwV6mpLI,-11576,48210#LbvE3sIpezKPv65YV3rGE922tFrN2p,-19161,0.04,13148.94,7433#LSFbaJ3cHg,9987,4.5500,6271,-27854.66
6,3,116,41904#DyrvNSmkodEJ,17485,30254#T5tvQU9BBJCwNQh7QOuCc8,30302,60026#w1EQVlkZsb08zaNR5BJa1wKDfNmJgD,-4860,0.05,29175.78,66168#FMMxYbxo6r,58451,-0.2300,59731,-49968.36
7,4,7,11519#UqNmnO93GT3a,59131,38240#uFKBAs5Lk3JGByxww4uQfr,47515,41574#fEACkH2vZjcPxFd7Bp9uhzxjlvED1K,54162,0.00,-33211.81,22039#s5epXh4oBQ,-37506,-0.9700,25889,-56752.43
8,2,63,37368#PeTTapaXaYjj,-7334,68901#Eboyx1cckhUrCog5lXEtl6,26699,26930#YYksUkgTVwd0Kmuoi3bBr7ifnd4cWP,-67072,0.03,51085.13,40173#e5lJypdyRD,-49067,0.8060,73750,72828.83
9,6,107,4398#04yOsQHzBAgA,-21818,55184#ukR0HZR2LYYysvXH10P5NO,78407,52015#bouVJpTzfezgKnhFvamIdAXp6zC3uO,65465,0.00,6775.74,64348#AUtRRBqkmp,59221,1.2300,-10290,40740.4
10,1,15,51472#jOLDFhO59MrI,-27377,52459#3VAijnkJA6RCHY8PjCuNBq,75640,74345#b1h0MkUvCTpUy8vyFsT72eyElzGYX3,-68738,-0.05,18994.56,97293#2z1WXTL4ty,-70453,-2.6790,27324,49247.57
11,6,84,95162#2jEaXFzSsgUi,-29777,22900#sLD4EFPm9n7b28CsNTCcWO,-103252,81768#PgcfnKgX1IyyP9kNxBcaeBiGorfM8d,-72564,0.01,-29811.29,108707#hZjuImLV9w,15945,-3.5100,-57708,-97745.46
12,4,34,58603#wxmA5yvfqXuR,78341,42928#TJhgOCK3k8ORqCrzMMy2S4,65616,2356#66OuRicbd7uJC5UMcLPiKpt074pvPM,-81461,0.00,-14202.09,14177#XwwLRCeif3,16401,4.2300,-41897,-85832.64
13,2,110,125470#VVt3VGZzYCOw,-22501,28184#ukR0HZR2LYYysvXH10P5NO,95807,16000#g5JsYJClJMr0XUl3M7ZOP3Docy8tEw,17235,0.04,106592.83,31466#JgPZIWbxSK,123662,-3.3200,36745,5229.25
14,7,60,119741#neHigS6AWCrc,-102542,39289#DNZExtIhBvVLdxUnzeAHpF,-9656,18842#OO6nlLrDYxGcbvb8FoFsle1xuRNNuI,-14991,0.06,38042.98,107929#1loI0lOpKV,-19099,-3.7800,143718,40674.35
15,7,30,10701#IwPpkCW92U6h,-101788,36545#34mG32PMcEAC3nzr7I23Ft,-50619,95040#qLFI5Zj2RHWSP5MNWERYPZ4GYtMmNP,78478,0.02,76896.72,92337#SFEt14RCwv,129072,-2.2500,-125934,-69441.95
16,4,18,144542#iW7a60qkBxr9,-131708,130329#JVnf5YtpKDhMFs55FiY87Z,-106737,84342#929KBTX5mUiKoAKN7Ij4mU7lcl238X,32860,-0.03,-19776.35,107901#XOqnRFqeEK,-22927,0.0200,-59432,100020.15
17,5,82,103167#ODUirmFxbnGt,58823,153065#4gJBxO9mbiTNZo5T3v8qDj,-93896,49502#hpmSzKUBNhf3MUXe56DtPDsgkOuFQs,-113907,0.00,-147585.90,36795#TItW5hQb1y,84004,1.9330,135554,-71488.15
18,1,95,137682#Lek1yzXh1V3t,-8207,67695#rJjvDvVQTlRJxm0fLvRba8,161464,127262#o7NLuqeaRSpc9MHJayapnYzsvDv1W1,157741,0.03,-142903.49,166451#XcO81Wu6Ku,-144908,-1.7160,138577,51131.94
19,3,10,89495#Nib4JlstGBny,147475,11442#Fq6k2ip7Vj0B22UwfjxvfM,-171122,159165#sQGy9objlZ1yX6wAYUA3zO1XV3Fjhy,70569,0.03,110181.52,122102#caDVXB7ltA,182045,0.1700,-164791,-180987.82
20,2,48,181663#ZKgKu0RnN83T,75764,50036#FvVs214bcH8jDTfliIUkb3,123602,197444#g8xneSxwqyjL64hoZTTegpWwzxl0qy,19960,0.04,57385.71,18519#Rp5wyK3dyL,50566,2.6300,118074,-102232.14
21,6,52,175037#H2qwtW9J4UFD,149549,182726#U7v0jAgn4oVsoJuNC2O5Hv,7995,166867#MxfP2FOEAJLG5R4POLhtJkQz9lypau,-177595,-0.07,167126.51,205735#acIcsgHuJu,186719,-2.5360,205245,63064.62
22,5,109,99471#JoucA6RjXRc4,-147896,88120#PwvqUHD5ErqzaYtcDJHZil,201889,187101#ajUEWdQFN8Y0rbW39MgyWmf4avYoVo,124735,-0.06,178457.84,167463#eYl3tPkozo,-105906,-0.3400,16205,149781.08
23,5,81,6735#Ty08ZkcfKaSS,178152,123704#uegliKqiKf4U7YpXbJAklA,-118560,32529#BU5jR69djenPswa1o4QTbT5Jp4BZ1J,99737,-0.03,136018.41,35711#pLy12pjEE3,67858,-4.2230,35918,186800.91
24,5,52,156047#8z3EBqyuCmIK,132908,187146#ESj7AEXNokWnGP5cfMG5HS,86442,217438#jThJDP7JnFAk8p9s2UIrfoS84ylsux,-100656,0.01,-181068.28,163615#90wxTu1XfX,-144240,-1.6560,-15498,-126858.62
25,2,81,221708#wiYdO05brjSr,240173,6753#O0VotyAIELe3eSld0iLMq8,118566,238992#gkfVnpSbj79OCYtMHgKL12rNiobEZU,111044,0.01,151838.97,124754#ZOCX28O225,-140205,3.6000,-171307,-99144.72
26,1,21,40754#2iGDngAKDpcD,-127502,84375#xzwdPWo4yFpsiUw3klfMda,-44882,209768#PgcfnKgX1IyyP9kNxBcaeBiGorfM8d,155717,-0.03,85771.29,116129#3Gc8StUMJ0,-95178,-1.6000,13041,104171.09
27,7,79,69257#asuFVkMXFkcB,174199,129072#vdNUxgPT4MDDUG4v9sA375,179280,254956#4S4C6CtIGRK0EQSFIAFbP02ikaxAvd,-54386,0.06,40904.03,154980#ElKqbkZVgR,268658,-3.5800,-156492,-186746.68
28,7,125,201868#tJaIB7CHwPw5,-53902,103146#ESj7AEXNokWnGP5cfMG5HS,-90713,212122#QBT3SZxP1YzW9fQcpQPyM9Qd8C6HWn,11233,-0.07,144471.74,241917#egd5kpVMJV,-83242,3.6900,-269913,-40329.18
29,1,94,168112#129UHMDB0gOn,-113864,176330#XudS7sqfLBhNKs8SdtUMeA,-132772,250712#bDTCqYlCLjdI3rymwPVjBD1V3VBPag,71404,-0.02,-218561.36,243936#7gHeQCmtXa,-39315,-4.5600,-273255,-236567.35
30,5,69,208267#zOzzcIrDSVZf,-203166,138709#FNN2069tsGIHJ3gifrWnGP,295355,145590#Zwi22eU3yejM6ne4pZdJ73nI3818Gk,-130274,0.03,-97001.63,288308#MPgt8AMn8r,-11285,1.5500,215543,261765.27
31,7,55,85771#Piskz1XKIjSX,191687,289055#eflfpCGnbfFNGTs3myZsYD,283542,267087#8GGMYc9BrWi9Y0DDhqxRf3FGikdKTy,232721,-0.03,-102475.10,248205#oEJrEQtDMy,21981,0.9815,-192423,84820.48
32,5,112,177648#VzvagWAJcwil,-196674,80840#fgzTmG2AGOpkN8sMZtbTAB,-219727,253983#L2LZQ96iuBo3EBwnRa3nZZ2yT57Xzc,100404,-0.02,-94890.16,190938#u6fuMPLtpy,232974,-3.0420,-225104,-61626.42
33,7,33,93463#o3lYzGQSN3Ii,213010,222004#bgDOBypvTon2hL3bt0UMUG,184669,97476#jQzPPAwNOSJQcD1qFs6sDMJeRtR9T4,-146971,-0.10,98194.86,51326#C4C5m8Kqb5,-183840,-3.2200,-287785,-87497.43
34,3,67,238571#Zixg3h73muNT,-299395,250763#gZgpIHIv0kNi5uTBsgVC8s,296758,223245#jCu4V9QqhI0XWV0COU13dZJCUTsMk4,-200770,0.07,-14725.07,12888#BGBDPVRFmd,-30798,5.7720,76934,268217.39
35,4,55,24976#1Ee2XTRvhmKW,228312,297628#NwtMBhcOZDBNsLyVGMQRq6,303641,231260#qVmYaPZAQzgpoCdeeftIGiAyrc1PJ8,244425,-0.01,-8070.82,322186#d9JsK1H43o,303623,1.4200,-7137,337673.43
36,5,86,234501#aMEFpIcwFETJ,-346287,145483#nlT0OuthRVyEMe1ye2FI9K,60783,271567#WQPYaMLZdQoA0wfYtkIZh2wvkY46Py,-69947,0.00,-233938.13,243628#LTRB5NPtgf,218688,0.1160,-155527,-24925.68
37,3,42,277127#QQI2Z9jTxHR6,-199021,28665#mW24ZqHCHY8m5oHIsdbjCT,130649,134838#bNGCrskNju96AXKmDgm825NnfRE6lE,1502,0.02,-22012.14,29255#xudzaQT9CU,-105465,6.8750,54940,16463.87
38,4,104,10124#n9eLGdo8UUPn,368951,357680#0KYhdFDRe8mNO9olj5DPc7,115888,39317#KSYlJkQPSkSiGwz5SlvvNujJPHkcvk,117795,0.10,56170.21,316078#fOq7Y7CbKa,101878,-0.1980,-135893,-265631.3
39,1,11,155330#uaBy9WNul6f7,-336726,339506#AKkI7CCZm0TdRUotjiQrUj,72893,313376#1CY5RHdDapeVXbzVaI6rrbCGTze3vM,34766,0.04,-172877.95,284698#Vf6olBR5tl,92473,2.8010,-391318,172001.62
40,4,68,204640#J0JLkrDxjAJR,-61654,59782#eSXZjJUVVgr4dzWm6KZEdo,34792,277653#hecDu1vvZWsZ4gunfTj9wPsaWsvEAp,126007,0.01,272146.95,163398#UUvPfwAS4a,354422,0.8120,295527,-37671.84
41,4,52,260580#7E6gsSG5bhyT,-8544,133888#TMqaHfHoB5XGrShHknQIQw,222467,123543#NWMSXYl7CZdXDOGQhiPdvEfBy38XjL,303497,-0.07,-146570.23,238811#2Gl347yNjB,297587,-6.9700,94971,-35650.37
42,1,39,283933#quH0dxUWrJkD,311951,73566#NKrg7X63hqysdeIlasdmmg,364525,37699#vG6Pf5RQEoDVj0OgJ7DttmBwVivmhT,161567,-0.01,315959.33,173377#P2AaymwZqG,-148459,-0.4200,169720,-312839.03
43,7,86,278630#FA96OYAwMWtu,260621,39716#1UkQqJ7pe3zX3VIVWVHoka,-124756,234467#1waN5byLI153HI3UpeDpb1rPexHkSE,425331,0.03,-182294.08,194684#crF06PrVZc,-30648,2.6200,-218896,272178.09
44,1,109,22235#zkVUU23Z4XXB,-398355,272156#zQvh4n4Jo1PsZvSJXl5BLo,365251,328225#Ws0yCyNhsR6NMwVEZj3EwH53Azbkx1,62401,0.00,12497.56,16190#uCfGn6nnDv,-262178,1.7800,63300,-414598.4
45,1,41,113416#19FQTZaGzI3F,-392647,307587#exhkyBAvkvy23cz93dpMwt,68582,437205#7DDtOiJLFCxiF0HQhZOFH2LsjplfYv,-86891,0.02,132348.32,85036#z1Pyzzgzob,-442272,3.0450,373203,-138307.74
46,6,52,406414#SPJGWJbAwpxp,182948,144083#sarifgxAuvLg21oBusRMMH,-25897,131808#3UO1ryMqHum9w0t9gbtPNLn5ELYQ5s,-19680,0.03,-322006.05,137378#WyEpFquZyg,320700,4.8440,157923,-130090.85
47,5,25,65471#JoucA6RjXRc4,-309720,1956#8TDqkb8GYSAktWL1F5Vsyn,319033,9903#ncfnbRfbFvv0j9e62Fko9gUfsWva4c,-195069,0.00,230817.39,429576#1nhERCCwlW,-194159,-5.4500,295698,337323.53
48,7,34,336933#quH0dxUWrJkD,246113,459178#BLK3FEomZRpXSSs7q1iw0x,-290660,447200#mcJf8wOohLrz9w5zNl1mIPlxC8zmyh,-265213,-0.08,-108602.68,28268#WapaY8DpB0,-295654,-0.7580,49711,-62309.19
49,3,91,29709#w5PFT1wMxYJi,-475078,204050#KyqJql74nYZsUFWVTZ8bNd,-380662,95582#kofDcrylVLc3zS1e8qyTnyEXwBGSeM,37096,-0.09,-70486.85,397433#LSFbaJ3cHg,350383,1.1200,99119,-265785.85
50,1,91,331051#vwOXwPRMJEYI,-356004,76480#QMkZsLTtEwopxU46XUbcfK,-199000,366270#OyLrnyisrU8N3ezC4oQL974VAEJ0Ix,-87020,-0.06,-234167.18,42652#EoalwM9x5t,279131,-0.0100,-303650,481515.89
51,4,50,493436#KUZtADwybapw,-380715,336525#nTMzUX68h1vVoX4AWyXimd,-415952,319518#ME0yo9qQDfzVnBpJf8UlulrPiWcByk,343104,-0.04,418150.33,316780#1GmN5E4LoD,-301320,-4.8050,-31725,-67068.63
52,3,100,288473#hahBGVz252du,226811,64843#nBqlfQ8NXR6NcMb3o5j96i,-262391,330068#LE4b38lVIRADNuccWSkl0LuCTRP3EI,-434985,0.02,430094.07,410477#glEy06J7ar,-236262,-2.2100,-249972,-39667.89
53,6,41,226668#xGynvDHHuAFg,2945,66364#BCHtMU5fq5QiVvX18QK4aQ,-245367,464842#OO6nlLrDYxGcbvb8FoFsle1xuRNNuI,326242,0.00,440019.81,7123#IkCc3q1tAU,-330242,0.5300,12627,187465.65
54,3,47,35979#uphYpYDAiZjZ,222550,112182#21dYDIionWIw8PoHcOZgyJ,-11008,440642#8D26P894xAuGGHt0XUlmPB4rE4MGFq,-233902,0.00,-792.13,260110#mIj5nFaqI1,489863,-3.2800,462461,-149960.42
55,5,73,228427#u3hLG1cX7ZOB,-390088,54988#lOqriz2PnboBfwQkEumbGW,-182426,489545#dW487ni8nq9PemOxgPb1YeMrBxHexh,-153267,0.08,133164.94,60223#1PUxnI7RLf,43187,6.8500,30417,-384654.66
56,1,91,328939#d5IkWSRV5HJS,177685,208038#PbWKsiL9VNtS2NTrk2kCm3,357377,528136#2v2k1SFxXifeWqg6TiAEKvjVlhLhAz,-7853,0.01,283186.78,559452#3MH6SLYEDR,510682,-0.4800,545735,-537968.36
57,4,74,50688#YvLBrRBHjUCw,443231,266731#YhW5I6ICc2u3xPSZYqXu51,438465,316377#8xGdEsI9Hj3QtUXxiyxQV7saNq3Otx,512254,0.03,-204578.81,118970#0xQOVtWsUf,-256206,0.0300,253174,-406352.43
58,7,126,243669#CeIyUOQx7Ca4,-39137,475914#PhvrNSqzfPXtzGcriBpESv,230499,137506#FfnV0cubB1I0ZcRPiGiUVJl27bEtGv,-450033,0.00,405709.13,278311#PW0HXjYWYs,-396667,3.1560,560271,480028.83
59,1,52,22240#X7pqxX4s2C59,-164818,318429#8uAJTLP29BO7zbSdUIgbK1,523207,294396#bAmsxeheB68Tx2ANxuS26859uq5uFZ,477007,0.04,75030.24,366718#puJlGTkYsP,350171,-2.2700,-24406,316740.4
60,1,74,267227#zcCaXmLWhixs,-149908,307393#nOCvdY08OUu7RKKmqoLyO3,457140,419824#Vov9s8ukZzN596PCizvAsZiFgHsuuQ,-365341,-0.01,75973.56,545185#cTwDWFUkIW,-436078,-2.4240,185121,306847.57
61,7,81,487488#AOTEjjOzodum,-137902,99309#Zhpy0m5p404vtV1JUWY3o9,-570014,416606#3qCSquxuotoEqhkkjdH96IYhMfBXA0,-410134,0.05,-151230.79,576382#zI87jhoqvP,128695,-7.0100,-289371,-576945.46
62,1,121,283516#gog4xgPrPnyX,399266,208820#lPtjw3kTefMAvbNZlt8IKK,341066,7740#OzVeTLJISeY7auriH4C72uPMRp6YDu,-444230,0.03,-81940.09,55349#fvJiMV4NeB,122251,2.2300,-223234,-465032.64
63,5,121,596497#Kp7tUWKXFy6l,-108801,128980#kV6NwWVmWhOwd7uvdxAjQh,425932,49256#ixmZzfzBdQFvRhIQSKEXZ6iHsizekY,87572,0.08,495689.33,143480#vIDe7NPpFf,573762,-6.3200,166447,2829.25
64,6,51,530372#I8EntLEOgUBr,-434292,150296#U5m8XSMgETQZH47tRBs2IZ,-58256,80902#nkmyw6y8zCU1crB9iU5jftBoA7LVEU,-44940,0.10,159731.98,473344#59XbMEsodc,-74286,-6.2800,624639,189474.35
65,4,119,33638#vOYLnyYR7kHX,-414988,143756#7ayhfmigxshNji1frLM3OY,-194119,391671#GDi2ztPO3B1c44UtKtUgHg6IiRg55K,356322,0.00,348545.22,367675#nYFStOaPcw,569822,-5.7500,-519130,-328641.95
66,5,31,579230#cHtiJzAzMJuC,-549995,520436#2xPNGduuy9RRHERAYeRDIY,-445137,343334#mfDHfIjbV5swBloRhRguEQo12O4hAr,166419,0.00,-112652.35,417690#i90O13uxIu,-116827,-2.9800,-223146,440020.15
67,7,49,393235#zkVUU23Z4XXB,243773,589503#VVAPlLQlEjPMRiPmojJ5iq,-388096,184203#TfqTUrHB1YaBZMtPbmEh0l6XlOnr2F,-429940,0.03,-559807.40,135193#hYaK2IZEei,337329,3.3830,528586,-293888.15
68,6,28,506364#0VjwOvCBRrRy,-36357,247752#waHye0hD2kENzcX3fVr6d2,584514,465181#yIPfIXa78Y7MnLj18euTqF5p8YumRe,576637,0.07,-541139.49,617736#Fwh3XQ8ctj,-548058,-0.8160,498196,208731.94
69,7,38,308531#KgbZMD4tVit0,542175,37244#21GXy7OhlmpuB5DjLoJv1r,-626472,555359#k5Xss1LJbVvpRRTvpa28IV4kze4eGq,241265,0.00,383729.02,441024#4xsQ5dQeYv,676195,-1.8300,-573035,-674587.82
70,7,58,616308#G4lmW2MOhKqL,281314,163237#AXpVmaGZv7W9eQZnZKm4Oa,422152,669179#63FpOlzup8L6Tm0ajMqQg6QgZ6yL6v,50046,0.08,206306.71,48680#ZY73sEsrLr,169866,-0.8700,393519,-376632.14
71,6,92,587113#fbLrlmNZZ4FZ,483974,600815#yBLx5HRGogwo5i25VPZ9nw,48845,555132#NDWINsVH5Qm1RUJI8l9YbUBErZEuyq,-588867,-0.03,550216.51,691229#wLFPhAhe4o,639744,-0.3360,681710,189464.62
72,2,112,309629#RxH7sjg3tDbj,-493886,273698#6VDT8b1OBJc40jSCkogKFw,645089,604029#Jw5rXOUdiczoTGRf6GC113X6Ub4c5s,398233,-0.10,594832.34,538098#363LAs1MIE,-369206,-4.3400,62993,473781.08
73,7,74,7555#kwK9FUfTJ7NA,578727,391897#42vPu6gaax7Maun8fAnjtb,-366160,87888#9ZUFRvmWaWsHmcDReYkrRed0or0s1u,311906,0.00,446048.91,97401#xup6Zem3vB,216045,-4.2730,94261,600400.91
74,4,127,465309#zbouKO220Imb,427658,573388#Lgtio36VvT0Mu3t4Nin8jQ,271042,660041#Epvc5W1qtnSXCj5oEm1pdMqYktm461,-321611,0.05,-555080.28,494075#CelquxxZzi,-452131,-0.8560,-59213,-370858.62
75,5,91,658627#S1laSJ9wsFWj,712748,7840#fgzTmG2AGOpkN8sMZtbTAB,338666,700992#gkfVnpSbj79OCYtMHgKL12rNiobEZU,313900,-0.02,469678.97,364657#SS6j0zAYpx,-415755,1.1000,-502106,-287944.72
76,5,53,110970#wdxF9CYRSdWn,-365577,244189#drZNB57DjQhbnsmyEnJnzv,-113682,597152#e8aA9D4nTBTwLySMmvReEeWeRJ4rQJ,463585,-0.07,267823.29,334161#JQM1Z7VYLH,-282078,-4.1000,23859,303371.09
77,7,2,182444#KCqJsnP0sqSH,512499,364284#2ozBLO3EcNZZKcHlANQGTf,529730,726435#4T9qThfmmkujWTOL6iBuZnNTQEX6gV,-147455,0.10,103448.03,436129#3Gc8StUMJ0,755108,-7.5800,-430442,-515546.68
78,4,6,562115#lCW0IAzTv6im,-162652,274674#CrlvQzByNdLojAu0QsZ9Xu,-237713,577355#Vu88tTqSaoRuenSCONr0GtjQ6iIAqR,19029,-0.11,408050.24,669699#VWrJSgaS5l,-231242,2.6900,-760678,-117129.18
79,7,108,441468#8qoZavhrUl8n,-298264,472291#bG3foha2QKnw4RwD9tqTVI,-378222,675136#2v2k1SFxXifeWqg6TiAEKvjVlhLhAz,198835,0.01,-611756.86,662706#VrkRWdDWHF,-108740,-7.5600,-749102,-647767.35
80,3,21,547384#nNdNZMfvvlDG,-531616,368931#tzSxTQj0arKYqSF3daZ92H,787955,381261#1bXEf4SxWCGHRV2VLbNt3h8PQpmiPk,-350245,0.07,-242064.63,764999#gG1omm68IE,-43435,5.3000,560001,700165.27
81,5,90,209306#Cp9M0P4tuaE5,506587,740301#sV4qoHyiBJ5pyyAi4aKkVH,743492,696591#xTA6mw70Q2DpZKGI2BZxztIJsNA1tA,615937,-0.06,-259289.10,641851#ebkqf2MmPd,72894,1.3065,-496025,216020.48
82,6,101,450115#lCW0IAzTv6im,-491074,193225#t7awNTdMc0Qjyr7ZuBUxOd,-551277,640813#JMZC6zINAEOxQYfKSo61dQoAFCCFoh,256419,-0.05,-234322.16,483951#s7Y11IdItU,600974,-0.5920,-565314,-171226.42
83,3,88,224324#fhkr4HcOfy8b,529610,557248#ZBDF6nlxDmRzxCRJRqn6Vl,468569,243910#cq7UsEmYSxWfQ36EzLQZFVtZrX9soG,-366068,-0.13,243585.86,124531#CkMxYSQgEA,-449403,-6.2200,-715604,-222697.43
84,6,85,575055#c81LMGvnrx99,-752445,607136#tZmQU1cwuCfVJ5Hte3ftX9,736908,539531#0xbNVBqetR28PSHB0BTGIRsMOapreu,-490949,0.11,-42870.07,30232#9QWbzoYINH,-77698,8.4220,178679,660217.39
85,7,12,51932#pHTbdbA1Zp6j,562487,713044#fXm0sImaGWjeEleXiJf9QN,729153,558274#8EBHJ7bNlZZnIl3LOymPbGuGH4nMJ6,605081,-0.05,-14207.32,770376#KMhp1yLUoy,748561,2.5200,-16527,828073.43
86,1,69,553326#swjwbXVLaCsW,-816187,345640#qgiwAAIGkDHO29JoJJYANP,153433,645940#bdxersx1OX8v4kVXeuv2GqtCBqpoav,-166589,-0.03,-560915.13,569803#tKGI29ZLJd,518588,4.1660,-384875,-61725.68
87,1,56,644094#gxYnWDGyB9MN,-461546,62886#Rpdi9n0tvQ8HeeZ30xTgWT,308024,306036#Wo0HZoZKrC7frxX0bp0INl37rwdfGu,6466,0.06,-64885.64,59530#KfsQiemEej,-249140,9.6250,116084,27663.87
88,2,116,14250#sEicLlsxzES5,852776,819918#LDcGjNJFsuQJQtgF2TH4wC,270838,87600#3j5IfwdMyhuukCe5LLJoa3UgIvC4UW,274537,0.14,138448.21,725064#VYWNaKaCDL,224495,2.7520,-312851,-616031.3
89,4,61,350134#GG2VctCKQm4E,-776864,774004#bgDOBypvTon2hL3bt0UMUG,160643,703340#0DaZ3e9g9Wk42qeqjtfOUCDinteYVm,71709,0.08,-403102.95,644408#lrOmPRUVmC,216273,4.7510,-884720,380001.62
90,3,90,456615#WmdZt2UKuiry,-133629,132038#PbWKsiL9VNtS2NTrk2kCm3,82873,620573#Z6vhr94KcYsfzjCKZEyCd3cfhoMT04,283397,-0.01,619322.95,357602#G2oge7R1ln,807922,0.8270,657854,-82471.84
91,1,30,575499#xlaAZpxZlihW,-16969,295039#kTS6JHvWKbQcxo1nXRal9j,505242,263245#jCu4V9QqhI0XWV0COU13dZJCUTsMk4,661930,-0.11,-337056.23,526067#Er2t9faDTc,653750,-9.9700,204404,-83650.37
92,5,112,610249#5UWnGK7TGQI6,680351,153268#nW5hIpccKdUj1OajJqVRnm,807325,82372#ua9C4jjNtBhiVpz8338MGIYFk1zbAQ,364613,-0.05,680610.33,379045#jkCmmBk12u,-320909,1.0800,372068,-682439.03
93,2,71,596250#sEicLlsxzES5,574421,81902#cP25xRkdDSZXthv9JxVWk5,-275756,501887#43dwcV4mpqDlBSBo4FTrZphjPLMl7A,915479,0.07,-395750.58,412956#ENOzQshvdq,-60536,1.1200,-481047,588978.09
94,7,89,37790#SeeFiEGTXhiu,-859505,571749#f84ysBPnjz9vxBGewsFU0V,775751,695338#ycXRcH5UqFX5Igkk47BQ01agJCGHjA,138866,-0.03,22978.56,32955#uYDBX5q87t,-555878,1.2800,141886,-874598.4
95,2,122,235787#ab9H8Hxcez28,-838497,648279#MzwfNAFE76bcnU1zGgg2ng,153682,914223#B7KU9R5HivTRlMCCf47sO8cMImPqRF,-190108,0.00,281621.32,175031#O7HTaIV2pf,-934572,7.0950,790381,-299107.74
96,6,99,845122#HUmfJnIpk5Ix,388373,296988#lOqriz2PnboBfwQkEumbGW,-52147,272469#KawfjmzMsq5PqyIEWfHv8YdmTNdMWs,-50763,0.07,-667917.55,277053#UlvzPKNa6D,678700,7.5440,327201,-280490.85
97,1,22,129894#ylS5lULaaFdp,-640770,3005#4PUG7XIlFm4gEPjXbSCWfI,659733,18535#BeDdR4fGhT13Ky3pXjsWYL5nPD5lPv,-407658,0.03,469482.89,881022#6AOHnaBw9w,-399137,-6.4500,606010,694123.53
98,2,3,682970#wdxF9CYRSdWn,497713,928517#K6swfBPWlKWkixciU9EJWK,-588368,903474#pb1cgdEtAnSeKahbEVSGahj2nJYA7w,-536372,-0.11,-214732.68,50082#Xy0jsFeAdu,-594954,0.6920,93272,-135109.19
99,7,122,55714#88wsTnySHyR1,-962378,405499#liSSgONoKYtytLQkxeiZKm,-768062,183046#krrp2stnZvarfvHc93zozNpxjgXHO5,65677,-0.12,-152097.85,800938#u6fuMPLtpy,707108,-0.3800,201780,-541785.85
100,2,89,655621#3r7VFmCqUDuN,-710754,152803#xWFAVZ3Uv3rb7VKM7pkl0O,-395850,729413#hoLkmEDQIyexvG0k9TNOOOXhZEdRay,-169531,-0.10,-470992.68,75666#Fn8FB154ML,548581,-3.0100,-613949,970315.89
101,5,118,969032#YkXhcw1pEVTa,-744765,662030#NB7BpNwSBFQSQPCfBk4A4K,-829302,625708#KuDWhQ8HLNQHjkCfksg65FkNDLC7ir,681987,-0.01,825210.83,624790#OjVURlNEf1,-592620,-5.0550,-56117,-133468.63
102,2,77,564903#poOJr9SNyXng,436661,123602#vbHQji6jcZ2bJDhlM1BQ6c,-512541,645228#ThXL30ZQUtpaPzi9tgTTHpJiSkNobG,-852746,0.00,834275.57,802194#326upj3BR3,-462737,-5.2100,-493258,-73267.89
103,1,104,436585#PHI2pKztIOEE,645,127756#7ayhfmigxshNji1frLM3OY,-478317,897720#caOqIKqZuv4aMKoi9kSf1eqRNVDegT,634876,0.03,849411.81,8438#PrF4UmOcY5,-642830,-0.4700,25466,363465.65
104,6,77,60500#ZAcZ1wAZvqtB,429900,206949#iTD9I25i6kctugrwhJzc5Z,-13633,846608#pWp6vcjKHvinaPmIbFGGfd5W8HqPh8,-452520,0.04,-5407.63,500797#L50wVsiAFI,938013,-5.2800,897936,-296360.42
105,6,45,436039#Aey7UiAx8kFg,-742638,103271#mDQWMWw9Mxp5v863gs246o,-353276,930881#1Zg9thLADWJXiln4jTJpRWArAGMhy9,-287373,0.12,253180.94,113013#8DopPgY8bk,76387,9.1500,54564,-741454.66
106,6,66,615974#jdEXJI6pcvSO,337885,385823#Wppfkv6ltYkygVYHWqOjB1,684452,996245#jCu4V9QqhI0XWV0COU13dZJCUTsMk4,-10846,-0.01,537197.78,1052736#Fwh3XQ8ctj,962913,-0.7300,1031739,-1025968.36
107,4,14,89857#wX8v6xgdlhnt,827331,495222#SFBHU1lePTsp5QlcwS7zES,829415,591180#5V7pptaq9GtJKGt27Vw2g386PYITYd,970346,0.07,-375945.81,215902#vSsQKIE1RR,-474906,1.0300,480459,-755952.43
108,5,62,449971#6i95RfYWNLU4,-70940,882926#aT2ZXiemmbknEMMNqajpji,434299,248082#VoJKXdErJQkzuBECpQ3TYLwTIh9s2d,-832994,-0.03,760333.13,516449#NUP4vaujng,-744267,5.5060,1046793,887228.83
109,3,124,40081#oeWobXs9SUcH,-307818,581674#CrlvQzByNdLojAu0QsZ9Xu,968007,536777#o5QDJEf2kYicXRu3kVjzolnADJEwgF,888550,0.08,143284.74,669089#vMHbvtI791,641121,-5.7700,-38523,592740.4
110,2,6,482983#3adlq7Mjmr71,-272439,562327#cWSKL1M3OxrqQLm8PrqeA8,838640,765303#lT6L5VlTvSmzU4GnLNwyewyc0alttk,-661944,0.02,132952.56,993077#SDIkKFNa6j,-801703,-2.1690,342918,564447.57
111,1,79,879815#pR6wSowBdlLE,-246027,175719#Ey82JiUxSBMgaEHd2orDhy,-1036777,751444#g8xneSxwqyjL64hoZTTegpWwzxl0qy,-747705,0.09,-272650.29,1044058#OCEf1P6Wq0,241445,-10.5100,-521034,-1056145.46
112,5,81,508428#jpnOxHHIlBdr,720191,374711#BdQ0lnL8lDWguv7l39OUXr,616516,13124#WEwNyCQHr4yiWrTfaD5UGNAFqEgcEu,-806999,0.07,-149678.09,96521#hyFay318Tr,228101,0.2300,-404571,-844232.64
113,1,5,1067524#IrecY3cr6Wa0,-195101,229776#xYTHdQH3yXit7RnyBTfVV3,756057,82512#5az7wAKDKI4Xyas0Yn9xMPx10QFzd3,157909,0.12,884785.83,255493#vnZYRfIG2F,1023862,-9.3200,296150,429.25
114,5,41,941004#C2gDUQhYzDeW,-766042,261302#380A1WSArV7QPTBQ5QQB4P,-106856,142962#zegXp5hnXw1r91a0FpEZ686jReJ2lS,-74889,0.14,281420.98,838759#rPnJnhbr9v,-129474,-8.7800,1105560,338274.35
115,1,81,56575#oyYfLQtIch5U,-728188,250968#OoB0aBwbB1Asp2439f0vGr,-337619,688303#lT6L5VlTvSmzU4GnLNwyewyc0alttk,634166,-0.04,620193.72,643012#KeM1Kb7a5C,1010572,-9.2500,-912326,-587841.95
116,6,44,1013919#JK9djxM8Bmnc,-968283,910542#BScp4qg2ir7VYCM5dF9DJf,-783537,602327#L5cE4Jp7F3JhjWnyOiyiAi64cIxJ5I,299978,0.04,-205528.35,727478#mCAJil5tsC,-210727,-5.9800,-386861,780020.15
117,3,16,683303#FIyXBE8XKjX7,428723,1025940#WdhXpzly9aF28wFXLBKASp,-682296,318905#oGgw7rHquJcv1MBp9w24TNM2CLG7py,-745973,0.07,-972028.90,233590#PwzLrrKAPO,590654,4.8330,921619,-516288.15
118,4,88,875047#8z3EBqyuCmIK,-64507,427810#UvJ3NmKEXwT794jwDSR8w2,1007564,803099#MCsmo513r4dDIWQTY7GWXge4AEN8TV,995533,0.11,-939375.49,1069021#6b8EqGMxia,-951208,0.0840,857816,366331.94
119,4,66,527568#8H1HOAr76GQ3,936875,63046#1778LokboBwOVHV2V0gp9k,-1081822,951554#Cn4mLPSdJo1Xw423OyPvsKft6p8rqM,411960,-0.03,657276.52,759947#Eil7epaegs,1170345,-3.8300,-981280,-1168187.82
120,5,68,1050953#OiJh74xXd47K,486864,276439#7k0pJb864RW9Tu524c8a4z,720702,1140915#DJJfYfloqzlaW0aLmWcDWuNEYnnDgK,80133,0.12,355227.71,78842#jcu8Km5AE0,289166,-4.3700,668964,-651032.14
121,6,5,999188#VgmxIUziMgUF,818399,1018904#oCQeHiD0hrcT8m4iq1TI2G,89695,943396#bAmsxeheB68Tx2ANxuS26859uq5uFZ,-1000139,0.00,933306.51,1176723#2fhPj7qlBE,1092769,1.8640,1158175,315864.62
122,6,115,519786#S5PDZjB42QwU,-839877,459276#VjcIwFfPk8VWppo9KZPb8D,1088289,1020957#PlTyWfvmXIwZLOKy0zEBz6hv3oGWzf,671730,-0.13,1011206.84,908733#e136pAJUpT,-632506,-8.3400,109781,797781.08
123,2,67,8375#jtqM9hJtAEJu,979302,660091#Ws4lWubv8aiLyQyQAbquVc,-613760,143247#lHWgVgvuLcdbZoyEKsXjctTvnL8fmY,524074,0.04,756079.41,159091#GonjOcQVZw,364233,-4.3230,152604,1014000.91
124,3,75,774572#eakh2PHFOLkZ,722408,959630#mm8LOM6jFlAP5Ki1rdP519,455642,1102644#tAZIMnN28rTPDA1yEYXTuAfSJ0zKIn,-542566,0.09,-929092.28,824535#IRR2exiNnB,-760022,-0.0560,-102928,-614858.62
125,1,101,1095547#NWqhPbIh6Ue1,1185323,8928#TJhgOCK3k8ORqCrzMMy2S4,558766,1162993#bbJvN0vP5DC0bedUflkhVv5uDWmDp6,516756,-0.05,787518.97,604560#GFSkqxZ6rT,-691305,-1.4000,-832905,-476744.72
126,2,85,181185#HG4k6lpKPtM1,-603652,404004#bgDOBypvTon2hL3bt0UMUG,-182482,984537#Vtlgdk35URmnk9Pck7bdJCcOXWbnt7,771452,-0.10,449875.29,552192#43WOiN6A7Y,-468978,-6.6000,34677,502571.09
127,1,52,295630#FA96OYAwMWtu,850799,599495#yQOmKs6QD06qpo6xQj9qdr,880180,1197913#fx9C7fGV0G77td0FTqc1KTwTrOBcSk,-240523,0.14,165992.03,717279#nSwAfHC7wq,1241558,-11.5800,-704391,-844346.68
128,2,14,922363#jFecJWzA6eIb,-271402,446202#fXrK5pHHEGPlCiyULHJvKX,-384713,942589#OFruzMBJx2Ez1TjDZeQzxstjvTMGEk,26825,-0.14,671628.74,1097480#vIDe7NPpFf,-379242,1.6900,-1251443,-193929.18
129,7,122,714825#IvCzW3RBodwa,-482664,768252#8iwHS1Wf6cu15tXVd5JIfz,-623672,1099561#IevJMozr624Wgd3PdFei62WCS0cXK4,326267,0.05,-1004952.36,1081475#pekP6rpAze,-178165,-10.5600,-1224950,-1058967.35
130,1,100,886501#aMEFpIcwFETJ,-860066,599152#yA0X4mju6hbeUhFEemTBlY,1280555,616931#cE99EWKqfOP8Yf7lA3lvfXH416dZ1o,-570216,0.11,-387127.63,1241690#i90O13uxIu,-75585,9.0500,904460,1138565.27
131,3,124,332841#ZD6VGRABNmgZ,821487,1191548#dYmbrwizHOhOtFHjVc2Rew,1203442,1126096#u1GwMl7ny2DG258SkLJHge5upsNFUI,999153,-0.10,-416103.10,1035498#loOjKyIoIk,123806,1.6315,-799626,347220.48
132,7,90,722582#dr2tHYCEDMbf,-785474,305611#TOxbl0sKe4ThfYQq1Br1bK,-882827,1027643#sgif4RcRSLPWII1ADseqsygH73OijQ,412434,-0.09,-373754.16,776965#jHxKXRL5xW,968974,1.8580,-905524,-280826.42
133,6,15,355184#23DdVekQ6vbN,846210,892492#JaiVMEaOCJ9qCmZxMpJDy0,752469,390345#b1h0MkUvCTpUy8vyFsT72eyElzGYX3,-585165,-0.17,388976.86,197735#acIcsgHuJu,-714965,-9.2200,-1143422,-357897.43
134,3,103,911538#xQenIpa2uMJu,-1205495,963510#ztd5qrBrFIaMSzeJn406Tj,1177058,855816#08QNjIRB0cXIrAeLYNnx2gTgM6L905,-781129,0.15,-71015.07,47576#1nhERCCwlW,-124598,11.0720,280425,1052217.39
