537,4,55,3946797#QUzI0oumiIsD,-2824271,370880#Y4g5SRjaubepufGM7LyGgl,1904399,1846818#icMn8j102BeezgBq304nJ0eiUdU5hX,51142,0.42,-450747.14,332010#DinJsPtXoF,-1542215,34.3750,666375,128463.87
538,5,97,51384#nNdNZMfvvlDG,5207201,4980065#4gJBxO9mbiTNZo5T3v8qDj,1665388,522142#iadl5ztaLW7KRJ5hV9jz1jG7udSutH,1685215,0.49,878950.21,4405938#u6fuMPLtpy,1328048,29.3020,-1905473,-3769631.3
539,5,3,2103370#Pva9a2A793DR,-4738101,4684481#ZXLNK28TqDAbOToPhq3Noz,950393,4213011#ocdgvOwqrfwFZlNcAMm1GidWDc7qdU,404196,0.44,-2475127.95,3881793#P3Tg4Aanal,1330473,22.3010,-5325333,2252001.62
540,1,39,2724395#2L0B17gCT38m,-781404,782347#yFEoRLqRKZqgPKrZ60Ql8g,515602,3706853#MBfdDnskf7ki9VdngM9HxNY4ZDSwx4,1699902,-0.33,3743906.95,2105433#LSFbaJ3cHg,4889422,0.9620,3918792,-485671.84
541,2,86,3409770#38p0qn3DOdug,-92794,1745398#4SIpCqZpfCcVP6pFgtanzb,3050217,1520563#uCbD2GWscCyfUOR5HBr0YYkRI32aNa,3887827,-0.42,-2051430.23,3111371#eL0PG6NXbM,3859212,-36.9700,1189301,-515650.37
542,6,7,3547093#SqJzmQp9eBhG,3995951,870591#Xq54ch8npQxLeFlnXqNyWz,4792525,484424#HJe9Vgc2zdsaFCL1WOOVepeP41MIPL,2192022,-0.36,3962469.33,2230057#o0TuuQLQ0l,-1872959,14.5800,2193200,-4008839.03
543,6,63,3454825#IvCzW3RBodwa,3398621,461571#ZXlo6Bs1jIy5gwOGQA3zsI,-1634756,2908672#tPBe5lFn2GN4DrSal6R3KUSGCvtE6a,5326816,0.42,-2316859.08,2377409#amnXsAtsMk,-329523,-12.3800,-2840401,3440178.09
544,5,36,177790#SeeFiEGTXhiu,-5009855,3268086#FteOleWHr6QnOA1HLcdFqw,4470251,3999350#x3TxLRUmWhD8NhDFWcWcubMp6wouM7,827046,-0.35,117307.56,183845#uqbUjooilW,-3199178,-3.2200,849165,-5014598.4
545,4,89,1337126#YV1Hm5XLwAvN,-4851147,3714502#TE24siFzeK5p8lbW7W4SkU,919582,5207390#FPZJ8GMrZQlL0iy1mJefyYfFi0Im0J,-1119061,-0.32,1625078.32,984986#NMe5FCzLA2,-5365272,43.5450,4544983,-1746307.74
546,6,9,4793494#axahhleoz86S,2237198,1673128#rJ7AfeDrS5eJVcWpjA4A39,-288397,1538413#hoLkmEDQIyexvG0k9TNOOOXhZEdRay,-330510,0.42,-3781121.05,1534128#GUGXL8rXBu,3900700,31.8440,1850708,-1634090.85
547,2,122,709706#cLvpzkVEYpof,-3620220,12446#PJqPD1F3WBDtjSQj34ucbM,3726033,96223#B7KU9R5HivTRlMCCf47sO8cMImPqRF,-2320959,0.39,2617472.39,4944031#O7HTaIV2pf,-2243939,-15.4500,3398818,3905323.53
548,6,100,3797303#FIyXBE8XKjX7,2762113,5152563#45Uk7y71NiMID6DC3dhtDg,-3267735,5009935#2nYeZqOVojjdzxM9eHpG8dAPwBPfoY,-2976803,-0.43,-1169902.68,246413#kRpSGpoYf1,-3288654,13.7420,485321,-790309.19
549,1,20,289754#2iGDngAKDpcD,-5348078,2218540#3Z1CUPNwjZbdBUtVAfJBwm,-4254662,970217#2BEyCNLOgmdEfYUzSenFhY9FOSUPWj,322911,-0.44,-886596.85,4432488#hfLkKFeb2p,3917633,-13.8800,1125729,-3025785.85
550,4,71,3576756#BOZcT62lGuPM,-3903504,839710#nlC53zahhYvMhNvDFyJBFf,-2167500,3997695#lJZ51RdelbfEct1KzU46WuMb4pYr0o,-912125,-0.41,-2602422.18,372797#L50wVsiAFI,2973631,-30.0100,-3406640,5369515.89
551,7,95,5249396#CDcgBBGkxJhP,-4021215,3591575#C3UrXdvfyY7CdyEuX1RyLe,-4549452,3381423#srh303wKF2I6VxUBvhx80pjKWviY2b,3731939,0.34,4488755.33,3396880#txp3NamgkQ,-3214320,-7.3050,-275645,-731068.63
552,7,124,3052773#mtWZ6Qmitlj1,2325311,652438#ugD2RhEn2BvAwVpYJ862Ft,-2763891,3481673#zbbLRUQpPNc1HQrwM7scflTgNHAEmE,-4612590,-0.32,4471909.07,4327652#EoalwM9x5t,-2501012,-32.2100,-2682827,-375667.89
553,5,36,2325833#Hrp9e0rhBq8t,-20054,680284#2ozBLO3EcNZZKcHlANQGTf,-2574867,4793622#gOXYBrU6M0q9DpxgnHLNvuG3E8NTSn,3412577,0.38,4533939.81,20278#6wdwA3nrQT,-3456117,-9.4700,141012,1947465.65
554,5,93,281194#S3Ic9arVlfRy,2296050,1059857#wCxkAu2NC9mG6xQakaR3LQ,-37258,4500302#oTcRGW2y79G8SbdPDBQCbJPn6xAA2L,-2420082,0.39,-46947.13,2666980#ElKqbkZVgR,4971363,-23.2800,4817211,-1613960.42
555,1,47,2304547#NWqhPbIh6Ue1,-3915588,537818#09SP3Q6WHFUHMY46V7UcuA,-1890926,4902900#BWIgFqDvGtImoWRITURCP1Y92jsEB3,-1494327,0.47,1333324.94,588123#IkCc3q1tAU,375187,29.8500,271882,-3952654.66
556,2,95,3199289#6u2AheS787wA,1779685,1985883#JbnggJZ9ilN30C9CTaf4XW,3628127,5209231#qkGrRSmrOE6WE4Jg5XIHxSVK9uvUrU,-37783,-0.33,2823296.78,5492292#qgzV4Z6SOE,5032992,-2.9800,5405775,-5417968.36
557,4,109,442378#RnL4bJ7tGows,4284231,2551641#xe88715OEWiculfAIgqC8O,4347965,3064407#v06q3EtJyrBcw55VJYzrArgX8137CD,5093174,0.43,-1918248.81,1088285#x96akoqyPT,-2443206,10.0300,2526024,-3902352.43
558,1,121,2306684#0HxzHktTI4Hd,-357167,4546039#kTS6JHvWKbQcxo1nXRal9j,2268499,1243266#bbnZriQmfMgCLmuWTea5Y3uSgL6Vky,-4279643,-0.35,3951949.13,2659691#UxuAhckOoz,-3872667,26.6560,5425486,4552028.83
559,7,10,200655#j3zhb3cOdFa3,-1594818,2950879#UQJlZ45TwJssNjjMexKEoj,4971207,2718206#L4bLhDmtGGOVDmswaF8PhUs8K2I7rw,4592432,0.44,757575.24,3390423#QHk1N2EjCt,3259671,-37.2700,-165571,3076740.4
560,6,29,2424782#gkCirGpskLKh,-1375218,2856733#nsbZHTK755jn9bz58qsa2R,4272140,3874614#0Aof95VD3mdQ480GAZfKO9WbiOb4zC,-3331371,0.38,645763.56,5024105#SaTdLBKyYp,-4092328,0.1260,1763091,2882847.57
561,3,56,4410753#8Evn4eVPpbD0,-1219152,863404#s1w0XQPm9Btmq5KbkREGRm,-5237639,3764986#2TjFlwOacIrn2DJl7NU9K4ZMJZ5Arh,-3785839,0.44,-1365425.79,5253137#LBBgmocV4N,1256195,-42.0100,-2606001,-5368945.46
562,6,102,2532641#sS8FG5kALykv,3608516,1867735#L9SAEwbYg0RLnrHaUyVO3o,3095566,61580#K1weCUGb0w58FJI94u7Aq7XyWjn5iS,-4071920,0.43,-759320.09,467069#o3598Odwr6,1180751,-17.7700,-2036604,-4257032.64
563,7,104,5306767#xPyWhbtlhxCP,-971801,1136940#WdhXpzly9aF28wFXLBKASp,3727182,381816#08QNjIRB0cXIrAeLYNnx2gTgM6L905,790942,0.48,4386654.33,1263615#90wxTu1XfX,5074762,-36.3200,1463472,-21170.75
564,3,83,4636687#QqLWpvocM6qQ,-3751792,1260361#P16UI00TttC4AOJMpEsjCB,-544256,701502#hpmSzKUBNhf3MUXe56DtPDsgkOuFQs,-344430,0.49,1376621.98,4127494#zEAPxfhaMj,-626161,-31.2800,5433849,1677474.35
565,2,120,263008#7M2u569Q8agL,-3546988,1215871#MfJVpTsvbKB2CU8l0j79Lp,-1629119,3357986#2TjFlwOacIrn2DJl7NU9K4ZMJZ5Arh,3134762,-0.35,3065030.22,3121050#IEiWnkg5CD,4977322,-40.7500,-4451090,-2920641.95
566,1,34,4926115#lCW0IAzTv6im,-4732870,4421501#kNm5B83zLHiFrsiQynE83p,-3829137,2933259#kCnsWv6MhgaC9qrqZIOtEUqBYwgMdv,1502009,0.39,-1041412.35,3515575#9LZtcx0a5p,-1055827,-32.9800,-1860291,3840020.15
567,4,100,3293915#wpxpidpHniDY,2093273,4953878#j0kcccNyJ7AAPFztVOBvY7,-3330096,1531218#ZBps90eiBpj56pcLtMWEFs3Nf4HwnW,-3590270,0.42,-4682022.40,1119168#FMMxYbxo6r,2870579,17.8830,4458911,-2517888.15
568,7,120,4193189#7fuHoX1v8d96,-317857,2048327#cWSKL1M3OxrqQLm8PrqeA8,4815014,3844366#561f1H8m4fs6SbJr9iFHKJuN2iN9Mp,4765597,0.47,-4523499.49,5130586#NZWlkUW8z7,-4579558,8.1840,4094391,1784731.94
569,5,64,2498896#lEQEGRDXVMGs,4489175,295264#PTCgbQjhsyPIKmiGJuoPJ7,-5179972,4517304#YmQHbz66LZ8eZnAfkP8i6YAGLtW7FA,1948220,-0.35,3119204.02,3630249#1redEFejek,5617695,-21.8300,-4655480,-5610587.82
570,1,31,4962758#R0GsKp5g6My3,2336814,1295252#8iwHS1Wf6cu15tXVd5JIfz,3407652,5386534#p37rqfInah8srgSG02pcGn2xqihbHa,350911,0.47,1695516.71,350295#QHpGJ49ja6,1362866,-35.8700,3147969,-3120632.14
571,6,111,4707868#tJaIB7CHwPw5,3828224,4781705#JFoHwMqDCdmmEodwV6mpLI,457345,4437777#o5QDJEf2kYicXRu3kVjzolnADJEwgF,-4701587,0.36,4381116.51,5546169#U8ri1c9kQ0,5169994,21.6640,5446360,1453464.62
572,7,15,2411204#QqfBE7K3cupM,-3953791,2129478#XC3aOVeLdOYfjBuj1MS11U,5077089,4773309#v1d6sfBaHdgB2hpaxbWNulI8rkzJLK,3133208,-0.45,4758577.34,4244448#ME6Q6xdI4g,-3002206,-44.3400,530873,3713781.08
573,6,4,15755#URfxp3KPqbZL,4584477,3073832#NFrsHen9o8eG46ORJ7OF91,-2842160,641478#2LM1NiV6Nqo6RZnu7fn4o5EhlXNKLN,2433591,0.40,3546353.91,714301#p8WO41gYAZ,1697920,-4.7730,677691,4736400.91
574,1,115,3557934#ssAUc5CLF88x,3375158,4435808#ZvPo2bImHo6F3tdq0xBtMy,2117042,5086071#ue4zhW7igWoVQG8L7G4UNjksPIHX39,-2531161,0.45,-4295200.28,3798675#nYFStOaPcw,-3531041,7.1440,-496363,-2810858.62
575,7,64,5027822#LBTPcqLrN1HR,5438498,18715#6LKDeb01Jtybc2BTdSLcMZ,2539666,5320997#CGuqTBfPOLq8G7ycXQJ4g9RjYIXz8j,2342460,-0.37,3648078.97,2763687#LgWsvlFEkK,-3171255,-23.9000,-3810096,-2175944.72
576,3,119,813125#FiTsi7jPUKJd,-2746327,1842334#vBSo3kniSTOpaGIVPPN59r,-801682,4470997#CGuqTBfPOLq8G7ycXQJ4g9RjYIXz8j,3542260,-0.42,2088343.29,2514476#fK48Nc3lYZ,-2151078,-29.1000,132039,2295371.09
577,5,121,1314309#zbouKO220Imb,3895499,2716399#msWmP2YcHs8pB58z6yZn1V,4034230,5441220#12GMF6nfv1Oh9qIdIxDzuBVt12zPKV,-1078140,0.50,728888.03,3247624#hq3ViyJK5j,5619608,-47.5800,-3169937,-3803546.68
578,7,86,4164590#exkScG6NooWK,-1250152,1989954#6sM8XPIvKkRZg3JmqqADY0,-1707713,4229690#pJsebf4Kkowp82VYO3eddfdmW7XP0k,96989,-0.46,3043835.24,4947514#AGwAtuvVSp,-1711242,-7.3100,-5668328,-885129.18
579,2,121,3175033#AmaRLI2Az7hg,-2142264,3431901#Eboyx1cckhUrCog5lXEtl6,-2832722,4919381#WiwcoUGxzxgI0Y0IZy6VYdgZmwesep,1473150,0.40,-4543711.86,4850401#xup6Zem3vB,-802990,-37.5600,-5507577,-4759767.35
580,4,49,3938554#FpTGHMNrzuvz,-3816116,2671146#ESj7AEXNokWnGP5cfMG5HS,5713955,2737966#sd3brChUXo681Zkbd0ntxf8KZpqeFi,-2549955,0.47,-1692694.63,5531909#Cn9UJr7A2w,-364935,42.8000,4004586,5084165.27
581,6,54,1444656#Fq0Ec5ipn8IQ,3655587,5252766#idkTgcYzQGmdZl2DtnwrXt,5342992,4991636#flqCqaX5WJy1mVTt8gTNlzQ9akR4sS,4448097,-0.41,-1827429.10,4578316#a9X7tGYP5k,582019,4.5565,-3532040,1528020.48
582,2,118,3174785#pcQ04N1XRPSA,-3435074,1317080#7qCwcMRG1oUzRW8iKIPNqw,-3866777,4509113#1Sm4ggetRJ3oAUaFsOEfLasSsT5YTl,1816569,-0.40,-1628642.16,3414086#hp1J2PzfUD,4280974,23.9080,-3967414,-1267226.42
583,5,125,1532929#3Y8M3RSkSzyi,3695610,3909688#ZELEX0SP65N7lyxH7MVx6u,3307569,1708255#9dk3uXh7yBLEAcX32IJMXnJ5Y89xWm,-2557038,-0.48,1697495.86,856576#1nhERCCwlW,-3105028,-36.2200,-4993789,-1574697.43
584,6,11,3939890#5jz8oQ2WZYQ9,-5282945,4170871#MfJVpTsvbKB2CU8l0j79Lp,5138408,3702386#OoIwqiskSTTloRYtkVWgQOtovWupQZ,-3392744,0.51,-324320.07,203672#hLyvaKIGpi,-546698,34.9220,1196134,4580217.39
585,2,90,321492#BKnocBpMLSXz,3904237,4867204#Mnz46tAq89KPPvMAgYRUus,4984278,3828414#xpbGYaDvfns1BGWVlb1zZ6Jq3fh5IA,4211641,-0.40,-75572.32,5252271#b2XIuhjU2C,5197936,13.5200,-110427,5732073.43
586,3,31,3741581#1sdbM25DdN9L,-5515187,2347215#TKNeWQGBEH5OG6h8uAeTmQ,1079933,4389670#oTQmEqXAC7m1Tixa7jEElAv14uvfb6,-1133009,-0.38,-3830685.13,3831553#4hrypTfinc,3517588,44.6660,-2678360,-429725.68
587,2,69,4313764#Ei9npTn9uMXc,-3086796,405101#uste0BMNHET8FqBdAOJtpu,2081774,2018016#IVl8KULrgAxyRa28teyzzpmqMFA8Ro,56106,0.46,-493620.64,362285#x96akoqyPT,-1685890,37.1250,727519,139663.87
588,3,109,55510#akLmgZ8gp3lJ,5691026,5442303#VXWtWAO2gx5rsJt23bdgSv,1820338,570425#PiqKOrkdCBDVIxy4tmhl8CgSHLBuG8,1841957,0.53,961228.21,4814924#HgahvnWRHh,1450665,32.2520,-2082431,-4120031.3
589,1,53,2298174#Bd2YuKc2teen,-5178239,5118979#D99xHmK8IeIYO9UdwPzX7I,1038143,4602975#bSaeI03ofT0OaTxYYkrLWLGlcEvXpY,441139,0.48,-2705352.95,4241503#a2pWwaaMtT,1454273,24.2510,-5818735,2460001.62
590,7,61,2976370#Pva9a2A793DR,-853379,854603#O5TpblnoFRPy7KiRY8qntZ,563683,4049773#4DyMrleKjJ8O5cDJADE3n3LzabCdW0,1857292,-0.36,4091082.95,2299637#qMZissNX7T,5342922,0.9770,4281119,-530471.84
591,6,64,3724689#2WT0hm3itOwr,-101219,1906549#KberFq8TMi3aFsRDysl4Jl,3332992,1660265#jjKAmJyPgOliwf9bmIvMhALLYPJ8vN,4246260,-0.46,-2241916.23,3398627#tj00VaBhdQ,4215375,-39.9700,1298734,-563650.37
592,3,80,3873409#iRwoaOdI1Tck,4364351,950293#P1bv98Ihflf3CCJLv6iKg9,5235325,529097#sDlhUjngcXCh2dCjvtiZzq6INi5aYr,2395068,-0.40,4327120.33,2435725#GW8K4CW4mW,-2045409,16.0800,2395548,-4378439.03
593,1,48,3772445#5UyqnU1sHhND,3712421,503757#tVTduvcRBYhDpfe0qLPVUN,-1785756,3176092#P5kRYidrPc135Xj1Mt3cj1SUeOmOzS,5816964,0.46,-2530315.58,2595681#9DAi0RTJyn,-359411,-13.8800,-3102552,3756978.09
594,4,16,193345#8Ha2PO9DLVO8,-5471005,3567679#hn6GdN5ZWub3F0uEml7IWc,4880751,4366463#9LKZZqKEAFwGonv7gtFLTkBDziGiAS,903511,-0.38,127788.56,200610#gMTGQzzhfD,-3492878,-3.7200,927751,-5474598.4
595,5,43,1459497#Kp7tUWKXFy6l,-5296997,4055194#ICTV2BXBT1SLpXANW3GTP2,1004682,5684408#SDuA4Z9uePnyChvXRs97aCD0NamJgO,-1222278,-0.35,1774351.32,1074981#G71X6Nssu3,-5857572,47.5950,4962161,-1907107.74
596,6,56,5232202#HrxD9jrRQsqe,2442623,1826033#1z7lLncv2G4VoPid1zB6fU,-314647,1679074#Xz5onm4qzt9HaauIJu4R6fSi8LopAK,-361593,0.46,-4127032.55,1673803#tKGI29ZLJd,4258700,34.5440,2019986,-1784490.85
597,5,119,774129#fgv6vmdxhJQW,-3951270,13495#yQOmKs6QD06qpo6xQj9qdr,4066733,104855#GY8RLGkKYooIrq2IKm2yrsirCqZ9VV,-2533548,0.43,2856137.89,5395477#glEy06J7ar,-2448917,-16.4500,3709130,4262123.53
598,1,69,4143340#GdwV7NMq2m4i,3013713,5621902#cP25xRkdDSZXthv9JxVWk5,-3565443,5466209#e2dLKKHvdnew9rVoEfWEMhYlUMPYDT,-3247962,-0.46,-1276032.68,268227#Y2kosCBwpp,-3587954,15.1920,528882,-863109.19
599,5,51,315759#EX09IuLMZf4A,-5835378,2419989#sLWYI1XYoOnRqOgZWg1Bae,-4642062,1057681#Y8VmW7xO3QJ7xRHZWbtaUPRc1NGwBc,351492,-0.47,-968207.85,4835993#oKHf8YPrEu,4274358,-15.3800,1228390,-3301785.85
600,5,69,3901326#swjwbXVLaCsW,-4258254,916033#1z7lLncv2G4VoPid1zB6fU,-2364350,4360838#bNGCrskNju96AXKmDgm825NnfRE6lE,-994636,-0.45,-2839247.68,405811#2Gl347yNjB,3243081,-33.0100,-3716939,5858315.89
601,1,36,5724992#QtnAEC4I4vrz,-4385265,3917080#7qCwcMRG1oUzRW8iKIPNqw,-4962802,3687613#NqvvyjyMFgGBdfM521aBq5TBX8ZCt7,4070822,0.38,4895815.83,3704890#SYKh7ZLhcp,-3505620,-7.5550,-300037,-797468.63
602,6,101,3329203#KUi7HWvBzjsL,2535161,711197#oFT5AjaOjvzYbMG20C99yV,-3014041,3796833#5zj4s00HHsbY2nmenYjBtPd18P0v0L,-5030351,-0.35,4876090.57,4719369#r78mEQE5Pc,-2727487,-35.2100,-2926113,-409267.89
603,7,99,2535750#21QsuW1cXmLd,-22354,741676#1NlswPKBTpv9nzgLUQHZvK,-2807817,5226500#WbspximeCp6MLjCr5FE8j6ontKlWNm,3721211,0.42,4943331.81,21593#5vaPayvdPM,-3768705,-10.4700,153851,2123465.65
604,1,123,305715#WKB05is7PylY,2503400,1154624#E2s9r2owMJuLC9deTTcGgJ,-39883,4906268#bN1jt57ahIuckokphtP6qz5i461v50,-2638700,0.43,-51562.63,2907667#htIVt5Omxp,5419513,-25.2800,5252686,-1760360.42
605,2,19,2512159#uqKMNTuJiluh,-4268138,586101#uste0BMNHET8FqBdAOJtpu,-2061776,5344236#HCr81Ilt0FXcoLechXPtGNbbI5N7wk,-1628433,0.51,1453340.94,640913#040MJxgr45,408387,32.1500,296029,-4309454.66
606,7,70,3486324#fhkr4HcOfy8b,1939885,2163668#P7fB4n2g52420DjzsY4seG,3955202,5677340#0DaZ3e9g9Wk42qeqjtfOUCDinteYVm,-40776,-0.36,3077307.78,5985576#1nhERCCwlW,5485223,-3.2300,5891779,-5905968.36
607,4,49,481547#NWqhPbIh6Ue1,4668331,2780132#kr3XCATv7hQ8IpFpaZ0Lz8,4738915,3339210#LbvE3sIpezKPv65YV3rGE922tFrN2p,5551266,0.47,-2089615.81,1185217#jI5YRWXAIY,-2661906,11.0300,2753309,-4251952.43
608,6,57,2512986#4myDlS7dMz1N,-388970,4953051#zTa21Xpn2QmhWxX6u2I7LU,2472299,1353842#OO6nlLrDYxGcbvb8FoFsle1xuRNNuI,-4662604,-0.38,4306573.13,2897829#JIThOZGQKn,-4220267,29.0060,5912008,4959228.83
609,2,82,218496#eMaBvhJjLbBe,-1737818,3214124#F6qxwFvZhIM2EUU8gUdniH,5416007,2960587#Qv51SjZJtGfti5125GJ7aGqCQIB8BJ,5003975,0.48,825829.74,3692794#G5dH3p5ZYG,3550621,-40.7700,-179688,3352740.4
610,7,88,2640538#xQenIpa2uMJu,-1497749,3111667#tVTHYLozFQ9rHQqJXyzSUN,4653640,4220093#uXRj8rtPH7Ig7ugStmcE1HFxrEHxEr,-3627974,0.42,702742.56,5471997#NeGwivUEe6,-4457953,0.3810,1920888,3140447.57
611,4,54,4803080#uq2Y4EBaBVga,-1327277,939814#UFQ5YIeemCSf7v0afyayZG,-5704402,4099824#Vov9s8ukZzN596PCizvAsZiFgHsuuQ,-4123410,0.48,-1486845.29,5720813#uxdVWvVf8C,1368945,-45.5100,-2837664,-5848145.46
612,3,62,2757553#WHhM143FVmnW,3929441,2033626#Puu0c4GKhar12hcCGL0LZP,3371016,66964#Oa6XA5QtKc1rzlEa8q5G7unLEIeztL,-4434689,0.47,-827058.09,508241#KJF2XIVXHj,1286601,-19.7700,-2217941,-4636232.64
613,3,115,5777794#CIxNy0if1XQ3,-1058101,1237736#h4JblNI7j3lYTzx8rGOnDH,4057307,415072#9dBz5QGKEmmQm6O1JvMuKEslZBsCNb,861279,0.52,4775750.83,1375628#LTRB5NPtgf,5524862,-39.3200,1593175,-23570.75
614,2,73,5047319#YbWGSTqVpv8J,-4083542,1371367#9sutIb9drBXOwGVJlIfUTW,-592856,763562#0ILJiEhGn9RKkPtZ4XlacwuJyU3BTY,-374379,0.53,1498310.98,4492909#Cn9UJr7A2w,-681349,-33.7800,5914770,1826274.35
615,6,82,285945#alUdj0ZTndWI,-3860188,1323083#sarifgxAuvLg21oBusRMMH,-1772619,3654618#TSceGxDiJjfNwrHGTYh7twmAliMtCP,3412606,-0.39,3336678.72,3396387#bZQxjJmU9I,5418072,-44.2500,-4844286,-3179841.95
616,2,47,5360804#AEYFeYwfBXJ8,-5151158,4811607#UlHE30snIqagE6BpYt5Hz5,-4167537,3192252#AgHiXtRMygjGEFTAPAK4h37Mxm3KW2,1635568,0.43,-1134288.35,3825363#9c9sNCS10X,-1149727,-35.9800,-2024006,4180020.15
617,7,67,3583983#3adlq7Mjmr71,2278223,5390315#cr4SG0XZ0HkuJAV24ox7nI,-3624296,1665920#cJKgUo5b77GnTh9iHxliSHmJoyZhck,-3906303,0.46,-5094243.90,1217565#bqOhpDzX39,3123904,19.3330,4851944,-2740288.15
618,5,53,4561872#NyKVWOZ5BUpb,-346007,2228385#Z2HJvPaGGMjh5EMDvxIYqJ,5238064,4182284#DVprIrc3hy9kF0hlv918Y9nTfAdMPa,5184493,0.51,-4921735.49,5581871#hSPUznHe0W,-4982708,9.0840,4454011,1942331.94
619,2,92,2717933#quH0dxUWrJkD,4883875,321066#A8d7dG5dj42Z1iiATIkxuo,-5635322,4913499#tASRUqdODDQuQkvoxtLhtvuF4wAslv,2118915,-0.38,3392751.52,3949172#BGU1lkCT0W,6111845,-23.8300,-5063725,-6104187.82
620,6,41,5397403#BdVI3J8jCl6l,2542364,1408454#kN3y5N5TKHXqOc5l7EFDlX,3706202,5858270#OyLrnyisrU8N3ezC4oQL974VAEJ0Ix,380998,0.51,1844437.71,380457#F139HFYKPG,1482166,-39.3700,3423414,-3395032.14
621,6,24,5119943#1ICtYqFFOScN,4162649,5199794#pC2daT8xvuijCIjm9akHIM,498195,4826041#Epvc5W1qtnSXCj5oEm1pdMqYktm461,-5112859,0.40,4764206.51,6031663#q2jAP1s842,5623019,23.8640,5922825,1579864.62
622,4,18,2621361#SNg9CEPdH9m3,-4299782,2315056#pkgb6I1u5jGzGBuIJTE3ox,5520289,5190237#6xCgwPMzNkgSrX4oc0DZUm8wbvxvYm,3406705,-0.48,5174951.84,4615083#p2OasY31KV,-3265506,-48.3400,577661,4037781.08
623,1,124,16575#oyYfLQtIch5U,4985052,3342026#7ZozWrTS002yENfjDmNGvI,-3089760,696837#gULSEIFCLx49l4EqTgl46AzBBk7cTo,2645759,0.44,3856384.41,775991#pYAo2ATuEC,1846108,-4.8230,736034,5150000.91
624,7,63,3867197#goV9ZpSvjGhA,3669908,4822050#KyqJql74nYZsUFWVTZ8bNd,2301642,5528674#LHRjAsm4cG8G874p3pUnPKsIXDwKFt,-2752116,0.49,-4669212.28,4129135#wjJYyilNxl,-3838932,7.9440,-540078,-3054858.62
625,3,74,5464742#sQHmhmsQnLwY,5911073,19803#xWFAVZ3Uv3rb7VKM7pkl0O,2759766,5782998#z2eDK467qgGwR03ggBFgXkAeoDiLmZ,2545316,-0.40,3965918.97,3003590#PwzLrrKAPO,-3446805,-26.4000,-4140895,-2364744.72
626,7,24,883340#GdwV7NMq2m4i,-2984402,2002149#JGxcuPXAzCtTmalrOXvtnT,-870482,4858382#as5cC2mDZuoRUhKMiakFdv91UbnXra,3850127,-0.45,2270395.29,2732507#mn3czX6nfi,-2337978,-31.6000,142857,2494571.09
627,6,44,1427495#Nib4JlstGBny,4233799,2951610#vbwp4kKeDMgZYFeZ417EqP,4384680,5912698#amlbdzjpfLYxjXnca0JRoS8vY6pknQ,-1171208,0.54,791432.03,3528774#dxPTWYqji1,6106058,-51.5800,-3443886,-4132346.68
628,5,94,4524838#gFTGjm89vzGv,-1358902,2161482#nNsEs6C0lN66qEjvpT96N9,-1854713,4594924#hmPJpfgJtrt2jQwvX0XVtGqICS8hF6,104785,-0.49,3307413.74,5375295#QHpGJ49ja6,-1859242,-8.3100,-6159093,-961929.18
629,2,8,3448390#s7RZSMoN2pZN,-2326664,3727862#nVVOTAuIQObB7qHNfWcPGt,-3078172,5343806#A9R3ZQIZxRxPj70HV2Nm5cIw7e3STL,1600582,0.44,-4936907.36,5269170#HM9B1vzSbd,-872415,-40.5600,-5983425,-5170967.35
630,2,1,4277671#mXXyX4kpHCJg,-4144566,2901367#9sutIb9drBXOwGVJlIfUTW,6206555,2973636#flqCqaX5WJy1mVTt8gTNlzQ9akR4sS,-2769926,0.51,-1837757.63,6008600#5HhfA9tKx3,-397085,46.5500,4349045,5522565.27
631,4,88,1568191#jkAV9NBPSpvd,3970487,5704013#ZWHSQzolpduvOCLnuCQSVl,5802942,5421141#8O0kzmZDdxGOCZglUqw8kNYVdetJlR,4831313,-0.45,-1984243.10,4971963#bFV0zcpovm,632931,4.8815,-3835641,1659220.48
632,3,107,3447252#4tWx1XCT0RFb,-3729474,1429466#OIGYSaofalr0diTPjMS1pj,-4198327,4895943#psCPdJ4oQ1Amf9foWPCETcYNgKJfOH,1972584,-0.44,-1768074.16,3707100#DiamR7OnMx,4648974,26.3580,-4307624,-1376826.42
633,1,52,1663789#Kbab5zLxLJqv,4012210,4244932#31HLewLWy9I1VVFHz4BxFu,3591469,1854690#pJsebf4Kkowp82VYO3eddfdmW7XP0k,-2776135,-0.52,1842886.86,929780#1GmN5E4LoD,-3370590,-39.2200,-5421607,-1709897.43
634,3,29,4276373#ROwVt5m6g7uk,-5735995,4527245#BmCzQv0EBpzVYldfKUKziL,5578558,4018671#GDi2ztPO3B1c44UtKtUgHg6IiRg55K,-3682924,0.55,-352465.07,221016#PjuYLQ20nU,-593598,37.5720,1297880,4972217.39
635,5,47,348448#gONhwdsXBG1C,4238412,5282620#9astI1GfzV02CvPUMKFFfV,5409791,4155428#ElmZ2vkZ9lOeEGcq35baTZ95zJsVYf,4572297,-0.43,-81708.82,5700460#8IUXlLslFD,5642873,14.6200,-119817,6222473.43
636,6,15,4060407#JfKris5xs9C4,-5985087,2547373#IaVeJhpipkk7qsmc5aqRbO,1172583,4764043#DOiJpP7bFc7pXX9oE7MpHj7ITNThxp,-1229651,-0.41,-4157662.13,4157728#Q7neEavrA6,3817488,48.7160,-2907709,-466525.68
637,7,83,4680731#9PEDT9YpgoEi,-3349321,439323#2TJDmxDTekxsvaF1RFXVYF,2259149,2189214#kM0Rw9GYX0LYPeZ4RrisugpboPatVs,61070,0.50,-536494.14,392561#csUZltGddl,-1829565,39.8750,788662,150863.87
638,1,121,59636#3Ge3uJYYdhS3,6174851,5904542#BScp4qg2ir7VYCM5dF9DJf,1975288,618707#xS6I8Jof5zqbMm44gs3LjTx47Urn4Z,1998699,0.57,1043506.21,5223910#jAUUOJdVxX,1573282,35.2020,-2259389,-4470431.3
639,3,103,2492978#hFUENkmaAAWr,-5618376,5553476#bYwyQdDB34aawEUBCgot5P,1125893,4992938#z5yWiEY6XIBJxT3wWi8HAgVlDEdNjY,478082,0.52,-2935577.95,4601212#a8lfeD2KXb,1578073,26.2010,-6312136,2668001.62
640,6,84,3228346#tBTaWsZBTBpR,-925354,926860#Gy4S5IvXsCwmnNQDzs3qR6,611764,4392693#aeVs4FW5iqamJWCdGKteDa97gs8yl4,2014681,-0.40,4438258.95,2493840#693bHhvfzw,5796422,0.9920,4643445,-575271.84
641,3,42,4039608#hlHPVlYkT5m4,-109644,2067700#NRJpCCoilIiPLE8LtwLzYH,3615767,1799967#N9MJr6oCqn9hPLtzzPapdZf76Mc2Wt,4604693,-0.49,-2432402.23,3685883#BOKvtwudtK,4571537,-42.9700,1408167,-611650.37
642,7,26,4199725#0rhHWqWZnFob,4732751,1029996#2e9S4Lx8wza0Euyc7XTbNd,5678125,573769#xk4GeH5bMaDC6ppbJ2pTFnIxxo2FJw,2598113,-0.43,4691771.33,2641393#EEIVGKEH1A,-2217859,17.5800,2597896,-4748039.03
643,3,33,4090064#ektWgkedSAdL,4026221,545942#JbEr8d1J3ShxF3h6TnqDXN,-1936756,3443513#0Fd8HlMKWOkWMZHdxQCrWxtI34tUD9,6307113,0.50,-2743772.08,2813954#1pX8GWQ1l8,-389298,-15.3800,-3364702,4073778.09
644,3,123,208901#e9gVvbo5H1JH,-5932155,3867272#pcFrunr2d9iZpJqsIZCOeY,5291251,4733575#hetiMmeR3v7YnLrJkU46ILu5hAD5x6,979975,-0.42,138269.56,217376#KMhp1yLUoy,-3786578,-4.2200,1006338,-5934598.4
645,6,124,1581868#tJaIB7CHwPw5,-5742847,4395885#YaXavzADz1OGIgHrWWew2S,1089782,6161427#byHPSy4oM7aYK4GDTYYIUclVLdyGE5,-1325495,-0.39,1923624.32,1164976#KtbQRPC8pB,-6349872,51.6450,5379339,-2067907.74
646,6,102,5670910#rbgCarfWUhhV,2648048,1978937#EmviyW3q3q3AdxcMQ8LKFE,-340897,1819734#N8XslUWjRkqUUpBOvEvBFk9W9Fh8Xi,-392676,0.50,-4472944.05,1813478#mCAJil5tsC,4616700,37.2440,2189265,-1934890.85
647,7,116,838553#WHhM143FVmnW,-4282320,14544#0DhvbzylzRMCqLhWDi0fq5,4407433,113487#r6gyJt341LbX80G4rBudkSW2Gtq5ap,-2746137,0.47,3094803.39,5846922#ruAJzz0kjz,-2653895,-17.4500,4019442,4618923.53
648,3,37,4489377#P8r9xJUeUVGV,3265313,6091240#uFKBAs5Lk3JGByxww4uQfr,-3863150,5922482#dP1Y8oGvie5LhXpoSfDtj1NLnm23j7,-3519121,-0.50,-1382162.68,290042#HVLLkPyXt1,-3887254,16.6420,572443,-935909.19
649,2,82,341763#IOXSMVPpexec,-6322678,2621438#ugD2RhEn2BvAwVpYJ862Ft,-5029462,1145144#x60rBNR3VwNTIXizXDos1nqasfJYat,380074,-0.51,-1049818.85,5239499#DoTDjzeDme,4631083,-16.8800,1331051,-3577785.85
650,6,67,4225897#x0T3O9R8ywh2,-4613004,992356#iIkuBg0Yv3LQw5MibsvLkJ,-2561200,4723980#ohKKch4iokmXh5PpSfXeJbRlCV40hO,-1077146,-0.48,-3076073.18,438826#YWWkCfd6rI,3512531,-36.0100,-4027238,6347115.89
651,2,104,6200588#DgBSdbqxghE5,-4749315,4242585#0A6lz2AyFIffMA6IqMdvl1,-5376152,3993804#7kWM1pCZO78TyYtKjLpH9yr59JrvsV,4409706,0.42,5302876.33,4012900#kb1cV3PDXe,-3796920,-7.8050,-324429,-863868.63
652,5,78,3605633#vGP9ElMjQjub,2745011,769957#bfcnKPOn4z8meeqQQhw8zd,-3264191,4111994#Sf4ZSDd3h7yxQTGTwhmsmg0eIIWZoC,-5448111,-0.39,5280272.07,5111087#QgkM887cMM,-2953962,-38.2100,-3169398,-442867.89
653,2,35,2745666#bTVBwxixE81C,-24654,803068#4rJMPCiZZRPQJNjuEEDoro,-3040767,5659378#vQEsmAmZZO2BtKzerpG49wel81j4pJ,4029844,0.46,5352723.81,22909#Cn9UJr7A2w,-4081292,-11.4700,166689,2299465.65
654,4,26,330237#Uj9CKnuDxAnr,2710750,1249392#lMtKRf4f9ySJCecB25Xy4z,-42508,5312234#E2L82ObnSsRv8v2LmNRdRWadZ0JySH,-2857318,0.47,-56178.13,3148354#9cTBeVBiD1,5867663,-27.2800,5688161,-1906760.42
655,3,118,2719771#Piskz1XKIjSX,-4620688,634384#CS7bGVNNaVd32myyV7y9kU,-2232626,5785571#Sprbq7JhvRBrJWrSuJQkY6Csas4ywc,-1762539,0.55,1573356.94,693703#g11BkdmpDs,441587,34.4500,320175,-4666254.66
656,5,45,3773359#DpCNyU35qkwK,2100085,2341452#qsUXSdD9q8xdM4yMi9E72Y,4282277,6145450#ejoyCNNz3xmwXeEod7L5QEaTTsF4WK,-43769,-0.40,3331318.78,6478860#rg6HMc4BVh,5937454,-3.4800,6377783,-6393968.36
657,4,116,520716#yeNNdSsoIV4i,5052431,3008623#bcYGmFhJwb3X5THsvwzukB,5129865,3614013#erj4IRCQis9y4xds4gupV4vOtEUbXc,6009358,0.51,-2260982.81,1282148#rUq7PVXAPa,-2880606,12.0300,2980594,-4601552.43
658,4,120,2719287#UlE4I0xggYTH,-420773,5360064#yVy1clUECNKZ9FgLRjEy0F,2676099,1464418#czlVrx2Z7aIyfJGA51E7zmAaHoDclQ,-5045565,-0.42,4661197.13,3135967#M631ZRxwwQ,-4567867,31.3560,6398529,5366428.83
659,4,27,236338#ib6Y1FY2UuTV,-1880818,3477369#GOTqFHGZcXOvJivd5w0WBz,5860807,3202968#JmyZhBB2FkfRAIkSjJSiG7ezUpX2KH,5415517,0.52,894084.24,3995164#odjPPhsVZu,3841571,-44.2700,-193804,3628740.4
660,7,20,2856293#gghn8LgMXvmi,-1620280,3366601#wNkS6tnrD0C8sxEuCjXXDE,5035140,4565572#bGX32sxEWKvCTg11zN6H8oTaR7EqpS,-3924577,0.46,759721.56,5919889#XvU5TXj3OT,-4823578,0.6360,2078685,3398047.57
661,5,51,5195406#Gsof0u8RnMK6,-1435402,1016223#CEZDZBG47gzmqYVO0TMfb5,-6171164,4434662#77bN0boLOzpH2VM7xAOgPdsNzKKl1g,-4460980,0.52,-1608264.79,6188488#hfLkKFeb2p,1481695,-49.0100,-3069327,-6327345.46
662,7,22,2982466#MxlFJYNfeO5J,4250366,2199518#jEqJcZ0sXB2DyuzvyEOskD,3646466,72348#FQju4zbX0jJGontPkNPjFXhvbn0Emx,-4797458,0.51,-894796.09,549413#kRpSGpoYf1,1392451,-21.7700,-2399278,-5015432.64
663,6,126,6248821#ChMhgQP7ZO40,-1144401,1338532#Ld2IgPPul13s4s5QPKnWVP,4387432,448328#ihT5ZDOCkwFjDg6MgzVhuaAe9aNNO2,931616,0.56,5164847.33,1487642#ocSNIFaNLF,5974962,-42.3200,1722877,-25970.75
664,1,64,5457950#cIwRfgsMImDB,-4415292,1482374#rYZkg1eqi96V5WdKS6p9s2,-641456,825622#gOXYBrU6M0q9DpxgnHLNvuG3E8NTSn,-404328,0.57,1619999.98,4858324#Lkdg9afRYK,-736536,-36.2800,6395691,1975074.35
665,3,44,308882#Ykzzdbd9iNh2,-4173388,1430294#U3UDkh1cyIrj4VA5NwVCHe,-1916119,3951249#t0Gz7v0aSDiRYvjZoKTLjphCnpYQpJ,3690450,-0.42,3608327.22,3671725#GW8K4CW4mW,5858822,-47.7500,-5237482,-3439041.95
666,3,60,5795492#BKnocBpMLSXz,-5569445,5201714#GxcCfsYHzbh2U463v3uLTM,-4505937,3451244#UcqqhgmRCtyW7SkgxtuxzUlB8xIBdM,1769127,0.47,-1227164.35,4135152#JvF84kiQ95,-1243627,-38.9800,-2187720,4520020.15
667,2,34,3874051#vwOXwPRMJEYI,2463173,5826753#O0VotyAIELe3eSld0iLMq8,-3918496,1800621#RB9ubX6QIvFSMm3kJnNiuKFP98I7YQ,-4222336,0.50,-5506465.40,1315963#bFV0zcpovm,3377229,20.7830,5244976,-2962688.15
668,3,113,4930554#FpTGHMNrzuvz,-374157,2408442#Fq6k2ip7Vj0B22UwfjxvfM,5661114,4520203#TfqTUrHB1YaBZMtPbmEh0l6XlOnr2F,5603389,0.55,-5319971.49,6033156#9GZ862UYCh,-5385858,9.9840,4813630,2099931.94
669,6,120,2936969#x4xbS7aYQueM,5278575,346868#NUCTcDMMRfZZXXjb8PsnH7,-6090672,5309693#aeVs4FW5iqamJWCdGKteDa97gs8yl4,2289611,-0.42,3666299.02,4268094#yfcNlnT4Sq,6605995,-25.8300,-5471969,-6597787.82
670,4,51,5832048#OQFiBrlbI8Jd,2747914,1521655#ZOjDeclkpnqLRc1OT8rHOw,4004752,6330005#imPYNxu4N11bR07NjK9KlPnXxhuU1K,411084,0.55,1993358.71,410618#EtxlX1qtjj,1601466,-42.8700,3698859,-3669432.14
