2676,879,1668,657,20330238#uiQ7Cnth4nT7W7weyQp,24532427.57
2677,770,1740,1034,16463800#eLFhgH4vaO5DZFexMxa,10208238.39
2678,1400,997,1648,5650885#MMl9H64flWKbgdsymbj,17857899.10
2679,793,1693,1019,23233913#NS28OQ4neae41t75SgD,3698143.94
2680,1107,1901,860,4669387#Req9GVAOaXRT8ZkJf2o,-18316621.06
2681,835,1180,1326,4510508#RoFyedyRJJaYh7s1SXq,8638284.73
2682,17,1648,876,18302353#WC6sQaWEY7lqWGL5tKi,-24838587.98
2683,373,1172,1512,13647534#1vcjgUY1HrNWiyYziJa,20495365.94
2684,54,743,1202,15955958#UCTZ13uD7rx2Rr3fy1L,-9499036.38
2685,35,1041,1142,3829237#dlLl4CepzN9aBsgD0yX,2453337.06
2686,594,97,702,7737794#sHQdRzCowYxkCWYQHcP,21825784.39
2687,1133,10,1194,22519389#KkGAS8OcroJxKEa2Nrr,-7010379.87
2688,1354,802,535,11914258#ZG5iXkxpCOk4uTR6UzZ,15104346.19
2689,315,1363,1654,25866713#FSDREhXPJLJR9z2uKzp,-4908589.69
2690,408,1403,86,6977445#DImvxRmcKW2o0BmmXrF,393532.65
2691,292,43,1340,19801172#41UVE75B2TWVr53ebBp,-12683429.68
2692,554,1196,1671,11106074#3dmDr4oouseoJmTJnFU,2125784.33
2693,1437,9,1024,25728929#b6ClPdhJgpEWv4kA19d,-20171143.63
2694,610,1660,1657,14656579#Bx5OhHj24RQrNMztxa8,-17788556.03
2695,837,882,376,19080818#ShKtn0Mvc0vM70Bgnv8,-6796549.84
2696,1308,530,1865,11593571#wu1mhRyVKmPtaqTuQ1r,-24181051.89
2697,673,751,1138,823738#JdQJk1sBoPSUi71inB2,-4696014.42
2698,126,652,1513,4916399#NbjWf2bAFJem3zbLIWE,5672857.55
2699,1285,978,1685,18684791#UXPzcBmUyEX56rP2oNy,23200815.65
2700,511,1913,1438,3089590#dX9T9CwoVFYwC0p7heK,20682092.62
2701,284,436,495,26322994#OpO9IgXhAOsopBsbcCP,-975773.82
2702,309,1883,369,10028509#Ux0eGfKkqNCL3J6vrjK,7479910.49
2703,1093,216,670,1226329#5VekdE9Zq2jTvVLiZGK,18332211.65
2704,475,1722,1527,6831140#9GAIArynvRgXAYBXxMH,8106431.60
2705,919,549,276,7827206#RK4iQQ3Sz7P4lQa3eIj,-14705943.73
2706,722,213,1520,15239944#YnWQm4Sm6zyHkXG71wf,20866580.95
2707,695,1429,596,3522413#zrDUUhlWuEyfgyIoN85,5497854.30
2708,1212,1506,649,18274841#lOyA3a8Spg3OWPFEWW2,-9629094.74
2709,599,819,1270,23141840#EhfWn1P0YFnFYbs9juB,-12164626.55
2710,960,790,1863,23507870#H9xfT6stFweJsEAsiMd,25116599.00
2711,52,24,1245,19186306#ckWMhOZLWW0ZWXKx94Z,3256054.46
2712,153,76,1206,9965478#D0n69wM1sV1VN4PaQUH,3114027.19
2713,483,1567,1203,12054584#QT9m082Id2de11SIxFF,-1800275.07
2714,942,1392,284,20159047#iFCxGi1bVFJgBb9yTGs,-13130269.72
2715,218,272,1043,13913584#QT9m082Id2de11SIxFF,5167937.58
2716,932,1261,1563,14185856#g10cQyIvmMGCYHpWIRM,21595813.08
2717,308,1419,1137,26093447#cvB0c5qoV12D1bvHTNJ,-20863804.82
2718,1352,1769,118,9257494#eP0pK3G9XGeU6ebvNh3,-10364025.99
2719,965,381,1130,22217604#moQ9MXB8Te40gWMdYrM,-25274314.18
2720,701,71,297,5964096#KbE1HIHI1FG9USV4uD5,16527514.46
2721,333,1597,994,11980770#cxuNnyLUFCduT3dWaB2,-8431868.85
2722,276,1282,680,922143#1Bi4NIlnAnbSdPUYBxc,23398105.75
2723,320,1687,1166,9591241#MfvgYZhParBCmJkHoAH,-21390380.50
2724,1255,1903,164,12304249#6NkMFatA2gDrpjeYU2n,-24321066.21
2725,1380,1376,1862,9498013#sid8gmM8qkjSTB1qnfW,3234361.94
2726,781,779,1825,20710025#jiuNApTFP3ACGlSI2N5,24990980.57
2727,290,609,1882,16771274#fWVFVvw8R2nflhoCavb,10399045.89
2728,473,1040,1001,5756252#PnV0hANtIWycj7epGdW,18191459.60
2729,1168,1921,1133,23667430#iNtCgRyhL7UlVqPUgml,3767304.44
2730,491,1616,1727,4756376#2A8GRivYOvhwFxXKlhm,-18658483.06
2731,438,1387,1468,4594582#6a2SKZqwEO83k4VC1gZ,8799494.23
2732,1401,515,1816,18643500#xoZe06mkfovAqZRy3TU,-25301480.48
2733,281,368,682,13901851#JMvPTVcNyJzjBxUZ924,20877311.94
2734,266,1293,1242,16253062#On8VY3NzvfcfBvzkII4,-9676178.88
2735,424,1880,1330,3900476#TXvfUKdciPe25BYrpUj,2499062.56
2736,521,1037,1703,7881719#kqZFXuFjIjcVDxuKL9n,22231891.89
2737,1149,1409,16,22938381#LrPsPPD3M34MT8PGni1,-7140916.37
2738,101,1435,706,12135696#bOaIXsAHtcxm9amzpks,15385120.69
2739,1054,1843,1611,26347584#QT9m082Id2de11SIxFF,-4999884.19
2740,580,554,738,7107033#a02kxU9kBSJPk3xeoKT,400951.65
2741,676,1371,1091,20169059#tOxMbUFVQbCY0lD12T7,-12919039.18
2742,186,1089,459,11312297#gIUdtnBDDsi9rVvzdzp,2165172.33
2743,320,655,466,26206452#am5piyjFJh2tHjE2PKn,-20545468.63
2744,1043,938,1649,14928451#yFCHkeW50n7uyV6qI0G,-18118674.53
2745,684,452,290,19434731#1C23s4qsCwQrn7c13dK,-6922701.84
2746,1067,712,254,11808406#IqzTwBRcP2p042eXcUt,-24629636.39
2747,1298,1302,1053,838945#XhVMMgnT8OPmTSyhivn,-4783098.42
2748,469,1130,1831,5007510#1RAElZUwPhNTeyHEWWc,5777957.55
2749,796,1574,586,19030901#Y5Fo7klh8Zm3dz41hu4,23630640.15
2750,797,1263,1044,3146801#oRmRt0fXtVNNysjbQEw,21065226.12
2751,333,1642,162,26810242#wb0K3dBzGLnUd2JIvGh,-993802.82
2752,785,1760,1806,10214021#875E7VLiQ5iT1O8FkoP,7618313.99
2753,501,571,750,1248969#bfDSFiHfqksFOw9dAIj,18671325.15
2754,761,842,1040,6957450#vnO4vos0Saubym6C93g,8256251.10
2755,45,1706,601,7971842#dlO4Vma40htCBVyHhBa,-14977595.73
2756,1124,869,526,15521434#qW5Zm0mPrEFXmOkK4KF,21252261.95
2757,1316,248,336,3587348#KcW75ubahg3fk4kMoOo,5599544.30
2758,535,1409,1706,18612221#qqmZk1FaA6ucSJ2iOeB,-9806796.24
2759,1204,177,1717,23568812#7JGwMSETAqWmzkjlVs7,-12389032.05
2760,233,1207,821,23941528#zjDAZ8Vt0nqYdcvPAdt,25580100.00
2761,1095,1332,59,19540027#2RnaEX5zsXFTMtAsFa0,3315987.46
2762,5,534,805,10149144#0sqM3mSQnojUicSqdWm,3171311.69
2763,756,1277,55,12276653#Fmh744RrpJKTbi1rNV4,-1833407.57
2764,1319,1027,1024,20530330#RjEOOlJiVy5inekvXYF,-13372099.22
2765,881,459,462,14169799#eJZIOkNSNBS8BTh7Kax,5263041.08
2766,1420,306,976,14446952#kvtTvkIBA2Rm914KY41,21993473.58
2767,634,1716,797,26573580#4jAtRNAydyxE9ZyAOkL,-21247735.82
2768,1024,881,418,9427748#CymZyAF6WspIhYIj8PW,-10554500.49
2769,222,534,401,22626065#EeFnaklSAkVV7MXB9oY,-25739129.18
2770,812,1409,833,6073637#FfAWvGy3CrtvwcmmLiy,16831234.46
2771,262,797,913,12200801#oRmRt0fXtVNNysjbQEw,-8586799.85
2772,432,1122,162,938967#hqEa4p1zrPGjs710sR7,23827899.75
2773,980,1780,822,9767328#ZV6IHmMh4AeqnU8B53t,-21783206.00
2774,364,470,1375,12529940#3s4NoPAOFEFcskyj9Zp,-24767348.71
2775,772,1613,285,9672131#E64Hbx2OxJwNlL4iWbk,3293852.94
2776,683,1821,1096,21089811#8EXOHAmEaWlfaD6iwtR,25449533.57
2777,1300,1410,834,17078748#CymZyAF6WspIhYIj8PW,10589853.39
2778,1034,1083,354,5861619#audLJit8ULCWofNyB0a,18525020.10
2779,53,219,1247,24100947#9oPkQI5PRP4ss4XtKeE,3836464.94
2780,1363,1331,698,4843365#OCRwpFRr6CuQu0F89Tm,-19000345.06
2781,40,1595,1611,4678657#MU9S1jsuosQbaYg7rXD,8960703.73
2782,1297,1313,860,18984647#x6UPADEy5asunlaUNfy,-25764372.98
2783,188,1495,1748,14156167#4dI46T8YMMtq0hfD3By,21259257.94
2784,477,1843,1283,16550167#4dI46T8YMMtq0hfD3By,-9853321.38
2785,812,787,1518,3971715#w3kFqzw9n4cmjGiajWC,2544788.06
2786,449,46,808,8025644#8hfMoHZhOY5EDCHwgYn,22637999.39
2787,1166,877,735,23357373#xmrkAu9gXVHK3Kx0FFa,-7271452.87
2788,337,137,878,12357135#aDoqrRN66StK1han5yK,15665895.19
2789,303,392,1568,26828455#aiLFu12Whv5xugs3xfr,-5091178.69
2790,752,1636,1391,7236620#pfgrtfJ98xKgRQzYOZ0,408370.65
2791,1060,769,842,20536947#9oPkQI5PRP4ss4XtKeE,-13154648.68
2792,1307,982,1143,11518521#cVg6gQIrAyBQBTGvUfV,2204560.33
2793,691,1301,1803,26683975#f7UIKjTSJoZUPkGA9yZ,-20919793.63
2794,1477,216,1642,15200323#DcpBVrKP8CDKZheEUtd,-18448793.03
2795,531,21,204,19788644#8hfMoHZhOY5EDCHwgYn,-7048853.84
2796,826,893,540,12023240#tkBGXJFYWWgKGWp5u83,-25078220.89
2797,433,1852,968,854151#wmDnQawuncHoS0o5XZK,-4870182.42
2798,813,1608,253,5098621#KdtxR8CsnRhXSd4b5rm,5883057.55
2799,307,239,1383,19377010#41HlfH7A9dgKDwDfaBh,24060464.65
2800,1084,614,650,3204012#pguafWZ2akhY0QRo8nK,21448359.62
2801,381,918,1725,27297490#RihzmUvMcFMMD5iD4N7,-1011831.82
2802,1260,1636,1347,10399533#tLicN4U8IsorsqPQTc6,7756717.49
2803,1398,926,831,1271608#KdUX0PkzajUorC06Mvm,19010438.65
2804,1047,1893,552,7083760#lyTFrDy2bIpcMSDp1Dz,8406070.60
2805,660,933,927,8116478#D0n69wM1sV1VN4PaQUH,-15249247.73
2806,36,1526,1427,15802923#6MZjBdylu3AAWYoYSIu,21637942.95
2807,447,998,76,3652283#0Rtgw0MDiW5EpbOHvXn,5701234.30
2808,1348,1312,868,18949601#IEmkZDMND4f1qVNwiVU,-9984497.74
2809,320,1467,269,23995784#G4As8GfhgKgEG6PGroE,-12613437.55
2810,995,1624,1675,24375185#30JT17eVqqVCNyvHHgK,26043601.00
2811,649,708,769,19893748#CymZyAF6WspIhYIj8PW,3375920.46
2812,1346,993,404,10332810#LVgvNjqAymcE6b4OPHo,3228596.19
2813,1029,986,804,12498721#jb5238cPlseCVXa7poQ,-1866540.07
2814,207,662,1764,20901612#Uoe1nSzkFUMBPOIeGvr,-13613928.72
2815,55,645,1776,14426013#sid8gmM8qkjSTB1qnfW,5358144.58
2816,419,1283,389,14708047#iFCxGi1bVFJgBb9yTGs,22391134.08
2817,960,82,458,27053712#Xim7xZSxwpBwZ4hk5d3,-21631666.82
2818,696,1924,717,9598002#TRZfUDFTJ7XxEwz9KIv,-10744974.99
2819,968,688,1568,23034526#YxyNlraNWqaRGteqCkK,-26203944.18
2820,923,815,1368,6183178#rA1Bk3ncOT24uRVCFTv,17134954.46
2821,192,1929,832,12420831#P0EfhIJIOZJByq3IJvt,-8741730.85
2822,587,961,1540,955790#RUbU0tjVOvhTfn5uQeb,24257693.75
2823,151,1873,477,9943414#mx9xfYWW91P8WELbLqE,-22176031.50
2824,962,969,690,12755631#pCMHOg4hH1grKowzU0r,-25213631.21
2825,165,1851,605,9846249#6NkMFatA2gDrpjeYU2n,3353343.94
2826,585,932,368,21469598#6VyPV4YdHlVwSPZNIRx,25908086.57
2827,820,279,1682,17386222#WgXUcjddhvd9p7Fn2k6,10780660.89
2828,107,1126,1603,5966986#J4mWWg8BIfNjoT9ibDh,18858580.60
2829,428,447,1361,24534464#28BDVax5zTfJfcOCZw5,3905625.44
2830,747,1046,1565,4930354#wGuNtBU3imIXUQjNy2J,-19342207.06
2831,1132,1802,1753,4762731#1C23s4qsCwQrn7c13dK,9121913.23
2832,1192,180,1800,19325794#sHQdRzCowYxkCWYQHcP,-26227265.48
2833,96,691,918,14410484#o6dDD9KRmSdrdIRZs1R,21641203.94
2834,689,462,1323,16847271#WjchaO3zm0abuTtfDUG,-10030463.88
2835,1201,1626,1706,4042954#R7EADicRZ8skgN0tfIQ,2590513.56
2836,376,986,1809,8169569#CdvsCsvldKxeEqlsXDD,23044106.89
2837,1182,345,1453,23776365#OCRwpFRr6CuQu0F89Tm,-7401989.37
2838,573,770,1049,12578573#XcqeP48JNJNZCS9AwGC,15946669.69
2839,1042,872,1525,27309326#4Rq48wpbT4QtR03nJlM,-5182473.19
2840,924,787,147,7366208#VrWW7zFixpGWDrZJSWu,415789.65
2841,1444,166,593,20904834#n6DLcgEmb4IjIiBCHU2,-13390258.18
2842,939,875,1827,11724744#jYEAfA3YGO4MFOWqrGC,2243948.33
2843,1063,16,1245,27161498#EKdgCBKOxXFkTfAotkW,-21294118.63
2844,421,1425,1634,15472195#SiW7EHH7G34XDtFkRNZ,-18778911.53
2845,378,1522,118,20142557#TlYlgMNr7kIQBngzasB,-7175005.84
2846,585,1075,825,12238075#yyF0YIEMZTYNW5yBIO2,-25526805.39
2847,1058,472,883,869358#DKXjqewFmQYpbEDiap0,-4957266.42
2848,1156,155,571,5189732#6501rzWxfv4jTADo5cs,5988157.55
2849,1307,835,284,19723120#0ubIRxGx5CqVJKbREz5,24490289.15
2850,1370,1895,256,3261223#tUFi5fm7c5aFLc1031N,21831493.12
2851,430,193,1392,27784738#JdQJk1sBoPSUi71inB2,-1029860.82
2852,247,1513,888,10585045#tEWNY6sqmKJsLqNiHAB,7895120.99
2853,806,1281,911,1294248#teYwGjlgN52VIOt3fxX,19349552.15
2854,1333,1013,65,7210070#RzAk8f3UZMk0mQiE2wB,8555890.10
2855,1275,159,1252,8261114#iCSntwGo3sCB35FWhmx,-15520899.73
2856,438,251,433,16084413#zrDUUhlWuEyfgyIoN85,22023623.95
2857,1068,1748,1712,3717218#x7Rw2qJzaGWFfvGxXY4,5802924.30
2858,671,1215,29,19286981#YvWDwOVs8IwEvtkoF8x,-10162199.24
2859,925,825,716,24422756#tSopv3pQLC0psguPaum,-12837843.05
2860,268,110,633,24808843#SoWHLEuXJSn45OA5anX,26507102.00
2861,203,85,1479,20247469#tigaGBKgwx9rX9vawcR,3435853.46
2862,1198,1451,3,10516476#TXvfUKdciPe25BYrpUj,3285880.69
2863,1302,696,1552,12720790#RUbU0tjVOvhTfn5uQeb,-1899672.57
2864,584,297,608,21272895#g3RNp3Drbx5Ai6lUqpY,-13855758.22
2865,718,832,1195,14682228#Q97PuXJ1ADuUUi12UxS,5453248.08
2866,907,328,1698,14969143#1Bi4NIlnAnbSdPUYBxc,22788794.58
2867,1286,379,118,27533845#DanCteDvuaYUIwkUexI,-22015597.82
2868,368,1036,1017,9768256#SorP1QMZdBh28QeRvK8,-10935449.49
2869,225,841,839,23442987#nGWiZiwoJpg7KOCsC2I,-26668759.18
2870,1034,222,8,6292719#kqZFXuFjIjcVDxuKL9n,17438674.46
2871,121,1129,751,12640862#uMrYy6IP9qc2bJnvFP1,-8896661.85
2872,743,801,1022,972614#OW6yjYq34cNMvftFqSi,24687487.75
2873,811,35,133,10119501#CEfIjePgrhcGww5sQFA,-22568857.00
2874,71,1467,5,12981322#uv4x2dS8FeBRnr0E7bO,-25659913.71
2875,1046,157,924,10020367#EmnfDRgcYlKaJHbZgRp,3412834.94
2876,487,43,1535,21849384#hEOLnHEFszM4KgujlRM,26366639.57
2877,341,1080,634,17693696#bOaIXsAHtcxm9amzpks,10971468.39
2878,668,1169,956,6072353#WC6sQaWEY7lqWGL5tKi,19192141.10
2879,802,676,1475,24967981#YvWDwOVs8IwEvtkoF8x,3974785.94
2880,130,761,536,5017343#2X0mCoPppXNgsXX1J2a,-19684069.06
2881,734,79,1896,4846806#YwGshlrO1VEyZkwmFm7,9283122.73
2882,1088,978,844,19666941#4ARQJhTXfVmNgpnGCbq,-26690157.98
2883,3,1818,88,14664800#eLFhgH4vaO5DZFexMxa,22023149.94
2884,900,1012,1364,17144376#2A8GRivYOvhwFxXKlhm,-10207606.38
2885,100,533,1894,4114193#Pz2BimO6HRQOm1gvii3,2636239.06
2886,304,1926,914,8313494#eP0pK3G9XGeU6ebvNh3,23450214.39
2887,1199,1744,276,24195357#GIqJ1C68GnIYUB0ic9K,-7532525.87
2888,809,1403,1221,12800012#pguafWZ2akhY0QRo8nK,16227444.19
2889,291,1352,1482,27790197#jkmpm2ADzVeDCncKenn,-5273767.69
2890,1096,1869,800,7495795#MZVmyCDCe2V2zfXouB6,423208.65
2891,339,1495,344,21272722#x85DRU3FLJuUbS5d8wH,-13625867.68
2892,571,768,615,11930968#6eqWSsdtRFnYsej72oN,2283336.33
2893,1434,662,686,27639021#875E7VLiQ5iT1O8FkoP,-21668443.63
2894,855,703,1627,15744067#jnTSEe8skwhq3xEDkEA,-19109030.03
2895,225,1091,32,20496470#F7KzSM0OGGzgIKpvV2G,-7301157.84
2896,344,1256,1111,12452909#T1nYpGuqE27LZZZlnbe,-25975389.89
2897,193,1022,798,884564#sYN5eX44zWtu0wDyPS0,-5044350.42
2898,11,633,889,5280843#SoWHLEuXJSn45OA5anX,6093257.55
2899,818,1431,1081,20069229#H5jCivfhRnXoCUg8GoU,24920113.65
2900,168,1246,1758,3318434#qW5Zm0mPrEFXmOkK4KF,22214626.62
2901,478,1400,1059,28271986#J4mWWg8BIfNjoT9ibDh,-1047889.82
2902,722,1389,429,10770557#TlYlgMNr7kIQBngzasB,8033524.49
2903,214,1636,992,1316887#bN14d8ANSoCutI7hlkO,19688665.65
2904,130,133,1473,7336380#V8neY2NeA9dnhutq3uc,8705709.60
2905,401,1317,1578,8405750#uGHz8KMIHYFeJUMINIM,-15792551.73
2906,839,908,1334,16365902#zWmod5FXUWZj6ckND06,22409304.95
2907,199,567,1452,3782153#4ll3lXJsAcJtDzu5WP9,5904614.30
2908,1484,1118,1087,19624361#55Q1J0BDFCYtDTNVNyE,-10339900.74
2909,41,184,1164,24849728#y39pO6AJn9vkk0scSOF,-13062248.55
2910,1030,527,1487,25242500#xoZe06mkfovAqZRy3TU,26970603.00
2911,1246,1392,293,20601190#ASpq2A6oD7rqLkwwO5t,3495786.46
2912,1050,1910,1498,10700142#VBypOVHM4ZEaew5uhFP,3343165.19
2913,86,405,405,12942858#IqXOtJ2GFHWLvslafOO,-1932805.07
2914,961,1863,1348,21644177#7k2YkvDRhJzj67WeVCG,-14097587.72
2915,1381,1018,613,14938442#HMDrQBgGljFI8UZP1bK,5548351.58
2916,1395,1305,1111,15230238#uiQ7Cnth4nT7W7weyQp,23186455.08
2917,123,676,1675,28013977#DNqrviUdwlasu4df0Be,-22399528.82
2918,40,148,1316,9938510#1RAElZUwPhNTeyHEWWc,-11125923.99
2919,971,995,110,23851448#XZghv3zMnfuBAcSpRIO,-27133574.18
2920,1145,1559,543,6402260#8nSRyJXYUF2Z6KiShzo,17742394.46
2921,51,330,670,12860892#97vySpvV6iV6vR5y0Gh,-9051592.85
2922,898,640,504,989437#R28y0lWtNUtWJ16dhjL,25117281.75
2923,1471,128,1684,10295587#RRTnSgASOzJFg6Gj8C5,-22961682.50
2924,669,35,1216,13207013#sid8gmM8qkjSTB1qnfW,-26106196.21
2925,439,395,1244,10194485#qBEJhMFLS5KO3iw3Nwr,3472325.94
2926,389,1085,807,22229171#xs9eg27bV8rWrZwXOYB,26825192.57
2927,1350,1880,1482,18001170#HLEFQaBj6P1Jix8xKwo,11162275.89
2928,1230,1212,309,6177720#cQXjZMeaFYcP8Bttzud,19525701.60
2929,1177,904,1589,25401498#EKdgCBKOxXFkTfAotkW,4043946.44
2930,1003,476,1403,5104332#CChFRFF2nQLsAtkZuPZ,-20025931.06
2931,337,286,142,4930880#foihSN9vyV0XIhxCyAZ,9444332.23
2932,983,1776,1784,20008088#UMFQUupskq9WsszEq1n,-27153050.48
2933,1400,1014,1154,14919117#Tqn3ernGYCCFxTCRLWZ,22405095.94
2934,1112,1562,1404,17441480#FiUEoDlTP1LnUSbb3gi,-10384748.88
2935,489,1372,186,4185432#0pxJqem9YXGVtMfIFt0,2681964.56
2936,231,935,19,8457419#7w3SatYDwxOojvQFJS6,23856321.89
2937,1215,1212,994,24614349#DFf4BB03w6ejBiAK0PV,-7663062.37
2938,1045,105,1392,13021450#vnO4vos0Saubym6C93g,16508218.69
2939,1030,1832,1439,28271068#JYWnaF85k5jRc0QIzBf,-5365062.19
2940,1268,1020,1452,7625383#CrffLmYk5vRZ5bIqfAy,430627.65
2941,723,892,95,21640609#APKXhldt9zJ7QoKciRj,-13861477.18
2942,203,661,1299,12137191#nrg9zOqxRdonl1dm86k,2322724.33
2943,317,1308,128,28116544#YEQ4douUECx2uiKtiEd,-22042768.63
2944,1288,1912,1619,16015939#H5Ep8AIBcRJnAOYZhM4,-19439148.53
2945,72,661,1842,20850383#CrffLmYk5vRZ5bIqfAy,-7427309.84
2946,103,1438,1396,12667744#jYEAfA3YGO4MFOWqrGC,-26423974.39
2947,818,1573,713,899771#5q7pJXiLXCq6Ls65zRM,-5131434.42
2948,354,1111,1207,5371954#R7EADicRZ8skgN0tfIQ,6198357.55
2949,329,96,1878,20415339#vDAuyWGaNYCjYvtZvia,25349938.15
2950,454,596,1364,3375645#dXsw3hncMyb7OahI2ev,22597760.12
2951,527,675,726,28759234#DgB8DnAIZIpzqAnPwYL,-1065918.82
2952,1198,1266,1866,10956069#nV9TMJQkj9iO3xsst65,8171927.99
2953,1111,60,1072,1339527#1Ma3boBvBYYTL7YAbXY,20027779.15
2954,416,1184,986,7462690#sP9r37oUuuxphKot5JU,8855529.10
2955,1016,543,7,8550386#gI3XrK1CLZrG0hbrNiU,-16064203.73
2956,1241,1564,340,16647392#fSRFfV1VsH7r4EEuIWv,22794985.95
2957,820,1317,1192,3847088#UMFQUupskq9WsszEq1n,6006304.30
2958,807,1021,248,19961741#6uIVY0P36QkI4pzuoBC,-10517602.24
2959,646,1473,1611,25276700#IN1sZglTJvGgN9euaAd,-13286654.05
2960,303,944,445,25676158#PHHw9qRXNJYow6YXYHR,27434104.00
2961,800,769,1003,20954911#ohGB83erwIWvNw0IG9c,3555719.46
2962,902,437,1097,10883808#ZkSev5isJtDihqDkECZ,3400449.69
2963,359,115,1153,13164927#7iAbBb9WG1i57WZgvB9,-1965937.57
2964,1338,1498,192,22015460#Scy4LbWJ8APDslXKrGS,-14339417.22
2965,555,1205,32,15194657#MU9S1jsuosQbaYg7rXD,5643455.08
2966,394,350,524,15491334#DtIiad92xYj2nlQNIIR,23584115.58
2967,449,973,1335,28494110#P5bV0vxRgVnBHuitIrf,-22783459.82
2968,1201,1191,1616,10108764#iz6I2n78fMeLHxBDlLd,-11316398.49
2969,228,1148,1277,24259909#T1nYpGuqE27LZZZlnbe,-27598389.18
2970,1256,966,1079,6511801#oRmRt0fXtVNNysjbQEw,18046114.46
2971,1469,1461,589,13080923#6MZjBdylu3AAWYoYSIu,-9206523.85
2972,1054,480,1882,1006261#aGhT4TeMdVwtDJGp1r1,25547075.75
2973,642,221,1340,10471674#BbSFRiPnzLIRPfwMwTc,-23354508.00
2974,1267,533,531,13432704#4YbdSwaUsVW9H6ikpBQ,-26552478.71
2975,1320,632,1563,10368603#tdXv1aNM5MGiENCBKQo,3531816.94
2976,291,196,78,22608957#Qb1SkUvTRUzIqbEgECu,27283745.57
2977,871,750,434,18308644#8hfMoHZhOY5EDCHwgYn,11353083.39
2978,302,1255,1558,6283087#lJlslSPj7xUgHxZTiQb,19859262.10
2979,62,1133,1703,25835015#jxRvsZu6E40FsYRDR9G,4113106.94
2980,386,191,374,5191321#I2fW0nUXJ5QvUmtDUt6,-20367793.06
2981,1428,494,285,5014955#g2PKYTeHc6uIaaMKq7k,9605541.73
2982,879,643,828,20349235#C7ihmBZKW8JTwxgXvGW,-27615942.98
2983,1307,210,324,15173433#tJBu0EaXISHIuRYZhmx,22787041.94
2984,1323,181,1445,17738585#wjl5ly4XON3YwMrufND,-10561891.38
2985,877,279,374,4256671#c7gcdyThhIBMenVollZ,2727690.06
2986,159,1875,1020,8601344#GREvwDRPuveFTfYTYci,24262429.39
2987,1232,680,1713,25033341#Jw3dxQzT4XB3g85s7HS,-7793598.87
2988,1281,738,1564,13242889#42Opb3qnooUaq3MpMoF,16788993.19
2989,279,381,1396,28751939#H5Ep8AIBcRJnAOYZhM4,-5456356.69
2990,1440,171,209,7754970#FA2dfbj2yBabcz1otdj,438046.65
2991,1107,290,1742,22008497#mMI8jtanFSq0vDu2w1w,-14097086.68
2992,1324,554,87,12343415#aURO4uRJR48jsnNY0vE,2362112.33
2993,688,23,1465,28594067#jnTSEe8skwhq3xEDkEA,-22417093.63
2994,233,1190,1612,16287811#8EXOHAmEaWlfaD6iwtR,-19769267.03
2995,1408,230,1756,21204296#Ymb6ONyzeganprzuvcN,-7553461.84
2996,1351,1619,1682,12882578#qwv94TowAP6RUCHMnnQ,-26872558.89
2997,1442,192,628,914977#DNqrviUdwlasu4df0Be,-5218518.42
2998,698,1589,1525,5463065#EeFnaklSAkVV7MXB9oY,6303457.55
2999,1329,692,779,20761448#XZghv3zMnfuBAcSpRIO,25779762.65
3000,741,1878,970,3432856#g10cQyIvmMGCYHpWIRM,22980893.62
3001,575,1882,393,29246482#7JjGFIBMzLwcOCaLR7B,-1083947.82
3002,184,1142,1407,11141581#MmTgzhAzAudbOX7d7ru,8310331.49
3003,519,415,1153,1362166#Abzusws6IBPAd7M9V23,20366892.65
3004,702,304,498,7589000#VTPuFnhsn4D1XhnYOhx,9005348.60
3005,142,1701,333,8695022#BT7hGEEyuacdyXJ4ODU,-16335855.73
3006,153,290,1241,16928881#J2Cg1lJ9RVn4zlu7oHw,23180666.95
3007,1440,136,932,3912023#DuDmEKsp5byQa8TiwsG,6107994.30
3008,131,924,1306,20299121#jljIKQ56Eb6qdgoMdAh,-10695303.74
3009,1251,832,163,25703672#ApIgiCg52WmYWaQC5Jc,-13511059.55
3010,1065,1361,1299,26109815#7vzMnXThImmNf7DX20W,27897605.00
3011,354,145,1713,21308632#gZ5YYhrAQSxFSgxghpB,3615652.46
3012,754,896,696,11067474#yz5PzAArr7dGccIE5Iy,3457734.19
3013,632,1755,6,13386995#YtBBSnxaRdoegsfRUsJ,-1999070.07
3014,226,1133,932,22386742#KlvTXEh6vATXV0pZbwc,-14581246.72
3015,1218,1391,1346,15450871#5p8mYUISEWlNeJ1AmcF,5738558.58
3016,882,1327,1833,15752429#HZhrSUoofKrvoJQEoQs,23981776.08
3017,775,1270,996,28974242#wb0K3dBzGLnUd2JIvGh,-23167390.82
3018,873,303,19,10279018#AybTRhSTlseGtcLqXry,-11506872.99
3019,974,1302,548,24668370#yVm6YN5waT6zBu3AIOm,-28063204.18
3020,1367,372,1614,6621342#RycrFN2OCVclYwAK0Ks,18349834.46
3021,1399,662,508,13300953#FnzCdEXyAMte2NY9M4D,-9361454.85
3022,1209,319,1364,1023084#R1936APOQ7SigDzMFY2,25976869.75
3023,1302,314,995,10647760#lyTFrDy2bIpcMSDp1Dz,-23747333.50
3024,376,1032,1742,13658395#x5G1wZQpd5iMu0oAjCI,-26998761.21
3025,713,870,1883,10542721#jb5238cPlseCVXa7poQ,3591307.94
3026,193,1238,1246,22988744#jYEAfA3YGO4MFOWqrGC,27742298.57
3027,391,1550,1282,18616118#KOqkRK0BhTENuM7enR1,11543890.89
3028,864,1298,911,6388454#3es3pUvHDOcKAYtWrvl,20192822.60
3029,437,1361,1817,26268532#Kzi2Ynrm4GrpeaPH43E,4182267.44
3030,1259,1837,1241,5278310#4HfHh5pAvt91l1uVZZm,-20709655.06
3031,1031,701,427,5099029#8vtktADAaB5f3j7oQ5y,9766751.23
3032,774,1441,1768,20690382#NwG9zxfKQrUxmD2vFOX,-28078835.48
3033,1215,1337,1390,15427750#uGHz8KMIHYFeJUMINIM,23168987.94
3034,46,731,1485,18035689#8o77PvfUz59hteUHzMY,-10739033.88
3035,1266,1118,562,4327910#1f1qgjxXxlo5EE0Z3kx,2773415.56
3036,86,884,125,8745269#zzL31ZfNMks887pSZsW,24668536.89
3037,1248,148,535,25452333#K48E05oPBHKerXCJXZB,-7924135.37
3038,28,1371,1735,13464327#rtnnJTV0H5TxQdMCBUI,17069767.69
3039,1018,861,1353,29232810#LVgvNjqAymcE6b4OPHo,-5547651.19
3040,123,1253,861,7884558#YGiMInpQmWhmyGVUSLS,445465.65
3041,2,1618,1493,22376384#hEOLnHEFszM4KgujlRM,-14332696.18
3042,956,447,771,12549638#wMfVIA5VnjoYOqHzhVP,2401500.33
3043,1060,669,907,29071590#dX9T9CwoVFYwC0p7heK,-22791418.63
3044,666,468,1604,16559683#q1GHaC6GwYlpZIgHZls,-20099385.53
3045,1255,1731,1670,21558209#3MTf3JfphILJium4gib,-7679613.84
3046,1110,1801,71,13097413#zrDUUhlWuEyfgyIoN85,-27321143.39
3047,578,743,543,930184#b1OtY1ekcdvvq7xgsPi,-5305602.42
3048,1041,136,1843,5554176#JaGZXzbfbmzbGRjtMBj,6408557.55
3049,840,1288,1576,21107558#YGiMInpQmWhmyGVUSLS,26209587.15
3050,1027,1228,576,3490067#jnTSEe8skwhq3xEDkEA,23364027.12
3051,624,1157,60,29733730#sNyV6NHxnBJwWISZXsq,-1101976.82
3052,660,1019,948,11327093#gaoRBbCk3NlnB9pd00O,8448734.99
3053,1416,770,1233,1384806#YwGshlrO1VEyZkwmFm7,20706006.15
3054,988,1355,11,7715310#4HfHh5pAvt91l1uVZZm,9155168.10
3055,757,927,658,8839658#0I3R5hYrcA4c1b6kr72,-16607507.73
3056,555,946,247,17210371#uDeanvrRnTZmTOUvL9I,23566347.95
3057,572,886,672,3976958#UCTZ13uD7rx2Rr3fy1L,6209684.30
3058,943,827,467,20636501#CEfIjePgrhcGww5sQFA,-10873005.24
3059,367,190,610,26130644#8hfMoHZhOY5EDCHwgYn,-13735465.05
3060,338,1778,257,26543473#25idBLSpEiCol52AI33,28361106.00
3061,1397,1453,527,21662353#WC6sQaWEY7lqWGL5tKi,3675585.46
3062,606,1354,295,11251140#9GAIArynvRgXAYBXxMH,3515018.69
3063,905,1465,754,13609064#nHVs8q8Nsa3RaZFBRpS,-2032202.57
3064,603,768,1672,22758025#jiuNApTFP3ACGlSI2N5,-14823076.22
3065,392,1578,765,15707086#nj7zyjjzz3NGxFMBpD5,5833662.08
3066,1370,372,1246,16013525#wirarq1ck9hFtCL7A58,24379436.58
3067,1101,1567,656,29454375#dR6pEsGRTDGB01St9Aj,-23551321.82
3068,545,1346,319,10449272#dNfaYi1TKJhBEHsAhx6,-11697347.49
3069,231,1455,1715,25076831#P0EfhIJIOZJByq3IJvt,-28528019.18
3070,1478,1710,254,6730883#mzTMNyXaS65TFgZxwqn,18653554.46
3071,1328,1793,427,13520984#iNbNsAcnjhNKnPYThzN,-9516385.85
3072,1365,159,846,1039908#q2lUh2hfGIEuWzJs3Cd,26406663.75
3073,473,407,651,10823847#zi0BJWu12kXIBWPd1TJ,-24140159.00
3074,974,1530,1057,13884086#nj7zyjjzz3NGxFMBpD5,-27445043.71
3075,105,1107,306,10716839#9hvBjMlwo8z90zGwLrS,3650798.94
3076,95,349,517,23368530#1PZwYbVaKCX3t1raFvH,28200851.57
3077,1401,420,234,18923592#mqejflpC5k60A9YwZYS,11734698.39
3078,1425,1341,264,6493821#eFtH7kRdRutk8aARVXb,20526383.10
3079,811,1590,35,26702049#kDRx2Dz1JWPa4tW6rWv,4251427.94
3080,642,1552,212,5365299#2c8WPyx3uBx4NdvbGJy,-21051517.06
3081,633,909,570,5183104#eAfVnQvcKEvZki0rIFR,9927960.73
3082,670,308,812,21031529#J3U9W4hkspW8iSRixTS,-28541727.98
3083,1122,533,560,15682066#A01v6VNV7SbKopXf1wf,23550933.94
3084,257,1281,1526,18332794#sHQdRzCowYxkCWYQHcP,-10916176.38
3085,165,25,750,4399149#M4OBkEqkH64GRb7W2oj,2819141.06
3086,14,1824,1126,8889194#HRyXJV3aQDusY7B8mcA,25074644.39
3087,1265,1547,1254,25871325#9jIfOdUe4QhPvb9q0Bq,-8054671.87
3088,264,73,11,13685766#G5dlcgV2P7y3PKiRM2i,17350542.19
3089,267,1341,1310,29713681#hzYEPQcHv1yXa9ij0y1,-5638945.69
3090,295,404,1514,8014145#dnrFnOVH8D873cE7xw7,452884.65
3091,386,1016,1244,22744272#dNfaYi1TKJhBEHsAhx6,-14568305.68
3092,588,340,1455,12755862#uMrYy6IP9qc2bJnvFP1,2440888.33
3093,1431,1315,348,29549113#XJl7dXW0stxxiP1LPEu,-23165743.63
3094,1100,1677,1597,16831555#DEOQJZ6MpuK4aeEogYP,-20429504.03
3095,1102,1300,1584,21912122#oVMguhJMlY5ZjSigpPA,-7805765.84
3096,869,51,357,13312247#AKzVaedHiM8OOfnH9No,-27769727.89
3097,1202,1293,458,945390#yUPhOgFvHT5l9GANdFv,-5392686.42
3098,1385,614,265,5645287#9294k4Hazwbbsv6YVRL,6513657.55
3099,351,1884,477,21453667#IMesGxxWseDKOLXzV3o,26639411.65
3100,1314,579,182,3547278#KMSf8BiX4EQKZyRKNoN,23747160.62
3101,672,433,1623,30220978#zRPTOpSUhMUGVz6hMUc,-1120005.82
3102,1135,895,489,11512605#LKeeAAyb65KvjYJHyNW,8587138.49
3103,824,1125,1314,1407445#DImvxRmcKW2o0BmmXrF,21045119.65
3104,1274,475,1419,7841620#pfgrtfJ98xKgRQzYOZ0,9304987.60
3105,1372,154,984,8984294#jG13dDK24MbQn4NsWXm,-16879159.73
3106,956,1603,1148,17491860#klA8rMHI4bQshV128m5,23952028.95
3107,1192,1636,412,4041893#ahpcaRDqvYGhTRro0gT,6311374.30
3108,267,730,1525,20973881#J2Cg1lJ9RVn4zlu7oHw,-11050706.74
3109,972,1480,1058,26557616#s79neegitEZ1n19nzFh,-13959870.55
3110,1100,264,1111,26977130#t301vcJQ9IcnKZqA5WM,28824607.00
3111,951,829,1237,22016074#3dmDr4oouseoJmTJnFU,3735518.46
3112,458,1813,1790,11434806#YwGshlrO1VEyZkwmFm7,3572303.19
3113,1178,1174,1503,13831132#hxDglJuyKWxbvDHw8pe,-2065335.07
3114,980,403,516,23129307#Nih7QIgOl4ivxhcz3yo,-15064905.72
3115,1055,1764,183,15963300#kNEFWGoQttH8Kd9ZcYv,5928765.58
3116,369,1349,659,16274620#pfgrtfJ98xKgRQzYOZ0,24777097.08
3117,1427,1864,317,29934507#GPohLyrXwyeh7wNHCAE,-23935252.82
3118,217,458,618,10619526#YxyNlraNWqaRGteqCkK,-11887821.99
3119,977,1609,986,25485292#f0e7S860Ul7HcPnkaue,-28992834.18
3120,100,1116,789,6840424#VqpjFwJQoF2vYlFB5cG,18957274.46
3121,1258,994,346,13741014#vNU5XqZhDXeHlSkEo9r,-9671316.85
3122,31,1929,328,1056731#1C23s4qsCwQrn7c13dK,26836457.75
3123,1133,500,306,10999933#p5X1TWlvq1sBrwZENUo,-24532984.50
3124,83,98,372,14109777#ak7ugauAWcXXT69Jpxf,-27891326.21
3125,987,1345,626,10890957#Qb1SkUvTRUzIqbEgECu,3710289.94
3126,1486,1391,1685,23748317#wdganQJhCCQmWPdJkkC,28659404.57
3127,921,1220,1082,19231066#A01v6VNV7SbKopXf1wf,11925505.89
3128,498,1384,1513,6599188#Vo56TPPEwNlGLDty9KE,20859943.60
3129,1186,1818,149,27135566#qf5gHbu0aiPtzHrZxEv,4320588.44
3130,26,1267,1079,5452288#W2S8PqRkfy8bmF8fPhM,-21393379.06
3131,236,1116,712,5267178#rA1Bk3ncOT24uRVCFTv,10089170.23
3132,565,1106,1752,21372676#YkqEzA2ZTKxTssphdkF,-29004620.48
3133,1030,1660,1626,15936383#CrffLmYk5vRZ5bIqfAy,23932879.94
3134,469,1831,1566,18629898#EvCoJjGIEfE5BqZTTN5,-11093318.88
3135,554,864,938,4470388#c7ZXktY2JKvht6KFEYS,2864866.56
3136,1430,833,231,9033119#cgackjHxtBbidAew5hm,25480751.89
3137,1281,1015,76,26290317#wdganQJhCCQmWPdJkkC,-8185208.37
3138,500,706,182,13907204#qmCsVOZbCMDKqrK60Be,17631316.69
3139,1006,1821,1267,30194552#JM4NFDg0JG2xgLPJcYe,-5730240.19
3140,467,1486,270,8143733#GGy3lIfZDOf4v1O8Tkw,460303.65
3141,770,413,995,23112159#IldmRItzw9V5jIpkNlR,-14803915.18
3142,220,233,243,12962085#4TWrULkKFD3F8u2AAfc,2480276.33
3143,314,30,1686,30026636#ruA6heBD4uwzZVyO20q,-23540068.63
3144,44,955,1589,17103427#1Ay1BrgDQxb0fBrzTSI,-20759622.53
3145,949,870,1498,22266035#dKjBkjLbGXkUona57gh,-7931917.84
3146,628,233,642,13527082#SBeytXQUeiKC0E80XQb,-28218312.39
3147,338,1844,373,960597#XG8SLiOZafxBajJw6bY,-5479770.42
3148,239,1092,583,5736398#zqZRlkdYX5QkMpiHGbU,6618757.55
3149,1351,549,1274,21799777#ak7ugauAWcXXT69Jpxf,27069236.15
3150,111,1860,1684,3604489#o038q5D1YpDbIw2uw0x,24130294.12
3151,721,1639,1290,30708226#gweQBjtI1PrQfmIfktN,-1138034.82
3152,122,772,30,11698117#Tqn3ernGYCCFxTCRLWZ,8725541.99
3153,232,1480,1394,1430085#4TWrULkKFD3F8u2AAfc,21384233.15
3154,71,1526,932,7967930#JPBfMszkBy1Jj4gTwEZ,9454807.10
3155,498,1311,1309,9128930#JPBfMszkBy1Jj4gTwEZ,-17150811.73
3156,1358,328,154,17773350#CTfg2gDlQrmN4UVXwOJ,24337709.95
3157,324,455,152,4106828#9tP4CVIGD7WAAgP7aVJ,6413064.30
3158,1079,633,686,21311261#aGhT4TeMdVwtDJGp1r1,-11228408.24
3159,88,838,1505,26984588#AaYfzp6cLvIG08WTc8k,-14184276.05
3160,373,681,69,27410788#0qek505yRYOnDF2RODS,29288108.00
3161,505,206,51,22369795#MZVmyCDCe2V2zfXouB6,3795451.46
3162,310,340,1389,11618472#LPSqaGQOtRLKRKPBSyH,3629587.69
3163,1451,884,355,14053201#ymFTnX9YRoVTeqFrdkV,-2098467.57
3164,1357,38,1256,23500590#dX9T9CwoVFYwC0p7heK,-15306735.22
3165,229,20,1498,16219515#yk7oD01Fr9LMcLRfF2w,6023869.08
3166,857,394,72,16535716#xz6QV7eAGSbzYc2BErB,25174757.58
3167,264,230,1873,30414640#IJvoLKZvHjY3mKhjd8L,-24319183.82
3168,1378,1501,918,10789780#gHpD9DiAm01a1SiUmWW,-12078296.49
3169,234,1762,257,25893753#rMpV98ev32enUyf56Ti,-29457649.18
3170,211,523,1325,6949965#QYmpw2C9X7khH6wIyAy,19260994.46
3171,1187,194,265,13961045#tEWNY6sqmKJsLqNiHAB,-9826247.85
3172,187,1769,1706,1073555#DEOQJZ6MpuK4aeEogYP,27266251.75
3173,304,593,1858,11176020#jEmN22ULV9lstze8qTW,-24925810.00
3174,681,596,1583,14335468#8R46uSjW8E8iHsa5OHf,-28337608.71
3175,379,1582,945,11065075#yyF0YIEMZTYNW5yBIO2,3769780.94
3176,1388,502,956,24128103#DEa7eQiGtwznN9gECor,29117957.57
3177,442,90,34,19538540#1yudfiDKOSCF87x66qm,12116313.39
3178,1059,1427,866,6704555#DEOQJZ6MpuK4aeEogYP,21193504.10
3179,71,116,263,27569083#ZIswWTiKz9Aqco6uiXF,4389748.94
3180,898,982,50,5539277#ZsnoXGGEYN6fmTB1pX8,-21735241.06
3181,1327,1324,855,5351253#OVMRVP8OnOUzxZyzl7L,10250379.73
3182,461,1904,796,21713823#0dnV2nxTrjGUHAfLZPY,-29467512.98
3183,937,856,796,16190699#KEmsw0j7x59XdkXIOUF,24314825.94
3184,680,450,1607,18927003#tLD4jcdtd4h3Qr2PL2H,-11270461.38
3185,942,1702,1126,4541627#AICudqIZZ6WQeymKYyB,2910592.06
3186,1358,1773,1232,9177044#MaejKSJVt7if6TBIsfV,25886859.39
3187,1298,483,795,26709309#47cxqQR0zGhxVRbvSET,-8315744.87
3188,736,1339,354,14128643#YNq0ZaBkcZrZvbVq8fc,17912091.19
3189,255,370,1224,30675423#0pCtBxXfZpZz9tRG8ez,-5821534.69
3190,639,637,923,8273320#c5oZBZ4a3sgWwtdsygD,467722.65
3191,1154,1742,746,23480047#iFCxGi1bVFJgBb9yTGs,-15039524.68
3192,1341,126,927,13168309#47cxqQR0zGhxVRbvSET,2519664.33
3193,685,676,1127,30504159#IldmRItzw9V5jIpkNlR,-23914393.63
3194,478,233,1582,17375299#2c8WPyx3uBx4NdvbGJy,-21089741.03
3195,796,439,1412,22619948#crL57aHu9kGHSL8qOo6,-8058069.84
3196,387,414,928,13741916#cP6N6fQGbed27JCHM7p,-28666896.89
3197,962,463,288,975803#OUD6ms2yyCMLRPcGsM2,-5566854.42
3198,583,1570,901,5827509#Ux0eGfKkqNCL3J6vrjK,6723857.55
3199,862,1145,175,22145886#s9TGMe28WuVAUEfyNaG,27499060.65
3200,398,1211,1290,3661700#IN1sZglTJvGgN9euaAd,24513427.62
3201,769,915,957,31195474#yz5PzAArr7dGccIE5Iy,-1156063.82
3202,597,648,1467,11883629#ytISNktLi0WBhgjFjn1,8863945.49
3203,1129,1835,1475,1452724#m3Pt76XFR3gpKy7ypDj,21723346.65
3204,357,646,444,8094240#tkBGXJFYWWgKGWp5u83,9604626.60
3205,1113,538,1635,9273566#qf5gHbu0aiPtzHrZxEv,-17422463.73
3206,270,985,1055,18054839#9hvBjMlwo8z90zGwLrS,24723390.95
3207,944,1205,1788,4171763#pBCsM4zRqng1gNqE7eN,6514754.30
3208,403,536,1744,21648641#HlJwtiQAIzdbVYRJyBm,-11406109.74
3209,693,197,57,27411560#fNwITrzQPHNa96BufHT,-14408681.55
3210,1135,1098,923,27844445#DImvxRmcKW2o0BmmXrF,29751609.00
