3469,-14778538,-4155427.560,230449.8,-9214145,-10888021,24853182#RNGzVbFvbfdWv7nivIKgAyWSWeI6kP
3470,-3571995,32952189.370,27126.3,-22690169,1245472,24192682#QkSocHabyII7OAf5JE5nMpYgEANLYT
3471,-21056766,16335535.290,144634.3,17050858,-2212035,21455557#qXJTUkeDXeeK7NIUi17Wtx3ohJ8rao
3472,6122212,-21849575.530,-228442.2,-34534876,-33114499,3296325#tbeBELEoPw3KIModurlVY94odzvmvN
3473,25643938,-26467723.010,628174.7,-27333860,15206997,13617637#sfEdda8V8nEnGYm6xxw7EC7J7nQeRa
3474,16089949,6323774.840,85730.0,-22683337,31885495,18815746#A2KTG65QeOA7zfFLigbE3h2bR243sH
3475,-34276490,24772795.190,-625776.9,15864233,-15333495,7370346#Fyk3ca4Bol6pwii1f8LxDuk2aQYdEu
3476,-17777352,-21227755.350,-530450.5,7314016,-19108306,8794742#RZu6334WGrX9k1j9fZe6hHJ0YOVBvj
3477,19039994,-21558624.570,517994.1,8847511,-13801508,14349277#Y784mXuCaTNzPUbudvXzOuNTTV55AQ
3478,-1374560,15758567.230,514902.4,-26616320,12310714,6213295#CYrC3Z8IW316QGL06wZn5NOpVeXk8b
3479,18215990,-27666472.210,13368.2,7372026,4503013,32146866#S0Nke3zDuzu1QQu5W0PTaXyJtLHAHP
3480,34312408,-24964054.430,-300707.0,18883541,-24900749,8598277#Y784mXuCaTNzPUbudvXzOuNTTV55AQ
3481,3758628,30864123.350,-99127.8,10900678,21104403,21385259#UZFYpM4IXqsf7iDgbrb0O27IQSUHpu
3482,13000086,20348173.320,629468.1,-20921311,29681499,29068930#KlrKB74DTYAwJaI3teOhx0KHe2pdUq
3483,17256544,5956091.090,220269.5,-25897150,-24036735,20923861#b0wxCdLHc18SXrk8k5VUTznEvhhEjh
3484,-8517793,10962354.990,-47044.8,-22919931,30188315,31719065#rUU7FP7sod9mOxZKcGTcagJQljaBS1
3485,13852904,-15254562.380,-551846.3,-34039052,-13777821,20882457#kMKA0PBACoMkgDQyVR4uHmZwkB4A28
3486,-15738360,26004291.330,612846.8,-2202083,-21984585,846261#BbADrII7tRsZAma5nDF466DR5BlRlk
3487,28895959,-28554603.140,-95176.9,23236027,-14674619,12585156#gETEKPP80YNoKSMMz6WRf22Ty9M9wg
3488,18883473,-18255614.270,625083.3,-16255169,33885199,17344156#gETEKPP80YNoKSMMz6WRf22Ty9M9wg
3489,29699041,26197554.210,-282037.4,20104876,17578109,34369238#tYbtBvI5DZn2jPlLIpXy0xaQusnU8C
3490,15938517,-11988752.730,233254.9,-7790116,-13500062,16353174#MBJ6mMdwVYGQhLLN7vF2zXhehE4Zsk
3491,27311929,33431557.890,291830.8,18897560,25871492,21577382#oQpoX7db3if4p6E1Zu31xFrDKYe5Va
3492,28696482,-33341889.220,-399828.8,15561940,-1470164,15546899#tehM6JRMj1oxjtdXzQyjHnS0lU9siu
3493,-4679434,19657598.660,341017.4,16100259,8703466,13357543#Pxs79yb0pf3iZ60Us70nCQva47q5mv
3494,6716411,30538844.700,238796.9,-11053025,-31793553,3337938#7BOsscPf9fkbBRCTiMxHUzNiQms0Sq
3495,15126169,28664694.370,-613161.8,-11625434,-21243331,31948734#fVWNPLXuvKlwVnldFP8qwRsUFIqzlY
3496,-9837439,19705666.500,153534.0,34618538,-16630194,13742657#Jw0tQofU7NA0sU2pXdfa96JFAgiKii
3497,33249058,26569924.430,492913.2,3548255,-12151231,18172819#vXfHOENOhltJdqyW6nhBAPFVXVZnEt
3498,-22474883,-23787146.480,-503948.6,-14743759,11161835,915871#hMljNeNGSB2G0VBbm3z5h6IUEc33bd
3499,-34932050,19154763.830,-184803.9,-19535743,-22255040,1637814#VvRjk2zw2tOg5F6vE088JtjgbcTNWE
3500,3789265,-22360140.490,-500959.3,-16842205,6392200,34450441#Ls3dtFuAPaStBOJ11YICV8dexdZfSX
3501,13017860,-9061499.070,-367748.5,31866508,-29520860,10921090#7TrXYaqeOqTsHyaqVZvps7ZgoiuIdm
3502,5750758,-30283439.340,279827.8,-4631316,15150100,24405838#8zF2XeARx7C98wTv04iCBbJCQH1U4f
3503,10014597,30653168.090,203382.7,12308221,20747286,22742413#fkZdXCXZ5xqo9wfOxHrnaPwNkCG9sb
3504,-2589989,-13544533.310,479783.1,-29100732,-24195599,1323027#q8UZY9jFGSYk9uVHJmLjDdu2sK04a3
3505,-30204867,7333109.420,105163.8,13427091,-28187869,33339975#fGxcOZiqt3ZwolACG15BY1cdBPI5iF
3506,-10586931,-3172405.550,167016.8,25048667,28701760,20146215#BCAvNSDr4mlCpbMMGEH8qA9Twu4bBd
3507,22440826,1769827.460,236018.6,4953185,11635274,30836343#ZsY3YpGhhbJz0bL1wGQLJ5PVldx2V6
3508,-32039459,21947428.510,-456406.8,21101264,-12739126,16091233#Z2OvLLcGyYa8W8jP9P2OQxO0sW2ZJ3
3509,31558503,16052351.450,560800.4,-33242535,24613092,8289604#MN4dBjUP0oHgrMfyI3lRm6QrI4zCZO
3510,-32432368,-7020510.680,318808.5,-90347,-15459515,24197700#HujGaSlXwv8CqvyrRyWIMEIlcgJGNF
3511,18418667,-7751995.570,-582669.8,-7727334,-33154391,34299247#Mkf8K078yWGxmruTjZ0VjOU2cvbsuu
3512,966052,5769653.560,384050.2,-10576254,-9253017,10109739#NsIMoOHRp0c8ullUlI9UVryHfiv9x3
3513,-28548986,-19879431.820,291547.4,-14062613,-11212201,5654314#CHQCh6xQ5nHIISuz65EJ3Cb1Yxaept
3514,-16487529,-27352334.870,-31915.3,2232327,14807373,19456821#SFENFIGB6UXY5X4e7VoATnGaizaY9Q
3515,-19671229,10999957.360,596154.3,-1313791,-34769591,20436302#1LvSNyvqIztOgEKUPSgsmMOoPXO8Bf
3516,25227156,-25554459.520,385871.9,13369024,9137838,21350911#xFdbZm6IhakTSaFFtTZPQ6HJZPpuPQ
3517,-22878692,-2727018.650,577291.1,14739246,19595550,32836172#YjAnCd1ebBU0hlMvc7nXuiAHQ4pcrP
3518,-20467956,16074634.100,45854.0,-33344082,-12728488,34819785#cYGI7oCeIT12j7osGltklfRfAaswqW
3519,-14991588,-4215416.560,233629.3,-9346929,-11044828,25211326#vXQvh7DxIZ25SRfQTAcF56gCHnInph
3520,-3623442,33427071.370,27547.8,-23016989,1263385,24541205#8lySfMttNcw1f9Zq6TvIDAl91kHWnR
3521,-21360054,16570933.290,146689.3,17296345,-2243773,21764584#3vktGSmle7oM6q6qWD8UYjnZ1CAsng
3522,6210299,-22164202.030,-231821.7,-35032281,-33591346,3343745#8kHv2FTkWYs0XzoAPn9TjKCZRUhaew
3523,26012985,-26848867.510,637106.2,-27727404,15425830,13813599#4vsB0BdWiLgqHFTcREzmzsYwPjWft3
3524,16321574,6414710.840,87056.5,-23009873,32344360,19086537#S6m2ScNm1sIEE0iN4JENLcoqyqQ6BO
3525,-34769540,25129314.690,-634638.9,16092543,-15554053,7476295#CYrC3Z8IW316QGL06wZn5NOpVeXk8b
3526,-18032952,-21533047.850,-538205.5,7419146,-19383125,8921155#rqC2FPQ8idLgirzOFaioiILgY0rDnj
3527,19313919,-21868503.070,525439.6,8974686,-14000027,14555579#CGzb2dk2Qv9iCrZFuX2QE7NqdvT7l7
3528,-1394428,15985187.730,522235.9,-26998868,12487712,6302484#P6mb5WYNqFN28OIKtmKPiaI45hbRiD
3529,18477898,-28064196.210,13537.7,7477899,4567797,32608752#h3ht9nXrytRaaGx74v73Sh55F3lEl8
3530,34805364,-25322812.430,-304968.5,19154810,-25258455,8721794#5LClj1zqmN6gkQsscGa9rrFhPS1jvS
3531,3812553,31307377.850,-100531.8,11057340,21407444,21692378#DZ6UyfbsA4t5mFHG3QYyxDs1N6OH9W
3532,13186754,20640228.320,638598.1,-21221618,30107678,29486260#qAbK9RwMIOGcMpYI5bgRWJJt5TfNen
3533,17504269,6041609.590,223379.0,-26268812,-24381813,21224131#DOllJuUHhdykj3QfG99ReQhHOzVJtz
3534,-8640018,11119638.990,-47811.8,-23248784,30621591,32174177#YM3ThDzQI4d3BHyftcqbFVB6YeO8Kb
3535,14051641,-15473497.380,-559688.3,-34527495,-13975454,21181937#02O32yc6wQRC27ERIxv6zO8aSQ1KGe
3536,-15964010,26377361.830,621702.3,-2233708,-22299889,858376#kG86xAPsfrcHs9Auih0pbxLPYlqQ8L
3537,29310402,-28964001.640,-96450.4,23569127,-14884923,12765604#MN4dBjUP0oHgrMfyI3lRm6QrI4zCZO
3538,19154179,-18517340.770,633931.3,-16488259,34371065,17592669#9BqysBsbH9OrN09CpfwDLgzrC26ngm
3539,30124591,26572917.710,-285974.9,20393090,17830155,34861671#inefgVGJ4A4KjLVkKHrV6RbSlYvPI7
3540,16166922,-12160466.230,236584.4,-7901799,-13693540,16587338#ZowFYb0eWbHbao97L8BZf6kg3k9iJH
3541,27703160,33910475.890,296096.8,19168192,26242019,21886310#2JkYaf43N6DUywAGD97C4VSahwmQr2
3542,29107513,-33819368.720,-405455.3,15784662,-1491317,15769433#wbKoli3A1sHWIKgQLy0PDQtLwglypG
3543,-4746479,19938938.660,345953.4,16330778,8828014,13548606#3VsINBSEPagtYCUkdzLjC5vH1nzf9O
3544,6812492,30975984.700,242251.9,-11211252,-32248449,3385576#nCE2Bre4SeBEVeNjmwH5dhdSv98GUy
3545,15342464,29074878.870,-622048.8,-11791676,-21547246,32405755#dT5sZTlA8P5xjSMghDNxBwTDfXo2Lv
3546,-9978195,19987609.500,155766.0,35113777,-16868083,13939172#YjAnCd1ebBU0hlMvc7nXuiAHQ4pcrP
3547,33724495,26949784.430,499892.7,3598900,-12325064,18432562#DomhdOhfCvZpbwai9HzFRR3nvK5CHD
3548,-22796108,-24127270.480,-511144.6,-14954513,11321366,928832#sp9yLD83VCrqUHMTYBkz3doEDTgI4B
3549,-35431153,19428368.830,-187368.4,-19814936,-22573137,1661214#RulVOp93bJW6sxTmtcImvIASdweYzL
3550,3843540,-22679634.490,-508173.8,-17082917,6483616,34942562#DomhdOhfCvZpbwai9HzFRR3nvK5CHD
3551,13203707,-9190898.070,-372923.0,32321755,-29942364,11077037#iaFi0kcBlNsjnwM0LxiPQNukdkm7pf
3552,5832793,-30715827.340,283719.8,-4697573,15366297,24754248#kCrgSoHAwsR0LcrZqMBvSvTnEL19sC
3553,10157659,31090696.590,206171.2,12483950,21043508,23066970#ELvubPdlW9kMj9N2g1lfCeaZrKJ2Ux
3554,-2626870,-13737683.310,486623.1,-29516116,-24540891,1341843#hErbmz0hkg4RW9dkzwOJAdjm3YlMdx
3555,-30635748,7437727.920,106684.3,13618572,-28590046,33815512#w8phNRZAtAvkmg0nw7RhlFXT9DFtlo
3556,-10738004,-3217778.550,169284.8,25405849,29110950,20433513#r6T3G9ztH4346bLwgF63Rmo9qYfWO3
3557,22760864,1795128.460,239523.1,5023666,11801020,31275941#uQMYQpKdBQyuhCvMXQlyPe8GWcoHFq
3558,-32496222,22260284.010,-462815.3,21402026,-12920760,16320523#Aiue69hKHk1TWCHOg1Hg8KHB7xGEtS
3559,32008203,16281156.950,568840.4,-33716105,24963890,8407700#HujGaSlXwv8CqvyrRyWIMEIlcgJGNF
3560,-32894441,-7120458.180,323365.5,-91766,-15679695,24542322#CDYFbR3J6qigsE0hRd8OqTLWrAFGl4
3561,18680842,-7862433.070,-590875.3,-7837506,-33626576,34787691#tNYEtCT0ETMPjAax98uh8EW28OkShj
3562,979811,5851660.060,389628.2,-10726810,-9384721,10253591#NIMg5rkgzCCb4iPKR2rGElVLtrn1If
3563,-28955236,-20162401.320,295819.4,-14262808,-11371686,5734778#wYfnFWe8HgHyeMh98HTEIrmz06tNal
3564,-16722079,-27741411.370,-32479.8,2264200,15017925,19733576#nCE2Bre4SeBEVeNjmwH5dhdSv98GUy
3565,-19951091,11156390.860,604584.8,-1332604,-35264134,20727001#0g37SUecpUOgpjfkyvHayWGlrrGiX4
3566,25586024,-25918001.520,391323.9,13559107,9267743,21654517#UnO2yfmRZ1ike9PjI91dV2FyBUXIGH
3567,-23203946,-2765837.650,585383.6,14948736,19874272,33302968#8Dc6KgvX2fZKPhD48PDk2R1pfQnQhT
3568,-20758894,16303223.600,46430.0,-33817944,-12909395,35314588#o60iph7q0E1Svrj7Cr0AEeayuaYD3q
3569,-15204638,-4275405.560,236808.8,-9479714,-11201635,25569470#3NYlKoIoZnNB5bmVuzYp00dCkLFQ3Y
3570,-3674888,33901953.370,27969.3,-23343808,1281298,24889728#I6wvwOWrkz2Z7kUxy8pL5fzBCplKSP
3571,-21663341,16806331.290,148744.3,17541833,-2275511,22073612#FuNK6WSax1n9EdNARHJh19fxS5VG45
3572,6298387,-22478828.530,-235201.2,-35529686,-34068193,3391164#9wzlmS6IT8AbYEINXO24K8Uy6B1qYh
3573,26382031,-27230012.010,646037.7,-28120948,15644663,14009561#M9Q2HRyv6zDCb5aqIvQpGc0I3mbYjX
3574,16553199,6505646.840,88383.0,-23336409,32803224,19357328#fwo8OOoNxEnWjJ5uYArw3wmfQycAvh
3575,-35262590,25485834.190,-643500.9,16320854,-15774611,7582243#YZu3vArx7Xgm2xBkgS3bsCwzEIcPgD
3576,-18288552,-21838340.350,-545960.5,7524275,-19657944,9047569#YBZvfFNO7KYhWBWr1WpVbLmVMUjl65
3577,19587844,-22178381.570,532885.1,9101861,-14198546,14761881#9c8u7Xjdro8gGBEWiFT4syH9HscpJj
3578,-1414295,16211808.230,529569.4,-27381416,12664710,6391672#AtVuUSTbROcdNyIsURp82JIEuUs0pK
3579,18739805,-28461920.210,13707.2,7583773,4632580,33070638#ibSkPFEYiGcyCmYPKLgTgSYJ9GJ3yj
3580,35298320,-25681570.430,-309230.0,19426080,-25616160,8845310#2JkYaf43N6DUywAGD97C4VSahwmQr2
3581,3866478,31750632.350,-101935.8,11214002,21710484,21999496#0W37D8kyYgdVp60MRJmnvWJJEBwrRk
3582,13373423,20932283.320,647728.1,-21521924,30533857,29903590#vjNT3BZDT9tAKJw6OdB7EsUy0yzb6d
3583,17751994,6127128.090,226488.5,-26640474,-24726892,21524402#81entcTSdm19oWfT2kWhagoJxVqmUv
3584,-8762243,11276922.990,-48578.8,-23577636,31054867,32629288#x5APURDz81oHIW0kvefUm9UFBPnwoy
3585,14250379,-15692432.380,-567530.3,-35015939,-14173087,21481418#JDXpoy4pWn76AT2RuK39z45es467u0
3586,-16189660,26750432.330,630557.8,-2265334,-22615192,870492#HCLCrQIIUfSAzlmPW7EiZUy4NmH4jc
3587,29724846,-29373400.140,-97723.9,23902227,-15095226,12946053#pP8QzGC5tQBeQ0u8x1YlkOtAZzbsTY
3588,19424885,-18779067.270,642779.3,-16721349,34856930,17841181#jgTjAYATMn9htvmmLuCTNhCLFcAcVr
3589,30550141,26948281.210,-289912.4,20681304,18082201,35354104#SNbcM5Ua3U1Sz943xmTLrmfTM7mPDD
3590,16395327,-12332179.730,239913.9,-8013482,-13887018,16821502#OTw5XVP0kUPOvatXq5wkpmtxYSFhUr
3591,28094391,34389393.890,300362.8,19438824,26612547,22195238#tYbtBvI5DZn2jPlLIpXy0xaQusnU8C
3592,29518544,-34296848.220,-411081.8,16007383,-1512471,15991967#Ziqabgo80Z56VDviCMjJLBAmzsyyIG
3593,-4813523,20220278.660,350889.4,16561297,8952563,13739669#9BqysBsbH9OrN09CpfwDLgzrC26ngm
3594,6908573,31413124.700,245706.9,-11369479,-32703345,3433213#xV4uVsr2t3kSJoAwlSk4wFNjcdH8Rd
3595,15558759,29485063.370,-630935.8,-11957918,-21851161,32862776#16t1oliYK7RyrPvURCGSUAoPjmYXxJ
3596,-10118951,20269552.500,157998.0,35609017,-17105972,14135687#89tbY3kshMZusMQVacAm65XCk3C3IC
3597,34199933,27329644.430,506872.2,3649546,-12498898,18692305#74xLuDicgFyCGJ9z1ojC9KC2XoZgDt
3598,-23117333,-24467394.480,-518340.6,-15165266,11480896,941793#UQh3Y67y8zolCY21VgMWPIyUR3osXb
3599,-35930256,19701973.830,-189932.9,-20094128,-22891233,1684615#r6C1otN5BTvOT2pi2vBy1fMB2HcwDD
3600,3897815,-22999128.490,-515388.3,-17323629,6575031,35434682#QkSocHabyII7OAf5JE5nMpYgEANLYT
3601,13389553,-9320297.070,-378097.5,32777002,-30363867,11232983#2oNXxtevoWsvA3oSpy7JzRUfQmxxZh
3602,5914829,-31148215.340,287611.8,-4763829,15582494,25102657#Jw0tQofU7NA0sU2pXdfa96JFAgiKii
3603,10300722,31528225.090,208959.7,12659678,21339729,23391528#EFQikF1ts7UA406ZphJoxDgc7qYnvs
3604,-2663751,-13930833.310,493463.1,-29931501,-24886183,1360660#ZZj2wg6VlRBe9Gr85olI3GIdCh7u63
3605,-31066629,7542346.420,108204.8,13810052,-28992222,34291049#RPCN6cAbcUPIl3PX2jJMhoL7FmLAeF
3606,-10889077,-3263151.550,171552.8,25763031,29520139,20720810#aWKlQuePS4k0iqoLepBWdLPKKcwDeB
3607,23080901,1820429.460,243027.6,5094147,11966766,31715539#VwBlvR3rXw6pP4zjYOW63tSiCkNuO1
3608,-32952984,22573139.510,-469223.8,21702788,-13102393,16549812#6lAFS2ktNFSjMp8hTCvQV9uleR9n2I
3609,32457903,16509962.450,576880.4,-34189675,25314688,8525795#Peqo1eueKjw0GfGOuXw38D7qxMmSL4
3610,-33356513,-7220405.680,327922.5,-93186,-15899876,24886944#vJivQeJRcdY61KWCvu8hf8Stu5FQRC
3611,18943017,-7972870.570,-599080.8,-7947677,-34098760,35276136#8m1qcdYfF6vBceJPJQaofF1eVa9rB4
3612,993570,5933666.560,395206.2,-10877366,-9516426,10397443#baGASs3pR4b7UH0e5RJKmBaKfCdl2L
3613,-29361486,-20445370.820,300091.4,-14463003,-11531171,5815242#0ZFicjbE6IVbswY7CWIwbXxrr1HFUv
3614,-16956629,-28130487.870,-33044.3,2296073,15228478,20010331#6GHUJUWLvnzIscxaKzeUkuImwCQlEn
3615,-20230954,11312824.360,613015.3,-1351417,-35758677,21017700#HujGaSlXwv8CqvyrRyWIMEIlcgJGNF
3616,25944893,-26281543.520,396775.9,13749190,9397647,21958123#GeYMLzazNwQZvMEGxzmPa5XFQai5qP
3617,-23529201,-2804656.650,593476.1,15158225,20152993,33769763#XW9fNVrujRIG2k8glVO8W71blDwCpW
3618,-21049831,16531813.100,47006.0,-34291806,-13090303,35809390#ZobS9NkAw7rFD2xxCsr0zBnwmhAzQl
3619,-15417688,-4335394.560,239988.3,-9612498,-11358442,25927614#hl8zZLxp0uIT792Zhv5OGmQd6xXBL6
3620,-3726335,34376835.370,28390.8,-23670628,1299211,25238251#1Qxure7BS4MP6PV2fw0CHXjJDu6tk7
3621,-21966629,17041729.290,150799.3,17787320,-2307249,22382639#SqFLTduLgk8SnlehpY7YGXtUleZalE
3622,6386474,-22793455.030,-238580.7,-36027091,-34545040,3438584#3vktGSmle7oM6q6qWD8UYjnZ1CAsng
3623,26751078,-27611156.510,654969.2,-28514492,15863496,14205523#Aiue69hKHk1TWCHOg1Hg8KHB7xGEtS
3624,16784824,6596582.840,89709.5,-23662945,33262089,19628119#CQU23fDgNQips9xWxbKXovK1ymAMPI
3625,-35755640,25842353.690,-652362.9,16549164,-15995169,7688192#TTovnJJLazHTC8KKo6Fbft2g4D6dIF
3626,-18544152,-22143632.850,-553715.5,7629405,-19932763,9173982#XBwIgiuNHqWNF8N2n0k0Xn2iPtZrty
3627,19861769,-22488260.070,540330.6,9229036,-14397065,14968183#rHIgsKG9n9enfmhdm8q4RJ8xOHFHlG
3628,-1434163,16438428.730,536902.9,-27763964,12841708,6480861#b0wxCdLHc18SXrk8k5VUTznEvhhEjh
3629,19001713,-28859644.210,13876.7,7689646,4697364,33532524#enCRLSe6ytwJZaqb8PJGYplURRozni
3630,35791276,-26040328.430,-313491.5,19697349,-25973866,8968827#Uzd1nmaoRkbnjimjuwyue3XUZ8TBj6
3631,3920403,32193886.850,-103339.8,11370664,22013525,22306615#r6C1otN5BTvOT2pi2vBy1fMB2HcwDD
3632,13560091,21224338.320,656858.1,-21822231,30960036,30320920#4HqVAyMKq0paElZbNWOM7so2MgLTaI
3633,17999719,6212646.590,229598.0,-27012136,-25071970,21824672#AtVuUSTbROcdNyIsURp82JIEuUs0pK
3634,-8884468,11434206.990,-49345.8,-23906489,31488143,33084400#VwQSAJ8ino3GCjCK5ybxEiZUT3IEIx
3635,14449116,-15911367.380,-575372.3,-35504382,-14370720,21780898#tuDnZd6UBED8PDY6UotWE2RhW6nn7b
3636,-16415310,27123502.830,639413.3,-2296959,-22930496,882607#5SbvAYSJfEGa2MfIJZo3AHU4mBvcOy
3637,30139289,-29782798.640,-98997.4,24235327,-15305530,13126501#UkW0niG7wVJc4TS8IeH0Zr5FLhiqgQ
3638,19695591,-19040793.770,651627.3,-16954439,35342796,18089694#lrFVZCl4hf2WxAaDZUi1aFO4ViZQsd
3639,30975691,27323644.710,-293849.9,20969518,18334247,35846537#S6m2ScNm1sIEE0iN4JENLcoqyqQ6BO
3640,16623732,-12503893.230,243243.4,-8125165,-14080496,17055666#qfhZIgsfRDzHBmaiSR0LANdi3yuXnr
3641,28485622,34868311.890,304628.8,19709456,26983074,22504166#sCWFY8HSFY53ccKGHfFYmMe8kRazXi
3642,29929575,-34774327.720,-416708.3,16230105,-1533624,16214501#UkW0niG7wVJc4TS8IeH0Zr5FLhiqgQ
3643,-4880568,20501618.660,355825.4,16791816,9077111,13930732#lmWs4zyzHEmA0zaPrA59yiRAcF3KrJ
3644,7004654,31850264.700,249161.9,-11527706,-33158241,3480851#t09Ku5FigL72TNglxmjKwaGp352BN2
3645,15775054,29895247.870,-639822.8,-12124160,-22155076,33319797#WYc6N6nonRfAHEcA9vsGfvvMZxHM0j
3646,-10259707,20551495.500,160230.0,36104256,-17343861,14332202#XHp3T4KaPB54JBdbJxtn8uXH6yjmq9
3647,34675370,27709504.430,513851.7,3700191,-12672731,18952048#F9MkGYJZJuuoEsjmOZ0Qx7o1WDGbnW
3648,-23438558,-24807518.480,-525536.6,-15376020,11640427,954754#CZ9e6hr6hiY6cloybnoqVaDbuwMwYD
3649,-36429359,19975578.830,-192497.4,-20373321,-23209330,1708015#hTzf3yuLgefKKLwDlF9PyPkcbbElnH
3650,3952090,-23318622.490,-522602.8,-17564341,6666447,35926803#DJdDB0vZcIiImSAq0ru31E1A8ThnSH
3651,13575400,-9449696.070,-383272.0,33232249,-30785371,11388930#KlrKB74DTYAwJaI3teOhx0KHe2pdUq
3652,5996864,-31580603.340,291503.8,-4830086,15798691,25451067#wllfYJViHeQ743Otm2iGevVbdLx12j
3653,10443784,31965753.590,211748.2,12835407,21635951,23716085#j530BBurk2D1W5icnLeTxmd8fi8oQ6
3654,-2700632,-14123983.310,500303.1,-30346885,-25231475,1379476#4GQlbbyuECKvmUePD3vuA4azPY5y3G
3655,-31497510,7646964.920,109725.3,14001533,-29394399,34766586#UvO3qOO4nGoN357pYa3N2M3Xgtaq3p
3656,-11040150,-3308524.550,173820.8,26120213,29929329,21008108#gkBqcbHF3e4GMpe1tse9hjP4rbr9WU
3657,23400939,1845730.460,246532.1,5164628,12132512,32155137#gxuVoOOooJAVH3Pv0sk27XChWfw8as
3658,-33409747,22885995.010,-475632.3,22003550,-13284027,16779102#tuST1OIuqXsLycyBbpVBi7vLYqAOXp
3659,32907603,16738767.950,584920.4,-34663245,25665486,8643891#4QdUr8bDj6FTGNkP4j0tgTKFJ6QP6r
3660,-33818586,-7320353.180,332479.5,-94605,-16120056,25231566#4t5t61PSpWBptcCtlmGWtwNK0eL6W5
3661,19205192,-8083308.070,-607286.3,-8057849,-34570945,35764580#1L2KF4snw8llSx3cNpc4r5F7QzPi4b
3662,1007329,6015673.060,400784.2,-11027922,-9648130,10541295#CYrC3Z8IW316QGL06wZn5NOpVeXk8b
3663,-29767736,-20728340.320,304363.4,-14663198,-11690656,5895706#UZDQdGhQukoq5uIilYpo1eAu7jsDcl
3664,-17191179,-28519564.370,-33608.8,2327946,15439030,20287086#yp2FvQt6dnn9dyI79wiwBMt2rCFZkB
3665,-20510816,11469257.860,621445.8,-1370230,-36253220,21308399#AnVfdphGeQvM3dg8LalBTyVPvR6jzx
3666,26303761,-26645085.520,402227.9,13939273,9527552,22261729#xwVse6mV1mDtKxHmgTJXg7RdFdKeOs
3667,-23854455,-2843475.650,601568.6,15367715,20431715,34236559#xNelnvlhqbCOFuZD1lVgns3B4ZiE06
3668,-21340769,16760402.600,47582.0,-34765668,-13271210,36304193#vYeuBbi4yAP3EqAhYlJ5gyACXNoYXl
3669,-15630738,-4395383.560,243167.8,-9745283,-11515249,26285758#W9UzuLsdz80z0QHh8ZeWqESnJzGADD
3670,-3777781,34851717.370,28812.3,-23997447,1317124,25586774#w56tuqwv1gJY0XTA1Fc7aAg7B9jbH4
3671,-22269916,17277127.290,152854.3,18032808,-2338987,22691667#PN4krL17VWKBm11fY5WYxszKbQjHqC
3672,6474562,-23108081.530,-241960.2,-36524496,-35021887,3486003#QqkmdVAUuicCLWLXHReJSoaMOeJfDM
3673,27120124,-27992301.010,663900.7,-28908036,16082329,14401485#IGwDEmrQCsZncmQ44NfAazl9D5UOBX
3674,17016449,6687518.840,91036.0,-23989481,33720953,19898910#Rh3E9Wf8DJQvSzg72EhahikwGjJpJm
3675,-36248690,26198873.190,-661224.9,16777475,-16215727,7794140#KjVbjRRSjanrEKZUXpbgtntUlVe8IB
3676,-18799752,-22448925.350,-561470.5,7734534,-20207582,9300396#YKIep4iY5WvRmQQ8Jc1i7AoFm0j9Yz
3677,20135694,-22798138.570,547776.1,9356211,-14595584,15174485#IGwDEmrQCsZncmQ44NfAazl9D5UOBX
3678,-1454030,16665049.230,544236.4,-28146512,13018706,6570049#RPCN6cAbcUPIl3PX2jJMhoL7FmLAeF
3679,19263620,-29257368.210,14046.2,7795520,4762147,33994410#gHCaupwRI3betkL5WOl23KRcRZXo2r
3680,36284232,-26399086.430,-317753.0,19968619,-26331571,9092343#ZsY3YpGhhbJz0bL1wGQLJ5PVldx2V6
3681,3974328,32637141.350,-104743.8,11527326,22316565,22613733#r5TwaHqBjoH438IOf7u07fDnNVwAGc
3682,13746760,21516393.320,665988.1,-22122537,31386215,30738250#ch7BKAeowvHHtN45BKGKzm6CuRvA3V
3683,18247444,6298165.090,232707.5,-27383798,-25417049,22124943#WiSSqoFHaoDNHUdK9p0gsR5kt2BAoF
3684,-9006693,11591490.990,-50112.8,-24235341,31921419,33539511#qbRLjNymvSAC6Hqb6tSz7BkPr4a9VS
3685,14647854,-16130302.380,-583214.3,-35992826,-14568353,22080379#jovPCVVWxtnk27zKKR7EU6m3LlOJa9
3686,-16640960,27496573.330,648268.8,-2328585,-23245799,894723#FLBkOWhVsiy7IJE5bnCzMP04gSkX6o
3687,30553733,-30192197.140,-100270.9,24568427,-15515833,13306950#b8DrIecHfv5E2K5IeCwyFZtocYa9vO
3688,19966297,-19302520.270,660475.3,-17187529,35828661,18338206#syUAmfRTZW8FCJoWizguDrYnArbQqs
3689,31401241,27699008.210,-297787.4,21257732,18586293,36338970#ELvubPdlW9kMj9N2g1lfCeaZrKJ2Ux
3690,16852137,-12675606.730,246572.9,-8236848,-14273974,17289830#F195lgjxMPaEiiCcBhw32YDbHFhTnb
3691,28876853,35347229.890,308894.8,19980088,27353602,22813094#0da0wnrLhrq1vDZVKQDbt3K9YKcitU
3692,30340606,-35251807.220,-422334.8,16452826,-1554778,16437035#xBFMv4f5dBKJEQCApbt1W1fP5FnSC5
3693,-4947612,20782958.660,360761.4,17022335,9201660,14121795#Peqo1eueKjw0GfGOuXw38D7qxMmSL4
3694,7100735,32287404.700,252616.9,-11685933,-33613137,3528488#oRO2ll4tKJhnEXcwwRIdtIfvJhSlsg
3695,15991349,30305432.370,-648709.8,-12290402,-22458991,33776818#3hGUry64cHXcGWdnInEJ0nURK0Mv0n
3696,-10400463,20833438.500,162462.0,36599496,-17581750,14528717#gteoAkybtTN7ywEzPF8mmg1rPm2nCR
3697,35150808,28089364.430,520831.2,3750837,-12846565,19211791#cRzDH6s4pChUmCBG24QMZQQ4Mly2J4
3698,-23759783,-25147642.480,-532732.6,-15586773,11799957,967715#1Ejbmv10wokm5vHhotfd7ieciA4MW3
3699,-36928462,20249183.830,-195061.9,-20652513,-23527426,1731416#v7rtMs8n0342wHjkmaUvwJ7R2ZcPCM
3700,4006365,-23638116.490,-529817.3,-17805053,6757862,36418923#CKICVhbLnk6eRj3Loa2Ws2PhzwYL93
3701,13761246,-9579095.070,-388446.5,33687496,-31206874,11544876#eC9livQedfzfAdutvCX5gHie7ooRaY
3702,6078900,-32012991.340,295395.8,-4896342,16014888,25799476#4GQlbbyuECKvmUePD3vuA4azPY5y3G
3703,10586847,32403282.090,214536.7,13011135,21932172,24040643#COY5lNXckJr0Qs8djUt7VwZ3i3W29i
3704,-2737513,-14317133.310,507143.1,-30762270,-25576767,1398293#UImfZx9qLWvfF5yXBdfV62xoPU27Vp
3705,-31928391,7751583.420,111245.8,14193013,-29796575,35242123#GeYMLzazNwQZvMEGxzmPa5XFQai5qP
3706,-11191223,-3353897.550,176088.8,26477395,30338518,21295405#bdvQKXBHmBXIY9gmCMMKcWWyv5DxCT
3707,23720976,1871031.460,250036.6,5235109,12298258,32594735#wbc2u3bRVwX9bggPz7sRMR3oHsA8dy
3708,-33866509,23198850.510,-482040.8,22304312,-13465660,17008391#otUVL2893T9gzL7hkwcY01nyRHuLcG
3709,33357303,16967573.450,592960.4,-35136815,26016284,8761986#cQDypD90IyPvZqwz0ZB2EYoz0RNKkv
3710,-34280658,-7420300.680,337036.5,-96025,-16340237,25576188#o7aBrlj3ohKshd09IOm9Phey4RlX1e
3711,19467367,-8193745.570,-615491.8,-8168020,-35043129,36253025#EMxnTW1mqG9q560ronPMGk35Mys5cx
3712,1021088,6097679.560,406362.2,-11178478,-9779835,10685147#00uo7rstbZ17zVAQzStlVwkTxQo5KV
3713,-30173986,-21011309.820,308635.4,-14863393,-11850141,5976170#2eQ6XaepQnnPSRrLCowC4Hlie5jcda
3714,-17425729,-28908640.870,-34173.3,2359819,15649583,20563841#FbQGEDFiJ35n0uKxfx7UGyBC10dm8G
3715,-20790679,11625691.360,629876.3,-1389043,-36747763,21599098#F9B72LCr9QRizTP0mYAsEkYcz7Q1OA
3716,26662630,-27008627.520,407679.9,14129356,9657456,22565335#3RFocO2ybKGz3AyRLIZ3AbjZi9QNH7
3717,-24179710,-2882294.650,609661.1,15577204,20710436,34703354#YkoWwvAMKbumKDEDPIiYYZhKKdzijR
3718,-21631706,16988992.100,48158.0,-35239530,-13452118,36798995#KfjPbWkNHefGAmBHZrZV3oEn887NvX
3719,-15843788,-4455372.560,246347.3,-9878067,-11672056,26643902#MCDCKZX6W0443YIOcQSQPrzuz7q89U
3720,-3829228,35326599.370,29233.8,-24324267,1335037,25935297#GGP8Fe4b51L5Rcar8NqOqEwz3pB3Sg
3721,-22573204,17512525.290,154909.3,18278295,-2370725,23000694#lrFVZCl4hf2WxAaDZUi1aFO4ViZQsd
3722,6562649,-23422708.030,-245339.7,-37021901,-35498734,3533423#U924De8uvHdeyqKdN1znmOvzrgplBw
3723,27489171,-28373445.510,672832.2,-29301580,16301162,14597447#okERYEtPhKnSznYiWxK1DXWDvOxi9i
3724,17248074,6778454.840,92362.5,-24316017,34179818,20169701#0q68N5gfUW1g9aSbcbZUJD5mQQ1QaX
3725,-36741740,26555392.690,-670086.9,17005785,-16436285,7900089#8HwLvTCC9HvZJt3b9sNxTytuh29HL8
3726,-19055352,-22754217.850,-569225.5,7839664,-20482401,9426809#hrGwNf2SjOKHTV4qOhcfpFcqOOcXJ4
3727,20409619,-23108017.070,555221.6,9483386,-14794103,15380787#noSZtLVhcRw89PIrBSDEo6CbEsAYGW
3728,-1473898,16891669.730,551569.9,-28529060,13195704,6659238#tYbtBvI5DZn2jPlLIpXy0xaQusnU8C
3729,19525528,-29655092.210,14215.7,7901393,4826931,34456296#MPNijHYYfjycXbDbrgQWQC0zTf7O8G
3730,36777188,-26757844.430,-322014.5,20239888,-26689277,9215860#ODq5FJ2jIdMztkrc0X8dsBAV2eUvGj
3731,4028253,33080395.850,-106147.8,11683988,22619606,22920852#jkYBZUkhyp8a4LWiDNhrHbAPWJVIAO
3732,13933428,21808448.320,675118.1,-22422844,31812394,31155580#1L2KF4snw8llSx3cNpc4r5F7QzPi4b
3733,18495169,6383683.590,235817.0,-27755460,-25762127,22425213#xV4uVsr2t3kSJoAwlSk4wFNjcdH8Rd
3734,-9128918,11748774.990,-50879.8,-24564194,32354695,33994623#HzLM6FesryKEXO7kmfW2wOdM9nQ3N9
3735,14846591,-16349237.380,-591056.3,-36481269,-14765986,22379859#BIaSEIKnxP3wPf0Wu7uQbnTQqcb56x
3736,-16866610,27869643.830,657124.3,-2360210,-23561103,906838#8zF2XeARx7C98wTv04iCBbJCQH1U4f
3737,30968176,-30601595.640,-101544.4,24901527,-15726137,13487398#EDOwMEZFbAbbfzyYuxHwlmEfun5Dkt
3738,20237003,-19564246.770,669323.3,-17420619,36314527,18586719#NeCh7lTkvOdMloOoUiti5O4GqkKYlb
3739,31826791,28074371.710,-301724.9,21545946,18838339,36831403#kjyeIhoi1VItP9W8YK3iPeAJQdxw5l
3740,17080542,-12847320.230,249902.4,-8348531,-14467452,17523994#540oLmcbaEPUB774FZ0LI3cJ9mEphR
3741,29268084,35826147.890,313160.8,20250720,27724129,23122022#Y2TTt3gf87mD5L3XIirivaP0TvmkcT
3742,30751637,-35729286.720,-427961.3,16675548,-1575931,16659569#YBZvfFNO7KYhWBWr1WpVbLmVMUjl65
3743,-5014657,21064298.660,365697.4,17252854,9326208,14312858#MlVGxbTJwyFZi9zrD0jYTfrurUjfdy
3744,7196816,32724544.700,256071.9,-11844160,-34068033,3576126#fqIuD6NUociXKX4ZFhRFV8kFqS9oMG
3745,16207644,30715616.870,-657596.8,-12456644,-22762906,34233839#bUMefJwu5Uy7CHrMIUkHDzKn7JFyNt
3746,-10541219,21115381.500,164694.0,37094735,-17819639,14725232#PXLyiZTEOhQBjojnluoDh2T6yIo46R
3747,35626245,28469224.430,527810.7,3801482,-13020398,19471534#0nHslWYXd3mgtcCz9tlgH7xbnHEyAa
3748,-24081008,-25487766.480,-539928.6,-15797527,11959488,980676#ty1HH50YyRzUCX5EAvbELQsvuKE5hf
3749,-37427565,20522788.830,-197626.4,-20931706,-23845523,1754816#fG7DHKPnrWhWuDc8srMKMqimVevoCS
3750,4060640,-23957610.490,-537031.8,-18045765,6849278,36911044#YOt9fBQz5G19w1pLR5A3lxMnprCtM6
3751,13947093,-9708494.070,-393621.0,34142743,-31628378,11700823#Kg0HUKk7daulvFNyUeiSVHzwGWN4SY
3752,6160935,-32445379.340,299287.8,-4962599,16231085,26147886#lQ1vuFEXjQ3eksrnAX8KL1t67AZeWp
3753,10729909,32840810.590,217325.2,13186864,22228394,24365200#a1TJaRqYPVEUoSUTMuEqbNxdJRsh15
3754,-2774394,-14510283.310,513983.1,-31177654,-25922059,1417109#Fg9eMomNdd3hbfRrByZizQrIen7G0R
3755,-32359272,7856201.920,112766.3,14384494,-30198752,35717660#ZZj2wg6VlRBe9Gr85olI3GIdCh7u63
3756,-11342296,-3399270.550,178356.8,26834577,30747708,21582703#qp5EMQJvXyij55hMN5nyvEXmHp99XO
3757,24041014,1896332.460,253541.1,5305590,12464004,33034333#Ro4Nm44CGztPzopnp4j0jxf0i8WfwK
3758,-34323272,23511706.010,-488449.3,22605074,-13647294,17237681#RkKvBH7vspw65E1rGpIZ2t8M8cgg1Y
3759,33807003,17196378.950,601000.4,-35610385,26367082,8880082#5Q80Ek2xIntzyzaBFZ7ku45S8bhwnb
3760,-34742731,-7520248.180,341593.5,-97444,-16560417,25920810#aWKlQuePS4k0iqoLepBWdLPKKcwDeB
3761,19729542,-8304183.070,-623697.3,-8278192,-35515314,36741469#Chqftn3pog0JSaN04XG3sG0MCVybA6
3762,1034847,6179686.060,411940.2,-11329034,-9911539,10828999#wFGM2PC342diNiL7jKqkydTYbaw7mZ
3763,-30580236,-21294279.320,312907.4,-15063588,-12009626,6056634#itei6Hpl1qtw4H0NCfU4EFqWTDKKvm
3764,-17660279,-29297717.370,-34737.8,2391692,15860135,20840596#SrZkFrTAaMzjXtM8p4MSLoe2MVovqP
3765,-21070541,11782124.860,638306.8,-1407856,-37242306,21889797#WYc6N6nonRfAHEcA9vsGfvvMZxHM0j
3766,27021498,-27372169.520,413131.9,14319439,9787361,22868941#uQMYQpKdBQyuhCvMXQlyPe8GWcoHFq
3767,-24504964,-2921113.650,617753.6,15786694,20989158,35170150#JvyxGS4jDaR3KvxquA69Kzqgm5J0xx
3768,-21922644,17217581.600,48734.0,-35713392,-13633025,37293798#dpSwk28cgDZrnYRInJiAZpnlyREfWl
3769,-16056838,-4515361.560,249526.8,-10010852,-11828863,27002046#48kBhff9eivpft0cdTtYAWX35NvZpX
3770,-3880674,35801481.370,29655.3,-24651086,1352950,26283820#2jeQ4vQE3qDAwjvywXnZu9foTZTQkc
3771,-22876491,17747923.290,156964.3,18523783,-2402463,23309722#KrRRbQvSBo5o5K6Wz7HixVyOhkxx29
3772,6650737,-23737334.530,-248719.2,-37519306,-35975581,3580842#3dJmUF5N3zrx33fe9iLJ3dr1hQ8yeU
3773,27858217,-28754590.010,681763.7,-29695124,16519995,14793409#FuQ5S3YmOCbbO0atfazJbpIpu6ejkM
3774,17479699,6869390.840,93689.0,-24642553,34638682,20440492#HCLCrQIIUfSAzlmPW7EiZUy4NmH4jc
3775,-37234790,26911912.190,-678948.9,17234096,-16656843,8006037#iaFi0kcBlNsjnwM0LxiPQNukdkm7pf
3776,-19310952,-23059510.350,-576980.5,7944793,-20757220,9553223#iBUAOn2JkECZO8VB0m06mgh69ljl1G
3777,20683544,-23417895.570,562667.1,9610561,-14992622,15587089#8HwLvTCC9HvZJt3b9sNxTytuh29HL8
3778,-1493765,17118290.230,558903.4,-28911608,13372702,6748426#0hkpMgCR0faKdjMneAZyFE0zejIbQ0
3779,19787435,-30052816.210,14385.2,8007267,4891714,34918182#RNGzVbFvbfdWv7nivIKgAyWSWeI6kP
3780,37270144,-27116602.430,-326276.0,20511158,-27046982,9339376#kG86xAPsfrcHs9Auih0pbxLPYlqQ8L
3781,4082178,33523650.350,-107551.8,11840650,22922646,23227970#ELvubPdlW9kMj9N2g1lfCeaZrKJ2Ux
3782,14120097,22100503.320,684248.1,-22723150,32238573,31572910#Rh3E9Wf8DJQvSzg72EhahikwGjJpJm
3783,18742894,6469202.090,238926.5,-28127122,-26107206,22725484#P6mb5WYNqFN28OIKtmKPiaI45hbRiD
3784,-9251143,11906058.990,-51646.8,-24893046,32787971,34449734#fVWNPLXuvKlwVnldFP8qwRsUFIqzlY
3785,15045329,-16568172.380,-598898.3,-36969713,-14963619,22679340#cPicwQ02DNQd3MwYh9LL9MqEQ67lrF
3786,-17092260,28242714.330,665979.8,-2391836,-23876406,918954#zorjbRQjMIkDBbSfklfq49tw8PxMzU
3787,31382620,-31010994.140,-102817.9,25234627,-15936440,13667847#5d5KfeK6v9wyPNI5S03CTwyCY4ax0r
3788,20507709,-19825973.270,678171.3,-17653709,36800392,18835231#jvWu0l0f5GMjqEvoKX5SKzY61NJIJU
3789,32252341,28449735.210,-305662.4,21834160,19090385,37323836#dAzZUhSLIKrViAiNMCSYFqwEOsGqPq
3790,17308947,-13019033.730,253231.9,-8460214,-14660930,17758158#jzNS8KoNH1tJy6hI7vaH6WJSALFSzM
3791,29659315,36305065.890,317426.8,20521352,28094657,23430950#b8DrIecHfv5E2K5IeCwyFZtocYa9vO
3792,31162668,-36206766.220,-433587.8,16898269,-1597085,16882103#LXyacP2SmHEsoe3P4n93vizSHUgBk8
3793,-5081701,21345638.660,370633.4,17483373,9450757,14503921#rsFGPiJzgz5QHVCbW5auJHk5BO777R
3794,7292897,33161684.700,259526.9,-12002387,-34522929,3623763#XW9fNVrujRIG2k8glVO8W71blDwCpW
3795,16423939,31125801.370,-666483.8,-12622886,-23066821,34690860#ODq5FJ2jIdMztkrc0X8dsBAV2eUvGj
3796,-10681975,21397324.500,166926.0,37589975,-18057528,14921747#4rjs8w06x7mOi5VaEZbdKTFgvTqx7v
3797,36101683,28849084.430,534790.2,3852128,-13194232,19731277#Y784mXuCaTNzPUbudvXzOuNTTV55AQ
3798,-24402233,-25827890.480,-547124.6,-16008280,12119018,993637#sfEdda8V8nEnGYm6xxw7EC7J7nQeRa
3799,-37926668,20796393.830,-200190.9,-21210898,-24163619,1778217#3JEMWCamfdl8Lc27Khzo1YXlIKTtKo
3800,4114915,-24277104.490,-544246.3,-18286477,6940693,37403164#9wzlmS6IT8AbYEINXO24K8Uy6B1qYh
3801,14132939,-9837893.070,-398795.5,34597990,-32049881,11856769#GZ3dveFcH0JCF8cFttWUVb7YjsWcvn
3802,6242971,-32877767.340,303179.8,-5028855,16447282,26496295#CYrC3Z8IW316QGL06wZn5NOpVeXk8b
3803,10872972,33278339.090,220113.7,13362592,22524615,24689758#W9UzuLsdz80z0QHh8ZeWqESnJzGADD
3804,-2811275,-14703433.310,520823.1,-31593039,-26267351,1435926#l6e8KWLV4ffkUuPcFbFCNxJtRe7knU
3805,-32790153,7960820.420,114286.8,14575974,-30600928,36193197#Nb87Sg3wDU95ptDKvIyUlNDGSvDjob
3806,-11493369,-3444643.550,180624.8,27191759,31156897,21870000#O9rHdIi8z1n29VJJW0rsfNlakIwbas
3807,24361051,1921633.460,257045.6,5376071,12629750,33473931#DiMK8AnA93N3hkuoTbQYRwCjQZ3eGD
3808,-34780034,23824561.510,-494857.8,22905836,-13828927,17466970#ELvubPdlW9kMj9N2g1lfCeaZrKJ2Ux
3809,34256703,17425184.450,609040.4,-36083955,26717880,8998177#YM3ThDzQI4d3BHyftcqbFVB6YeO8Kb
3810,-35204803,-7620195.680,346150.5,-98864,-16780598,26265432#So40X4To7qwjwOpmdSu2CPLLY3Bnx3
3811,19991717,-8414620.570,-631902.8,-8388363,-35987498,37229914#ItZuazXj3sYtMebAPnDfucW4N3G2Fl
3812,1048606,6261692.560,417518.2,-11479590,-10043244,10972851#t09Ku5FigL72TNglxmjKwaGp352BN2
3813,-30986486,-21577248.820,317179.4,-15263783,-12169111,6137098#F9B72LCr9QRizTP0mYAsEkYcz7Q1OA
3814,-17894829,-29686793.870,-35302.3,2423565,16070688,21117351#atNnoukQIg5C7zuwxMFr3A82iheSyE
3815,-21350404,11938558.360,646737.3,-1426669,-37736849,22180496#0W37D8kyYgdVp60MRJmnvWJJEBwrRk
3816,27380367,-27735711.520,418583.9,14509522,9917265,23172547#djMr45EkgiiRRqADJx9LEkwdv3nMm4
3817,-24830219,-2959932.650,625846.1,15996183,21267879,35636945#NyhnJytT4TimYNPggT0hoPKLCHxdrC
3818,-22213581,17446171.100,49310.0,-36187254,-13813933,37788600#tUXg3CECHIMaT1hzfDICT40mLfynGN
3819,-16269888,-4575350.560,252706.3,-10143636,-11985670,27360190#bLibq88TrLirkB6TxquSEvYgAuY6Iw
3820,-3932121,36276363.370,30076.8,-24977906,1370863,26632343#ZsY3YpGhhbJz0bL1wGQLJ5PVldx2V6
3821,-23179779,17983321.290,159019.3,18769270,-2434201,23618749#szhISltEUtjIiAJYJb4RuKHXKGtHWW
3822,6738824,-24051961.030,-252098.7,-38016711,-36452428,3628262#Al6qILUXVczndtp9KePPZhwYyHfL5G
3823,28227264,-29135734.510,690695.2,-30088668,16738828,14989371#3GPGiXDpjdAPdeHFk0kFEHmHWvsJOA
3824,17711324,6960326.840,95015.5,-24969089,35097547,20711283#NcNRvzDlu5bgAsuX1LCOSLmMNopXJr
3825,-37727840,27268431.690,-687810.9,17462406,-16877401,8111986#cQDypD90IyPvZqwz0ZB2EYoz0RNKkv
3826,-19566552,-23364802.850,-584735.5,8049923,-21032039,9679636#D6UpLkWzBQsHPuRbW6wYY8w61AS0u9
3827,20957469,-23727774.070,570112.6,9737736,-15191141,15793391#otUVL2893T9gzL7hkwcY01nyRHuLcG
3828,-1513633,17344910.730,566236.9,-29294156,13549700,6837615#r6C1otN5BTvOT2pi2vBy1fMB2HcwDD
3829,20049343,-30450540.210,14554.7,8113140,4956498,35380068#zYj2369alJf58ddZRvJZu8o3Rj4Y8v
3830,37763100,-27475360.430,-330537.5,20782427,-27404688,9462893#jMTqCdUrl2JCOef1YV0fCr9YJejq1n
3831,4136103,33966904.850,-108955.8,11997312,23225687,23535089#8HwLvTCC9HvZJt3b9sNxTytuh29HL8
3832,14306765,22392558.320,693378.1,-23023457,32664752,31990240#0eCOPB9IdPp3LwoB9XLBzHXwkBYAgQ
3833,18990619,6554720.590,242036.0,-28498784,-26452284,23025754#CZ9e6hr6hiY6cloybnoqVaDbuwMwYD
3834,-9373368,12063342.990,-52413.8,-25221899,33221247,34904846#wWPtsrpPYCPrhhaQ42bh0tIHBns0PC
3835,15244066,-16787107.380,-606740.3,-37458156,-15161252,22978820#2jeQ4vQE3qDAwjvywXnZu9foTZTQkc
3836,-17317910,28615784.830,674835.3,-2423461,-24191710,931069#HJCUSCoCzEqyhy0LiEjHpSZTD4tG9m
3837,31797063,-31420392.640,-104091.4,25567727,-16146744,13848295#CYrC3Z8IW316QGL06wZn5NOpVeXk8b
3838,20778415,-20087699.770,687019.3,-17886799,37286258,19083744#nIgCHjJCSN7h0ZqmmgTCPMlPRsQDFO
3839,32677891,28825098.710,-309599.9,22122374,19342431,37816269#70OrUdw2dkRm0OYjV36vviK5VOP2J5
3840,17537352,-13190747.230,256561.4,-8571897,-14854408,17992322#CDYFbR3J6qigsE0hRd8OqTLWrAFGl4
3841,30050546,36783983.890,321692.8,20791984,28465184,23739878#r6IYxtH6RU5SahcRYPPHtIVp0qM9li
3842,31573699,-36684245.720,-439214.3,17120991,-1618238,17104637#sfEdda8V8nEnGYm6xxw7EC7J7nQeRa
3843,-5148746,21626978.660,375569.4,17713892,9575305,14694984#Mc3M161sd5MuTUj0K9EpvC6F0qY8rH
3844,7388978,33598824.700,262981.9,-12160614,-34977825,3671401#EgLJXh6gyz4dCKBQup1YEu6zQSGKgo
3845,16640234,31535985.870,-675370.8,-12789128,-23370736,35147881#9c8u7Xjdro8gGBEWiFT4syH9HscpJj
3846,-10822731,21679267.500,169158.0,38085214,-18295417,15118262#Al6qILUXVczndtp9KePPZhwYyHfL5G
3847,36577120,29228944.430,541769.7,3902773,-13368065,19991020#jbKjhrQ6fFBo7Ij5PG3ApBHnVMRfuv
3848,-24723458,-26168014.480,-554320.6,-16219034,12278549,1006598#3GAQggUzraivcqbMKnXWydLfYKIb2c
3849,-38425771,21069998.830,-202755.4,-21490091,-24481716,1801617#u6eMYrqV65oHicAJu9XmoRnTwYdn0j
3850,4169190,-24596598.490,-551460.8,-18527189,7032109,37895285#pNgN0O9UdR9JNbOeAGo6TAttVCl97T
3851,14318786,-9967292.070,-403970.0,35053237,-32471385,12012716#B4MHHjrcmVjfYM1aFSupUUSD4WIYCk
3852,6325006,-33310155.340,307071.8,-5095112,16663479,26844705#uV31szZke6xHTVvn8qQLTLZjhWyBkm
3853,11016034,33715867.590,222902.2,13538321,22820837,25014315#102Q31FvK2JF7SHpwlfz8fIbQE9Fzf
3854,-2848156,-14896583.310,527663.1,-32008423,-26612643,1454742#RZu6334WGrX9k1j9fZe6hHJ0YOVBvj
3855,-33221034,8065438.920,115807.3,14767455,-31003105,36668734#fVWNPLXuvKlwVnldFP8qwRsUFIqzlY
3856,-11644442,-3490016.550,182892.8,27548941,31566087,22157298#HaSKVuEFnKNjKYLDxcIycAqif9YgHn
3857,24681089,1946934.460,260550.1,5446552,12795496,33913529#qsSlPTbE4eLzEWjJbvA2GkwiyPADlH
3858,-35236797,24137417.010,-501266.3,23206598,-14010561,17696260#qAbK9RwMIOGcMpYI5bgRWJJt5TfNen
3859,34706403,17653989.950,617080.4,-36557525,27068678,9116273#0l5JFzSaAIcyCcwANhbwEZqrqemo9X
3860,-35666876,-7720143.180,350707.5,-100283,-17000778,26610054#PGtooLm187VPzXhEgGqOKGFWBm6JVx
3861,20253892,-8525058.070,-640108.3,-8498535,-36459683,37718358#m5ljw4yb9QKOO1b9J0zTW6579pspbY
3862,1062365,6343699.060,423096.2,-11630146,-10174948,11116703#qp5EMQJvXyij55hMN5nyvEXmHp99XO
3863,-31392736,-21860218.320,321451.4,-15463978,-12328596,6217562#DomhdOhfCvZpbwai9HzFRR3nvK5CHD
3864,-18129379,-30075870.370,-35866.8,2455438,16281240,21394106#hTCE6lpYyuU9a6jjtVsi99QYrLCz36
3865,-21630266,12094991.860,655167.8,-1445482,-38231392,22471195#5PvvoTl8T8Z3oHScYvqoILugi4czfz
3866,27739235,-28099253.520,424035.9,14699605,10047170,23476153#MlDsHwDWIkx7kqvAyHSIJWgljgRSkZ
3867,-25155473,-2998751.650,633938.6,16205673,21546601,36103741#kPUuVMmDjRLl8DRLZ6p2QY2yl0Ok2l
3868,-22504519,17674760.600,49886.0,-36661116,-13994840,38283403#kjyeIhoi1VItP9W8YK3iPeAJQdxw5l
3869,-16482938,-4635339.560,255885.8,-10276421,-12142477,27718334#XyOlwZGGAQJcfYfnBmbxvaUqzawLM9
3870,-3983567,36751245.370,30498.3,-25304725,1388776,26980866#S0Nke3zDuzu1QQu5W0PTaXyJtLHAHP
3871,-23483066,18218719.290,161074.3,19014758,-2465939,23927777#KUiG3yDAOI4JwZafsvmNlsme7eJyPx
3872,6826912,-24366587.530,-255478.2,-38514116,-36929275,3675681#RkKvBH7vspw65E1rGpIZ2t8M8cgg1Y
3873,28596310,-29516879.010,699626.7,-30482212,16957661,15185333#Ro4Nm44CGztPzopnp4j0jxf0i8WfwK
3874,17942949,7051262.840,96342.0,-25295625,35556411,20982074#Y3AOblJhXm13ckJDHcDyiko00yE4oe
3875,-38220890,27624951.190,-696672.9,17690717,-17097959,8217934#PRr5rSQTGn3xxplovSoFAE5ol9VW0k
3876,-19822152,-23670095.350,-592490.5,8155052,-21306858,9806050#taGvVJTww2d5l2TtO5zeyF532sqtiK
3877,21231394,-24037652.570,577558.1,9864911,-15389660,15999693#TTEyuTRS7Gj8euP0dwzHu6rZNNwiyB
3878,-1533500,17571531.230,573570.4,-29676704,13726698,6926803#DJdDB0vZcIiImSAq0ru31E1A8ThnSH
3879,20311250,-30848264.210,14724.2,8219014,5021281,35841954#zorjbRQjMIkDBbSfklfq49tw8PxMzU
3880,38256056,-27834118.430,-334799.0,21053697,-27762393,9586409#FuQ5S3YmOCbbO0atfazJbpIpu6ejkM
3881,4190028,34410159.350,-110359.8,12153974,23528727,23842207#V5OKVO65Nf7XjjIrWC9nCXZeELUypY
3882,14493434,22684613.320,702508.1,-23323763,33090931,32407570#8gcUmjvqTswj5gN13a4NWaKNQNnuiA
3883,19238344,6640239.090,245145.5,-28870446,-26797363,23326025#EMxnTW1mqG9q560ronPMGk35Mys5cx
3884,-9495593,12220626.990,-53180.8,-25550751,33654523,35359957#48AZajlA4sWOFGs7xaIYf8uD04VBpt
3885,15442804,-17006042.380,-614582.3,-37946600,-15358885,23278301#oidMbmnWIe3tiQLhBRPyRsbkC1H5dB
3886,-17543560,28988855.330,683690.8,-2455087,-24507013,943185#USWmBuhjNwFQDfuQ82lWX5Maci1la7
3887,32211507,-31829791.140,-105364.9,25900827,-16357047,14028744#nIgCHjJCSN7h0ZqmmgTCPMlPRsQDFO
3888,21049121,-20349426.270,695867.3,-18119889,37772123,19332256#lUZSbzFhnFeDBhEJ1hysuMwACpRjSx
3889,33103441,29200462.210,-313537.4,22410588,19594477,38308702#K9dIRj79IRdCFbN0S47bBskWZRH9U7
3890,17765757,-13362460.730,259890.9,-8683580,-15047886,18226486#qshYArHRRxAR85IQ5MWaiZe8jdTyOx
3891,30441777,37262901.890,325958.8,21062616,28835712,24048806#osC3gQoKSrG0V3iwFJcSts4LM3HXmV
3892,31984730,-37161725.220,-444840.8,17343712,-1639392,17327171#IAgmtiusoUnKRFUUI8GrDOKWE7cZ9s
3893,-5215790,21908318.660,380505.4,17944411,9699854,14886047#E45VINjk0XxtM7eGLfpVHeGvz7zWcg
3894,7485059,34035964.700,266436.9,-12318841,-35432721,3719038#IBHh0gnn3nNUA0IVVG7AjODEgm3IHW
3895,16856529,31946170.370,-684257.8,-12955370,-23674651,35604902#MCDCKZX6W0443YIOcQSQPrzuz7q89U
3896,-10963487,21961210.500,171390.0,38580454,-18533306,15314777#KUiG3yDAOI4JwZafsvmNlsme7eJyPx
3897,37052558,29608804.430,548749.2,3953419,-13541899,20250763#XW9fNVrujRIG2k8glVO8W71blDwCpW
3898,-25044683,-26508138.480,-561516.6,-16429787,12438079,1019559#xNelnvlhqbCOFuZD1lVgns3B4ZiE06
3899,-38924874,21343603.830,-205319.9,-21769283,-24799812,1825018#VGGT9oY2QmqcMHVHFWvxRfm9ZTTFlM
3900,4223465,-24916092.490,-558675.3,-18767901,7123524,38387405#bdvQKXBHmBXIY9gmCMMKcWWyv5DxCT
3901,14504632,-10096691.070,-409144.5,35508484,-32892888,12168662#SIDjse2IIbNuGBImykV4ttUQc7PVYE
3902,6407042,-33742543.340,310963.8,-5161368,16879676,27193114#CvnRcZZ5rdLUIBrDi79hwCZN6dNfux
3903,11159097,34153396.090,225690.7,13714049,23117058,25338873#bz3TwXC4RYaESZ917OIQrISWwnygaO
3904,-2885037,-15089733.310,534503.1,-32423808,-26957935,1473559#xNelnvlhqbCOFuZD1lVgns3B4ZiE06
3905,-33651915,8170057.420,117327.8,14958935,-31405281,37144271#wwPoGMBIuMvu3F8U2FR3pw2gpR6Hme
3906,-11795515,-3535389.550,185160.8,27906123,31975276,22444595#ApTenSEiR7JMJtTCgXPPdrDrTAGB3S
3907,25001126,1972235.460,264054.6,5517033,12961242,34353127#Ip8EqvOukTBZ9kXxWyH7cvAJEL737D
3908,-35693559,24450272.510,-507674.8,23507360,-14192194,17925549#qpuDuuJMtOI5SIRkzGQPugpeHuMrfs
3909,35156103,17882795.450,625120.4,-37031095,27419476,9234368#wLoEASYZChD8Fi4jJ8VXdeZY5nfsAq
3910,-36128948,-7820090.680,355264.5,-101703,-17220959,26954676#ty1HH50YyRzUCX5EAvbELQsvuKE5hf
3911,20516067,-8635495.570,-648313.8,-8608706,-36931867,38206803#DJdDB0vZcIiImSAq0ru31E1A8ThnSH
3912,1076124,6425705.560,428674.2,-11780702,-10306653,11260555#U9t48BQdXxEh46E67fgllWHVMQROTl
3913,-31798986,-22143187.820,325723.4,-15664173,-12488081,6298026#F7LZX6HDz67gccA3oKZE2ubPyKigz2
3914,-18363929,-30464946.870,-36431.3,2487311,16491793,21670861#b0wxCdLHc18SXrk8k5VUTznEvhhEjh
3915,-21910129,12251425.360,663598.3,-1464295,-38725935,22761894#3gHIuFa1jPq4d3YcUnWTkjAJ0gzNTs
3916,28098104,-28462795.520,429487.9,14889688,10177074,23779759#ef12Wopp7KBC0ApnyRBFrKZbh8Z0PL
3917,-25480728,-3037570.650,642031.1,16415162,21825322,36570536#OgPm2O8lOhIfGTrITtLhaITmyDm9CC
3918,-22795456,17903350.100,50462.0,-37134978,-14175748,38778205#8lySfMttNcw1f9Zq6TvIDAl91kHWnR
3919,-16695988,-4695328.560,259065.3,-10409205,-12299284,28076478#sa49bqRrDHxecAHOor5Ej4IG2DU7UM
3920,-4035014,37226127.370,30919.8,-25631545,1406689,27329389#VXOvaYwr3XioZMWazZNkq7PY67hrEb
3921,-23786354,18454117.290,163129.3,19260245,-2497677,24236804#0ujj3fHhy3HNuBnS6kDIMMrrE0qV1Q
3922,6914999,-24681214.030,-258857.7,-39011521,-37406122,3723101#Ee08sNxaiQRA1v8dawaR9UH5BSsmPl
3923,28965357,-29898023.510,708558.2,-30875756,17176494,15381295#CYrC3Z8IW316QGL06wZn5NOpVeXk8b
3924,18174574,7142198.840,97668.5,-25622161,36015276,21252865#xGybnhDrfb95v7y1JkiGb1msWO0nkQ
3925,-38713940,27981470.690,-705534.9,17919027,-17318517,8323883#PZyOEb0f3GMDMPmS0EqlwUCZjxZGpi
3926,-20077752,-23975387.850,-600245.5,8260182,-21581677,9932463#y8q8S0ZCBbO35r6xMVUHJcgMZRYKNM
3927,21505319,-24347531.070,585003.6,9992086,-15588179,16205995#KfjPbWkNHefGAmBHZrZV3oEn887NvX
3928,-1553368,17798151.730,580903.9,-30059252,13903696,7015992#IVI9kkYpXWL4XGM5VMJa8XwYeJZkSn
3929,20573158,-31245988.210,14893.7,8324887,5086065,36303840#DXaJPgCOnRLWUJ2hdgmYBdgxKzi0HU
3930,38749012,-28192876.430,-339060.5,21324966,-28120099,9709926#l6e8KWLV4ffkUuPcFbFCNxJtRe7knU
3931,4243953,34853413.850,-111763.8,12310636,23831768,24149326#vXQvh7DxIZ25SRfQTAcF56gCHnInph
3932,14680102,22976668.320,711638.1,-23624070,33517110,32824900#wFOV2C6TP2Hj9rn1rU3tAolLmCx9Bf
3933,19486069,6725757.590,248255.0,-29242108,-27142441,23626295#CYrC3Z8IW316QGL06wZn5NOpVeXk8b
3934,-9617818,12377910.990,-53947.8,-25879604,34087799,35815069#HJCUSCoCzEqyhy0LiEjHpSZTD4tG9m
3935,15641541,-17224977.380,-622424.3,-38435043,-15556518,23577781#I4XVLPbwmITMme0Zo7vtB8nacxRTpA
3936,-17769210,29361925.830,692546.3,-2486712,-24822317,955300#3iLcnnYF8job33FbwLhsOFlb7lvpJ3
3937,32625950,-32239189.640,-106638.4,26233927,-16567351,14209192#TTovnJJLazHTC8KKo6Fbft2g4D6dIF
3938,21319827,-20611152.770,704715.3,-18352979,38257989,19580769#GZ3dveFcH0JCF8cFttWUVb7YjsWcvn
3939,33528991,29575825.710,-317474.9,22698802,19846523,38801135#VsPYQSriI1vxWQo1PRwPtK2quTUbdu
3940,17994162,-13534174.230,263220.4,-8795263,-15241364,18460650#FG2JuULrYtesRDGJ0cgUFCH9dc55yx
3941,30833008,37741819.890,330224.8,21333248,29206239,24357734#fVWNPLXuvKlwVnldFP8qwRsUFIqzlY
3942,32395761,-37639204.720,-450467.3,17566434,-1660545,17549705#uV31szZke6xHTVvn8qQLTLZjhWyBkm
3943,-5282835,22189658.660,385441.4,18174930,9824402,15077110#pBvcKDVl2WnK55NA0LLaWkNuG0NQaN
3944,7581140,34473104.700,269891.9,-12477068,-35887617,3766676#ty1HH50YyRzUCX5EAvbELQsvuKE5hf
3945,17072824,32356354.870,-693144.8,-13121612,-23978566,36061923#CKICVhbLnk6eRj3Loa2Ws2PhzwYL93
3946,-11104243,22243153.500,173622.0,39075693,-18771195,15511292#CCvyufVMI8zrCtF46xyQCN1qZ0bSnc
3947,37527995,29988664.430,555728.7,4004064,-13715732,20510506#XG80g88c4LVtAqecbNB4g1hEYtTSTU
3948,-25365908,-26848262.480,-568712.6,-16640541,12597610,1032520#sSKxYFJNYBfMQ4T5pgKiF0Pu5QWhSb
3949,-39423977,21617208.830,-207884.4,-22048476,-25117909,1848418#JDXpoy4pWn76AT2RuK39z45es467u0
3950,4277740,-25235586.490,-565889.8,-19008613,7214940,38879526#sClt22eXR0gyDB5UDA69c5j8fHVjUU
3951,14690479,-10226090.070,-414319.0,35963731,-33314392,12324609#To8M1Bkqop88SHjQtzfDulOfrFJQXF
3952,6489077,-34174931.340,314855.8,-5227625,17095873,27541524#enCRLSe6ytwJZaqb8PJGYplURRozni
3953,11302159,34590924.590,228479.2,13889778,23413280,25663430#UO8GlJoMqBNuOB6sR31OYurozY9gg0
3954,-2921918,-15282883.310,541343.1,-32839192,-27303227,1492375#4hjgAXU7qT3YjqMWB0XcCkJJwc0oNl
3955,-34082796,8274675.920,118848.3,15150416,-31807458,37619808#011GevKuZl7L6txe2y5QsIe0c2S3QY
3956,-11946588,-3580762.550,187428.8,28263305,32384466,22731893#jMTqCdUrl2JCOef1YV0fCr9YJejq1n
3957,25321164,1997536.460,267559.1,5587514,13126988,34792725#Q32CQlc4c8do0lkGTFl3z0nlu94C3t
3958,-36150322,24763128.010,-514083.3,23808122,-14373828,18154839#bUMefJwu5Uy7CHrMIUkHDzKn7JFyNt
3959,35605803,18111600.950,633160.4,-37504665,27770274,9352464#MGFUBeXuzH1XeBXJRiK8mDQ3CG9vj5
3960,-36591021,-7920038.180,359821.5,-103122,-17441139,27299298#HaSKVuEFnKNjKYLDxcIycAqif9YgHn
3961,20778242,-8745933.070,-656519.3,-8718878,-37404052,38695247#Mkf8K078yWGxmruTjZ0VjOU2cvbsuu
3962,1089883,6507712.060,434252.2,-11931258,-10438357,11404407#TQcFe7kDEcVcrQev1HHUwM0u6CI78O
3963,-32205236,-22426157.320,329995.4,-15864368,-12647566,6378490#lOwylcazA5S81QbtwweBZZU3J6fRo1
3964,-18598479,-30854023.370,-36995.8,2519184,16702345,21947616#LdRcdNTNzG1nKb3WoR0RCI8uLYD9og
3965,-22189991,12407858.860,672028.8,-1483108,-39220478,23052593#krQlhVgten72fcWPtMyCvXtgpXJA4b
3966,28456972,-28826337.520,434939.9,15079771,10306979,24083365#Lmwtv00c9iZjw5qfEcS9novgu17Ali
3967,-25805982,-3076389.650,650123.6,16624652,22104044,37037332#t8MJRpq09zenRyQOuSZJ1iL9iCShKY
3968,-23086394,18131939.600,51038.0,-37608840,-14356655,39273008#kXZgqfhkQIJLEZADHEM2SF14AmDmA7
3969,-16909038,-4755317.560,262244.8,-10541990,-12456091,28434622#I1OlxQHcPqSCGsxy7JTG2hQ4euMzvv
3970,-4086460,37701009.370,31341.3,-25958364,1424602,27677912#uKy487oiWyaX53kLrbFWZdxKGVIxBB
3971,-24089641,18689515.290,165184.3,19505733,-2529415,24545832#sp9yLD83VCrqUHMTYBkz3doEDTgI4B
3972,7003087,-24995840.530,-262237.2,-39508926,-37882969,3770520#sSKxYFJNYBfMQ4T5pgKiF0Pu5QWhSb
3973,29334403,-30279168.010,717489.7,-31269300,17395327,15577257#Bie8BwS9Mf3TT6mezmhtmSbcojDr3U
3974,18406199,7233134.840,98995.0,-25948697,36474140,21523656#rTxtYbztVDNEWoiTfdteMerOwtJdAI
3975,-39206990,28337990.190,-714396.9,18147338,-17539075,8429831#rjGPZqtAwTf984h80BWLKwjtkEBMrs
3976,-20333352,-24280680.350,-608000.5,8365311,-21856496,10058877#LQHYQT61GecBYGCGy3jYeR5F276r3H
3977,21779244,-24657409.570,592449.1,10119261,-15786698,16412297#GGP8Fe4b51L5Rcar8NqOqEwz3pB3Sg
3978,-1573235,18024772.230,588237.4,-30441800,14080694,7105180#TZ5h0PSxQkpOco0xaVPLfcWauXgrzS
3979,20835065,-31643712.210,15063.2,8430761,5150848,36765726#CO9kAIhKKRLPP6i8ZuBrwymgxVyiNf
3980,39241968,-28551634.430,-343322.0,21596236,-28477804,9833442#ESbZ2DlScjwqUCvHDqkR0XVo1sk66M
3981,4297878,35296668.350,-113167.8,12467298,24134808,24456444#88oQ8mDEjltkn2yMcXSCGaKbpz1VJk
3982,14866771,23268723.320,720768.1,-23924376,33943289,33242230#eRxdgpzFvYVoIX7p9qxzrDntLqu7IV
3983,19733794,6811276.090,251364.5,-29613770,-27487520,23926566#4t5t61PSpWBptcCtlmGWtwNK0eL6W5
3984,-9740043,12535194.990,-54714.8,-26208456,34521075,36270180#TZ5h0PSxQkpOco0xaVPLfcWauXgrzS
3985,15840279,-17443912.380,-630266.3,-38923487,-15754151,23877262#Al6qILUXVczndtp9KePPZhwYyHfL5G
3986,-17994860,29734996.330,701401.8,-2518338,-25137620,967416#v7rtMs8n0342wHjkmaUvwJ7R2ZcPCM
3987,33040394,-32648588.140,-107911.9,26567027,-16777654,14389641#dh56FMj1Asn68uloTMRaNbdfguRaWp
3988,21590533,-20872879.270,713563.3,-18586069,38743854,19829281#Njl4LuKlEIbXNJvoNGeLgmDtxuyA10
3989,33954541,29951189.210,-321412.4,22987016,20098569,39293568#wt2z00FfmmsiLIxlbI507X43CTzzyY
3990,18222567,-13705887.730,266549.9,-8906946,-15434842,18694814#VvRjk2zw2tOg5F6vE088JtjgbcTNWE
3991,31224239,38220737.890,334490.8,21603880,29576767,24666662#SIDjse2IIbNuGBImykV4ttUQc7PVYE
3992,32806792,-38116684.220,-456093.8,17789155,-1681699,17772239#pWiallLTXUhNgdN0hj77MCOmNkmL5R
3993,-5349879,22470998.660,390377.4,18405449,9948951,15268173#bAXFB0MLOuB9mrUUAC0CBVWneWKQ5g
3994,7677221,34910244.700,273346.9,-12635295,-36342513,3814313#mKDYLMBLHRqnJTUbvK0NkKyZNFXqyB
3995,17289119,32766539.370,-702031.8,-13287854,-24282481,36518944#vJivQeJRcdY61KWCvu8hf8Stu5FQRC
3996,-11244999,22525096.500,175854.0,39570933,-19009084,15707807#h6AAROknEHLv4bs1d5y5wPcIfzjpuk
3997,38003433,30368524.430,562708.2,4054710,-13889566,20770249#tzvg6Ss3ck1TCTkcHu2eGW6ZEA7zFO
3998,-25687133,-27188386.480,-575908.6,-16851294,12757140,1045481#do4d6FwEymKVrfwOsMNildXklVFo6N
3999,-39923080,21890813.830,-210448.9,-22327668,-25436005,1871819#vXfHOENOhltJdqyW6nhBAPFVXVZnEt
4000,4332015,-25555080.490,-573104.3,-19249325,7306355,39371646#v7NSCgAI4GaGSPuo6H6gcxzWulBeVE
4001,14876325,-10355489.070,-419493.5,36418978,-33735895,12480555#U9t48BQdXxEh46E67fgllWHVMQROTl
4002,6571113,-34607319.340,318747.8,-5293881,17312070,27889933#ubosDJw1zMrlJrkGejZDmstbxWfqDG
4003,11445222,35028453.090,231267.7,14065506,23709501,25987988#6o1VvWqw3fZSVtWaagCAwghc0BUCPB
4004,-2958799,-15476033.310,548183.1,-33254577,-27648519,1511192#TTovnJJLazHTC8KKo6Fbft2g4D6dIF
4005,-34513677,8379294.420,120368.8,15341896,-32209634,38095345#P6lQF5xzTRaXQTDPMYW1GK70srWJEm
4006,-12097661,-3626135.550,189696.8,28620487,32793655,23019190#bLibq88TrLirkB6TxquSEvYgAuY6Iw
4007,25641201,2022837.460,271063.6,5657995,13292734,35232323#LqWe09JtRgxruc4uahDMkBZq4Mn7KO
4008,-36607084,25075983.510,-520491.8,24108884,-14555461,18384128#iJQYOB1lQCiPqzdEFWQUSD4kUgRG4k
4009,36055503,18340406.450,641200.4,-37978235,28121072,9470559#xNelnvlhqbCOFuZD1lVgns3B4ZiE06
4010,-37053093,-8019985.680,364378.5,-104542,-17661320,27643920#4HqVAyMKq0paElZbNWOM7so2MgLTaI
4011,21040417,-8856370.570,-664724.8,-8829049,-37876236,39183692#FM6LDJuvdwRJ636Xn1iuArMHUorm6i
4012,1103642,6589718.560,439830.2,-12081814,-10570062,11548259#UZFYpM4IXqsf7iDgbrb0O27IQSUHpu
4013,-32611486,-22709126.820,334267.4,-16064563,-12807051,6458954#zorjbRQjMIkDBbSfklfq49tw8PxMzU
4014,-18833029,-31243099.870,-37560.3,2551057,16912898,22224371#3GPGiXDpjdAPdeHFk0kFEHmHWvsJOA
4015,-22469854,12564292.360,680459.3,-1501921,-39715021,23343292#CCvyufVMI8zrCtF46xyQCN1qZ0bSnc
4016,28815841,-29189879.520,440391.9,15269854,10436883,24386971#SvBUYnUGO31Vbo7KpFszwJSFV6sEM1
4017,-26131237,-3115208.650,658216.1,16834141,22382765,37504127#Ip8EqvOukTBZ9kXxWyH7cvAJEL737D
4018,-23377331,18360529.100,51614.0,-38082702,-14537563,39767810#aWKlQuePS4k0iqoLepBWdLPKKcwDeB
4019,-17122088,-4815306.560,265424.3,-10674774,-12612898,28792766#Rxa5eL5eeCr7A475KP3d0b2VgO428E
4020,-4137907,38175891.370,31762.8,-26285184,1442515,28026435#F35r4nVRVGsjgNxvbgKaoaKXxS2YV0
4021,-24392929,18924913.290,167239.3,19751220,-2561153,24854859#BIaSEIKnxP3wPf0Wu7uQbnTQqcb56x
4022,7091174,-25310467.030,-265616.7,-40006331,-38359816,3817940#koXkuhmVwwlRmz7qogCf9pMW7U4n46
4023,29703450,-30660312.510,726421.2,-31662844,17614160,15773219#SmbtwEnTKjbqzY3taYaCpDbuPphDwQ
4024,18637824,7324070.840,100321.5,-26275233,36933005,21794447#okERYEtPhKnSznYiWxK1DXWDvOxi9i
4025,-39700040,28694509.690,-723258.9,18375648,-17759633,8535780#8es9JhNJ0CBlqb7bf4ppszQzorTNBY
4026,-20588952,-24585972.850,-615755.5,8470441,-22131315,10185290#dtnpVbGnJ86s5KSjyNhWPOtM6Ls5la
4027,22053169,-24967288.070,599894.6,10246436,-15985217,16618599#4vsB0BdWiLgqHFTcREzmzsYwPjWft3
4028,-1593103,18251392.730,595570.9,-30824348,14257692,7194369#Cp4saf3cYZJ2kjKz9R8njptoWYZ5MC
4029,21096973,-32041436.210,15232.7,8536634,5215632,37227612#FuNK6WSax1n9EdNARHJh19fxS5VG45
4030,39734924,-28910392.430,-347583.5,21867505,-28835510,9956959#llOuYWALjFdKns9F1clJNxr2munIoJ
4031,4351803,35739922.850,-114571.8,12623960,24437849,24763563#E7IX5lvhLAy57ui1AYfGWiziD5IYAg
4032,15053439,23560778.320,729898.1,-24224683,34369468,33659560#ZrPaXu8OnaupiCClghO9M1ZClGOkmx
4033,19981519,6896794.590,254474.0,-29985432,-27832598,24226836#dAzZUhSLIKrViAiNMCSYFqwEOsGqPq
4034,-9862268,12692478.990,-55481.8,-26537309,34954351,36725292#CCvyufVMI8zrCtF46xyQCN1qZ0bSnc
4035,16039016,-17662847.380,-638108.3,-39411930,-15951784,24176742#RZu6334WGrX9k1j9fZe6hHJ0YOVBvj
4036,-18220510,30108066.830,710257.3,-2549963,-25452924,979531#ugFyczumGtFqHby12ZlHks2y7fPxbV
4037,33454837,-33057986.640,-109185.4,26900127,-16987958,14570089#8HwLvTCC9HvZJt3b9sNxTytuh29HL8
4038,21861239,-21134605.770,722411.3,-18819159,39229720,20077794#5LClj1zqmN6gkQsscGa9rrFhPS1jvS
4039,34380091,30326552.710,-325349.9,23275230,20350615,39786001#0g37SUecpUOgpjfkyvHayWGlrrGiX4
4040,18450972,-13877601.230,269879.4,-9018629,-15628320,18928978#WI292E00ESwnWVmKeas23AHM5fMf6o
4041,31615470,38699655.890,338756.8,21874512,29947294,24975590#vjNT3BZDT9tAKJw6OdB7EsUy0yzb6d
4042,33217823,-38594163.720,-461720.3,18011877,-1702852,17994773#FPNAed9Op4F3SEmecl9qrEFy1xAGsM
4043,-5416924,22752338.660,395313.4,18635968,10073499,15459236#jhx6w37ZiioEv1ec2T2ApozSJwoStZ
4044,7773302,35347384.700,276801.9,-12793522,-36797409,3861951#228kJhJG90E4t24Ey064fdxNlD8ogT
4045,17505414,33176723.870,-710918.8,-13454096,-24586396,36975965#76WW7hEEm5wPeLRxDpVotEfb2edsFF
4046,-11385755,22807039.500,178086.0,40066172,-19246973,15904322#CDYFbR3J6qigsE0hRd8OqTLWrAFGl4
