1645,1,769,-4054351,-13164262,-2048388,-5180593.5
1646,1,2137,3030122,10243344,-2134023,1.2737349E7
1647,1,154,-12755397,-5807484,14354366,1428557.1
1648,1,937,-1788180,-3540005,-11665955,-1.0361849E7
1649,1,463,-5230630,-6155791,-1408375,-1.5511296E7
1650,1,1193,9235317,15658975,-4388731,-1.5225988E7
1651,1,1354,805241,15540428,1722125,-6630937.5
1652,1,550,12608813,-15566182,-8165100,9505995.0
1653,1,943,-3477560,14651413,7740621,4763279.0
1654,1,946,740259,-1721299,12602779,-1860348.6
1655,1,1461,-4348413,-7663901,-13966727,-1420691.4
1656,1,2220,5993298,15908916,-11599991,-7187689.0
1657,1,472,6673828,11695755,13870777,1541141.0
1658,1,331,858620,11459447,-13604924,-4610238.5
1659,1,2341,-4323013,-3795286,15359935,1.2804119E7
1660,1,2367,-3601279,10886315,-1994346,-6160584.0
1661,1,789,6034734,3995446,6760153,-1.3824416E7
1662,1,2513,10816751,10380963,-8667881,-1920844.6
1663,1,1791,-6270421,4710655,-15698562,-1.3888868E7
1664,1,331,-13211644,-15050490,430883,-2962532.2
1665,1,1881,-15080734,-11957564,5501940,-18688.12
1666,1,69,1426713,-10582072,3072633,-1.5916937E7
1667,1,354,-11946499,13449074,-6399510,-7994223.5
1668,1,534,13296794,-16178992,5297290,-9361978.0
1669,1,328,15237372,-15516233,14065961,1.4762948E7
1670,1,774,-3087794,-6809005,5109765,-8627542.0
1671,1,1420,343407,-12539838,-4137231,-7839238.5
1672,1,902,15474692,-16114378,8188630,-1.3731176E7
1673,1,2023,-5791990,10858635,-7775766,-7165117.0
1674,1,1075,-2243466,-16699990,-881298,-1.6286995E7
1675,1,2107,-15223095,14069250,402659,-1.5566833E7
1676,1,1088,-7915680,-15015917,7305423,3949112.8
1677,1,1518,13123328,-1072391,5036427,-1.1411248E7
1678,1,525,-15156331,8041418,15643183,-6598743.5
1679,1,728,8715762,15525078,4360772,-3670554.5
1680,1,101,9056556,14519603,14959747,4009983.5
1681,1,796,-6429113,-9574010,11707760,1.6730743E7
1682,1,298,3533602,-12741650,-14902414,1.3812154E7
1683,1,1219,8952343,16021986,13443927,1.5842075E7
1684,1,41,-3743869,12440899,-6759942,1.3116358E7
1685,1,321,-13383291,-10261238,6519728,1.1671087E7
1686,1,1715,14998100,12165110,-1651968,5722006.0
1687,1,693,-5860290,11308039,-13178531,5585130.0
1688,1,624,-7425568,-7341640,-5560562,1558214.6
1689,1,2165,-15610522,8985126,5112277,1.4410703E7
1690,1,1952,5948963,-4523890,8684731,-2915505.8
1691,1,942,-3314733,1601459,-10298448,4351232.0
1692,1,1251,-571906,-366719,2446931,572182.56
1693,1,2199,15111244,933136,10730925,6015104.0
1694,1,893,-3445498,3609352,-14640340,-1.1312242E7
1695,1,1071,-4177433,-13564470,-2110905,-5338193.5
1696,1,597,3122031,10554563,-2198611,1.3124549E7
1697,1,1543,-13142440,-5984084,14789975,1471757.1
1698,1,814,-1842259,-3647416,-12020146,-1.0676249E7
1699,1,1185,-5389528,-6342519,-1450935,-1.5981696E7
1700,1,1447,9515206,16133498,-4521946,-1.5687588E7
1701,1,1496,829439,16011238,1774193,-6831737.5
1702,1,254,12990300,-16037552,-8412326,9793995.0
1703,1,1833,-3583034,15094662,7974893,4907279.0
1704,1,1223,762786,-1773456,12983914,-1916348.6
1705,1,11,-4479615,-7895292,-14388777,-1463891.4
1706,1,421,6174223,16389167,-11950117,-7404489.0
1707,1,1226,6875098,12048390,14289382,1587541.0
1708,1,759,884368,11805109,-14015315,-4749438.5
1709,1,889,-4453578,-3909624,15822879,1.3189719E7
1710,1,27,-3709729,11214149,-2054252,-6346184.0
1711,1,1941,6216468,4115537,6963561,-1.4240416E7
1712,1,2326,11141884,10692991,-8928600,-1978444.6
1713,1,1534,-6458870,4852556,-16170554,-1.4306468E7
1714,1,1101,-13608755,-15502557,443725,-3051332.2
1715,1,786,-15533514,-12316688,5667081,-19488.12
1716,1,2043,1469655,-10899802,3164722,-1.6394537E7
1717,1,2151,-12304638,13852328,-6591604,-8234223.5
1718,1,1617,13695258,-16664201,5456087,-9642778.0
1719,1,2107,15694075,-15981236,14487185,1.5205348E7
1720,1,1344,-3180169,-7012892,5263033,-8885942.0
1721,1,448,353615,-12915183,-4261206,-8073638.5
1722,1,1935,15937537,-16596006,8433313,-1.4141576E7
1723,1,305,-5965143,11183344,-8007995,-7379517.0
1724,1,2438,-2310543,-17198695,-907455,-1.6773395E7
1725,1,1951,-15677553,14489250,414842,-1.6031633E7
1726,1,1590,-8151830,-15464017,7523139,4066712.8
1727,1,1765,13514335,-1104078,5186492,-1.1751248E7
1728,1,1733,-15608072,8281185,16109514,-6795543.5
1729,1,295,8975593,15987355,4490404,-3780154.5
1730,1,873,9326180,14951807,15404715,4129183.5
1731,1,2006,-6620474,-9858962,12055889,1.7228342E7
1732,1,2428,3638813,-13120380,-15345706,1.4222554E7
1733,1,673,9218431,16497946,13843215,1.6312475E7
1734,1,2206,-3854873,12810487,-6960512,1.3505958E7
1735,1,368,-13780480,-10565446,6712955,1.2017487E7
1736,1,933,15443116,12525835,-1700730,5891606.0
1737,1,2303,-6034065,11642901,-13568994,5750730.0
1738,1,2508,-7645462,-7559147,-5725528,1604614.6
1739,1,911,-16072800,9251117,5263842,1.4837103E7
1740,1,105,6125150,-4657945,8941519,-3001905.8
1741,1,1556,-3412510,1648794,-10602826,4480032.0
1742,1,1470,-588512,-377284,2519059,588982.56
1743,1,1142,15557802,960789,11047746,6192704.0
1744,1,1023,-3547337,3715758,-15072535,-1.1645842E7
1745,1,1374,-4300514,-13964678,-2173422,-5495793.5
1746,1,1573,3213939,10865782,-2263199,1.3511749E7
1747,1,416,-13529483,-6160683,15225583,1514957.1
1748,1,691,-1896338,-3754828,-12374336,-1.0990649E7
1749,1,1907,-5548427,-6529247,-1493494,-1.6452096E7
1750,1,1701,9795094,16608021,-4655160,-1.6149188E7
1751,1,1638,853638,16482047,1826261,-7032537.5
1752,1,2475,13371788,-16508922,-8659552,1.0081995E7
1753,1,207,-3688509,15537910,8209166,5051279.0
1754,1,1500,785313,-1825614,13365049,-1972348.6
1755,1,1077,-4610818,-8126682,-14810826,-1507091.4
1756,1,1138,6355148,16869419,-12300244,-7621289.0
1757,1,1980,7076367,12401024,14707988,1633941.0
1758,1,1187,910115,12150771,-14425706,-4888638.5
1759,1,1953,-4584144,-4023962,16285822,1.3575319E7
1760,1,203,-3818179,11541982,-2114158,-6531784.0
1761,1,577,6398203,4235629,7166970,-1.4656416E7
1762,1,2139,11467017,11005020,-9189319,-2036044.6
1763,1,1277,-6647319,4994458,-16642546,-1.4724068E7
1764,1,1872,-14005866,-15954624,456568,-3140132.2
1765,1,2206,-15986293,-12675812,5832221,-20288.12
1766,1,1501,1512596,-11217533,3256811,-1.6872136E7
1767,1,1432,-12662777,14255583,-6783699,-8474224.0
1768,1,185,14093721,-17149410,5614884,-9923578.0
1769,1,1370,16150778,-16446238,14908409,1.5647748E7
1770,1,1914,-3272545,-7216778,5416302,-9144342.0
1771,1,1992,363823,-13290528,-4385181,-8308038.5
1772,1,452,16400382,-17077635,8677996,-1.4551976E7
1773,1,1103,-6138295,11508053,-8240224,-7593917.0
1774,1,1285,-2377619,-17697400,-933611,-1.7259794E7
1775,1,1795,-16132012,14909251,427026,-1.6496433E7
1776,1,2092,-8387980,-15912117,7740854,4184312.8
1777,1,2013,13905341,-1135764,5336558,-1.2091248E7
1778,1,426,-16059812,8520952,16575844,-6992343.5
1779,1,2377,9235424,16449632,4620035,-3889754.5
1780,1,1645,9595804,15384011,15849683,4248383.5
1781,1,700,-6811835,-10143913,12404018,1.7725942E7
1782,1,2042,3744024,-13499110,-15788997,1.4632954E7
1783,1,127,9484519,16973906,14242503,1.6782874E7
1784,1,1856,-3965877,13180075,-7161082,1.3895558E7
1785,1,415,-14177668,-10869653,6906183,1.2363887E7
1786,1,151,15888131,12886560,-1749493,6061206.0
1787,1,1396,-6207841,11977764,-13959457,5916330.0
1788,1,1876,-7865355,-7776654,-5890493,1651014.6
1789,1,2174,-16535079,9517108,5415407,1.5263503E7
1790,1,775,6301338,-4792001,9198308,-3088305.8
1791,1,2170,-3510288,1696129,-10907204,4608832.0
1792,1,1689,-605119,-387849,2591187,605782.56
1793,1,85,16004359,988442,11364566,6370304.0
1794,1,1153,-3649176,3822164,-15504730,-1.1979442E7
1795,1,1676,-4423596,-14364886,-2235939,-5653393.5
1796,1,33,3305848,11177001,-2327787,1.3898949E7
1797,1,1805,-13916526,-6337283,15661192,1558157.1
1798,1,568,-1950417,-3862239,-12728527,-1.1305049E7
1799,1,113,-5707325,-6715975,-1536054,-1.6922496E7
1800,1,1955,10074983,17082544,-4788375,-1.6610788E7
1801,1,1780,877836,16952857,1878329,-7233337.5
1802,1,2179,13753275,-16980292,-8906778,1.0369995E7
1803,1,1097,-3793983,15981159,8443438,5195279.0
1804,1,1777,807840,-1877771,13746184,-2028348.6
1805,1,2143,-4742020,-8358073,-15232876,-1550291.4
1806,1,1855,6536073,17349670,-12650370,-7838089.0
1807,1,218,7277637,12753659,15126593,1680341.0
1808,1,1615,935863,12496433,-14836097,-5027838.5
1809,1,501,-4714709,-4138300,16748766,1.3960919E7
1810,1,379,-3926629,11869816,-2174064,-6717384.0
1811,1,1729,6579937,4355720,7370378,-1.5072416E7
1812,1,1952,11792150,11317048,-9450038,-2093644.6
1813,1,1020,-6835768,5136359,-17114538,-1.5141668E7
1814,1,126,-14402977,-16406691,469410,-3228932.2
1815,1,1111,-16439073,-13034936,5997362,-21088.12
1816,1,959,1555538,-11535263,3348900,-1.7349736E7
1817,1,713,-13020916,14658837,-6975793,-8714224.0
1818,1,1268,14492185,-17634619,5773681,-1.0204378E7
1819,1,633,16607481,-16911241,15329633,1.6090148E7
1820,1,2484,-3364920,-7420665,5569570,-9402742.0
1821,1,1020,374031,-13665873,-4509156,-8542439.0
1822,1,1485,16863227,-17559263,8922679,-1.4962376E7
1823,1,1901,-6311448,11832762,-8472453,-7808317.0
1824,1,132,-2444696,-18196105,-959768,-1.7746194E7
1825,1,1639,-16586470,15329251,439209,-1.6961234E7
1826,1,78,-8624130,-16360217,7958570,4301912.5
1827,1,2260,14296348,-1167451,5486623,-1.2431248E7
1828,1,1634,-16511553,8760719,17042175,-7189143.5
1829,1,1944,9495255,16911909,4749667,-3999354.5
1830,1,2417,9865428,15816215,16294651,4367583.5
1831,1,1910,-7003196,-10428865,12752147,1.8223542E7
1832,1,1656,3849235,-13877840,-16232289,1.5043354E7
1833,1,2097,9750607,17449866,14641791,1.7253274E7
1834,1,1505,-4076881,13549663,-7361652,1.4285158E7
1835,1,462,-14574857,-11173861,7099410,1.2710287E7
1836,1,1885,16333147,13247285,-1798255,6230806.0
1837,1,490,-6381616,12312626,-14349920,6081930.0
1838,1,1244,-8085249,-7994161,-6055459,1697414.6
1839,1,920,-16997357,9783099,5566972,1.5689903E7
1840,1,1444,6477525,-4926056,9455096,-3174705.8
1841,1,268,-3608065,1743464,-11211582,4737632.0
1842,1,1908,-621725,-398414,2663315,622582.56
1843,1,1544,16450917,1016095,11681387,6547904.0
1844,1,1283,-3751015,3928570,-15936925,-1.2313042E7
1845,1,1979,-4546677,-14765094,-2298456,-5810993.5
1846,1,1009,3397756,11488220,-2392375,1.4286149E7
1847,1,678,-14303569,-6513882,16096800,1601357.1
1848,1,445,-2004496,-3969651,-13082717,-1.1619449E7
1849,1,835,-5866224,-6902703,-1578613,-1.7392896E7
1850,1,2209,10354871,17557067,-4921589,-1.7072388E7
1851,1,1922,902035,17423666,1930397,-7434137.5
1852,1,1884,14134763,-17451662,-9154004,1.0657995E7
1853,1,1987,-3899458,16424407,8677711,5339279.0
1854,1,2054,830367,-1929929,14127319,-2084348.6
1855,1,693,-4873223,-8589463,-15654925,-1593491.4
1856,1,56,6716998,17829922,-13000497,-8054889.0
1857,1,972,7478906,13106293,15545199,1726741.0
1858,1,2043,961610,12842095,-15246488,-5167038.5
1859,1,1565,-4845275,-4252638,17211709,1.4346519E7
1860,1,555,-4035079,12197649,-2233970,-6902984.0
1861,1,365,6761672,4475812,7573787,-1.5488416E7
1862,1,1765,12117283,11629077,-9710757,-2151244.5
1863,1,763,-7024217,5278261,-17586530,-1.5559268E7
1864,1,897,-14800088,-16858758,482253,-3317732.2
1865,1,15,-16891852,-13394060,6162502,-21888.12
1866,1,417,1598479,-11852994,3440989,-1.7827336E7
1867,1,2510,-13379055,15062092,-7167888,-8954224.0
1868,1,2352,14890648,-18119828,5932478,-1.0485178E7
1869,1,2412,17064184,-17376243,15750857,1.6532548E7
1870,1,538,-3457296,-7624551,5722839,-9661142.0
1871,1,48,384239,-14041218,-4633131,-8776839.0
1872,1,2,17326072,-18040892,9167362,-1.5372776E7
1873,1,183,-6484600,12157471,-8704682,-8022717.0
1874,1,1495,-2511772,-18694810,-985924,-1.8232594E7
1875,1,1483,-17040929,15749252,451393,-1.7426034E7
1876,1,580,-8860280,-16808317,8176285,4419512.5
1877,1,2508,14687354,-1199137,5636689,-1.2771248E7
1878,1,327,-16963293,9000486,17508505,-7385943.5
1879,1,1510,9755086,17374186,4879298,-4108954.5
1880,1,673,10135052,16248419,16739619,4486783.5
1881,1,604,-7194557,-10713816,13100276,1.8721142E7
1882,1,1270,3954446,-14256570,-16675580,1.5453754E7
1883,1,1551,10016695,17925826,15041079,1.7723674E7
1884,1,1155,-4187885,13919251,-7562222,1.4674758E7
1885,1,509,-14972045,-11478068,7292638,1.3056687E7
1886,1,1103,16778162,13608010,-1847018,6400406.0
1887,1,2099,-6555392,12647489,-14740383,6247530.0
1888,1,612,-8305142,-8211668,-6220424,1743814.6
1889,1,2183,-17459636,10049090,5718537,1.6116303E7
1890,1,2114,6653713,-5060112,9711885,-3261105.8
1891,1,882,-3705843,1790799,-11515960,4866432.0
1892,1,2127,-638332,-408979,2735443,639382.56
1893,1,487,16897474,1043748,11998207,6725504.0
1894,1,1413,-3852854,4034976,-16369120,-1.2646642E7
1895,1,2281,-4669759,-15165302,-2360973,-5968593.5
1896,1,1985,3489665,11799439,-2456963,1.4673349E7
1897,1,2067,-14690612,-6690482,16532409,1644557.1
1898,1,322,-2058575,-4077062,-13436908,-1.1933849E7
1899,1,1557,-6025122,-7089431,-1621173,-1.7863296E7
1900,1,2463,10634760,18031590,-5054804,-1.7533988E7
1901,1,2064,926233,17894476,1982465,-7634937.5
1902,1,1588,14516250,-17923032,-9401230,1.0945995E7
1903,1,361,-4004932,16867656,8911983,5483279.0
1904,1,2331,852894,-1982086,14508454,-2140348.8
1905,1,1759,-5004425,-8820854,-16076975,-1636691.4
1906,1,773,6897923,18310173,-13350623,-8271689.0
1907,1,1726,7680176,13458928,15963804,1773141.0
1908,1,2471,987358,13187757,-15656879,-5306238.5
1909,1,113,-4975840,-4366976,17674653,1.4732119E7
1910,1,731,-4143529,12525483,-2293876,-7088584.0
1911,1,1517,6943406,4595903,7777195,-1.5904416E7
1912,1,1578,12442416,11941105,-9971476,-2208844.5
1913,1,506,-7212666,5420162,-18058522,-1.5976868E7
1914,1,1667,-15197199,-17310825,495095,-3406532.2
1915,1,1436,-17344632,-13753184,6327643,-22688.12
1916,1,2391,1641421,-12170724,3533078,-1.8304936E7
1917,1,1791,-13737194,15465346,-7359982,-9194224.0
1918,1,919,15289112,-18605037,6091275,-1.0765978E7
