152,818581,397653#eBoirEL0HwVy,-331104,false,944300#eca8r9R67YiuwnhZUMmUH,0.943,-1009465.9900,-633225.7600,659651,-838960,-948272.75,1126064.000,396360,0.046,771223,-103577
153,-817663,1046950#VgrWu05Yqps3,-433673,true,284698#vsylUZRBoBPMA8kGloDy7,-0.216,1358874.7300,-209766.3400,-1139317,-494891,-1165126.8,168296.000,338162,-0.127,767837,781567
154,-1252322,1253993#N1BSeEAh4faw,-743591,true,64415#GEV57BYnYGeiVkGvwPDQz,-0.354,-902310.7900,628019.1200,676973,964487,598628.44,206096.000,-992753,-0.197,-566320,-177184
155,36703,148942#jWPk5oflJbPo,-1266493,true,1283767#PfEeSlvrzBPeiMPhYX3zd,1.145,-291757.0300,610125.2500,-649510,-99977,548447.3,258337.000,1498320,-0.128,-31679,1501459
156,-785164,705482#0EMNhJVthdnI,1172259,true,897149#J2DEMWP5YbgjBQaKQXCMS,0.290,-105110.2500,-996748.1100,791392,-770788,842229.56,-210608.000,-1514845,-0.119,712355,1338112
157,831160,830612#FSnzivTm4HcQ,-1095565,false,628849#uI5SP9OEtQDVcVfToXdNi,-0.167,669944.8600,43239.1800,-1011094,1361814,-1056199.9,502680.000,-1382606,-0.013,1243717,1423887
158,-404606,1103411#ryLQwKzb37PH,1176831,true,1429285#riT8vIvI3plXv0JZPsdRh,0.056,-1389803.1700,603190.4700,-1459511,365741,-743806.5,-551132.000,382056,-0.072,806880,-1247382
159,-106588,1492479#ggJTW3h94BLK,342866,false,1438351#OiyEhUOn4QUYv3VklluyH,0.281,-529696.6900,119530.2400,972315,803460,-1512195.8,551564.000,87584,0.061,318659,939117
160,-1357771,774246#ZXtU8zIulQbg,-736577,true,1485315#LTM50pQpDpDxNl3kJ427H,1.178,-709520.1700,-1140761.9400,-423577,1193122,-748818.56,1432928.000,-1189666,-0.142,-428546,94634
161,219995,943121#nv0Kr5Pvj6gW,-1444320,false,877891#1g4uhQxzvhIE148G1Ba7Q,-0.361,64653.7700,850339.7400,-639384,240403,-1293707.1,174568.000,-1018587,-0.122,-1464805,194056
162,-109076,1120929#FXHJ0VrIkbnQ,-981812,true,936166#YpjgPdedDt54SqhcB57lh,0.914,1083069.3300,1256456.4400,1030099,-304051,720964.25,-489472.000,1507334,-0.183,464548,-338597
163,-1622403,1426612#FSnzivTm4HcQ,64927,false,1162521#FlQztqRDPNDLg4HLR0J1s,-0.281,1478741.6200,-595816.5800,341951,-502504,-555179.0,1365640.000,-503509,0.094,1066972,1391007
164,618683,204975#Yj4ItctL1Jej,-748990,false,403652#tvGh0iT8G0wlbB4V6eENL,-0.528,37291.5500,693382.8100,-1551887,280213,616503.94,1464336.000,-670936,0.104,104467,735307
165,397099,1117752#IJ5aknXty8JA,-915322,true,67033#00bdqA7V3nL1ELGN4DNvD,0.984,743953.8600,-407577.2700,-999006,914958,-1554248.4,489968.000,1315237,-0.099,-1243709,-1442270
166,588348,120352#D5eTtXgBtYVX,-1630479,false,347850#jmBFFdUtX9rdT0rm6QxrA,0.300,898815.2200,293143.2400,1463644,-828944,621361.1,-1137200.000,-317442,0.201,26955,-843458
167,423689,1044327#VCVRnFuK33e0,-43808,false,398595#iRZBkn8nv8aL8VlDEQ3m9,-0.534,301784.8500,-1111774.4400,396673,-422362,211115.34,949392.000,1362441,-0.113,551976,558062
168,752571,424339#YV6qtRRJnS1S,767896,false,775966#q0oDhVYcaBLc3QZmEeNHT,-0.406,-1438459.5200,-1118206.1900,-1475815,-50959,-410793.38,1273264.000,-607271,0.027,-942721,475149
169,171884,999993#N1BSeEAh4faw,163659,false,1047950#ZfJq6F1jm2OM0UxHLvzgw,0.911,-1145425.0200,976023.6900,-1606249,1289395,941797.44,1367880.000,-1620559,0.028,1211410,1571016
170,111543,400793#weYp6cgWEbGg,-211064,true,1031566#imREdu5dFkcRMsoUdZP0U,0.922,1586633.0900,-905740.3500,-168833,254912,-165160.27,1024560.000,307451,-0.129,1495215,-1441694
171,-450046,167935#Fry6JEO2h7TA,-363040,false,148492#r4Z6adghbVdOiNfrQ7P0S,0.706,-950984.4600,622093.0300,-442069,-1094027,84625.12,218960.000,-805292,-0.139,817010,22083
172,500730,362744#fs6ZI7issOj3,-1228516,true,963446#esD5AW0U1JNGuDYRohj72,1.112,-939136.9400,-628264.5700,747236,-1360620,1444376.0,-1672896.000,997163,0.152,-602095,-208087
173,1220074,233740#opxTromZ9P1J,766565,true,1104811#kvOEOHvfoVmXnPbrsLULc,0.908,271113.6600,-497571.1700,-1687941,1467054,731589.94,1392906.000,-526516,-0.098,-1381601,-273639
174,-1092881,145789#McAPX6awb5E2,-1115188,true,1620848#wEP13kkb6lNP46OqYtSha,-0.064,-893883.7900,-496409.1200,155550,477368,-739631.3,39016.000,1078724,0.031,-341298,1199411
175,-486452,728550#xkTWZCH6pVPo,969442,false,1592118#XgZto0B7idGtoyxmPNzCX,0.630,-1424476.5800,1168135.6300,1229992,1134575,647602.75,1381696.000,941675,-0.042,890660,-990221
176,743693,215852#6PWr65UMhseN,-400341,false,1140367#6CJnO13cysqNAzDqYjOAb,-0.304,-224896.7800,487122.5500,-1402999,1092556,-1258593.8,-129568.000,-596580,-0.030,-929427,-988605
177,1511208,194238#2vktCDntOpe7,-1708963,true,812427#4yeERny9YBOuOkEm7EJ8D,0.363,1282413.3300,-1057589.1300,-1111668,-827446,-774618.44,997448.000,1579927,0.125,805455,-674635
178,-1766178,185055#9Qp4C4uacdkM,-1447942,true,107599#eDpcKBAr9Iux26Hau5Ml6,-1.290,-1352326.9500,1323744.0100,556250,1498205,-1180783.0,1601954.000,1086856,-0.154,1528536,-1380693
179,-559962,520917#bSZkGVsqk8yq,-269808,false,656303#pU7AcZDH2BJaXy9rIq3oX,-0.816,391573.6400,1585842.0400,-1072852,860740,-1278884.9,-16176.000,-724160,0.124,211814,1205147
180,-1753453,1411756#lYeBOVUdJyWw,-660485,false,471892#ltXHXYqCUfiHuzlYYcM4V,0.350,-800661.4500,1749649.7500,71308,1785445,-64458.24,-915628.000,-161713,-0.176,1663902,-420969
181,-1478842,819665#BZ8pLwqgFL1V,917874,true,1385926#gO9Jj6cMtVEevReT5fqrY,-0.403,94612.8600,421630.7300,-327172,472369,1741853.0,-729576.000,74619,-0.146,394310,1327855
182,1212873,923913#5nTO2H0OwLWF,-132681,true,1614706#w0VEUrFkl3CtevNjgoFnS,-0.445,228541.5000,-1262233.0700,369009,455897,-1635977.9,1398092.000,-836917,0.207,-330791,-357105
183,-827390,646903#2Scd1JVfMJSZ,687972,false,1128789#nHOTQbaKOpPYLZSyjPqhr,-0.755,244130.6200,636850.2600,1705584,-1499991,1124878.8,-491913.000,-199022,0.155,-1605831,53320
184,-1739205,1476642#mlJeYjkBfoyz,-299115,false,838727#CJ6xRF5MgMTpGWC9Fgfbp,0.035,-1726879.6100,-1150275.2900,-83836,-153994,-1520070.1,-862160.000,-354815,-0.178,1235722,732690
185,-466258,1103803#he4JSZfprl7M,-1109841,true,974867#N8Mnw0cCopyX3rE4KoI8t,-1.067,474931.0200,-601773.7900,1283458,-722229,358220.2,1858012.000,1144376,-0.101,751667,214340
186,-107433,1407246#ZXtU8zIulQbg,-1615302,false,501070#bCRtEwOfoCzTGdVD3QJUn,-0.186,-299733.5800,-1496007.4100,1275947,-1496176,143651.95,1786866.320,-404328,-0.031,1362602,1776196
187,-1809777,812676#AYEnSukArRdQ,1605985,false,1400989#vqfQhoNAC001sTZ5tbSag,-0.277,1417710.2600,760183.7800,1853511,-1224178,-1648311.8,-246976.000,-1856247,0.202,438163,1454972
188,-1190896,349660#tXDO7MzE4HKW,-1581370,true,1571404#BYDLE79acgbaRiWT4EIjs,0.119,801839.0300,-1410551.7200,-941468,-1475860,978147.4,-865008.000,1739615,0.210,-940125,304661
189,665707,973829#VYgslB9WhLl6,-1134660,true,1810426#ESTPeX72DT4ovqXqOXDAp,-0.398,398265.8500,-11471.2300,668181,228459,626139.4,931928.000,-268053,-0.162,-596680,468889
190,80388,507237#gUeuKUJi5E0D,1267556,false,1420198#Won31rc4K57z8auZ9dQFv,-0.680,303588.8000,1905360.1300,1016185,-128574,68059.78,794664.000,-706371,-0.153,-1358340,-655284
191,1044582,36439#jexe684i2qZd,-1577999,false,1409077#ik3Fd6pIRtbV3TbqHLze4,0.392,362169.6100,-1725459.6000,-1202909,-1554035,-711009.6,-1651400.000,614129,-0.036,1741948,770783
192,-1090021,1353732#jImyKLVJdpEu,-1532183,true,199054#KqoReeGTF1QLIl82RPxHY,-0.668,-79673.1800,-282466.8000,-1220453,1830577,792394.3,-1759488.000,-25968,0.215,1024255,-1884440
193,-1677233,1536118#6j3XiuG3h9YS,-958543,false,1437485#l5DjmxXNhNnJuF4El3BJs,0.941,296421.3800,1207756.0600,-1273006,-1521039,882749.25,-985232.000,1046439,0.220,-261639,718370
194,-1279859,262049#9yB4ro9APPDz,-1910704,true,1166082#Nr6VSsC0JkANer3NpR21a,0.982,-747083.7700,-635981.4500,-1281316,-182861,-1458501.8,700352.000,-648256,0.045,-841512,1907307
195,-365079,766655#kPyB1HcT1LDO,-947729,true,1910925#QoBQETl7t084JU9SsKVCq,-1.010,1343720.8400,-211104.9400,-620750,891191,-302617.44,37585.250,-1550090,0.206,446377,1678474
196,1432943,1884592#NU1VXgYl4oGY,1906477,false,414503#3BkLAGiR3NjB5q28kjnnI,0.678,1808327.9700,1337672.3700,-609217,641396,1902700.5,-498256.000,860250,-0.227,-194750,-1916719
197,-1662592,1586330#qQGYdljDlmdt,-1722387,true,1434214#FkZFhmBr8Qtp0suhTNcvA,0.666,-1321454.5500,1761901.2700,-1378575,1303035,217225.64,-761816.000,-1126440,0.047,1894412,-998086
198,-147708,783084#MDMuyHLNCjQW,-174512,false,1570374#zy64TxFdOHHUEB84JVLUe,-0.499,-352269.6900,-1041767.3900,-461413,-1656762,1644590.8,737792.000,-1011094,0.078,-144028,-1970633
199,-43261,1223879#aasaBxz8M0yS,-1333455,false,1104901#xE2hzeLmh2ewyG4cqK3TZ,-0.547,1333798.6400,-1895295.2200,70375,480146,-223650.69,-1482555.500,1262276,0.222,-1531242,1128899
200,-1462059,1681742#tfpMHDXDkiFa,1389332,false,1627198#Won31rc4K57z8auZ9dQFv,0.220,-1467305.9800,-517680.6900,-2004345,557739,527940.4,1377408.000,969399,0.174,1073793,-1326987
201,1930396,1228713#Sib90rbNYMZF,360431,true,1025671#2WUjf1WNSGzV098PD3mhm,0.426,178484.0800,-1543935.8400,-643975,-1314632,239671.1,1636806.000,-1377397,0.158,-211647,-360319
202,1086907,527173#B9F7kECpwuRE,-440554,true,1252232#FdrmgESGNzVdSFMITkWHa,1.158,-1342518.4900,-840638.7600,876401,-1115910,-1261072.8,1497264.000,527410,0.081,1027424,-137727
203,-1082438,1386955#C1wc8GPAmfZP,-572798,true,377618#oGH4k3XJpGC35FD3uwv32,-0.156,1800307.2300,-279482.3400,-1514392,-655941,-1545126.8,226296.000,449737,-0.162,1015706,1039617
204,-1661218,1659677#URhul6nMqY5P,-987041,false,82564#jSRepuU0AWp111whZtQxL,-0.404,-1192486.7900,832351.6200,895373,1276783,790628.44,276096.000,-1316653,-0.232,-752584,-234209
205,48733,194158#pS7DgByzAKhf,-1677643,true,1695808#IJqhiXGLCVxUAFjy1eb0x,1.395,-387408.5300,808798.2500,-859635,-130202,722847.3,338487.000,1979095,-0.163,-40532,1988709
206,-1038083,929899#f67VNvoq7fn7,1545759,false,1182906#QJtVHU4YspNuWrA2e5QPW,0.255,-140439.2500,-1316007.1100,1044867,-1015988,1113429.6,-276808.000,-1999145,-0.154,943201,1766562
207,1095027,1095085#M351CtT7BWvO,-1443065,true,826687#Qz9RRwN4QADxqWcUY4ZVb,-0.217,881114.8600,58932.1800,-1333144,1796836,-1389799.9,662280.000,-1822806,-0.048,1637019,1874387
208,-533928,1450685#7TpiyBpeEFIM,1547094,false,1881134#tsSMCd28NO1YRnbntqoAk,0.086,-1826930.6700,791407.9700,-1921692,484316,-980606.5,-724432.000,502206,-0.107,1063999,-1643782
209,-140102,1960545#boDvnWVkLXCC,449741,true,1890175#lAqqj2kp5YmxKPe7eqWGn,0.231,-698159.1900,156347.2400,1277690,1056760,-1985795.8,722964.000,112434,0.096,421329,1236542
210,-1784752,1013198#Ci1iFlRSOAXu,-965027,true,1948107#uCegLFjX0OXGUHf7eSvcO,1.443,-932842.1700,-1499111.9400,-557627,1568372,-980818.56,1880928.000,-1558955,-0.177,-562577,126459
211,286660,1234567#c6Snd4McVzcr,-1895320,true,1149868#TsWmcOsABlRAHmisBuPOQ,-0.411,81952.7700,1117081.7400,-836152,312003,-1692907.1,231768.000,-1335246,-0.157,-1920288,253106
212,-141437,1465161#DUT6EsCIvz6D,-1285812,false,1225028#49dmbx92QB72KVMLcITsl,1.224,1418920.8300,1642108.4400,1347474,-399801,943364.25,-637472.000,1971484,-0.218,609696,-441572
213,-2117466,1862308#v8iBHfrA0hEt,84677,true,1519078#cHLQVErSLvcWZ9LCwRpZx,-0.381,1931030.6200,-778730.5800,443801,-656454,-724779.0,1785240.000,-658544,0.129,1396780,1820757
214,808523,265993#N1BSeEAh4faw,-980190,true,524243#rLgyE81u2YblxTT38dWd4,-0.628,48936.5500,902794.8100,-2025519,368413,802103.94,1909136.000,-873786,0.139,138676,961207
215,515062,1454640#qUrlp9bcuou8,-1192247,true,85288#vCP8ArN0p4Hj4wWdkgdN6,1.149,968767.8600,-531975.7700,-1303206,1192808,-2027048.4,641168.000,1716737,-0.134,-1618976,-1880620
216,763367,155697#37lW1ML5Bgiq,-2119304,false,450593#rmZkmcaLOFCqPkPNfYU6m,0.285,1170905.2200,381111.2400,1901744,-1080369,809361.1,-1478000.000,-413004,0.236,36769,-1095158
217,552326,1355280#iiw19wFk7ge3,-58258,false,515317#ThJFSZbTptde6QdQ07mPf,-0.634,393976.8500,-1445236.9400,514123,-549312,275915.34,1232592.000,1771416,-0.148,715809,725462
218,974779,549555#TTFs55yCVwJy,994971,false,1006739#7TaZnBvcG6b0WLu0qWC27,-0.556,-1865507.0200,-1452392.1900,-1917315,-66459,-530793.4,1652064.000,-785071,0.062,-1222652,618999
219,220328,1293452#srZ0j5aW48W0,213734,true,1357186#2TNJBC8Valkhy8YxszgOh,1.176,-1484784.5200,1262749.6900,-2082399,1670145,1218597.4,1774680.000,-2099809,0.063,1572611,2034729
220,145779,516876#TyEYl3U0crVe,-272664,true,1334067#cGaGKp4PcZVYtXpWJzncc,1.252,2055566.5900,-1170778.8500,-220283,327462,-216360.27,1328160.000,395201,-0.164,1934233,-1866944
221,-580784,214658#6mCXNnyvIgNs,-468490,false,189013#Wrry7cbfue1q3GNLU25dR,0.971,-1231341.9600,801208.5300,-570969,-1414727,108625.12,282160.000,-1041917,-0.174,1058467,28183
222,648714,465827#qSznH0KVwhMy,-1587566,true,1242545#zSqXA0geIuaeafU4piVCw,1.357,-1210216.4400,-809551.5700,965636,-1755495,1864376.0,-2159296.000,1285313,0.187,-778333,-270187
223,1574948,300365#tNmxjeUwA4qe,988240,false,1422568#4TruAcEIClgUMg91KnC9T,1.078,352214.1600,-641282.1700,-2176859,1890104,941989.94,1796206.000,-681066,-0.133,-1782032,-353289
224,-1408738,185427#sFuyEoJp2Jyb,-1433413,false,2084633#1bl9tgtWD6SSwOo374aCG,-0.074,-1150508.2900,-640938.6200,199319,612968,-950831.3,52416.000,1389174,0.066,-439688,1543636
225,-624058,934189#u3yvo3BfVIGG,1244292,true,2045168#hUQEXU9rQZOhlLr2Rw7Ve,0.830,-1830056.5800,1501955.1300,1582917,1458188,834802.75,1777696.000,1208125,-0.077,1147585,-1273371
226,956767,275752#IJ5aknXty8JA,-516391,true,1463071#FLAvdjDyy09g8NN9B5ehm,-0.504,-286977.7800,623173.0500,-1803987,1405206,-1615393.8,-167968.000,-766680,-0.065,-1193207,-1269105
227,1936988,248613#4vUtVEupjgBW,-2193938,false,1040849#uI5SP9OEtQDVcVfToXdNi,0.395,1643188.3300,-1354304.1300,-1426618,-1060821,-996218.44,1278648.000,2023802,0.160,1031857,-864960
228,-2262168,234856#ciKK6ox30gAF,-1854054,true,136565#dWtfFL7dt7jCFZaUQy3qX,-1.540,-1733761.9500,1692970.0100,711900,1916498,-1512783.0,2051204.000,1394236,-0.189,1957137,-1765943
229,-715381,664540#BcQiaUxzNuGG,-345708,true,838657#30QjcPdTmBAiQbVOnpOo2,-1.016,499919.6400,2028547.5400,-1371052,1102990,-1638084.9,-21776.000,-927952,0.159,273220,1542047
230,-2238295,1802433#BnJ400ACe7xr,-846110,false,602293#rBWUESq9EAgJMWpVGlhEM,0.450,-1022096.9500,2235064.7500,88645,2283820,-79658.24,-1171778.000,-204588,-0.211,2123757,-535531
231,-1887788,1044130#J8UwiH0BisZV,1169174,false,1767771#2VaCsVBrXvnWEJ9SqZzzs,-0.553,118638.8600,538021.2300,-419947,603594,2222653.0,-928376.000,92569,-0.181,502609,1695705
232,1548377,1176294#Kq51DeioCMFB,-170081,true,2056142#cQxXVU6EpT8VYl8kZbRep,-0.485,291978.5000,-1607354.0700,470284,583647,-2086377.9,1783792.000,-1068567,0.242,-422200,-452830
233,-1053776,822206#H1usG5aT8kPE,878172,true,1437145#qxuxWnLfhiwomkHtNKQCP,-1.005,309788.6200,812010.7600,2170759,-1908641,1432078.8,-627863.000,-252072,0.190,-2043912,68545
234,-2209229,1875608#Ekhbnu26XB2r,-380865,false,1065665#QHeGxASE51nmMSaCfyOX6,0.047,-2194513.1100,-1465077.7900,-107029,-196069,-1935270.1,-1097360.000,-453615,-0.213,1570744,933240
235,-594965,1400837#U9BUMaZg62fL,-1411591,false,1236690#3bUAt4M8hzV1yoAKPDWTs,-1.367,601073.5200,-765636.7900,1627858,-917929,454220.2,2357812.000,1454276,-0.136,954732,271065
236,-135781,1784490#S5aK5ATGh4fY,-2050127,false,634605#gz63tzyk0jNhlpYjMIcp1,-0.236,-379497.5800,-1898230.4100,1618097,-1896051,180451.95,2266472.320,-511978,-0.066,1727782,2252496
237,-2293925,1027328#uourBTdLnhJG,2034860,false,1774165#6LyRmpwNoYJo5iKzxAv1Q,-0.327,1797357.2600,963489.2800,2346561,-1551928,-2091511.8,-312576.000,-2353772,0.237,553251,1842372
238,-1509880,440011#Nh25G97FSIyW,-2001570,false,1988933#hcmu1wN2IFnE4Eil5YHtn,0.204,1014199.5300,-1783695.2200,-1193868,-1869960,1239747.4,-1096608.000,2203940,0.245,-1191751,386311
239,839302,1229649#svaAqFMnDU7u,-1436054,true,2287011#e1SrQuunznrtBRCo1PDuE,-0.498,502157.8500,-13340.7300,847231,286284,792539.4,1177128.000,-341453,-0.197,-752910,592689
240,100523,638383#jkPteP2LNDh1,1602956,true,1791510#Hz6hAJ1M4dEHVstpd4K3v,-0.780,385064.8000,2404437.6300,1285335,-164749,84859.78,1006064.000,-890821,-0.188,-1713201,-827834
241,1318150,44624#zwuaHrWOA6hK,-1991874,true,1777251#V0VoW42MY6394MXamb9Y8,0.547,459084.1100,-2176928.6000,-1516634,-1960110,-895009.6,-2083800.000,776429,-0.071,2196120,972758
242,-1374195,1704475#Qb6M4cyphIAZ,-1928883,true,250463#DZD07hnlO5P6BDDKnUgj2,-0.868,-100951.1800,-354140.3000,-1539359,2308117,1001194.3,-2216488.000,-30824,0.250,1293560,-2377640
243,-2112444,1932636#pOsL9ktLehLr,-1206743,true,1808170#JTZj7ZUTci3BC1yG67LBS,1.146,373470.3800,1522459.5600,-1601956,-1913289,1110749.2,-1241232.000,1315689,0.255,-329837,906570
244,-1608980,329168#M2iiJLIggXWt,-2403254,false,1465094#hEQlxgMt5MMkJj9Gbpzj3,1.132,-940253.7700,-797426.4500,-1609616,-230011,-1833701.8,882352.000,-814431,0.080,-1058631,2396857
245,-459243,961480#Gf15nDnepQBC,-1188879,false,2399273#ddVVErXyzdH98Xd4UYgEc,-1.310,1690622.8400,-267009.9400,-780900,1117769,-378617.44,48272.750,-1949865,0.241,560734,2109461
246,1796420,2363764#DoPwpZkhSsQn,2391377,false,518838#r0Ffn3BB3ckPbb7opDmQD,0.953,2270178.4700,1678494.3700,-763517,807502,2388300.5,-623456.000,1077600,-0.262,-245794,-2406994
247,-2085831,1988282#5qKN4qiSlGE5,-2158175,true,1798012#j9i5kHXRGzXnVqga6nqqn,0.886,-1655387.0500,2207105.2700,-1730947,1634935,274825.62,-953416.000,-1413090,0.082,2373810,-1250109
248,-185177,978581#ufQV43PrNa3M,-219162,false,1964799#C89zTNACFC4cGiXv40XUb,-0.524,-441976.6900,-1305731.8900,-579182,-2075875,2059790.8,924992.000,-1267294,0.113,-179693,-2470196
249,-52623,1530060#gcK6y5yTGS7B,-1666705,false,1380756#KO2EanOK2f610Z2wVs7pR,-0.697,1671347.6400,-2369649.7200,90475,598521,-279650.7,-1855780.500,1577801,0.257,-1915367,1412399
250,-1827380,2101452#srZ0j5aW48W0,1737307,false,2031651#oSusEZxhvVNjnVMjgsiZS,0.325,-1835688.9800,-648649.6900,-2504220,697864,660740.4,1721408.000,1212249,0.209,1341970,-1658312
251,2412790,1533044#G2x24DP5oWiB,450481,true,1278540#fLSOY0pe0a409Axsl5Yeu,0.511,221839.5800,-1928847.3400,-804050,-1642045,298871.1,2041906.000,-1722172,0.193,-263746,-450169
252,1355234,656693#GdP8stTXh5Ok,-550004,false,1560165#6LyRmpwNoYJo5iKzxAv1Q,1.373,-1675570.9900,-1048051.7600,1093151,-1392860,-1573872.8,1868464.000,658460,0.116,1283624,-171877
253,-1347213,1726961#FZK6QBglu12z,-711923,false,470539#o1nQfiMIguM3Rrs2MYi2a,-0.096,2241739.7300,-349198.3400,-1889467,-816991,-1925126.8,284296.000,561312,-0.197,1263575,1297667
254,-2070114,2065361#cfwUHwEZepYp,-1230491,false,100714#emEku5G7EuSegFi8nwuW0,-0.454,-1482662.7900,1036684.1200,1113773,1589080,982628.44,346096.000,-1640553,-0.267,-938848,-291234
255,60762,239375#41arVHnPuM9B,-2088793,false,2107848#wEP13kkb6lNP46OqYtSha,1.645,-483060.0300,1007471.2500,-1069760,-160427,897247.3,418637.000,2459870,-0.198,-49384,2475959
256,-1291002,1154316#o8khOhgj9mx6,1919259,true,1468663#HDtR4BoJrBLB4Nq6jruXp,0.220,-175768.2500,-1635266.1100,1298342,-1261188,1384629.6,-343008.000,-2483445,-0.189,1174047,2195012
257,1358894,1359559#6RTgMzxuFbFM,-1790565,false,1024524#kKvKR8GjQCjPNHBvyCXUp,-0.267,1092284.8600,74625.1800,-1655194,2231857,-1723399.9,821880.000,-2263006,-0.083,2030321,2324887
258,-663250,1797958#0l4PEE29myf6,1917356,false,2332983#lToMe5XNggUxw2kk5R1o7,0.117,-2264058.1700,979625.4700,-2383873,602891,-1217406.5,-897732.000,622356,-0.142,1321117,-2040182
259,-173616,2428612#FSnzivTm4HcQ,556616,true,2342000#tiMkJgCsoQpyfoT1j6GBD,0.181,-866621.6900,193164.2400,1583065,1310060,-2459395.8,894364.000,137284,0.131,524000,1533967
260,-2211734,1252149#GPFYf8PzLR2h,-1193477,true,2410900#tIqC4uXLgHmm0UoOVHnPq,1.708,-1156164.1700,-1857461.9400,-691677,1943622,-1212818.6,2328928.000,-1928244,-0.212,-696607,158284
261,353324,1526014#iXwciO3inViP,-2346320,true,1421845#bCYKqbsZrKozew27zQRgS,-0.461,99251.7700,1383823.7400,-1032921,383603,-2092107.1,288968.000,-1651905,-0.192,-2375771,312156
262,-173798,1809393#yBiNrV0zohTo,-1589812,true,1513890#2oql1LLD9GADSG6WLjKgS,1.534,1754772.3300,2027760.4400,1664849,-495551,1165764.2,-785472.000,2435634,-0.253,754843,-544547
263,-2612530,2298003#FLJPk08zfxfF,104427,false,1875634#iC3PKUkG25yWGLTmJUJP8,-0.481,2383319.6200,-961644.5800,545651,-810404,-894379.0,2204840.000,-813580,0.164,1726588,2250507
264,998364,327010#35f5kDmmQNIB,-1211390,true,644834#S9YAS3rdfeY5NuStMhKLs,-0.728,60581.5500,1112206.8100,-2499152,456613,987703.94,2353936.000,-1076636,0.174,172884,1187107
265,633025,1791528#T1MEjbpLJ3VS,-1469172,true,103542#0VJSTniwOYKfNZptriTSM,1.314,1193581.8600,-656374.2700,-1607406,1470658,-2499848.2,792368.000,2118237,-0.169,-1994242,-2318970
266,938386,191042#MUd7tbdggVFl,-2608129,true,553336#B3iiHkU27Wc9KzzDu1oTw,0.270,1442995.2200,469079.2400,2339844,-1331794,997361.1,-1818800.000,-508567,0.271,46582,-1346858
267,680962,1666232#RNPJ1McrF5Ht,-72708,false,632040#Q83hKrW2AQ6QiFwybytqh,-0.734,486168.8500,-1778699.4400,631573,-676262,340715.34,1515792.000,2180391,-0.183,879641,892862
268,1196987,674771#bUIckMgOg6Zv,1222046,false,1237513#Uatq4ZikNUX2KQQN4h22u,-0.706,-2292554.5200,-1786578.1900,-2358815,-81959,-650793.4,2030864.000,-962871,0.097,-1502583,762849
269,268772,1586910#46hw5gUCZGK0,263809,true,1666421#JxLLdtJpfZi7rFz8oPL9V,1.441,-1824144.0200,1549475.6900,-2558549,2050895,1495397.4,2181480.000,-2579059,0.098,1933811,2498441
270,180015,632960#0O99bT6DHOEP,-334264,true,1636567#oqe6rwCVLL9rf1YteIqnN,1.582,2524500.0900,-1435817.3500,-271733,400012,-267560.28,1631760.000,482951,-0.199,2373250,-2292194
271,-711522,261381#ZbRsSkRp3HSP,-573940,true,229534#JeB7Gji4x1KeycFElYf6o,1.236,-1511699.4600,980324.0300,-699869,-1735427,132625.12,345360.000,-1278542,-0.209,1299923,34283
272,796699,568909#q1nilLvwX9Pg,-1946616,true,1521643#23qJ8Bo1h7ipSQsFjPi9D,1.602,-1481295.9400,-990838.5700,1184036,-2150370,2284376.0,-2645696.000,1573463,0.222,-954572,-332287
273,1929821,366990#T4jYFV0Ws1B7,1209915,false,1740324#BNB5JAdelzeoEsfy6HKRL,1.248,433314.6600,-784993.1700,-2665778,2313154,1152390.0,2199506.000,-835616,-0.168,-2182464,-432939
274,-1724596,225064#UjtBdDOdwktd,-1751638,true,2548417#cl8xRcUjDYgqXuAjQ5iKK,-0.084,-1407132.7900,-785468.1200,243087,748568,-1162031.2,65816.000,1699624,0.101,-538078,1887861
275,-761663,1139828#VEqjTh5GWOrp,1519142,false,2498218#pk8VlHuBQhEcnVgt9A0Nm,1.030,-2235636.5800,1835774.6300,1935842,1781800,1022002.75,2173696.000,1474575,-0.112,1404510,-1556521
276,1169842,335652#CEhJgaLOrPLF,-632441,true,1785775#5HJ6l5egIwbaih8oeSOqv,-0.704,-349058.7800,759223.5500,-2204974,1717856,-1972193.8,-206368.000,-936780,-0.100,-1456986,-1549605
277,2362768,302989#6iJuJ3Yj28Gx,-2678913,true,1269271#IeT2bL85GeWwLRKvzgV2I,0.427,2003963.3300,-1651019.1300,-1741568,-1294196,-1217818.5,1559848.000,2467677,0.195,1258259,-1055285
278,-2758158,284657#pkY0xzzPydxl,-2260167,false,165532#7R7ARopUtHoZ1Opewk3Jv,-1.790,-2115196.9500,2062196.0100,867550,2334792,-1844783.0,2500454.000,1701615,-0.224,2385738,-2151193
279,-870799,808163#IK26aVKWVicC,-421608,false,1021011#e1SrQuunznrtBRCo1PDuE,-1.216,608265.6400,2471253.0400,-1669252,1345240,-1997284.9,-27376.000,-1131744,0.194,334626,1878947
280,-2723136,2193110#sKlBAO4phI6f,-1031735,true,732694#8hKOZkRnU600vjYQnAvft,0.550,-1243532.4500,2720479.7500,105983,2782195,-94858.24,-1427928.000,-247463,-0.246,2583613,-650094
281,-2296734,1268595#EGXqQjDRhOeD,1420474,true,2149615#GHPuluzWeBA3U6gzQVfgP,-0.703,142664.8600,654411.7300,-512722,734819,2703453.0,-1127176.000,110519,-0.216,610909,2063555
282,1883880,1428676#AYEnSukArRdQ,-207481,true,2497579#g3pYpBqnJocEGML2JhBDe,-0.525,355415.5000,-1952475.0700,571559,711397,-2536778.0,2169492.000,-1300217,0.277,-513610,-548555
283,-1280163,997509#jXIqoH6o9ccP,1068372,true,1745501#fX5srjHKHNWcmTHh1ZBiK,-1.255,375446.6200,987171.2600,2635934,-2317291,1739278.8,-763813.000,-305122,0.225,-2481993,83770
284,-2679252,2274574#buCpxnquqv81,-462615,true,1292603#wCxuIvPDLrkPNEHrRhIoR,0.059,-2662146.6100,-1779880.2900,-130223,-238144,-2350470.0,-1332560.000,-552415,-0.248,1905767,1133790
285,-723672,1697872#Ywvf28e1duyI,-1713341,false,1498514#KOibR3VVDpkeZU59u4S62,-1.667,727216.0200,-929499.7900,1972258,-1113629,550220.2,2857612.000,1764176,-0.171,1157798,327790
286,-164129,2161733#SYcr0X8OgFYv,-2484952,true,768140#nymX4rY8YvqgQb9tbVynu,-0.286,-459261.5800,-2300453.4100,1960247,-2295926,217251.95,2746078.320,-619628,-0.101,2092963,2728796
287,-2778073,1241980#wvAtPDDxGrql,2463735,true,2147341#0AoiftdTfFLgbZnInl6Vu,-0.377,2177004.2600,1166794.7800,2839611,-1879678,-2534711.8,-378176.000,-2851297,0.272,668338,2229772
288,-1828864,530361#cfwUHwEZepYp,-2421770,true,2406462#YMRaKZgz5P6kubbAYhIYR,0.289,1226560.0300,-2156838.7200,-1446268,-2264060,1501347.4,-1328208.000,2668265,0.280,-1443378,467961
289,1012897,1485469#XCjv8T6Xumva,-1737447,false,2763595#iRZBkn8nv8aL8VlDEQ3m9,-0.598,606049.8500,-15210.2300,1026281,344109,958939.4,1422328.000,-414853,-0.232,-909140,716489
290,120658,769529#HXtMt61mFkZ7,1938356,true,2162823#U7QC75Vm80FSNGrg7JD8w,-0.880,466540.8000,2903515.1300,1554485,-200924,101659.78,1217464.000,-1075271,-0.223,-2068063,-1000384
291,1591718,52809#4lTBeQJULRXv,-2405749,true,2145426#ESTPeX72DT4ovqXqOXDAp,0.702,555998.6100,-2628397.6000,-1830359,-2366185,-1079009.6,-2516200.000,938729,-0.106,2650292,1174733
292,-1658368,2055218#oPejd10IF07m,-2325583,true,301872#hqQag1cTzAtb3vmHCJqqo,-1.068,-122229.1800,-425813.8000,-1858265,2785658,1209994.4,-2673488.000,-35680,0.285,1562866,-2870840
293,-2547656,2329154#kVeugUJmNCaV,-1454943,true,2178855#8WDYisHKjiiycbEzjNKV9,1.351,450519.3800,1837163.0600,-1930906,-2305539,1338749.2,-1497232.000,1584939,0.290,-398035,1094770
294,-1938102,396288#mGXYDEhFGOpn,-2895804,true,1764105#cB9zB9cBGoCNiJVUFLXu3,1.282,-1133423.7700,-958871.4500,-1937916,-277161,-2208901.8,1064352.000,-980606,0.115,-1275751,2886407
295,-553407,1156306#23JYk6ipbhSl,-1430029,true,2887620#uN5Fqqg9E8CYPXK22eMyc,-1.610,2037524.8400,-322914.9400,-941050,1344347,-454617.44,58960.250,-2349640,0.276,675092,2540449
296,2159897,2842937#RXcwdJeE1u04,2876277,false,623173#75mqV979Dj1Y02cPCtSow,1.228,2732028.9700,2019316.3700,-917817,973608,2873900.5,-748656.000,1294950,-0.297,-296839,-2897269
297,-2509070,2390233#AzCti3KIbxNN,-2593962,true,2161811#kvOEOHvfoVmXnPbrsLULc,1.106,-1989319.5500,2652309.2700,-2083318,1966835,332425.62,-1145016.000,-1699740,0.117,2853208,-1502132
298,-222646,1174078#QsUBt8M5RoRj,-263812,false,2359224#wq1RnjyfjRF3qkrDZ9ENe,-0.549,-531683.6900,-1569696.3900,-696950,-2494987,2474990.8,1112192.000,-1523494,0.148,-215358,-2969758
299,-61985,1836241#fAQsqIdTXUwc,-1999955,false,1656611#ABzDX9mfeC9yjbzltEnHI,-0.847,2008896.6400,-2844004.2200,110575,716896,-335650.7,-2229005.500,1893326,0.292,-2299493,1695899
300,-2192701,2521161#DUT6EsCIvz6D,2085282,false,2436103#zft9llSa1ELBZRY34uWKl,0.430,-2204071.9800,-779618.6900,-3004095,837989,793540.4,2065408.000,1455099,0.244,1610147,-1989637
301,2895184,1837374#rdkWscfZtD34,540531,false,1531409#NRCUOCGaeH4BaVfukOsQx,0.596,265195.0800,-2313758.8400,-964125,-1969457,358071.1,2447006.000,-2066947,0.228,-315845,-540019
302,1623560,786213#pusne3n3wxKU,-659454,true,1868097#Yzc4CXvyRDK9iaKl0vwLM,1.588,-2008623.4900,-1255464.7600,1309901,-1669810,-1886672.8,2239664.000,789510,0.151,1539825,-206027
