605,144969,555890#L7BMgn10raYE,-4966843,true,4992132#6sZ78Q38mlHPaiNHPXduD,3.395,-1152620.5300,2398182.2500,-2540635,-372002,2118047.2,979687.000,5825295,-0.443,-111352,5886709
606,-3061435,2725235#WSbhZbsVTH8r,4533759,false,3468962#9MeWWrPhaMprZVVnZmWgQ,-0.024,-423071.2500,-3870079.1100,3072667,-2977588,3283029.5,-806408.000,-5873545,-0.434,2789969,5194162
607,3205963,3210873#eBPkmyX1Xgpp,-4223065,true,2409387#qa6iJXmUwyaKySkCXTNQj,-0.617,2570474.8600,184476.1800,-3909544,5277008,-4058600.0,1939080.000,-5344406,-0.328,4783435,5478387
608,-1568504,4228873#eBPkmyX1Xgpp,4509194,false,5495926#gO9Jj6cMtVEevReT5fqrY,0.330,-5323950.6700,2297147.9700,-5619140,1432916,-2875006.5,-2110832.000,1463406,-0.387,3120947,-4814982
609,-408214,5705077#l5NSEPU6Elcn,1304741,true,5504771#2VaCsVBrXvnWEJ9SqZzzs,-0.169,-2045859.1900,450883.2400,3720690,3083160,-5774596.0,2094164.000,311234,0.376,1242693,3615942
610,-5200604,2924810#8bLS2FPfHhka,-2792627,true,5650447#KCXiRAA86Qh4ydtSi6RIS,3.563,-2719418.1700,-4365911.9400,-1630027,4570372,-2836818.5,5464928.000,-4513267,-0.457,-1634821,381059
611,819976,3566139#xVtSutNGp6GW,-5503320,true,3325684#GwTTvqfLQalfJkrOqpl27,-0.811,220344.7700,3251017.7400,-2410300,884803,-4886507.0,689368.000,-3868518,-0.437,-5564152,725506
612,-400325,4219017#gt5n2a8EMoRd,-3717812,false,3535924#c2V7hzc3ySmGe3kAhvGyG,3.704,4105732.8300,4727324.4400,3886474,-1165801,2722564.2,-1821472.000,5684684,-0.498,1770876,-1265372
613,-6077974,5347872#Ywvf28e1duyI,242677,true,4371530#Vm3x9e8PPSxHiIgev1gkr,-1.181,5549342.6200,-2242042.5800,1258601,-1888054,-2081579.0,5142040.000,-1898828,0.409,4035244,5258757
614,2327247,754133#MnKjRMAwnAwK,-2829790,true,1488971#enwqkcusUgi03e7sWIVG2,-1.428,142096.5500,2578090.8100,-5814579,1074013,2286904.0,5467536.000,-2496586,0.419,412344,2768407
615,1458766,4149744#fs6ZI7issOj3,-3407647,true,231324#BNB5JAdelzeoEsfy6HKRL,2.469,2767279.8600,-1527163.7700,-3736806,3415608,-5809448.5,1850768.000,4928737,-0.414,-4621108,-5387420
616,2163519,438457#yE4jLKuHXfMc,-6029904,false,1272537#X77hLuiFs72d8sI19fSty,0.165,3347625.2200,1084855.2400,5406544,-3091769,2313361.0,-4204400.000,-1177504,0.516,115277,-3108758
617,1581418,3842900#qs4G5FOOuJTE,-173858,false,1449097#Yzc4CXvyRDK9iaKl0vwLM,-1.434,1131512.8500,-4112936.9400,1453723,-1564912,794315.3,3498192.000,5043216,-0.428,2026469,2064662
618,2752443,1551283#7TmswhOVn2xM,2811571,false,2852927#P1ps5f6vuKfX9a9CmdcUP,-1.756,-5281887.0200,-4125880.1900,-5449315,-190459,-1490793.4,4682464.000,-2207471,0.342,-3462100,1769799
619,607880,3641120#G9UekdErRHCF,614334,true,3831070#bCRtEwOfoCzTGdVD3QJUn,3.296,-4199660.5200,3556557.6900,-5891599,4716145,3432997.5,5029080.000,-5933809,0.343,4462215,5744429
620,419667,1445544#sg4ITt2X5SO0,-765464,true,3754071#FLAvdjDyy09g8NN9B5ehm,3.892,5807034.5900,-3291086.8500,-631883,907862,-625960.25,3756960.000,1097201,-0.444,5446373,-5268944
621,-1626688,588442#rTYd3t0wjAcT,-1312090,false,513181#wFWjdY41M3V53bxMBANNC,3.091,-3474201.9600,2234132.5300,-1602169,-3980327,300625.12,787760.000,-2934917,-0.454,2990119,76983
622,1832590,1290487#kK9IpdaNgm8n,-4459966,true,3475333#GbhpDI3XjDGyELi9CknsC,3.317,-3378852.4400,-2259847.5700,2712836,-4914495,5224376.0,-6050496.000,3590513,0.467,-2188241,-766987
623,4413936,833365#tNmxjeUwA4qe,2761640,false,3964620#uN5Fqqg9E8CYPXK22eMyc,2.438,1001018.1600,-1790970.1700,-6088207,5274504,2625190.0,5022606.000,-1917466,-0.413,-4985484,-990489
624,-3935598,502527#lVKufAc8IT0W,-3979213,false,5794909#kHFg6zMLP2cZmCJg08ScV,-0.154,-3203504.2900,-1797174.6200,549467,1697768,-2640431.2,159616.000,3872774,0.346,-1226808,4297436
625,-1724902,2579301#sZxDEnKwRX7p,3443092,true,5669568#4TruAcEIClgUMg91KnC9T,2.430,-5074696.5800,4172511.1300,4406317,4047088,2332402.8,4945696.000,3339725,-0.357,3202985,-3538571
626,2661363,754952#ews7PIllNiB4,-1444791,true,4044703#hqXyiya43TU2kLyxUdMFp,-2.104,-783625.7800,1711577.0500,-5011887,3906406,-4469794.0,-475168.000,-2127480,-0.345,-3303443,-3513105
627,5343228,683617#6KiQxRrp7yoj,-6073738,false,2868225#rc0SPtj0pRSyN1Umi3eXC,0.651,4529388.3300,-3728024.1300,-3946218,-2927821,-2769018.5,3528248.000,5574802,0.440,2843073,-2387560
628,-6230088,633264#lFDd7XVb7QE0,-5102954,true,368297#0e9VgucuFcanzxohSIKzG,-3.540,-4785241.9500,4646778.0100,1957100,5262846,-4168783.0,5645204.000,3853272,-0.469,5385945,-4847943
629,-1958729,1813524#bJdGFulkyZ4x,-952908,true,2297489#0rB8qOUbl9H3KwrivaAzR,-2.616,1366687.6400,5570191.5400,-3756652,3040990,-4511685.0,-66576.000,-2558288,0.439,764468,4237247
630,-6117027,4927849#KumJrAdlnkpO,-2331110,false,1645501#fX5srjHKHNWcmTHh1ZBiK,1.250,-2793580.9500,6118384.7500,227345,6270820,-201258.23,-3220978.000,-547588,-0.491,5802601,-1452031
631,-5159356,2839850#ZxYphH8SNaqV,3179574,false,4822527#zGPvwna00UOD7OBsTs97e,-1.753,310846.8600,1469145.2300,-1162147,1653394,6069053.0,-2518776.000,236169,-0.461,1369005,4638505
632,4232405,3195346#TVzihsgzUcYs,-469281,true,5587634#iC3PKUkG25yWGLTmJUJP8,-0.805,799474.5000,-4368322.0700,1280484,1605647,-5689578.0,4869392.000,-2921767,0.522,-1153476,-1218630
633,-2864868,2224630#jT0ho516IFiu,2399772,true,3903993#lfm71Wq4WHTomoqVAl6m0,-3.005,835052.6200,2213294.7600,5892159,-5177841,3889678.8,-1715463.000,-676472,0.470,-5548560,190345
634,-5969417,5067336#4DulaM3Nojnx,-1034865,false,2881169#iieVB77216hIh5sqxbx2E,0.143,-5935581.1100,-3983497.7900,-292577,-532669,-5256870.0,-2978960.000,-1244015,-0.493,4250924,2537640
635,-1624621,3777113#x3woxsxf7cli,-3825591,false,3331278#KFGkLfwMteXaXNKS1LLTm,-3.767,1610213.5200,-2076540.7900,4383058,-2483529,1222220.2,6356212.000,3933476,-0.416,2579256,724865
636,-362565,4802438#x44mze2wmeXx,-5528727,false,1702885#w8NZGqb4iiy1mNZtNnLc2,-0.636,-1017609.5800,-5116014.4100,4355297,-5095051,474851.97,6103320.320,-1373178,-0.346,4649226,6062896
637,-6167109,2744544#sg4ITt2X5SO0,5465860,false,4759573#Mn0nALmW1RylkhjVUDePD,-0.727,4834533.2600,2589933.2800,6290961,-4173928,-5637111.5,-837376.000,-6333972,0.517,1473951,4941572
638,-4061752,1162815#iFZGwUL3bXuF,-5363170,false,5329165#6LyRmpwNoYJo5iKzxAv1Q,0.884,2713083.5300,-4768843.2200,-3213068,-5022760,3332547.5,-2949408.000,5918540,0.525,-3204763,1039511
639,2228062,3276209#y30Do0Bcwvxp,-3847202,true,6099687#Qz9RRwN4QADxqWcUY4ZVb,-1.298,1333293.8500,-28296.7300,2279631,748884,2123739.2,3138728.000,-928653,-0.477,-2002750,1583089
640,261603,1687551#vZpKKN1hxq2T,4286156,true,4762010#6hJx1damGf25HAWsSLXkG,-1.580,1036872.8000,6397057.6300,3438535,-454149,219259.78,2697264.000,-2366421,-0.468,-4552093,-2208234
641,3506694,110104#emJLWfhBgkos,-5302874,true,4722647#AlD4Unklal4BjSTVKX2PC,1.787,1234400.1100,-5788680.6000,-4026434,-5208710,-2367009.5,-5543000.000,2074829,-0.351,5829496,2588558
642,-3647583,4510419#jyVQoS5XwbAO,-5102483,true,661735#joZJFZcI24iLhv1gQ6Paj,-2.468,-271175.1800,-927528.3000,-4090607,6128441,2671594.2,-5872488.000,-69672,0.530,3448004,-6323240
643,-5594136,5104780#N1VtqueNAC4a,-3192343,true,4773650#eZMvycpJgSZ5rUTbGKrhT,2.786,989862.3800,4040087.5600,-4233556,-5051289,2934749.2,-3289232.000,3469689,0.535,-875421,2412170
644,-4241952,866124#suNYfq678KRk,-6343654,false,3857186#2TNJBC8Valkhy8YxszgOh,2.332,-2485613.7700,-2088986.4500,-4236016,-607211,-4835302.0,2338352.000,-2143831,0.360,-2795587,6313257
645,-1212555,2520084#MDMuyHLNCjQW,-3118079,false,6306053#CGZvhRDbt3kPE9FSLvq5f,-3.710,4465838.8400,-714249.9400,-2062100,2930393,-986617.44,133772.750,-5148065,0.521,1475594,5557361
646,4704236,6197144#WXyX9IBn93XH,6270577,false,1353518#36KcupA1i9OxcfneRtK7Q,3.153,5964982.4700,4405070.3700,-1997917,2136350,6273100.5,-1625056.000,2816400,-0.542,-654150,-6329194
647,-5471743,5203894#7DLtgkXvan5N,-5644475,true,4708400#xwa8bTxpd8SNuk6Cq5G2w,2.646,-4326847.0500,5768737.2700,-4549919,4290135,735625.6,-2486216.000,-3706290,0.362,6208994,-3266293
648,-484929,2542557#d5N9W1KnxB3x,-576362,false,5120199#dM0R7pLTfGobaZ08BbT26,-0.724,-1159632.6900,-3417447.8900,-1521330,-5428775,5381390.5,2422592.000,-3316894,0.393,-465013,-6466696
649,-127519,3979508#RMTuulzkfOqr,-4332705,false,3587596#e49CEecTzj4Xg3wHewhz9,-1.897,4371739.6400,-6164485.7200,251275,1545521,-727650.7,-4841580.500,4102001,0.537,-4988371,3680399
650,-4749948,5459128#kIdtaWJ8FW59,4521107,false,5267271#IeT2bL85GeWwLRKvzgV2I,1.165,-4782752.9800,-1696401.6900,-6503220,1818864,1723140.4,4473408.000,3155049,0.489,3487386,-4308912
651,6271942,3967688#lAg3Fcd2MfPe,1170881,true,3301492#r4Z6adghbVdOiNfrQ7P0S,1.191,568683.5800,-5008139.3400,-2084650,-4261345,772471.06,5282706.000,-4480372,0.473,-680538,-1168969
652,3501846,1692853#7WrN8jk5DeTQ,-1425604,false,4023625#qW3GXMXNB8coF7E9dLl9q,3.093,-4339990.9900,-2707355.7600,2827151,-3608460,-4076272.8,4838064.000,1706860,0.396,3333228,-445077
653,-3465413,4447005#o5gdiN6vgNIY,-1824923,false,1213903#e2gim1pbTjxftW1PZHyXr,0.383,5773199.7300,-906926.3400,-4890067,-2105391,-4965127.0,748296.000,1453912,-0.477,3246527,3362067
654,-5341282,5310833#0dLggc8IvOS3,-3178091,false,245910#BskvW1VPDfTLOLhzjD1VF,-0.854,-3804070.7900,2671344.1200,2860973,4087452,2518628.5,906096.000,-4231753,-0.547,-2428960,-747434
655,156998,601107#DOf9QFdLomH6,-5377993,false,5404172#39JXIPy0Vekpppafr3ggs,3.645,-1248272.0300,2596855.2500,-2750760,-402227,2292447.2,1059837.000,6306070,-0.478,-120204,6373959
656,-3314354,2949652#CEhJgaLOrPLF,4907259,true,3754719#34fFmGVESwBuxPU8lNnW6,-0.059,-458400.2500,-4189338.1100,3326142,-3222788,3554229.5,-872608.000,-6357845,-0.469,3020815,5622612
657,3469830,3475347#UsSmKaVteT3V,-4570565,false,2607224#wq1RnjyfjRF3qkrDZ9ENe,-0.667,2781644.8600,200169.1800,-4231594,5712029,-4392200.0,2098680.000,-5784606,-0.363,5176737,5928887
658,-1697826,4576146#Z0CSxe6WXKUv,4879456,false,5947775#5HJ6l5egIwbaih8oeSOqv,0.361,-5761078.1700,2485365.4700,-6081321,1551491,-3111806.5,-2284132.000,1583556,-0.422,3378065,-5211382
659,-441728,6173144#WXyX9IBn93XH,1411616,true,5956596#e49CEecTzj4Xg3wHewhz9,-0.219,-2214321.6900,487700.2400,4026065,3336460,-6248196.0,2265564.000,336084,0.411,1345364,3913367
660,-5627586,3163761#3c531l8b5iRc,-3021077,true,6113240#RG5LQogS7kQLlMWZ07Ke3,3.828,-2942740.1700,-4724261.9400,-1764077,4945622,-3068818.5,5912928.000,-4882556,-0.492,-1768851,412884
661,886640,3857586#CDTLNRQ5iaSk,-5954320,true,3597661#wBcGzpERND3zutfnBB7Rr,-0.861,237643.7700,3517759.7400,-2607069,956403,-5285707.0,746568.000,-4185177,-0.472,-6019635,784556
662,-432686,4563249#cpb8dmTvsrf7,-4021812,true,3824786#d3byN2yYy9kxJhK7y9D7E,4.014,4441584.3300,5112976.4400,4203849,-1261551,2944964.2,-1969472.000,6148834,-0.533,1916023,-1368347
663,-6573038,5783567#c6Snd4McVzcr,262427,false,4728086#6jRbewG612ZQTrpQskQin,-1.281,6001631.6200,-2424956.5800,1360451,-2042004,-2251179.0,5561640.000,-2053864,0.444,4365052,5688507
664,2517088,815150#RqOtoBR4LWno,-3060990,true,1609562#RUvuxNGUbj7bV9HBMSUJG,-1.528,153741.5500,2787502.8100,-6288212,1162213,2472504.0,5912336.000,-2699436,0.454,446552,2994307
665,1576729,4486632#hrZV7bvX06GC,-3684572,true,249578#QHf3rSVw0ejTDeP1DRZAC,2.634,2992093.8600,-1651562.2700,-4041006,3693458,-6282248.5,2001968.000,5330237,-0.449,-4996374,-5825770
666,2338538,473802#IlmDKwobAROX,-6518729,true,1375280#lsIhfpHerst4mtEuYTnov,0.150,3619715.2200,1172823.2400,5844644,-3343194,2501361.0,-4545200.000,-1273067,0.551,125090,-3360458
667,1710054,4153852#6PWr65UMhseN,-188308,false,1565820#qJ1eOZHGfl3IXyqIFV3xg,-1.534,1223704.8500,-4446399.4400,1571173,-1691862,859115.3,3781392.000,5452191,-0.463,2190301,2232062
668,2974651,1676499#yIEnm1oj9zzS,3038646,false,3083701#QKqpmdtIUJFdG09A24rWw,-1.906,-5708934.5200,-4460066.1900,-5890815,-205959,-1610793.4,5061264.000,-2385271,0.377,-3742031,1913649
669,656324,3934578#orinyg6dVMkh,664409,true,4140305#QUMoBC06Lly0ktf2tAGoS,3.561,-4539020.0200,3843283.6900,-6367749,5096895,3709797.5,5435880.000,-6413059,0.378,4823415,6208141
670,453903,1561628#UZLBccxHfjYH,-827064,true,4056571#r9DjaK4CRpDEV4tHnkHg7,4.222,6275968.0900,-3556125.3500,-683333,980412,-677160.25,4060560.000,1184951,-0.479,5885390,-5694194
671,-1757426,635165#g8unpWxtWLl7,-1417540,true,553702#K1csNiJhrNCIerG39Fc8q,3.356,-3754559.4600,2413248.0300,-1731069,-4301027,324625.12,850960.000,-3171542,-0.489,3231575,83083
672,1980575,1393569#yVmRrd3wUTR7,-4819016,true,3754431#qrk9wzRQyfgs4j3433myo,3.562,-3649931.9400,-2441134.5700,2931236,-5309370,5644376.0,-6536896.000,3878663,0.502,-2364480,-829087
673,4768809,899990#T4jYFV0Ws1B7,2983315,false,4282376#C7Duv9CTdG3r98Q2lFRC4,2.608,1082118.6600,-1934681.1700,-6577126,5697554,2835590.0,5425906.000,-2072016,-0.448,-5385916,-1070139
674,-4251456,542164#rAwXWevHER5g,-4297438,true,6258693#qWAp6ek7LpaFWjZKPHdHB,-0.164,-3460128.7900,-1941704.1200,593235,1833368,-2851631.2,173016.000,4183224,0.381,-1325198,4641661
675,-1862507,2784940#zUazsaVwdMMT,3717942,false,6122618#oGH4k3XJpGC35FD3uwv32,2.630,-5480276.5800,4506330.6300,4759242,4370700,2519602.8,5341696.000,3606175,-0.392,3459910,-3821721
676,2874438,814852#6PWr65UMhseN,-1560841,true,4367407#z2GXfhWDr2GsgVHUztL68,-2.304,-845706.7800,1847627.5500,-5412874,4219056,-4826594.0,-513568.000,-2297580,-0.380,-3567222,-3793605
677,5769008,737993#N1BSeEAh4faw,-6558713,true,3096647#AlD4Unklal4BjSTVKX2PC,0.683,4890163.3300,-4024739.1300,-4261168,-3161196,-2990618.5,3809448.000,6018677,0.475,3069475,-2577885
678,-6726078,683065#MZ2aEn07Qggl,-5509067,false,397264#wsvdmbUREEb8iUBr5e7mU,-3.790,-5166676.9500,5016004.0100,2112750,5681140,-4500783.0,6094454.000,4160651,-0.504,5814546,-5233193
679,-2114147,1957147#vW4r9LJZizMf,-1028808,false,2479843#QZqzOhv6rngtmcMi1GCVO,-2.816,1475033.6400,6012897.0400,-4054852,3283240,-4870885.0,-72176.000,-2762080,0.474,825874,4574147
680,-6601868,5318526#GEo0OqDQwiw4,-2516735,true,1775902#wDoElqbulUioPLoEf5kkr,1.350,-3015016.4500,6603799.7500,244683,6769195,-216458.23,-3477128.000,-590463,-0.526,6262457,-1566594
681,-5568302,3064315#uCKiQJu9hxZN,3430874,true,5204371#P2Ub10e8S3MfG1mU3OTtK,-1.903,334872.8600,1585535.7300,-1254922,1784619,6549853.0,-2717576.000,254119,-0.496,1477305,5006355
682,4567908,3447728#rDspcebZASwU,-506681,true,6029071#FLAvdjDyy09g8NN9B5ehm,-0.845,862911.5000,-4713443.0700,1381759,1733397,-6139978.0,5255092.000,-3153417,0.557,-1244886,-1314355
683,-3091255,2399933#asWKr2br2voV,2589972,true,4212349#IjpNbvxI3iuresjSkpIbM,-3.255,900710.6200,2388455.2600,6357334,-5586491,4196879.0,-1851413.000,-729522,0.505,-5986641,205570
684,-6439440,5466302#muilSFBWI5dP,-1116615,true,3108107#uCegLFjX0OXGUHf7eSvcO,0.155,-6403214.6100,-4298300.2900,-315771,-574744,-5672070.0,-3214160.000,-1342815,-0.528,4585947,2738190
685,-1753328,4074148#8OjBMWjIodVJ,-4127341,false,3593102#fG8jkwYfuBHgI9Ml7IPe6,-4.067,1736356.0200,-2240403.7900,4727458,-2679229,1318220.2,6856012.000,4243376,-0.451,2782322,781590
686,-390913,5179681#RfqoTEpvl5Bk,-5963552,true,1836420#i708aKRF5Ss9pbOQ9osnH,-0.686,-1097373.5800,-5518237.4100,4697447,-5494926,511651.97,6582926.320,-1480828,-0.381,5014407,6539196
687,-6651257,2959196#r9Lr8eW0I22T,5894735,true,5132749#767TfXdnfLUenKBsdFKZd,-0.777,5214180.2600,2793238.7800,6784011,-4501678,-6080311.5,-902976.000,-6831497,0.552,1589038,5328972
688,-4380736,1253165#g8unpWxtWLl7,-5783370,true,5746694#8hKOZkRnU600vjYQnAvft,0.969,2925444.0300,-5141986.7200,-3465468,-5416860,3594147.5,-3181008.000,6382865,0.560,-3456390,1121161
689,2401657,3532029#h38QtYow4UM0,-4148595,false,6576271#IeT2bL85GeWwLRKvzgV2I,-1.398,1437185.8500,-30166.2300,2458681,806709,2290139.2,3383928.000,-1002053,-0.512,-2158980,1706889
690,281738,1818697#37lW1ML5Bgiq,4621556,true,5133323#7SYBW7mmYUq5HpDjXJaZp,-1.680,1118348.8000,6896135.1300,3707685,-490324,236059.78,2908664.000,-2550871,-0.503,-4906955,-2380784
691,3780262,118289#JzUePdq4GrS1,-5716749,true,5090822#Lf9xEwFifOkpMyjReaq4z,1.942,1331314.6100,-6240149.6000,-4340159,-5614785,-2551009.5,-5975400.000,2237129,-0.386,6283668,2790533
692,-3931756,4861162#0Q4m5xU6A7Fg,-5499183,true,713144#Pxn1ujqlLyTtPV1LQa6fF,-2.668,-292453.1800,-999201.8000,-4409513,6605982,2880394.2,-6329488.000,-74528,0.565,3717310,-6816440
693,-6029348,5501298#YgNTIXdFMD9Q,-3440543,true,5144335#aIN4ijOoP4bh8iOs0YH0b,2.991,1066911.3800,4354791.0600,-4562506,-5443539,3162749.2,-3545232.000,3738939,0.570,-943619,2600370
694,-4571074,933244#GG1ZrZ6ltGPg,-6836204,true,4156197#ImR6Qhwk4MiKYBtzajT2E,2.482,-2678783.7700,-2250431.4500,-4564316,-654361,-5210502.0,2520352.000,-2310006,0.395,-3012707,6802807
695,-1306719,2714910#46hw5gUCZGK0,-3359229,true,6794400#xwa8bTxpd8SNuk6Cq5G2w,-4.010,4812740.8400,-770154.9400,-2222250,3156971,-1062617.5,144460.250,-5547840,0.556,1589952,5988349
696,5067713,6676317#lAu7yhtZz9Ht,6755477,false,1457853#lfsFM2ZYpLylv5Vw5A5PM,3.428,6426832.9700,4745892.3700,-2152217,2302456,6758700.5,-1750256.000,3033750,-0.577,-705195,-6819469
697,-5894982,5605845#mTJW4peQwD99,-6080262,true,5072199#dM0R7pLTfGobaZ08BbT26,2.866,-4660779.5500,6213941.2700,-4902290,4622035,793225.6,-2677816.000,-3992940,0.397,6688392,-3518316
698,-522398,2738054#LHTzBcvdglKa,-621012,false,5514624#mJ7NlqiQTjgx3Vddk42HQ,-0.749,-1249339.6900,-3681412.3900,-1639098,-5847887,5796590.5,2609792.000,-3573094,0.428,-500678,-6966258
699,-136881,4285689#y6ByQNt1ZCQb,-4665955,false,3863451#j90Mcq4otDVtHnBSoosG0,-2.047,4709288.6400,-6638840.2200,271375,1663896,-783650.7,-5214805.500,4417526,0.572,-5372497,3963899
700,-5115269,5878837#U9BUMaZg62fL,4869082,false,5671723#9A5TeKvWNmokfq654hbkw,1.270,-5151135.9800,-1827370.6900,-7003095,1958989,1855940.4,4817408.000,3397899,0.524,3755563,-4640237
701,6754336,4272018#YesXwzS5LnZo,1260931,false,3554361#2XJkuV2WyIhYuF96Ieu4M,1.276,612039.0800,-5393050.8400,-2244725,-4588757,831671.06,5687806.000,-4825147,0.508,-732637,-1258819
702,3770172,1822373#plx3h6z13nTT,-1535054,true,4331557#w48qrdxKCQejjyIHddWeE,3.308,-4673043.4900,-2914768.7600,3043901,-3885410,-4389072.5,5209264.000,1837910,0.431,3589429,-479227
703,-3730188,4787010#35f5kDmmQNIB,-1964048,false,1306823#U7QC75Vm80FSNGrg7JD8w,0.443,6214632.2300,-976642.3400,-5265142,-2266441,-5345127.0,806296.000,1565487,-0.512,3494396,3620117
704,-5750178,5716517#K6tQAtjg2BJq,-3421541,true,264059#P5zFiQWiLDGKtWl7KwALN,-0.904,-4094246.7900,2875676.6200,3079373,4399748,2710628.5,976096.000,-4555653,-0.582,-2615224,-804459
705,169028,646323#AvpOTHJ6p9M7,-5789143,false,5816213#ITXlpypHyW0LBJ9hlzNp2,3.895,-1343923.5300,2795528.2500,-2960885,-432452,2466847.2,1139987.000,6786845,-0.513,-129057,6861209
706,-3567273,3174069#gI6anrctnFMv,5280759,false,4040476#dSKEQG5wqS1iPwi8InVVV,-0.094,-493729.2500,-4508597.1100,3579617,-3467988,3825429.5,-938808.000,-6842145,-0.504,3251661,6051062
707,3733697,3739820#4ahkI9Gbsx56,-4918065,true,2805062#2VugIFcj76aGxHfcAUYK4,-0.717,2992814.8600,215862.1800,-4553644,6147051,-4725800.0,2258280.000,-6224806,-0.398,5570039,6379387
708,-1827148,4923420#wI2xJuiNQZ8U,5249719,true,6399624#mJ7NlqiQTjgx3Vddk42HQ,0.391,-6198205.6700,2673582.9700,-6543502,1670066,-3348606.5,-2457432.000,1703706,-0.457,3635184,-5607782
709,-475242,6641210#2CJZmSMsvsHB,1518491,false,6408420#i708aKRF5Ss9pbOQ9osnH,-0.269,-2382784.1900,524517.2400,4331440,3589760,-6721796.0,2436964.000,360934,0.446,1448034,4210792
710,-6054567,3402713#Sib90rbNYMZF,-3249527,true,6576032#09uMvBzLqOu3fvuHTMaat,4.093,-3166062.1700,-5082611.9400,-1898127,5320872,-3300818.5,6360928.000,-5251845,-0.527,-1902882,444709
711,953305,4149032#6NZaGYEoWrI4,-6405320,false,3869638#TA321H4GjcBZcxY1srvCf,-0.911,254942.7700,3784501.7400,-2803837,1028003,-5684907.0,803768.000,-4501836,-0.507,-6475118,843606
712,-465047,4907481#VjQjdMs4TTRF,-4325812,false,4113648#0dRVxsx3tfIeXDcgjnA06,4.324,4777435.8300,5498628.4400,4521224,-1357301,3167364.2,-2117472.000,6612984,-0.568,2061171,-1471322
713,-7068101,6219263#Kb3KmDST2r3z,282177,true,5084643#23qJ8Bo1h7ipSQsFjPi9D,-1.381,6453920.6200,-2607870.5800,1462301,-2195954,-2420779.0,5981240.000,-2208899,0.479,4694860,6118257
714,2706928,876168#M2iiJLIggXWt,-3292190,false,1730153#11E989dJdBesurFf9fVJS,-1.628,165386.5500,2996914.8100,-6761844,1250413,2658104.0,6357136.000,-2902286,0.489,480761,3220207
715,1694692,4823520#q2c8wdOXsvMn,-3961497,true,267833#rZsg0uhwUGWS93tQVwSUf,2.799,3216907.8600,-1775960.7700,-4345206,3971308,-6755048.5,2153168.000,5731737,-0.484,-5371641,-6264120
716,2513557,509147#vW4r9LJZizMf,-7007554,true,1478023#S9xr0H0uNIZnaF1tuFRcW,0.135,3891805.2200,1260791.2400,6282744,-3594619,2689361.0,-4886000.000,-1368629,0.586,134904,-3612158
717,1838691,4464805#9xUVIj2DqEEg,-202758,false,1682542#0VJSTniwOYKfNZptriTSM,-1.634,1315896.8500,-4779861.9400,1688623,-1818812,923915.3,4064592.000,5861166,-0.498,2354134,2399462
718,3196859,1801715#72WvkVRfwHnj,3265721,false,3314474#7KL4mobaZhD6bzex30ylc,-2.056,-6135982.0200,-4794252.1900,-6332315,-221459,-1730793.4,5440064.000,-2563071,0.412,-4021962,2057499
719,704768,4228037#wTFSJJwhHRAV,714484,false,4449541#LanoZkqgkhJy8rYnudUod,3.826,-4878379.5200,4130009.6900,-6843899,5477645,3986597.5,5842680.000,-6892309,0.413,5184616,6671854
720,488139,1677711#fc2iXEDsAiz3,-888664,true,4359072#AmlRCNQFHzP6nEf22EKvL,4.552,6744901.5900,-3821163.8500,-734783,1052962,-728360.25,4364160.000,1272701,-0.514,6324408,-6119444
721,-1888164,681888#L3bnVRDfNjeJ,-1522990,true,594223#2zlzbAyuxmEIpTZU1SckW,3.621,-4034916.9600,2592363.5300,-1859969,-4621727,348625.12,914160.000,-3408167,-0.524,3473032,89183
722,2128559,1496652#CEhJgaLOrPLF,-5178066,true,4033530#Vm3x9e8PPSxHiIgev1gkr,3.807,-3921011.4400,-2622421.5700,3149636,-5704245,6064376.0,-7023296.000,4166813,0.537,-2540718,-891187
723,5123683,966615#Ob2YnJLAYQhB,3204990,true,4600133#t7GCJuTEAO9wT3DSsb5BG,2.778,1163219.1600,-2078392.1700,-7066044,6120604,3045990.0,5829206.000,-2226566,-0.483,-5786347,-1149789
724,-4567313,581802#IlmDKwobAROX,-4615663,false,6722478#UsysT21SCYsYhAVl4lZWm,-0.174,-3716753.2900,-2086233.6200,637004,1968968,-3062831.2,186416.000,4493674,0.416,-1423588,4985886
725,-2000113,2990579#wRc98XYUwPtu,3992792,true,6575668#VBqY3DyQ8cHQIUZYHFHM8,2.830,-5885856.5800,4840150.1300,5112167,4694313,2706802.8,5737696.000,3872625,-0.427,3716835,-4104871
726,3087512,874752#IJ5aknXty8JA,-1676891,false,4690111#15r2tFXQgcb2PWQAxhXal,-2.504,-907787.7800,1983678.0500,-5813862,4531706,-5183394.0,-551968.000,-2467680,-0.415,-3831002,-4074105
727,6194788,792368#X60mUMF394Mw,-7043688,false,3325069#7JrJs7o3KLs0GW6GVr5ms,0.715,5250938.3300,-4321454.1300,-4576118,-3394571,-3212218.5,4090648.000,6462552,0.510,3295877,-2768210
728,-7222068,732866#dk6XzucpD3T0,-5915179,false,426230#hK8uIAeMoyVm5H1yQEupq,-4.040,-5548111.9500,5385230.0100,2268400,6099433,-4832783.0,6543704.000,4468031,-0.539,6243147,-5618443
729,-2269566,2100770#Y2ByTfrwxEIg,-1104708,true,2662197#ImR6Qhwk4MiKYBtzajT2E,-3.016,1583379.6400,6455602.5400,-4353052,3525490,-5230085.0,-77776.000,-2965872,0.509,887280,4911047
730,-7086710,5709203#xDM61KuSbsQl,-2702360,true,1906303#pU7AcZDH2BJaXy9rIq3oX,1.450,-3236451.9500,7089214.7500,262020,7267570,-231658.23,-3733278.000,-633338,-0.561,6722312,-1681156
731,-5977248,3288780#N1VtqueNAC4a,3682174,false,5586216#gygGAPd9T6gB2wNJg8u7m,-2.053,358898.8600,1701926.2300,-1347697,1915844,7030653.0,-2916376.000,272069,-0.531,1585604,5374205
732,4903412,3700109#mjyFGBygLU6g,-544081,true,6470507#hnkBPKmwX9vxb5D7ignjS,-0.885,926348.5000,-5058564.0700,1483034,1861147,-6590378.0,5640792.000,-3385067,0.592,-1336295,-1410080
733,-3317641,2575236#YZ1UDopcQTYK,2780172,false,4520705#Z1q7cJfn3N3mR6ndyeL4Q,-3.505,966368.6200,2563615.7600,6822509,-5995141,4504079.0,-1987363.000,-782572,0.540,-6424722,220795
734,-6909464,5865268#6EGCOTcJEmU1,-1198365,true,3335045#uc0wjTAKeNc6BKEIU75oH,0.167,-6870848.1100,-4613102.7900,-338964,-616819,-6087270.0,-3449360.000,-1441615,-0.563,4920969,2938740
735,-1882035,4371182#92QnG6y2BT6E,-4429091,true,3854925#QoBQETl7t084JU9SsKVCq,-4.367,1862498.5200,-2404266.7900,5071858,-2874929,1414220.2,7355812.000,4553276,-0.486,2985387,838315
736,-419261,5556925#vb9J2ThDWYvL,-6398377,true,1969955#kUsls7SENWKyy7F2wXoH0,-0.736,-1177137.5800,-5920460.4100,5039597,-5894801,548451.94,7062532.320,-1588478,-0.416,5379587,7015496
737,-7135405,3173848#mCP6rrmScJ1x,6323610,true,5505925#QoBQETl7t084JU9SsKVCq,-0.827,5593827.2600,2996544.2800,7277061,-4829428,-6523511.5,-968576.000,-7329022,0.587,1704126,5716372
738,-4699720,1343516#wvnNR5QH2Y9K,-6203570,false,6164223#2zlzbAyuxmEIpTZU1SckW,1.054,3137804.5300,-5515130.2200,-3717868,-5810960,3855747.5,-3412608.000,6847190,0.595,-3708016,1202811
739,2575252,3787849#KumJrAdlnkpO,-4449989,false,7052856#lDmKAH6LrrAlHrRpdSoSY,-1.498,1541077.8500,-32035.7300,2637731,864534,2456539.2,3629128.000,-1075453,-0.547,-2315210,1830689
740,301873,1949843#NzBPtoVZ5WMb,4956956,false,5504635#k797AFVx98a1IhqbIhJmD,-1.780,1199824.8000,7395212.6300,3976835,-526499,252859.78,3120064.000,-2735321,-0.538,-5261816,-2553334
741,4053830,126474#IUhTx2MAjNjC,-6130624,false,5458996#LfJ6ivYOz1nXmaJNYgXVw,2.097,1428229.1100,-6691618.6000,-4653884,-6020860,-2735009.5,-6407800.000,2399429,-0.421,6737840,2992508
742,-4215930,5211905#hZH9hbsJMx0a,-5895883,true,764553#IJU6ALODhMKP9BeXyBJSj,-2.868,-313731.1800,-1070875.3000,-4728419,7083522,3089194.2,-6786488.000,-79384,0.600,3986615,-7309640
743,-6464559,5897816#t11AiygH2wHp,-3688743,false,5515020#lX18vXe4olMRt8Jf4M4cQ,3.196,1143960.3800,4669494.5600,-4891456,-5835789,3390749.2,-3801232.000,4008189,0.605,-1011817,2788570
744,-4900195,1000363#FrIDv8YvkhCG,-7328754,false,4455209#hshafxsgFpIvuiYARQZCz,2.632,-2871953.7700,-2411876.4500,-4892616,-701511,-5585702.0,2702352.000,-2476181,0.430,-3229826,7292357
745,-1400883,2909735#jKKieCqIMRld,-3600379,false,7282748#FDMp4Vs7FXIcZZH4kHx5e,-4.310,5159642.8400,-826059.9400,-2382400,3383549,-1138617.5,155147.750,-5947615,0.591,1704309,6419336
746,5431190,7155489#7Q7muRfYMLAX,7240377,false,1562188#x8iS1DCMwVFxsafY96Nw2,3.703,6888683.4700,5086714.3700,-2306517,2468562,7244300.5,-1875456.000,3251100,-0.612,-756239,-7309744
747,-6318221,6007797#zoSqX8xk2Nzl,-6516050,true,5435997#wsv5sWS32IP8gLdUJDSaQ,3.086,-4994712.0500,6659145.2700,-5254662,4953935,850825.6,-2869416.000,-4279590,0.432,7167790,-3770339
748,-559867,2933551#vZpKKN1hxq2T,-665662,false,5909049#2bOb47tKFb3wPBuqwoLxt,-0.774,-1339046.6900,-3945376.8900,-1756867,-6267000,6211790.5,2796992.000,-3829294,0.463,-536343,-7465821
749,-146243,4591870#FjUPmQV0Xr7h,-4999205,false,4139306#T7mMhR1OoHawTkK76SSTx,-2.197,5046837.6400,-7113194.7200,291475,1782271,-839650.7,-5588030.500,4733051,0.607,-5756622,4247399
750,-5480590,6298547#8xIgD7hrNIO2,5217057,false,6076176#agm3nFm6nJUh6Cp6OZ0aR,1.375,-5519518.9800,-1958339.6900,-7502970,2099114,1988740.4,5161408.000,3640749,0.559,4023740,-4971562
751,7236730,4576349#2zBoB6sEGnF8,1350981,false,3807230#hK8uIAeMoyVm5H1yQEupq,1.361,655394.5800,-5777962.3400,-2404800,-4916170,890871.06,6092906.000,-5169922,0.543,-784736,-1348669
752,4038499,1951893#FqauoEIvQO3L,-1644504,false,4639490#oYaWCJ9aVhyUMJzp8qoO5,3.523,-5006095.9900,-3122181.7600,3260651,-4162360,-4701872.5,5580464.000,1968960,0.466,3845629,-513377
753,-3994963,5127016#zA6epi7MJqc0,-2103173,true,1399744#k6faIW3DW0CserFvZoEMM,0.503,6656064.7300,-1046358.3400,-5640217,-2427491,-5725127.0,864296.000,1677062,-0.547,3742265,3878167
754,-6159074,6122201#9ht17MgiUOKc,-3664991,true,282209#hshafxsgFpIvuiYARQZCz,-0.954,-4384422.7900,3080009.1200,3297773,4712045,2902628.5,1046096.000,-4879553,-0.617,-2801488,-861484
755,181057,691540#BcQiaUxzNuGG,-6200293,true,6228253#E3vT42ZgiBBUXM8W5NvEl,4.145,-1439575.0300,2994201.2500,-3171010,-462677,2641247.2,1220137.000,7267620,-0.548,-137909,7348459
