313,1363,2233067,2377226#OQGbytGczZ9U1iX,226224,2360595#Ehbm4xRyW67aIiFlLQ4n,-2017088,-2776965,1983.400,false,1506087,114176.3
314,2307,-2571333,1262663#kuqvcBIbD0E8Tuy,371108,2238426#7nfxFAzwfvwHBTJR76J0,1427431,2256581,2711.690,false,1708451,91015.5
315,954,-2907412,2159073#VyOBFQc2LzDQj3r,-1196621,1465567#D9Ot8CrmMdiyx9FzDYWU,307850,-92879,-7556.590,false,-3136390,53121.9
316,2374,1890062,2429885#9MlRcTldSfFirLw,2584921,1138494#MFAqOtdKQntd7AIq6EJp,2026980,-999876,2639.390,true,-1982302,70938.1
317,443,2853813,1846570#tzrhPCaECR3p2xP,669017,2527181#JeyOWBEn3hJrTRMpAJAy,1307171,690567,9796.430,false,516135,38157.0
318,1170,-991492,640717#sRnvYnHYzf0k6w8,801898,602518#RyjDUzFG7cGIvqyWRXng,685762,-373560,9662.780,true,1872045,41224.3
319,1969,3148046,1406239#IOihMyTKDDs7zyk,2051210,2096045#PqCyQBLzOgffBBG08j6s,41006,-94762,1826.370,false,1004913,31.6
320,1679,-242731,2465031#9AROFDsHksrBoT8,-980907,2147797#Hvl861dXF0qFcq1ISVqd,-775527,2372484,1882.280,true,-1178268,113694.3
321,2593,-2823642,1098450#PkrPAdeMVigP8Uc,2898371,1474289#gnv1cabmgmmIGkKcYSSr,-1540263,743910,2846.780,false,1821343,-52226.6
322,367,-2892565,1058493#VgF47VQF9hRtCFG,-444971,2956714#utw5e2EOE2lZGUb7Grmm,-570577,-2973424,3404.420,false,1985212,-21591.4
323,817,1631198,1969120#cM8s0dFdGviOqJh,-2967428,2219272#Uw9JUElu1IS1QN9ZGbVN,590182,407243,-3119.680,true,-787464,-78150.2
324,1525,3109806,2536438#pGrEFWlJwNmMpWF,-192113,1684554#rfGTMFYzEBUjq5SPJh6x,-2528933,1078263,-800.750,true,1636546,48114.1
325,959,3137746,2923771#ppjxhqMbUKJszDZ,770809,866590#qm0gKbeSpFozeh2mdSDJ,-2936618,-2246514,2901.910,false,1279489,39377.9
326,567,1468602,3166514#VrW7ZLBtTPS7fNA,1545042,1687756#NxOfHRsSdq36zRPmqynJ,314948,3232571,-3368.910,false,-2311556,27256.9
327,2196,-2869043,1108890#MhFCWmsjKdgIQH8,-1639458,309405#OP9uiqLXGgXXOmltqLDe,-3028622,1321722,-2523.940,true,-382102,-78116.2
328,1614,312495,2396304#dCvM5i6wD412cz1,240893,3111170#0kbVgXpAZ4Dp9Mq1cV7t,-1332183,3018662,5038.990,true,-1370308,-92082.6
329,1272,-921806,2466714#RaRkOh1DkSz5ZWS,2294557,1242976#Ve5Fj3cQ2VUxbtcnxg8x,445493,1235239,-4836.600,true,715986,41785.8
330,296,2362671,2532564#Gg3nDvjEvNVNNa7,-2997219,1346327#uE55NSG7UA8OuNkpqFpb,1538268,2765050,-12134.250,true,-1208458,-42164.3
331,1092,882691,2560897#9QPYd2NoIwA8hCb,133129,779500#3uF2ivRxsT4ctA1dqMD8,-644033,-2888281,8137.840,true,-2575287,-51318.2
332,992,1400546,212931#Vlg4zm7DOrsrpAv,678932,2275436#g1TcnoxAvZKEEbAwkzVv,-1090186,-1389160,3596.470,true,1776766,62984.0
333,1690,-1812400,1824552#wN3fTZPlRKlGAmX,1831967,2348744#AHus4zFRfe0ppqcmiUEI,-844521,-2806434,13081.420,true,-2533077,27272.2
334,2200,2079384,2430244#jfVJCeYiuwCT11V,-272310,984480#NXUJ0iMhwmM1fKKg5ILo,-2672534,-82525,7898.650,true,-474339,55522.0
335,1890,1511718,1537198#FwZ6NHNZUvQpQBt,2510125,1038879#Nmb2rUnhVuybQbbC8YjY,-254396,1974410,-877.090,false,-3101498,-30402.5
336,472,-1960138,1470194#VwbT8EYo29aW9Zi,951527,416914#cNZPTgoiG3cMfKuPNRmW,-2028180,-2470104,2602.370,true,1007102,40506.7
337,170,2692085,2320900#1ihqvqsTus4wwVR,-2326144,1899856#cr0IlE2B5vBY7QCrnhNt,-1449920,1383370,1829.490,false,2139559,-84394.2
338,11,1359644,3331963#QwUyL86In5UQpIh,138411,2565530#scE7s2gzCegsiJ8HaeJs,2690335,-1405624,5216.260,false,-44715,-122986.7
339,24,-2661738,2939753#uvOuFCUVvRDFf6e,2453977,3240937#lbA3A6afRseYrQ5KLpnO,1771504,-625135,-2605.000,true,-2376447,67163.7
340,2335,-83015,2866660#HC6k5RZMO6QYjDN,-1593157,2530243#5eVBzWA4B9RMLYZCZFP0,-333794,-570872,3670.110,true,1218083,40281.5
341,2558,2497867,1064702#1JLgdJdc2HgN1J9,822895,1985140#3HiSlrHmClm8C2pWOE6x,-3268371,3168574,9462.620,false,-2704185,-80089.4
342,2344,-673241,3354876#KehRIaGNWRbZsdp,880426,1254364#pwqy4cKZy6Cs7pNkpkIQ,-1777319,-681985,-11064.550,true,1468926,-85944.1
343,812,-650879,794700#8JWa1sHvDb1apr1,568714,451344#EClSnFPPxKgN4FXu3hla,-129434,-3105565,-8640.830,true,709580,-36675.8
344,1670,1344427,688595#2zfN8IqwFNJqWZC,-1325550,122299#RqBA8Ph8WmbTGkiLh0To,982919,13388,7600.010,true,-1489728,-67951.3
345,2563,1899865,124086#DGGb4FBVL5ts98W,-3295867,2678761#QF7cyO7zBvAJZNSKSyVr,-526484,-1565367,-9585.240,false,-3387891,95144.0
346,958,-2001835,139856#5mZBRminmNexe3P,-493167,289112#UfIWa99w86c4NjupRDy8,474258,-2244740,-11854.940,false,-1264759,-48762.1
347,1303,-1359362,2274050#esD3tyGPKaqEpXg,-2410442,2990072#UBIYEbO5HtCduzvobrmH,-57255,-594730,9269.830,false,-85972,-62058.4
348,1563,2456724,1319509#06KntVeaZVIEyLG,-309891,1847225#HHIcvHFpWQFhrrV3Hrwm,2711421,-3468591,1239.850,false,-1467282,-106737.3
349,580,1143937,2416101#StKV7Y22sf3fNDI,2356730,1096629#dME6AvGcQ2Rd30wEo8AT,-1587690,306249,3692.380,true,1198759,130366.3
350,2679,-741363,1275220#4amF5iba7YKg1S8,2843660,415057#0j7nbBqnhuGOicmpO5uj,-1981421,1693954,-1570.070,false,1475680,55165.6
351,2711,-332735,3235833#x7B3De1kUerRKqt,-2564139,1940091#64uf1ewg5a1PTJ503mgC,3157837,-1951703,-11803.280,true,-1676576,119303.6
352,227,-51690,1063234#7qxdkepqqyDgLLY,-1006008,3109651#BpTTu5kbSXY5C7MYaOEG,498929,-839521,-7698.250,true,-2771655,-95425.7
353,730,1059562,3517710#bRmzEQ1LFMp5inF,-203725,1377916#o994tyxa0lamxZrvf25s,-3235674,1892140,-4333.110,true,1242696,-18422.1
354,1567,904174,2896919#vwENBs3nbEH6F7M,-3352672,2668217#BzixVAwrntH0N8AEMjFf,1014109,2041091,-234.510,true,-2050244,-41731.5
355,900,-233239,2862109#k34m1nDKo0BjnKI,-1569965,2290634#9vKORaLQoEIx1hiA29Oz,-2795561,-2994372,-7852.830,false,-1298089,120443.5
356,1423,2367871,3430659#9Q1RZEyhU8KTsg1,928389,982702#8umo44Ads4oSJ1mEqK9a,259741,246840,-7986.950,false,-563285,55312.7
357,2086,1439876,3182272#SLnb2sKE3CUUHYN,-2214707,739938#xu0neWB3rd2OBfbvGFrj,-2710439,298501,-6467.510,false,-275780,123461.7
358,686,-3404931,2166421#092SuPaAFIbNo6i,-931828,478667#9n0j2JR0FkDxRXO9eMQL,1645349,2203762,-2682.150,true,3438413,-16351.4
359,929,1461869,196238#TXl6oE6IJkQEG6A,2870639,2746125#fZ0uXbdRUIozAMFcDPnG,3581943,12757,5960.680,true,-2500713,-66052.1
360,464,1602944,2697456#sPmIvZ0UToX9pP7,1416206,1627525#kSYjswE24oUMjwwSy8Hn,1005075,2296803,-1080.790,false,185659,115891.8
361,893,-2030261,164784#1NSZ99sZ8dZOwN1,-737219,1565782#8H9VCXBDzLAi94llUDNM,-2463456,-1175432,-9965.390,true,2863157,32962.4
362,463,924713,1757737#py893vgbOw71yMW,-3473160,2648281#2AwS8gjjoJc0CUPlM5sA,-775636,-2480335,4727.410,false,-803552,39518.6
363,374,2588667,2756586#anrS4N5mrXy2ioP,261308,2736218#XRUmbc3jYsimlqQuNsvt,-2340628,-3220456,1731.900,true,1745725,131780.8
364,417,-2980321,1462570#tzrhPCaECR3p2xP,429570,2594341#8286jnwzGzAephaZ0S7S,1655844,2616658,3247.190,true,1981239,106425.5
365,737,-3368999,2501421#092SuPaAFIbNo6i,-1387896,1697844#9ex7ggKn8ZaAfcMerJ0r,357900,-108368,-8820.590,true,-3635502,61794.4
366,1090,2189380,2814227#buXJM1nYKEofBVt,2993027,1317078#VhjG3DAOs0m40gOn1wvc,2348223,-1157570,2702.890,false,-2295852,80776.6
367,2169,3302738,2136347#t3O8bPxre56G9ie,775280,2925169#g8Ykhbd4ObxBDy6qRLgU,1514703,798180,10886.430,true,597991,45262.5
368,1408,-1147017,740095#5rKvvXztDogdpT7,926951,696961#rVeXIPzW7s3ihVsqK59H,794352,-431382,10768.780,false,2165658,48808.3
369,1377,3641921,1625502#DXAfPN5G4aN8JUe,2372931,2423141#4KbcgueuaLTyEMVfTak2,46634,-110043,1725.870,false,1163726,470.1
370,2167,-280569,2848954#YodSBZ9l2qaytvk,-1133695,2482853#pMEy713YDrzk3okwgTfM,-897878,2741895,2044.780,false,-1362412,130682.8
371,1806,-3262842,1269016#JXAVzuw7nWo8wXZ,3350717,1703010#j5BU25FWVUrigBUC6wrh,-1778671,858860,3607.780,true,2106255,-60690.1
372,2653,-3342440,1221359#1SBOKpMH0Hg7Kih,-513546,3415658#IJtbvb6agj3KelNSANpq,-660607,-3434451,3784.920,false,2294587,-24930.4
373,1678,1884298,2272420#OKb21JgjGDFhDSK,-3426178,2562541#L7sGHPBvse08vHmk7nhQ,681757,468762,-3647.680,false,-908189,-89163.2
374,1526,3589243,2927446#yOHkR4prk8ZhFAN,-221475,1943473#Af0ImdOywj4sL6c4tw70,-2918351,1243305,-680.250,true,1889915,55059.1
375,753,3619990,3372440#5ZXcs6rle0aqLjq,888052,998878#jW5W4uHJpoZzlA37v5bV,-3388238,-2591101,3248.910,true,1476889,45700.4
376,91,1692627,3651027#Z2rgYUH6VV5bILw,1782117,1945495#3Pqwsp1rgmcSFm0yBWPc,362878,3727965,-4076.910,false,-2666193,32090.4
377,372,-3306868,1277247#w6eszF68IgIIPrO,-1889958,355340#mJyE8apCO4NgKrM1pS4S,-3490982,1522512,-2495.940,true,-441127,-90281.2
378,287,358908,2761380#gz3yCh1IiOUaYIP,278193,3584159#olQvoI2sH4PmDQpCOnbn,-1536531,3477599,6298.990,false,-1578933,-106584.1
379,1360,-1061856,2841464#XdwovqwqCuQxKeJ,2642652,1430471#oeoJ6A6eL2xZrnHa63UD,512118,1422093,-5643.100,true,823892,48246.3
380,119,2719596,2914981#0DOat2w5dUfMukg,-3451669,1549607#iOpsYnHOA3kpimbyB6vi,1770179,3182738,-13253.250,false,-1392396,-48842.3
381,429,1014829,2946985#1pMvnCPfvKmwjj6,152205,896560#zmDJPfzpWFAPxTTtC3k1,-739869,-3324048,9788.840,true,-2964362,-57868.7
382,2147,1612371,243778#5WaYgLtOKev6G3f,780995,2616819#b9756988Z5BARCMQQ0M4,-1253902,-1598927,3887.970,true,2045491,71519.0
383,902,-2084150,2097685#8RTQSGb3qS98C4y,2107617,2700420#1Si8PNhP1QuUs2n4841Q,-971133,-3229012,14618.920,false,-2914227,32104.2
384,1682,2390846,2792598#niOPfvHl3BKNjQP,-312460,1130373#tNja37w3KES43Uf8a8tp,-3071954,-94015,9218.650,true,-543864,64816.5
385,1402,1736118,1766631#TTiiTn6DBtUS6Oe,2884575,1193793#U1zOY5vEmhrB3ZprgXYd,-292491,2268350,-331.090,true,-3563185,-35354.0
386,1155,-2253251,1688137#ZIPh7MsAUCYTTqB,1094027,478504#svV0Wuamesfr7lEKJgch,-2330681,-2838467,2316.870,true,1156102,45188.2
387,563,3090335,2664490#IZU44Xv2EqhxEHl,-2669881,2181230#4IA6YPz84xLBFMgN97XT,-1665481,1587287,2127.990,false,2457434,-95642.2
388,1491,1562144,3824045#MWbd2nb2r6vXWXu,157486,2943953#68PJDJEeWonDGYkYOXh8,3087179,-1613431,5286.260,false,-51165,-140145.7
389,259,-3055775,3372215#6ccQ9l3kW3UYmXI,2814492,3718108#AiN6Xsg8kj7Zxs3426qq,2033303,-716022,-3703.000,true,-2726047,75808.2
390,1541,-95618,3287136#i2KubJW9ufJ9uJy,-1826051,2901853#pMEy713YDrzk3okwgTfM,-382466,-656101,3946.110,false,1396458,45679.5
391,2689,2864542,1220216#xwSFDJvPNd0lqu4,943633,2274767#hzqUode8vlLmcnviSBoa,-3747530,3632452,10248.120,false,-3100010,-90774.4
392,322,-771116,3844954#YodSBZ9l2qaytvk,1008476,1437616#hjPxIZdB1OLKgr6z8Ynd,-2037877,-780817,-12500.050,false,1682701,-98870.6
393,1994,-745942,909546#5aSOX02hah3lkgm,652189,517014#a4iqpZEXOhD3MGKX9NZI,-148129,-3559330,-9412.330,false,813236,-42579.8
394,256,1540177,788343#kbMag4jYM6HCZSw,-1517157,139474#4EKLWqwljgAMmP8LyirR,1125904,14934,7997.010,false,-1705840,-78350.8
395,2518,2175946,141775#DtGzjLh503v1nPC,-3773192,3065541#L7sGHPBvse08vHmk7nhQ,-601828,-1791455,-11351.240,true,-3877441,110377.0
396,526,-2291381,159476#Dq3RN3o8rKifl2B,-563817,329482#CzRFaWdfdjWPAjjDDAro,541876,-2567695,-12887.440,true,-1447409,-55202.1
397,1388,-1555625,2601133#y3gw0umP8Y0Yj2L,-2757117,3419664#OzJ55kYH79OO8zJzKX5c,-64170,-681136,10229.330,false,-99347,-71694.9
398,1892,2810993,1508242#13D7xHpoqII1tD3,-353553,2112113#ss2Xiw4hAuncH7bojdKh,3099753,-3966469,1194.850,false,-1678932,-123226.8
399,1350,1308550,2761691#yNeDzkFmKLNxuA1,2694777,1252455#WPK8nUAvLGY9OPjebHlY,-1815088,350818,4765.380,false,1371746,148033.8
400,1110,-848587,1456114#ScnIxZPQ68kJU4I,3249385,473069#lk1NGWI4qdov5YxAGSez,-2264408,1935337,-1328.570,true,1686655,63810.6
401,1363,-379435,3695439#iJPV5OMhjPs5OSY,-2930589,2215340#mJyE8apCO4NgKrM1pS4S,3608735,-2228913,-13013.280,false,-1916264,135842.6
402,1887,-58427,1213067#CmBOP52DaTA3cXj,-1147864,3550376#zJLjIcdYU3lVxNBgFgB7,570633,-958265,-8346.750,false,-3165005,-109140.2
403,196,1209874,4015623#K4Qi0cBavoRrvTw,-231350,1572489#iLElQm3TRJ99JmCvfKPu,-3694228,2158950,-5444.110,false,1419271,-20034.1
404,2686,1032180,3305987#aO2FCFVhLnBpb0h,-3826390,3044406#spQyiVUGp4t2HLll5JMt,1157944,2328300,-632.010,true,-2339482,-48796.5
405,269,-266164,3263846#66yAeti5a71rsny,-1790565,2613212#15JMazuv4sJhXWVPWW5M,-3188993,-3416439,-8893.330,true,-1480202,137854.0
406,1873,2701821,3911931#Vlg4zm7DOrsrpAv,1057989,1120139#gPmB3Q1N9iDtdRyHufqO,296505,282276,-9630.950,true,-643110,62758.2
407,106,1641012,3627687#wucoLDDLKLCQeFg,-2523757,842593#WSLYhMIEQsryXRmw4Gxm,-3090820,341021,-7627.510,true,-314655,140904.7
408,859,-3879256,2468026#TbByVlOx0JJkIlE,-1062141,544563#u6JBBqy6F1m5eHMaE2mt,1875271,2512512,-3165.150,false,3919838,-19176.9
409,213,1666625,223244#jfVJCeYiuwCT11V,3271127,3127515#zFJUpxbmEg6XdJ2Uq975,4081715,14955,6693.180,false,-2849588,-75087.1
410,618,1826482,3071539#dAP6T5xskC2aGG3,1613456,1853430#kHOCkiktI5VfoTg63om7,1145542,2616356,-587.790,false,210859,131523.8
411,2438,-2311911,186275#YVgKFfm7pg95Pu2,-839919,1781816#Mr1TQO2IC8I6n2v2AdNu,-2804591,-1338572,-11249.890,false,3259482,38693.4
412,2430,1052270,1999919#vwENBs3nbEH6F7M,-3953585,3013998#FMUis7wvFKJJHSxNc3YB,-883682,-2822905,4975.910,false,-914827,44011.1
413,2113,2944267,3135946#NrLEK9g0kzV9qUQ,296392,3111840#FkWDnEfBITjqjfSnbQoU,-2664168,-3663946,1480.400,true,1985362,149385.3
414,1255,-3389308,1662478#1OacOZF16nAhXnX,488033,2950255#vRmIGMq7rqXFRNyiSGOq,1884257,2976734,3782.690,true,2254026,121835.5
415,520,-3830587,2843769#pXSopAEND7mj6EF,-1579171,1930122#BqqQShfCWlcIm2EpoZpE,407950,-123858,-10084.590,true,-4134615,70466.9
416,2535,2488699,3198569#kExUxmKUExVZCUp,3401133,1495663#DsP395wkt6Nvoiqcf79k,2669466,-1315263,2766.390,true,-2609402,90615.1
417,1167,3751663,2426123#PT6KMLDydI4WWDx,881542,3323158#xqNQpJvO1rMpvRwqaWYD,1722235,905793,11976.430,true,679847,52368.0
418,1645,-1302542,839473#7YWKVS4fki2bgQv,1052004,791404#Ylb4ZfrTqJsLzTGUl8yr,902942,-489205,11874.780,true,2459270,56392.3
419,785,4135796,1844764#j5UXaJ71OqBfDjG,2694653,2750237#HmGeZD870jogU7efi6aK,52262,-125324,1625.370,true,1322538,908.6
420,2655,-318406,3232877#LtCddd8BMuLBT8V,-1286482,2817909#b0V4aH8dB5IOlus5naOY,-1020228,3111306,2207.280,true,-1546555,147671.3
421,1018,-3702042,1439582#4TJBT0HutuhFDWQ,3803064,1931731#0MoE9UmRkDmhMqbHPYLZ,-2017079,973809,4368.780,true,2391168,-69153.6
422,2211,-3792315,1384225#sDHZT20NtuzLGJn,-582121,3874601#5sTXtTcx8xAvRpyJXH7p,-750637,-3895478,4165.420,false,2603962,-28269.4
423,2540,2137398,2575720#eLVnbOQzip1DnIc,-3884928,2905810#7JErNCkJHCdV8PsXBG03,773332,530282,-4175.680,true,-1028914,-100176.2
424,1527,4068681,3318453#Os8rc4rEXPxdb8n,-250838,2202391#TEvU3jwJSVHJRdy0trqa,-3307769,1408347,-559.750,true,2143283,62004.1
425,546,4102233,3821110#CfeM2yc8m4yx5yk,1005296,1131166#WmkWbhCXNEkBiFp2InTA,-3839857,-2935689,3595.910,true,1674289,52022.9
426,2344,1916652,4135539#dAP6T5xskC2aGG3,2019192,2203234#RL2IE7PksvfFqUtnPaZu,410808,4223358,-4784.910,false,-3020831,36923.9
427,1276,-3744693,1445604#UWDbEEtWvoNWza3,-2140458,401275#RSjwg4qkMfq3mnADBRQU,-3953342,1723302,-2467.940,true,-500152,-102446.2
428,1688,405320,3126456#sPmIvZ0UToX9pP7,315493,4057149#ScnEJSXb7LqYSazeIBMM,-1740879,3936537,7558.990,false,-1787558,-121085.6
429,1448,-1201906,3216214#PnlYkEa7l36RfJJ,2990747,1617965#N63ZOhpaMA1iNcwBq0lS,578744,1608947,-6449.600,false,931798,54706.8
430,2669,3076521,3297398#4cQissoXIzmeU4z,-3906119,1752887#8xcIq7LNeW8lupkl9r45,2002090,3600426,-14372.250,true,-1576333,-55520.3
431,2495,1146966,3333073#VyOBFQc2LzDQj3r,171282,1013620#VeMaIaaFjkkb3nrcQn72,-835705,-3759816,11439.840,false,-3353437,-64419.2
432,575,1824196,274626#0iVdrFLdRFI5SVP,883057,2958202#XwCt23M1shhX8zA2ysrX,-1417619,-1808693,4179.470,false,2314216,80054.0
433,115,-2355900,2370818#Oud9yef4ZEn5rAQ,2383267,3052096#0TdfntOvXufsXhACsROd,-1097745,-3651590,16156.420,true,-3295377,36936.2
434,1164,2702309,3154952#7xEiaSzoZQBjpmf,-352610,1276266#Q9W5tszgVnch05Uu9tlq,-3471374,-105505,10538.650,true,-613389,74111.0
435,915,1960518,1996063#HGGp0ij0HmZZM32,3259025,1348707#J2YEZCM14aEIdcZ87KXz,-330586,2562291,214.910,true,-4024873,-40305.5
436,1837,-2546363,1906080#Df1OMgapfP3Q9Et,1236527,540094#lFW0vuVdEmBgnpJtuL5d,-2633182,-3206829,2031.370,false,1305102,49869.7
437,956,3488585,3008081#6jQE0tb3tmkAPBW,-3013619,2462604#IpMF4U50JXcavBJuPhPu,-1881043,1791205,2426.490,true,2775309,-106890.2
438,243,1764644,4316127#9EqfUS2fxXK7SPk,176561,3322377#CKkEeGkvGEdYgEuEvRIN,3484024,-1821238,5356.260,true,-57615,-157304.7
439,494,-3449813,3804677#gctvS78ZOdpMZI9,3175008,4195278#YnEaaLBP9hoT2cGkJsN7,2295102,-806909,-4801.000,true,-3075647,84452.7
440,747,-108221,3707612#hBqKIf1gVwCY3LI,-2058944,3273462#N4g0PRJYKnwj0nDzUOZt,-431138,-741330,4222.110,false,1574833,51077.5
441,92,3231217,1375730#fcGcpjg93cjlRuN,1064370,2564395#oJwyQBTk6iBtNeyzfkUj,-4226689,4096331,11033.620,true,-3495835,-101459.4
442,1029,-868991,4335033#HreLgaYcnh5bftK,1136526,1620867#gJmgkiW2mBpY4iNAAOil,-2298435,-879648,-13935.550,false,1896476,-111797.1
443,449,-841004,1024392#iXsfcuGcuMBtHku,735664,582683#OBLLvPn0VDmEPpESLYCc,-166825,-4013096,-10183.830,false,916892,-48483.8
444,1571,1735927,888092#u0T3bDDECuQLCLS,-1708765,156649#1DjMwn8HEiPmpKCApZhG,1268890,16480,8394.010,false,-1921953,-88750.3
445,2473,2452027,159465#PLa8jVVs5Q1Ltlb,-4250517,3452321#1ctrQYZAII7epZ6CGfCX,-677173,-2017543,-13117.240,false,-4366991,125610.0
446,94,-2580928,179096#7kv7EBkWPbssJbK,-634467,369853#pMEy713YDrzk3okwgTfM,609495,-2890649,-13919.940,false,-1630059,-61642.1
447,1473,-1751887,2928216#xwSFDJvPNd0lqu4,-3103792,3849255#vRmIGMq7rqXFRNyiSGOq,-71085,-767543,11188.830,true,-112722,-81331.4
448,2221,3165261,1696975#NUSqUtGrRmyr35F,-397216,2377000#EqBe3NERoYXq0behhAjV,3488085,-4464346,1149.850,false,-1890582,-139716.3
449,2121,1473162,3107281#xQURBuRNabVA5Vp,3032823,1408281#2AwS8gjjoJc0CUPlM5sA,-2042486,395386,5838.380,false,1544734,165701.3
450,2269,-955811,1637007#F6npucJeQjEabO4,3655110,531081#3BbsTvwilhw0PXo1i8nI,-2547395,2176721,-1087.070,false,1897630,72455.6
451,15,-426135,4155045#MWbd2nb2r6vXWXu,-3297039,2490590#qm0gKbeSpFozeh2mdSDJ,4059633,-2506123,-14223.280,true,-2155951,152381.6
452,818,-65165,1362899#6BzLIpFhzEJhDig,-1289720,3991101#XSdkBxhuC9H7yQ0phhWX,642336,-1077010,-8995.250,true,-3558355,-122854.7
453,2390,1360187,4513536#SREcQJuh3m3Pyz6,-258975,1767063#4nLMCOMynFf5y4c8vaLD,-4152781,2425760,-6555.110,true,1595846,-21646.1
454,1078,1160186,3715055#l9uV0gnm4jzEdiN,-4300109,3420596#lY3YV5UzQqEFJQLcFLwY,1301779,2615508,-1029.510,false,-2628719,-55861.5
455,2365,-299089,3665584#IMT51ol1H3wdE5J,-2011165,2935790#ncwzoSIcq2DRr1INJDkb,-3582425,-3838506,-9933.830,true,-1662314,155264.5
456,2323,3035771,4393204#MKfl1W9NZmalFWO,1187589,1257576#Zu9ygIthAhStxIbnNh1J,333269,317713,-11274.950,true,-722935,70203.7
457,854,1842149,4073101#StKV7Y22sf3fNDI,-2832807,945247#sNASCkRvwV3KrGbIAbtN,-3471201,383542,-8787.510,false,-353530,158347.7
458,1032,-4353581,2769631#TTiiTn6DBtUS6Oe,-1192453,610458#qpOvex5N23pj0dcsWi2m,2105193,2821262,-3648.150,true,4401263,-22002.4
459,2225,1871381,250250#61gnTgw35zGDY0H,3671614,3508905#qyFlD2EVcxWxB9sc3m1b,4581488,17152,7425.680,true,-3198463,-84122.1
460,772,2050019,3445622#zrQCaivZB6YCPVF,1810706,2079336#Ebc4as65VMc9OAlJ89KB,1286008,2935909,-94.790,false,236059,147155.8
461,1255,-2593561,207767#TYEudJeTP4nGY4a,-942619,1997851#KGhIJBTqkCTtIaBTDCW8,-3145726,-1501713,-12534.390,false,3655807,44424.4
462,1669,1179828,2242102#3SUPEbfevZFv7r8,-4434010,3379715#f3B5gYYM2pf1nOsqeVRT,-991728,-3165476,5224.410,false,-1026102,48503.6
463,1124,3299867,3515306#uTYbbdBvZefN5vk,331476,3487463#6TCERKQbdZtPDzUADLzB,-2987708,-4107437,1228.900,false,2225000,166989.8
464,2093,-3798296,1862385#BdXcUEVpkPkhOSU,546495,3306170#0kbVgXpAZ4Dp9Mq1cV7t,2112670,3336811,4318.190,false,2526814,137245.5
465,303,-4292174,3186117#EmLYCyaLzdKb3LE,-1770446,2162399#eri52XXUZ5CEbz80s3Xu,458000,-139347,-11348.590,false,-4633727,79139.4
466,1251,2788017,3582911#hxNpMkMBBnTnacP,3809239,1674247#sNASCkRvwV3KrGbIAbtN,2990709,-1472957,2829.890,false,-2922952,100453.6
467,165,4200588,2715900#1ihqvqsTus4wwVR,987805,3721146#7mvlUQhueMaP0o0QyLZD,1929767,1013406,13066.430,false,761703,59473.5
468,1883,-1458067,938851#diszXe6pCveDnM4,1177057,885847#zM6YX8pXVZwUGSWoF24n,1011532,-547027,12980.780,false,2752883,63976.3
469,193,4629671,2064027#Z2rgYUH6VV5bILw,3016374,3077333#WGxi4D5k5X36xFcXif8E,57890,-140605,1524.870,true,1481351,1347.1
470,415,-356244,3616800#yiZKgujx3mqO3PD,-1439270,3152965#N63ZOhpaMA1iNcwBq0lS,-1142579,3480717,2369.780,false,-1730699,164659.8
471,231,-4141242,1610148#PDDw56lYalqjNaB,4255410,2160452#9KjgTFiG7bbsM3stUEsw,-2255487,1088759,5129.780,false,2676080,-77617.1
472,1769,-4242190,1547091#63zgJnxGtgjNqMN,-650696,4333545#9KtEkP1qb4UWhalUGfFG,-840667,-4356505,4545.920,false,2913337,-31608.4
473,673,2390498,2879020#j5aPm45EsHBe6Z7,-4343678,3249079#CJsyz5XxT9lzoM82BbnS,864907,591801,-4703.680,false,-1149639,-111189.2
474,1528,4548118,3709461#mRJklIuZjNocd0f,-280200,2461310#cBSN8za58emLTuJQqrdq,-3697187,1573389,-439.250,true,2396652,68949.1
475,340,4584477,4269779#r8MKMWxR8bMnGNb,1122539,1263454#jZTgMFrVisdGsKoSNa5U,-4291477,-3280276,3942.910,false,1871689,58345.4
476,1868,2140677,4620052#D7MBPS59ZyoRTQV,2256267,2460973#VcvvZ8EjllN1rcY8wAmu,458738,4718752,-5492.910,false,-3375468,41757.4
477,2180,-4182518,1613961#UhV3biw70TjzGO7,-2390958,447210#350SeIioLVZMSEA5fBUK,-4415702,1924092,-2439.940,true,-559177,-114611.2
478,361,451733,3491532#FzasSYMhFPx3uUk,352793,4530138#WTOPO5HnPTFY2Y3bZFPy,-1945227,4395474,8818.990,true,-1996183,-135587.1
479,1536,-1341956,3590964#QWifJTimgxB44vW,3338842,1805460#81PDt3s3pZFZdFDXOI92,645369,1795801,-7256.100,false,1039704,61167.3
480,2492,3433446,3679815#kVFxAp6oxr69lZT,-4360569,1956167#vf3565SkvZ2VsI3Cazxf,2234001,4018114,-15491.250,false,-1760271,-62198.3
481,1832,1279104,3719161#ttKDyF5ky8xdsYF,190358,1130680#4tdp3qH9WcTSUdjhvwuz,-931541,-4195583,13090.840,false,-3742512,-70969.7
482,1730,2036021,305473#7YWKVS4fki2bgQv,985120,3299585#tElQfvkiO0LF5qH4KyfD,-1581335,-2018460,4470.970,false,2582941,88589.0
483,2055,-2627650,2643951#m7KDCAcxpXtBYgp,2658917,3403772#yFqPNKIgEwELjmQIcN4E,-1224357,-4074168,17693.920,false,-3676527,41768.2
484,646,3013771,3517306#uTYbbdBvZefN5vk,-392760,1422159#olQvoI2sH4PmDQpCOnbn,-3870794,-116995,11858.650,true,-682914,83405.5
485,427,2184918,2225496#S5bx9A4W6YPiuuT,3633475,1503621#U8CM77qGwJ32GBKoRIlU,-368681,2856231,760.910,false,-4486560,-45257.0
486,2520,-2839476,2124023#tHaYLgR7i1JgHuZ,1379027,601684#8lHPinJPrRvgNB9LsDVA,-2935683,-3575192,1745.870,false,1454102,54551.2
487,1349,3886835,3351671#WVP857qqGRfB41N,-3357356,2743978#tLfhlEBFz3M5opdgaHLn,-2096604,1995122,2724.990,true,3093184,-118138.2
488,1723,1967144,4808209#hQIk3xq7512NNfI,195636,3700800#JgF98HCiicZLqVdZi2UF,3880868,-2029045,5426.260,true,-64065,-174463.7
489,729,-3843850,4237139#nmQ27iOV28bIzQx,3535523,4672449#MPpKsaPueJFSL5tNxSBZ,2556901,-897796,-5899.000,true,-3425247,93097.2
490,2681,-120824,4128088#A00qBPUtOjSLeBP,-2291838,3645072#UBIYEbO5HtCduzvobrmH,-479810,-826559,4498.110,true,1753208,56475.5
491,223,3597892,1531244#jfVJCeYiuwCT11V,1185108,2854022#egcNn3cTFvDvNtNFJnQ6,-4705848,4560209,11819.120,true,-3891660,-112144.4
492,1735,-966866,4825111#nmugrZb4p6RnM6L,1264576,1804119#YsFveVfawvZYCgwIoDGA,-2558993,-978480,-15371.050,true,2110251,-124723.6
493,1631,-936067,1139238#TXl6oE6IJkQEG6A,819139,648353#ys5i9zGkkwmXe16Xjagg,-185520,-4466861,-10955.330,true,1020548,-54387.8
494,157,1931677,987840#QWQjhIHbbN0HiX2,-1900372,173824#RRogjZWCuJzHFhGJcjSK,1411875,18026,8791.010,true,-2138065,-99149.8
495,2428,2728108,177154#PgQKr323ZwPmISQ,-4727842,3839101#XSdkBxhuC9H7yQ0phhWX,-752517,-2243631,-14883.240,true,-4856541,140843.0
496,2390,-2870474,198716#I3VcW7g2UHGvAA5,-705117,410223#rKKuyD9CpEjg8HW2MoEx,677113,-3213604,-14952.440,true,-1812709,-68082.1
497,1558,-1948150,3255299#8nLmnqqFslsP7Kc,-3450467,4278847#zM6YX8pXVZwUGSWoF24n,-78000,-853949,12148.330,true,-126097,-90967.9
498,2550,3519530,1885708#vCqJK35GrID8BVl,-440878,2641888#6Cn5cFx2ZHleF3KWH7kk,3876417,-4962224,1104.850,false,-2102232,-156205.8
499,163,1637775,3452871#RaZ9pPKTTndgLNA,3370870,1564107#UtS2XaKiFwpwdjhkcvRU,-2269884,439955,6911.380,true,1717721,183368.8
500,700,-1063035,1817901#GSdCYaMjOH7pNRt,4060835,589093#4Ttmsw64Ppq6qB7bGnu1,-2830382,2418104,-845.570,true,2108605,81100.6
501,1395,-472835,4614651#8CgTuenosjRfUAL,-3663489,2765839#MvJz1nY0dbvrq9mwnapt,4510531,-2783333,-15433.280,false,-2395639,168920.6
502,2478,-71902,1512732#egwBDqkNwcgfNCY,-1431576,4431826#pkzJ7HzeqLGuRQiKMIrj,714040,-1195754,-9643.750,false,-3951705,-136569.2
503,1856,1510499,5011449#R4g5xTc2IwbyAnU,-286600,1961636#LjWalWp7jobQCslkNiV8,-4611335,2692570,-7666.110,false,1772421,-23258.1
504,2197,1288192,4124123#PT6KMLDydI4WWDx,-4773827,3796785#1G5PzwBdVQByYdtqNLEy,1445614,2902717,-1427.010,false,-2917957,-62926.5
505,1734,-332014,4067321#uMTg5jPvdi0oGLl,-2231765,3258368#gVdyvucjsLhj5Fqe3VFw,-3975857,-4260573,-10974.330,false,-1844427,172675.0
506,45,3369721,4874476#Dq3RN3o8rKifl2B,1317189,1395013#Y0GIvj2lJioL3hMIGpIn,370033,353149,-12918.950,false,-802760,77649.2
507,1602,2043285,4518516#K0RKauyXxcBuHBM,-3141857,1047902#SdsRpNpUzJs5EdUY2dAx,-3851582,426062,-9947.510,true,-392405,175790.7
508,1205,-4827906,3071236#QHshP8ve0qcNtxg,-1322766,676354#SviizjeOyCMUk2PLVEUx,2335115,3130012,-4131.150,false,4882688,-24827.9
509,1509,2076137,277256#iTxYtMful1LxEoT,4072102,3890295#Gg0CCuadWZhKLc2dHwsB,5081260,19350,8158.180,false,-3547338,-93157.1
510,926,2273557,3819705#6TPpEj2oKMq56I6,2007956,2305241#S40SmaVtdYVJU8PN1nMf,1426475,3255462,398.210,false,261259,162787.8
511,72,-2875211,229258#uUjc3wXlbGL4x6z,-1045319,2213885#ieUfssbbNTQtDyNRl1Jb,-3486861,-1664853,-13818.890,true,4052132,50155.4
512,908,1307385,2484284#0925E9aefFLWeeB,-4914435,3745432#g46Np51pNYiFIHNIrjyJ,-1099774,-3508046,5472.910,false,-1137377,52996.1
513,135,3655467,3894666#xT9qdyQddIyGDNY,366560,3863085#OUXrt8X8dK1AvnOrMO3m,-3311248,-4550927,977.400,false,2464637,184594.3
514,203,-4207283,2062293#4nJjyWtBbXhJQSo,604958,3662084#kjQ0D8zIKV1HdP3gjigZ,2341083,3696887,4853.690,false,2799601,152655.5
515,86,-4753762,3528465#PLa8jVVs5Q1Ltlb,-1961721,2394677#A7LsXwXu4DgEyqjFNXVZ,508050,-154837,-12612.590,false,-5132840,87811.9
516,2696,3087336,3967253#H4LczhMCMC2TH0M,4217345,1852832#CzZJq008CRGuednPKPYb,3311952,-1630650,2893.390,true,-3236502,110292.1
517,1891,4649513,3005676#Nl7mLr3SdBayRnW,1094067,4119135#N2pq82oQqnbSU9r1xRk7,2137299,1121019,14156.430,false,843559,66579.0
518,2120,-1613592,1038229#rCYgpgdAxwmPTD3,1302110,980290#W38M9UfH33aXYcDwUSZx,1120122,-604850,14086.780,true,3046495,71560.3
519,2329,5123546,2283289#6oKcrPQLZpKxDB6,3338096,3404429#0124ySuN5BKjTaavF1g0,63518,-155886,1424.370,false,1640163,1785.6
520,903,-394081,4000723#hu8ALbnYBbD202v,-1592057,3488021#g20ajAdmw3EPjmzGBGcU,-1264929,3850128,2532.280,true,-1914842,181648.3
521,2171,-4580442,1780714#RaRkOh1DkSz5ZWS,4707757,2389173#ucYNWjTn1gvUzf2YVq25,-2493895,1203708,5890.780,false,2960993,-86080.6
522,1327,-4692065,1709957#Snr7eMeNYc0U8Bl,-719271,4792488#IuNCX5H5Hr434IG9QnpC,-930697,-4817532,4926.420,false,3222712,-34947.4
523,1535,2643598,3182320#ODdI0q3f8QRuRpA,-4802428,3592348#MXvjnU1f1CX451axOESE,956482,653321,-5231.680,true,-1270364,-122202.2
524,1529,5027556,4100468#rAumSOKXFVcaH91,-309563,2720228#i6wcWNabINbxrbUeJP1R,-4086605,1738431,-318.750,true,2650020,75894.1
525,133,5066720,4718449#R4g5xTc2IwbyAnU,1239783,1395742#pIPO7gSB5Mmqnwi3aaoC,-4743096,-3624864,4289.910,false,2069089,64667.9
526,1393,2364702,5104564#Gg3nDvjEvNVNNa7,2493342,2718712#VPsfDFG1WNnqRobxLsbR,506668,5214145,-6200.910,false,-3730106,46590.9
527,356,-4620343,1782318#RLpgLRPccFmfOrc,-2641458,493145#13GpnBxsnx4MzwXN1pwr,-4878062,2124882,-2411.940,true,-618202,-126776.2
528,1762,498145,3856608#9VW2spoim9U8h9r,390093,5003128#SwmmwNDKuVd6gcbFSxZd,-2149575,4854412,10078.990,true,-2204808,-150088.6
529,1624,-1482006,3965714#RaRkOh1DkSz5ZWS,3686937,1992954#8lZUDJah0fU8VkfJzSmn,711995,1982655,-8062.600,true,1147610,67627.8
530,2314,3790371,4062232#niz44QinaazscAj,-4815019,2159447#aMvHWRkKtmLZLa6eA6WX,2465912,4435802,-16610.250,true,-1944208,-68876.3
531,1170,1411241,4105249#uHF799ei1z6R5Kq,209435,1247740#0yvy5jjToG5PTwbHXYtS,-1027377,-4631351,14741.840,true,-4131587,-77520.2
532,158,2247846,336321#uMTg5jPvdi0oGLl,1087182,3640968#3vLGbvXEMaQkT0gHAnCz,-1745052,-2228226,4762.470,true,2851666,97124.0
533,1268,-2899400,2917084#ocfz5f76qvrCnEf,2934567,3755448#M9x74JFLk95y21xoG0kF,-1350969,-4496746,19231.420,true,-4057677,46600.2
534,128,3325234,3879660#HC6k5RZMO6QYjDN,-432910,1568052#XfYavxu2e1KEDwe9NPpn,-4270214,-128485,13178.650,true,-752439,92700.0
535,2668,2409318,2454928#0Nv5UX64QvorHTj,4007925,1658535#lXBGxxxSK94tdrwm8TA8,-406776,3150172,1306.910,false,-4948248,-50208.5
536,474,-3132588,2341966#0OX1oagRy8q3CCi,1521527,663274#mj1wA7S6YlQORZF4W7d2,-3238184,-3943554,1460.370,true,1603102,59232.7
537,1742,4285085,3695262#HjOCRMtka6nAaEo,-3701094,3025352#NheZlADSeWSCdYaVwOnG,-2312166,2199040,3023.490,false,3411059,-129386.2
538,475,2169644,5300291#ClK0HRoDBrLCoHa,214711,4079224#BG2DGXGaeispFQl6yZs8,4277713,-2236852,5496.260,false,-70515,-191622.7
539,964,-4237888,4669601#UsI8DXFl7aMfzSn,3896039,5149619#ahJaSgSqqMElyuxtZxIs,2818700,-988683,-6997.000,true,-3774847,101741.7
540,1887,-133427,4548564#Gg3nDvjEvNVNNa7,-2524731,4016681#5ENEAUotxeQT4OBp88uh,-528482,-911788,4774.110,true,1931583,61873.5
541,354,3964567,1686758#VpqZHmJAeUZuKoH,1305845,3143650#C8AtGAzJMGgUgPB7Sw5Y,-5185007,5024088,12604.620,false,-4287485,-122829.4
542,2442,-1064741,5315190#Os2c1Ju2uYmT000,1392626,1987370#rDvYGZ57wjvD04kbue4y,-2819551,-1077311,-16806.550,true,2324026,-137650.1
543,86,-1031129,1254084#ocfz5f76qvrCnEf,902614,714022#egcNn3cTFvDvNtNFJnQ6,-204216,-4920627,-11726.830,true,1124204,-60291.8
544,1472,2127427,1087589#YZDuTlDwOJjW2XP,-2091980,190999#QRYkTNwmoIIvd0BXBUIP,1554861,19572,9188.010,true,-2354178,-109549.3
545,2383,3004189,194844#Pnnz35MNpxN3z8b,-5205167,4225881#qoQ6MpTY19XXsYgRydIE,-827862,-2469719,-16649.240,false,-5346091,156076.0
546,1958,-3160021,218336#8SzhHQHfSstJXat,-775767,450594#wMccxOjNrTNKigJ5ebbx,744732,-3536558,-15984.940,false,-1995359,-74522.1
547,1643,-2144412,3582382#gE38fIKUYcjzEOG,-3797142,4708438#ZQFIWwWTngE4fAO2wPoD,-84915,-940356,13107.830,false,-139472,-100604.4
548,151,3873798,2074441#5IJWHVBLvXL1SYq,-484541,2906775#VoPTn6H5gnTHt9yRI7dd,4264749,-5460101,1059.850,false,-2313882,-172695.3
549,934,1802387,3798461#mRJklIuZjNocd0f,3708916,1719933#pU8VlkWFM0ua8Cqy49aI,-2497282,484523,7984.380,true,1890709,201036.3
550,1859,-1170259,1998794#s0UJSHgCfamY4wz,4466560,647105#6IJv4S3few3gHP6h8o4a,-3113369,2659488,-604.070,false,2319580,89745.6
551,47,-519535,5074257#mGi1MNQ189mf5f4,-4029939,3041089#eiuswDTRrqPyIjOqQJYD,4961429,-3060543,-16643.280,true,-2635326,185459.6
552,1409,-78640,1662564#Gg3nDvjEvNVNNa7,-1573432,4872551#mxxlVIOzhSUiVs4kc0OY,785743,-1314499,-10292.250,true,-4345055,-150283.7
553,1322,1660812,5509362#y4YTFWUVsjh6xJ9,-314225,2156210#350SeIioLVZMSEA5fBUK,-5069888,2959380,-8777.110,true,1948996,-24870.1
554,589,1416198,4533191#NA8RmZxxnF1BJCb,-5247546,4172975#lVRPODv5PHHCE46b5hu2,1589449,3189925,-1824.510,true,-3207194,-69991.5
555,1102,-364939,4469059#YjVbSiVj19q1nGX,-2452365,3580946#VCLUdlXvby7yfpGRLGMn,-4369289,-4682640,-12014.830,false,-2026539,190085.5
556,495,3703671,5355749#JHE1KIP6zcWEp2h,1446789,1532450#4SqGw9RkfDDyOvBe9wOr,406797,388586,-14562.950,false,-882585,85094.7
557,2350,2244422,4963930#fWppsv1e3zEMLfd,-3450907,1150556#DaNiK97L5EdPgryECwtT,-4231963,468583,-11107.510,false,-431280,193233.7
558,1378,-5302231,3372841#7YbXHYsKgwJCkQi,-1453078,742249#IkmpB21ZwCeCukbAZYOb,2565037,3438762,-4614.150,true,5364113,-27653.4
559,793,2280893,304262#HjOCRMtka6nAaEo,4472589,4271685#Ds5gxJ5Fxw39aYLYZPik,5581033,21547,8890.680,true,-3896213,-102192.1
560,1080,2497094,4193788#W5GPf1Lo97Ixjdq,2205206,2531147#ZgAQ4MCouhrZAE9uCDSN,1566941,3575015,891.210,false,286459,178419.8
561,1617,-3156861,250750#U1vTDZYcFhQPx4Y,-1148019,2429920#FkoIVShViAjkc4ZmFMUR,-3827996,-1827994,-15103.390,true,4448457,55886.4
562,147,1434943,2726467#dZJIdhs9N5oGAPz,-5394860,4111149#ScnEJSXb7LqYSazeIBMM,-1207820,-3850617,5721.410,false,-1248652,57488.6
563,1874,4011067,4274026#TbByVlOx0JJkIlE,401644,4238708#ldjK0NpehPD7deqGUc85,-3634788,-4994418,725.900,true,2704275,202198.8
564,1041,-4616271,2262200#WByZCmLuPdLKCqA,663420,4017999#QRYkTNwmoIIvd0BXBUIP,2569496,4056964,5389.190,true,3072389,168065.5
565,2597,-5215349,3870813#blgP1BvggOP8rOI,-2152996,2626954#8lZUDJah0fU8VkfJzSmn,558100,-170326,-13876.590,true,-5631952,96484.4
566,1412,3386654,4351595#2zfN8IqwFNJqWZC,4625451,2031416#y8do8FcnXYLk1HDVfrWt,3633195,-1788344,2956.890,false,-3550052,120130.6
567,889,5098438,3295453#Os8rc4rEXPxdb8n,1200330,4517123#fgq5tLHd3ryaIXh4okHJ,2344831,1228632,15246.430,true,925415,73684.5
568,2358,-1769117,1137607#HT9bdQN3psQdaU6,1427163,1074733#F2uzeqYUE5GPXObjja2k,1228712,-662672,15192.780,false,3340108,79144.3
569,1737,5617421,2502552#wN3fTZPlRKlGAmX,3659817,3731525#kSYjswE24oUMjwwSy8Hn,69146,-171167,1323.870,false,1798976,2224.1
570,1391,-431919,4384646#BZtHwGJZnc522BS,-1744845,3823077#9B5FJAMWyANrvhizofuE,-1387280,4219539,2694.780,false,-2098986,198636.8
571,1384,-5019642,1951280#agU4HFffon61zrc,5160103,2617894#HkXYJtKpTyVkoA39mMl4,-2732303,1318658,6651.780,true,3245905,-94544.1
572,885,-5141940,1872823#Z3BMWARqrxy2ilC,-787846,5251432#g46Np51pNYiFIHNIrjyJ,-1020727,-5278559,5306.920,false,3532087,-38286.4
573,2396,2896698,3485620#fHHpP2R9B6AvnmT,-5261178,3935617#W6Kcn1rykPaKmIyihABK,1048057,714840,-5759.680,false,-1391089,-133215.2
574,1530,5506993,4491476#Dq3RN3o8rKifl2B,-338925,2979147#ZgAQ4MCouhrZAE9uCDSN,-4476023,1903473,-198.250,true,2903389,82839.1
575,2655,5548964,5167118#1YenrNlyoaLKVR3,1357026,1528030#LHwSGFZDkTvYcJP8Q8ll,-5194716,-3969451,4636.910,true,2266489,70990.4
576,917,2588727,5589077#KjZ2q0nsPko06EJ,2730417,2976451#azs3TbVrrTUK0oavcjt0,554598,5709539,-6908.910,false,-4084743,51424.4
577,1260,-5058168,1950675#nPgfDJTuWy805Gr,-2891958,539080#52St79ZMuFxl4aYsM2iv,-5340422,2325672,-2383.940,true,-677227,-138941.2
578,435,544558,4221684#a2WLtOIm20V1B14,427393,5476117#gt7jxieH9svsSJtcySJO,-2353923,5313349,11338.990,false,-2413433,-164590.1
579,1712,-1622056,4340464#XdwovqwqCuQxKeJ,4035032,2180449#MPpKsaPueJFSL5tNxSBZ,778620,2169509,-8869.100,true,1255516,74088.3
580,2137,4147296,4444649#as87fsoVJE7XI4U,-5269469,2362727#kz5g68Gtr1cl7kuwk7XE,2697823,4853490,-17729.250,false,-2128146,-75554.3
581,507,1543379,4491337#WFC7Wg8GyFixrrx,228511,1364800#JgF98HCiicZLqVdZi2UF,-1123213,-5067118,16392.840,true,-4520662,-84070.7
582,1313,2459671,367168#nb5T8x3nQ7piv8p,1189245,3982351#bawws01gWQGs6yIkAror,-1908768,-2437993,5053.970,true,3120391,105659.0
583,480,-3171150,3190217#xvOgDAlZcTg3AT1,3210217,4107124#cb0t4863PizMAEUiFbrx,-1477581,-4919324,20768.920,false,-4438827,51432.2
584,2338,3636696,4242014#Lx5ZH1rAI69DU23,-473060,1713945#gpQZObczyCQAVpfKdZcS,-4669634,-139975,14498.650,true,-821964,101994.5
585,2180,2633718,2684361#jMxbNf6KVrXnABi,4382375,1813449#MPpKsaPueJFSL5tNxSBZ,-444871,3444112,1852.910,true,-5409935,-55160.0
586,1157,-3425701,2559909#KCSV2vc5wF0tF5W,1664027,724864#y3OQ0CWxmWdmHtVJmxNj,-3540685,-4311917,1174.870,true,1752102,63914.2
587,2135,4683335,4038852#GmqS6xMJRWfSH5W,-4044831,3306726#G8zNtSadmrMV3JXUZ3vl,-2527727,2402957,3321.990,false,3728934,-140634.2
588,1955,2372144,5792373#qpumxCW8668pjTz,233786,4457647#HqzGg7uBW8b67dQn9Yy7,4674557,-2444659,5566.260,false,-76965,-208781.7
589,1199,-4631925,5102063#HGGp0ij0HmZZM32,4256554,5626790#ncwzoSIcq2DRr1INJDkb,3080499,-1079570,-8095.000,true,-4124447,110386.2
590,1093,-146030,4969040#KnOTTWCn2axBQRp,-2757625,4388291#QBr4ZAX2sTxnh7PRGCY6,-577154,-997017,5050.110,false,2109958,67271.5
591,485,4331242,1842272#SLnb2sKE3CUUHYN,1426583,3433277#WmSYO3vwx9g7SJzg4dhT,-5664166,5487966,13390.120,false,-4683310,-133514.4
592,420,-1162616,5805268#ZSnvOcMQfvXZZEG,1520676,2170622#Re078K6c1RZ3tbVc0bub,-3080109,-1176143,-18242.050,false,2537801,-150576.6
593,1268,-1126192,1368930#fWppsv1e3zEMLfd,986089,779692#5gSWT0GZjaFVwAJQ89bu,-222911,-5374392,-12498.330,false,1227860,-66195.8
594,58,2323177,1187337#WFC7Wg8GyFixrrx,-2283587,208174#89qbrhnzg2Ys6uJd7CMt,1697846,21118,9585.010,false,-2570290,-119948.8
595,2338,3280270,212533#4qCmZVFbc6uJQRn,-5682492,4612661#zxeQUsrri1YDyTt5wuSq,-903206,-2695807,-18415.240,true,-5835641,171309.0
596,1526,-3449567,237956#gSCu9AOlwV5cS5y,-846417,490964#ho8mXwYZH9wc6Tj3ukdH,812350,-3859513,-17017.440,true,-2178009,-80962.1
597,1728,-2340675,3909465#PLa8jVVs5Q1Ltlb,-4143817,5138030#LHwSGFZDkTvYcJP8Q8ll,-91830,-1026762,14067.330,false,-152847,-110240.9
598,480,4228067,2263174#iARFnJCYFFQnOeT,-528203,3171663#DsP395wkt6Nvoiqcf79k,4653081,-5957979,1014.850,false,-2525532,-189184.8
599,1704,1967000,4144051#44bfK2z9nwCpbsm,4046963,1875759#mBvNKqNjB9VHqnQZGbZQ,-2724680,529092,9057.380,false,2063696,218703.8
600,290,-1277483,2179688#iZKPawTORl0THoY,4872285,705117#gt7jxieH9svsSJtcySJO,-3396356,2900871,-362.570,true,2530555,98390.6
601,1427,-566235,5533863#mryLqBJviG4vQGk,-4396389,3316338#4d2KbHX4RHi5mUZVSD0X,5412327,-3337753,-17853.280,false,-2875014,201998.6
602,341,-85377,1812397#iA9vv2wHiwlViVX,-1715288,5313276#wz0kUNztw0feJP0jUOZw,857447,-1433243,-10940.750,false,-4738405,-163998.2
603,788,1811124,6007275#YVgKFfm7pg95Pu2,-341850,2350783#uu6LjPN8XEUeAR0EDIFw,-5528442,3226190,-9888.110,false,2125571,-26482.1
604,1708,1544204,4942259#F9yafuzMQIR7Tau,-5721264,4549164#iuPA8yPlv1A7E1ikAeLZ,1733284,3477134,-2222.010,true,-3496432,-77056.5
605,471,-397864,4870796#md8a9mPoGiw2qND,-2672965,3903524#lE628Yi5Z0Fiu49yAghF,-4762721,-5104707,-13055.330,true,-2208652,207496.0
606,945,4037621,5837021#SHmJjbMOhlEBz1v,1576389,1669887#8xcIq7LNeW8lupkl9r45,443561,424022,-16206.950,true,-962410,92540.2
607,370,2445558,5409345#floYABPim6RHuRf,-3759957,1253211#V7YwCWkoN2dD4lwyIryF,-4612344,511103,-12267.510,true,-470155,210676.7
608,1551,-5776556,3674446#yOHkR4prk8ZhFAN,-1583391,808145#13GpnBxsnx4MzwXN1pwr,2794959,3747512,-5097.150,false,5845538,-30478.9
609,77,2485649,331268#ZSnvOcMQfvXZZEG,4873077,4653075#GNqYok0SZn26xXxDLfeN,6080805,23745,9623.180,false,-4245088,-111227.1
610,1234,2720632,4567871#RaZ9pPKTTndgLNA,2402456,2757052#XfYavxu2e1KEDwe9NPpn,1707408,3894568,1384.210,false,311659,194051.8
611,434,-3438511,272241#KigmALPR80fPyZL,-1250719,2645954#8lZUDJah0fU8VkfJzSmn,-4169131,-1991134,-16387.890,false,4844782,61617.4
612,2114,1562500,2968649#as87fsoVJE7XI4U,-5875285,4476866#FJn8AlM7G5RSes6mHbqS,-1315866,-4193187,5969.910,false,-1359927,61981.1
613,885,4366667,4653386#vxk0pP6cJ9yX1B0,436728,4614330#34DXWLVzMqFwOnw5p8gJ,-3958328,-5437908,474.400,true,2943912,219803.3
614,1879,-5025258,2462108#HlqKs22jLNVqp3K,721883,4373913#gWfxPdt5M4rN1k79Srkj,2797909,4417040,5924.690,true,3345176,183475.5
615,2380,-5676937,4213161#ttKDyF5ky8xdsYF,-2344271,2859232#DRI2vEfxVOS5BbXSwS8x,608150,-185816,-15140.590,true,-6131065,105156.9
616,129,3685973,4735937#Ehecc5dxwoslt6O,5033557,2210001#EzudagF6mXRESayVCrdm,3954438,-1946037,3020.390,true,-3863602,129969.1
617,2615,5547363,3585229#rCYgpgdAxwmPTD3,1306592,4915112#UfIWa99w86c4NjupRDy8,2552363,1336245,16336.430,true,1007271,80790.0
618,2595,-1924642,1236985#1pMvnCPfvKmwjj6,1552216,1169176#4R2M9gVwUNuVsilA27Jo,1337302,-720495,16298.780,true,3633720,86728.3
619,1145,6111296,2721814#Kjpg11NS1owxWNQ,3981539,4058621#U8CM77qGwJ32GBKoRIlU,74774,-186448,1223.370,true,1957788,2662.6
620,1879,-469756,4768569#kExUxmKUExVZCUp,-1897632,4158133#msucCY8CYQcdvIEyiZFn,-1509630,4588950,2857.280,true,-2283129,215625.3
621,596,-5458842,2121846#66yAeti5a71rsny,5612450,2846615#yJf1SyC65FH7m2Gn7liz,-2970711,1433607,7412.780,true,3530818,-103007.6
622,443,-5591815,2035689#2YBbjEJMjlW2Kvg,-856421,5710375#NEmWBSOkxRrBYRPNz9EO,-1110757,-5739586,5687.420,false,3841462,-41625.4
623,530,3149798,3788920#vukuWkfXjnLmtIi,-5719928,4278886#GLXNALdFPi2UHnsSkGYW,1139632,776360,-6287.680,true,-1511814,-144228.2
624,1531,5986431,4882483#d5VwA3G6eULXGzG,-368288,3238065#XbSvkxaPQwlcgedAQjK9,-4865441,2068515,-77.750,true,3156757,89784.1
