929,477,5542309,2012-08-28 14:45:01.000,-828013,-7484846,-316.170,643856.250,6975597,-859431.6,-3251392,7416929,4127445.5,-8841483,2039264.0
930,2189,4256217,2018-07-03 07:29:11.000,-306573,3788209,-115.690,-7666507.800,7644758,-1720633.9,4454370,-7983019,5920131.6,1599228,-5961296.0
931,2319,-6755716,2014-05-16 05:29:37.000,-1263335,3847045,149.920,-5734821.500,5841854,-3422071.0,-2324327,6321954,-8304144.4,-4888038,-5601360.0
932,952,7930302,2012-04-30 21:02:12.000,4375774,4733044,198.790,-4054486.440,-6924682,-5152226.0,-8356325,-3228287,-3969179.0,3788964,4759296.0
933,503,-4545175,2017-04-08 06:18:54.000,-3417823,3602253,-259.530,-7183435.500,4973005,7860444.5,-6866574,8581139,-6853205.5,-1430021,4200224.0
934,1260,-4971414,2012-04-02 06:11:01.000,-6995918,-4725214,-283.310,7770214.080,2877903,-2638036.8,-3567159,-2260788,1328057.8,1772909,-3160560.0
935,1065,2377811,2016-01-05 02:22:38.000,-4486926,-857725,-133.140,702162.350,5310713,-4864800.5,-7294154,524381,-1689977.8,-1199704,4347168.0
936,343,-617645,2017-04-21 02:45:03.000,8116181,4028028,22.816,-5596512.640,3774726,7226077.5,9202356,-7183000,-3642709.8,-8633789,-9008592.0
937,932,1966412,2013-09-20 08:18:45.000,-2220740,3118426,187.260,7255702.940,-8287493,-6409721.0,-9206919,-314040,1359057.7,-1466734,8306672.0
938,1473,140018,2012-12-31 22:08:11.000,-4934736,-2211368,427.290,8839859.500,-233619,-232993.19,-6552084,3674018,6534404.9,4188819,6824672.0
939,1358,-9186457,2014-11-11 22:42:16.000,-4929962,-2279627,270.860,3564248.430,-2579535,-274617.38,557800,4458377,-5485843.1,-1837630,-5513056.0
940,362,6215211,2017-08-07 04:33:59.000,1550063,-1953231,274.900,-2843159.800,8186250,387702.16,5684839,4119688,-3780524.8,5441911,-8130272.0
941,1663,-8982236,2013-10-24 17:09:51.000,418697,-3443749,-380.250,5712192.730,4368166,9363753.0,-8998997,923351,-5333788.8,-4204668,-922608.0
942,2353,7969558,2016-02-24 10:12:28.000,-9268879,6669915,58.098,-7778848.520,-6977335,2784471.0,-351538,4731542,-754543.3,3301382,-3559808.0
943,2189,6939731,2016-11-17 10:32:17.000,3340129,5685989,-45.334,-3496729.500,1027171,6473313.5,-5991521,-234508,3207233.8,775797,4731264.0
944,1233,-1811698,2015-10-31 03:21:39.000,4196103,-4115402,182.640,4920621.920,-3843710,-5064661.0,7308503,1834295,6712833.3,2541937,4912256.0
945,320,-6072037,2011-08-01 04:52:45.000,2603442,1876468,292.840,8099314.400,-5973951,526535.9,2461912,8405866,-8230560.2,-7921612,6492032.0
946,1907,4066657,2020-01-28 18:46:57.000,4892326,3243639,-109.040,-6216719.780,5342576,709903.5,9201124,5381067,-1078896.4,-2019480,-3246704.0
947,2278,4250195,2012-10-09 09:25:18.000,-6697373,-7312805,54.989,-3381677.620,-2480280,-728982.7,-1070895,-4516721,4896357.2,-9352459,1943456.0
948,903,476095,2015-10-09 04:07:54.000,-8689704,-3520523,26.964,3751403.640,-4788575,6283245.5,-3775154,5564633,-2026781.7,4882707,-8057264.0
949,1756,4667392,2013-10-28 09:52:10.000,237675,-6870667,364.040,5727667.380,-4546676,3228653.8,148779,2531508,4898978.6,-4258642,-6837664.0
950,1228,-1514196,2012-03-10 10:32:28.000,-4840365,-6858577,408.070,-4767719.000,6990187,-4871964.5,8234215,-7542910,7809902.0,-2702451,7290032.0
951,1615,9374003,2014-05-07 00:37:26.000,713362,-1351986,436.680,9422100.840,-1209491,4709246.0,-4653488,-5063894,4989970.4,-9161333,3299712.0
952,945,-3008010,2020-01-27 20:16:33.000,-2826873,5007747,-92.600,-1882702.000,-6563099,-123095.98,-293259,-2999863,7909110.5,-2052245,2993184.0
953,1211,6498306,2017-04-18 13:57:06.000,-4483784,-4561421,119.220,8473514.050,8202234,2340490.0,-2342753,-6466802,6337016.4,-6602133,5572176.0
954,1696,-7477204,2011-11-07 07:44:22.000,6352754,-3268436,-206.900,3563956.740,4228712,-8249737.5,-2758123,1406325,-2029610.4,-4989277,-250640.0
955,2207,5049465,2013-03-22 03:06:33.000,3330086,4441453,230.200,8547725.750,-4226300,5228575.0,2715614,-7948595,5747667.1,7068283,1638144.0
956,473,-3059085,2010-09-14 01:44:59.000,-7471454,5822725,244.270,5743545.040,5273747,-5385195.0,3626851,-7472035,-4345828.1,3240461,-1625920.0
957,1098,8025864,2019-08-25 18:47:57.000,-8421787,-5186838,239.990,-7228641.340,-7549803,-3806412.8,635450,312505,-6019701.0,3079021,9245552.0
958,1877,4543860,2020-03-03 17:13:11.000,-5703001,3633314,203.530,5161429.580,7649174,7011558.0,-4433026,-4486260,-6174239.8,-5971250,-7445200.0
959,2132,-4352970,2010-11-17 05:29:49.000,2105916,-5639844,315.760,467455.600,-2810237,9225498.0,-5067806,8192938,3053878.0,2688838,5262784.0
960,1726,-131884,2013-07-29 14:16:31.000,5336591,3888653,183.710,-8769190.400,7736884,8745382.0,-3520524,6436038,-5815559.7,-1092611,-8229152.0
961,1040,9335226,2012-09-14 07:46:13.000,-1072695,-7118155,198.850,1942180.410,-6175487,-8355465.5,4562551,8171219,321749.3,-5784621,1406800.0
962,295,-1240984,2011-04-07 23:35:46.000,3549023,-342473,-179.710,8238802.440,3230268,3355260.8,6190750,-6815774,-165.2,-6158353,-3070832.0
963,2079,-7109523,2019-10-04 18:38:36.000,-4079003,-150437,-426.100,-8413139.500,6453544,-6114743.5,3564061,2080469,3624571.7,7740134,-6779392.0
964,2181,1642001,2015-03-06 04:40:48.000,5056357,-6691336,-167.530,-6750126.760,-1912602,-6471122.5,1472001,-9020032,-6658605.3,2761010,-4897968.0
965,2142,-1059634,2013-09-18 16:30:04.000,2817481,-9232885,8.735,1956560.150,-710045,-3236218.0,100712,-521985,3191393.6,6472409,-6162896.0
966,1402,6964890,2017-10-28 12:35:48.000,-2674589,-4365118,-363.670,-6141511.920,3169847,3890879.0,2652594,9458310,-4098717.2,-578418,2676016.0
967,978,7448743,2012-07-04 13:04:38.000,-3701052,-8461438,209.650,296650.040,-1992889,-5446695.0,2213426,-4116687,-2693367.6,-6247035,5853888.0
968,1242,-6258824,2011-03-12 05:29:26.000,-6947799,848201,-40.580,-4946263.280,9401332,6283330.0,-1250480,-6157813,-5589152.1,-5015316,3846688.0
969,2270,1604490,2017-08-23 15:14:35.000,-3526421,8679510,331.610,5116144.140,2824819,2933052.2,2453411,1012928,6281471.9,1163986,-8205680.0
970,1417,8897823,2014-04-28 14:06:16.000,5866667,7893634,115.510,9249952.000,-9100011,-9056198.0,-9475292,-3720416,-4000420.0,1620151,-177568.0
971,1006,-3466848,2018-09-04 22:12:14.000,-3414719,6464494,-120.320,3099550.410,5852407,5857127.5,6052900,7891190,-7736613.1,7036282,8110016.0
972,131,327037,2015-12-22 11:30:09.000,4755359,4683880,200.550,3226914.960,3564616,1405633.5,5294452,-2182436,-8635889.3,3094345,-8311408.0
973,502,3807618,2015-08-21 23:05:38.000,3718956,5884553,348.480,-1523901.790,-8153665,-1797648.9,-4730418,-1307870,-819612.7,1908266,-6624240.0
974,1745,6567849,2013-07-18 11:27:45.000,-7565808,-5202484,-94.480,2349803.880,5046444,-5336364.0,3769131,-9614517,-2694507.2,8492651,-5829904.0
975,1454,-6716838,2013-09-03 00:45:49.000,3572943,2181299,-415.690,-8955670.750,1367250,5272645.5,1895966,1030091,7987160.5,3711134,-4991440.0
976,2360,-3682441,2019-09-14 22:38:39.000,-5804882,892208,384.180,-4038563.120,-7302707,7210704.0,9101828,3093829,776901.3,6148922,6297872.0
977,585,-8553839,2013-01-06 15:17:36.000,4966690,7814644,-273.870,-8478289.990,6411473,-6703678.0,3062750,-4979527,7250158.5,1119314,2289488.0
978,1,2053573,2020-01-19 20:01:56.000,9781110,-6367371,294.530,-7656985.860,4032327,7718339.0,-9312876,-7074573,2114014.8,6635919,1594208.0
979,530,5840084,2013-01-24 06:15:25.000,-872913,-7888176,-331.170,678468.750,7350601,-905831.6,-3426920,7816654,4349901.5,-9317408,2148864.0
980,189,4484967,2018-08-05 20:29:58.000,-323373,3991452,-120.690,-8078710.800,8055683,-1813433.9,4694175,-8412706,6238332.6,1685284,-6282096.0
981,785,-7119066,2014-09-08 09:06:23.000,-1331573,4053191,159.420,-6042646.500,6155717,-3606071.0,-2449595,6661929,-8750137.4,-5150189,-5902160.0
982,1926,8356002,2012-10-03 11:37:49.000,4610924,4986954,207.790,-4271944.940,-7296132,-5428226.0,-8804531,-3401587,-4182443.5,3992514,5014496.0
983,393,-4789125,2017-06-05 08:21:24.000,-3601086,3794976,-274.530,-7568610.500,5239580,8282044.5,-7234147,9040914,-7220812.5,-1506896,4425824.0
984,2190,-5237839,2012-09-06 18:07:35.000,-7370518,-4977922,-298.310,8186070.080,3031853,-2778836.8,-3757838,-2381476,1399140.8,1867578,-3329360.0
985,20,2505286,2016-03-28 05:42:21.000,-4726998,-904035,-137.640,739790.350,5594388,-5124800.5,-7684261,552556,-1780156.8,-1264004,4579168.0
986,1468,-650254,2017-06-17 16:34:33.000,8549881,4243659,23.366,-5895324.640,3976651,7611677.5,9693673,-7567150,-3837104.3,-9094567,-9489392.0
987,1190,2071437,2014-01-27 04:35:15.000,-2339628,3285058,198.260,7642433.940,-8730243,-6751321.0,-9697899,-331215,1431221.2,-1544634,8749872.0
988,1395,147168,2013-05-24 04:49:04.000,-5197511,-2329410,448.790,9311447.000,-246094,-244993.19,-6900822,3870393,6883114.4,4412044,7188672.0
989,2345,-9676032,2015-02-26 07:14:48.000,-5192187,-2401011,285.360,3754041.930,-2716810,-289017.38,587625,4695714,-5778142.6,-1935180,-5806656.0
990,575,6545511,2017-09-28 02:50:29.000,1632613,-2057583,288.400,-2994578.300,8621700,408502.16,5987107,4339238,-3981629.8,5731286,-8563072.0
991,2219,-9460024,2014-03-01 05:53:00.000,441385,-3626524,-400.250,6015719.230,4600341,9861353.0,-9477315,972476,-5617656.8,-4427593,-971408.0
992,550,8393080,2016-05-15 10:44:38.000,-9760379,7024046,62.548,-8191801.520,-7347185,2932471.0,-369740,4982492,-794088.3,3476532,-3748608.0
993,1344,7307474,2017-01-22 22:15:17.000,3516879,5987461,-45.339,-3681654.500,1081971,6816513.5,-6308846,-246726,3377155.3,816797,4982464.0
994,245,-1907273,2016-01-26 17:10:06.000,4418653,-4333158,190.140,5180793.420,-4047435,-5332661.0,7695687,1931745,7068843.8,2676974,5172256.0
995,563,-6393087,2012-01-21 01:15:26.000,2741442,1975854,309.840,8527970.400,-6289801,554535.9,2592430,8850166,-8666288.2,-8341162,6836032.0
996,1617,4281557,2020-01-31 08:24:21.000,5150726,3414988,-114.040,-6545166.280,5625351,747503.5,9687951,5664967,-1136308.4,-2125805,-3417904.0
997,2244,4474095,2013-03-07 16:25:11.000,-7050648,-7699209,58.339,-3560200.620,-2611268,-767382.7,-1127885,-4755439,5155275.7,-9845997,2045856.0
998,1973,501670,2016-01-06 08:13:50.000,-9148029,-3705997,29.864,3949675.140,-5041637,6614445.5,-3974081,5857908,-2133343.2,5140094,-8482064.0
999,2308,4913617,2014-03-05 20:41:43.000,250619,-7232419,382.040,6029048.380,-4785901,3398253.8,156196,2664408,5156717.1,-4483417,-7197664.0
1000,2281,-1594205,2012-08-18 23:27:39.000,-5095284,-7219124,431.070,-5018822.000,7357607,-5128764.5,8667842,-7940085,8221339.5,-2845164,7673232.0
1001,232,9866578,2014-09-02 05:30:49.000,750562,-1422851,458.680,9917842.840,-1272803,4956446.0,-4897959,-5330044,5251963.4,-9643433,3473312.0
1002,752,-3166385,2020-01-30 11:33:11.000,-2975723,5270981,-97.600,-1981089.500,-6907599,-129495.98,-309035,-3157050,8324746.5,-2159945,3150784.0
1003,13,6838927,2017-06-16 09:09:26.000,-4718809,-4800584,125.220,8918356.550,8632059,2462890.0,-2465990,-6806502,6669052.9,-6948833,5864176.0
1004,2020,-7868829,2012-04-24 10:58:26.000,6685579,-3439906,-216.900,3750947.240,4450762,-8681737.0,-2902286,1480075,-2136094.9,-5250964,-263440.0
1005,2200,5314015,2013-08-10 15:50:50.000,3504561,4673960,239.700,8994988.250,-4447187,5502175.0,2857363,-8365145,6048247.6,7438133,1723744.0
1006,431,-3219285,2011-03-25 21:00:15.000,-7861966,6126856,258.770,6044462.040,5549341,-5666795.0,3816106,-7862435,-4573147.6,3409511,-1710720.0
1007,1710,8444964,2019-09-06 01:24:25.000,-8862312,-5458242,252.990,-7606122.340,-7943978,-4005612.8,668850,328370,-6334344.5,3240296,9728752.0
1008,11,4781210,2020-03-04 08:58:58.000,-6000176,3822886,215.530,5430730.080,8047899,7377158.0,-4664457,-4720548,-6496985.8,-6283250,-7834000.0
1009,1327,-4579520,2011-05-26 02:23:58.000,2215916,-5933848,330.260,491875.600,-2956287,9706298.0,-5331638,8619588,3213084.0,2829025,5537184.0
1010,1070,-138709,2013-12-11 16:34:38.000,5614666,4090682,193.210,-9225572.400,8139598,9201382.0,-3703601,6770863,-6118242.2,-1149186,-8657952.0
1011,2394,9821326,2013-02-14 08:25:37.000,-1128070,-7489013,210.350,2043520.910,-6496927,-8790665.0,4799878,8595975,338154.8,-6085296,1480400.0
1012,1699,-1305559,2011-10-07 13:30:58.000,3733023,-360587,-189.710,8667183.440,3397652,3529660.8,6512401,-7169937,45.2,-6478103,-3230832.0
1013,1099,-7479023,2019-10-13 21:19:36.000,-4290553,-158559,-446.100,-8849464.500,6788644,-6432343.5,3748613,2188019,3812997.2,8142184,-7131392.0
1014,455,1726689,2015-06-17 03:03:50.000,5318982,-7038588,-177.530,-7100181.260,-2011477,-6807122.5,1548318,-9487532,-7004192.3,2903785,-5151568.0
1015,213,-1114509,2014-01-29 16:11:10.000,2963831,-9711199,11.285,2057905.650,-746510,-3404218.0,105814,-548685,3356691.6,6807509,-6482096.0
1016,2315,7325190,2017-12-16 08:16:01.000,-2813376,-4591524,-383.670,-6459617.920,3334297,4092479.0,2789656,9948335,-4311111.2,-608293,2814416.0
1017,876,7833818,2012-12-09 15:24:39.000,-3892565,-8898725,218.150,312356.040,-2096366,-5728295.0,2328385,-4329137,-2832396.1,-6569985,6156288.0
1018,1546,-6581599,2011-09-13 13:10:23.000,-7306774,892358,-44.580,-5201836.280,9887157,6608130.0,-1315041,-6475734,-5877422.6,-5274441,4045888.0
1019,941,1687040,2017-10-15 08:01:00.000,-3708421,9127311,350.110,5380447.140,2970769,3084252.2,2580504,1065178,6605995.4,1223724,-8628880.0
1020,1492,9356835,2014-08-27 19:15:34.000,6169045,8300897,123.010,9726872.000,-9568911,-9522598.0,-9963750,-3911866,-4207046.0,1703627,-187168.0
1021,813,-3645823,2018-10-06 10:15:22.000,-3590819,6797158,-125.320,3259135.910,6153570,6158727.5,6364463,8297140,-8134902.1,7398982,8527616.0
1022,824,343512,2016-03-18 20:50:03.000,4999759,4924869,209.550,3393173.960,3748391,1478433.5,5567133,-2294824,-9079753.3,3253583,-8738608.0
1023,1101,4003343,2015-11-24 09:18:07.000,3910356,6186500,365.980,-1602613.290,-8573165,-1889648.9,-4973016,-1375546,-862057.2,2006591,-6964240.0
1024,2209,6905074,2013-12-03 08:21:18.000,-7954370,-5469066,-96.980,2470884.880,5305681,-5609964.0,3962670,-10107673,-2833188.2,8928501,-6129104.0
1025,50,-7061038,2014-01-16 10:00:03.000,3756243,2292922,-435.690,-9414603.250,1437625,5543045.5,1993707,1082616,8396485.0,3901109,-5247440.0
1026,2204,-3870891,2019-09-25 07:36:13.000,-6102507,937666,405.180,-4245031.620,-7677132,7580304.0,9567940,3252522,816220.8,6463722,6620272.0
1027,1120,-8991164,2013-06-04 22:44:33.000,5220490,8214475,-288.870,-8912183.490,6739186,-7046878.0,3219059,-5234402,7621425.0,1176701,2407088.0
1028,1978,2158698,2020-01-23 00:07:52.000,10281035,-6693081,311.530,-8048804.360,4238858,8112739.0,-9788750,-7436611,2222299.3,6975657,1675808.0
1029,583,6137859,2013-06-21 21:45:50.000,-917813,-8291505,-346.170,713081.250,7725606,-952231.6,-3602448,8216379,4572357.5,-9793333,2258464.0
1030,587,4713717,2018-09-08 09:30:45.000,-340173,4194695,-125.690,-8490913.800,8466608,-1906233.9,4933980,-8842394,6556533.6,1771340,-6602896.0
1031,1649,-7482416,2015-01-01 12:43:08.000,-1399810,4259337,168.920,-6350471.500,6469579,-3790071.0,-2574864,7001904,-9196130.4,-5412341,-6202960.0
1032,502,8781702,2013-03-08 02:13:27.000,4846074,5240865,216.790,-4489403.440,-7667582,-5704226.0,-9252737,-3574887,-4395708.0,4196064,5269696.0
1033,283,-5033075,2017-08-02 10:23:55.000,-3784348,3987698,-289.530,-7953785.500,5506155,8703645.0,-7601720,9500689,-7588419.5,-1583771,4651424.0
1034,723,-5504264,2013-02-11 06:04:09.000,-7745118,-5230629,-313.310,8601926.080,3185803,-2919636.8,-3948518,-2502163,1470223.8,1962246,-3498160.0
1035,1374,2632761,2016-06-19 09:02:03.000,-4967069,-950346,-142.140,777418.350,5878063,-5384800.5,-8074368,580731,-1870335.8,-1328304,4811168.0
1036,195,-682863,2017-08-14 06:24:02.000,8983581,4459291,23.916,-6194136.640,4178576,7997277.5,10184990,-7951300,-4031498.8,-9555345,-9970192.0
1037,1448,2176462,2014-06-05 00:51:45.000,-2458515,3451691,209.260,8029164.940,-9172993,-7092921.0,-10188879,-348390,1503384.7,-1622534,9193072.0
1038,1318,154318,2013-10-14 11:29:57.000,-5460286,-2447452,470.290,9783034.500,-258569,-256993.19,-7249560,4066768,7231823.9,4635269,7552672.0
1039,934,-10165607,2015-06-12 15:47:20.000,-5454412,-2522395,299.860,3943835.430,-2854085,-303417.38,617450,4933052,-6070442.1,-2032730,-6100256.0
1040,787,6875811,2017-11-19 01:07:00.000,1715163,-2161936,301.900,-3145996.800,9057150,429302.16,6289374,4558788,-4182734.8,6020661,-8995872.0
1041,377,-9937811,2014-07-06 18:36:10.000,464072,-3809299,-420.250,6319245.730,4832516,1.0358953E7,-9955634,1021601,-5901524.8,-4650518,-1020208.0
1042,1145,8816601,2016-08-04 11:16:48.000,-10251879,7378176,66.998,-8604754.520,-7717035,3080471.0,-387943,5233442,-833633.3,3651682,-3937408.0
1043,499,7675218,2017-03-30 09:58:18.000,3693629,6288933,-45.344,-3866579.500,1136771,7159713.5,-6626171,-258945,3547076.8,857797,5233664.0
1044,1655,-2002848,2016-04-23 06:58:32.000,4641203,-4550913,197.640,5440964.920,-4251160,-5600661.0,8082871,2029195,7424854.3,2812012,5432256.0
1045,805,-6714137,2012-07-11 21:38:07.000,2879442,2075241,326.840,8956626.400,-6605651,582535.9,2722948,9294466,-9102016.2,-8760712,7180032.0
1046,1327,4496457,2020-02-02 22:01:46.000,5409126,3586338,-119.040,-6873612.780,5908126,785103.5,10174778,5948867,-1193720.4,-2232130,-3589104.0
1047,2210,4697995,2013-08-03 23:25:04.000,-7403923,-8085613,61.689,-3738723.620,-2742255,-805782.7,-1184875,-4994158,5414194.2,-10339534,2148256.0
1048,645,527245,2016-04-04 12:19:46.000,-9606354,-3891471,32.764,4147946.640,-5294700,6945645.5,-4173009,6151183,-2239904.7,5397482,-8906864.0
1049,463,5159842,2014-07-12 07:31:15.000,263562,-7594171,400.040,6330429.380,-5025126,3567853.8,163613,2797308,5414455.6,-4708192,-7557664.0
1050,936,-1674214,2013-01-27 12:22:51.000,-5350202,-7579670,454.070,-5269925.000,7725026,-5385564.5,9101470,-8337260,8632777.0,-2987876,8056432.0
1051,1246,10359153,2014-12-29 10:24:12.000,787762,-1493716,480.680,10413584.840,-1336116,5203646.0,-5142430,-5596194,5513956.4,-10125533,3646912.0
1052,560,-3324760,2020-02-02 02:49:49.000,-3124573,5534216,-102.600,-2079477.000,-7252099,-135895.98,-324810,-3314238,8740382.5,-2267645,3308384.0
1053,1213,7179549,2017-08-14 04:21:47.000,-4953834,-5039747,131.220,9363199.050,9061884,2585290.0,-2589228,-7146202,7001089.4,-7295533,6156176.0
1054,2344,-8260454,2012-10-10 14:12:29.000,7018404,-3611376,-226.900,3937937.740,4672812,-9113737.0,-3046450,1553825,-2242579.4,-5512652,-276240.0
1055,2193,5578565,2013-12-30 04:35:07.000,3679036,4906467,249.200,9442250.750,-4668075,5775775.0,2999113,-8781695,6348828.1,7807983,1809344.0
1056,389,-3379485,2011-10-04 16:15:31.000,-8252479,6430986,273.270,6345379.040,5824934,-5948395.0,4005362,-8252835,-4800467.1,3578561,-1795520.0
1057,2321,8864064,2019-09-17 08:00:53.000,-9302837,-5729646,265.990,-7983603.340,-8338153,-4204812.5,702250,344236,-6648988.0,3401571,10211952.0
1058,543,5018560,2020-03-05 00:44:46.000,-6297351,4012459,227.530,5700030.580,8446624,7742758.0,-4895888,-4954835,-6819731.8,-6595250,-8222800.0
1059,523,-4806070,2011-12-01 23:18:07.000,2325916,-6227852,344.760,516295.600,-3102337,1.0187098E7,-5595470,9046238,3372290.0,2969213,5811584.0
1060,413,-145534,2014-04-25 18:52:46.000,5892741,4292710,202.710,-9681954.400,8542312,9657382.0,-3886677,7105688,-6420924.7,-1205761,-9086752.0
1061,1350,10307426,2013-07-17 09:05:02.000,-1183445,-7859871,221.850,2144861.410,-6818368,-9225865.0,5037204,9020731,354560.3,-6385971,1554000.0
1062,705,-1370134,2012-04-07 03:26:10.000,3917023,-378700,-199.710,9095564.440,3565036,3704060.8,6834051,-7524099,255.7,-6797853,-3390832.0
1063,120,-7848523,2019-10-23 00:00:36.000,-4502103,-166681,-466.100,-9285789.500,7123744,-6749943.5,3933164,2295569,4001422.7,8544234,-7483392.0
1064,1127,1811376,2015-09-28 01:26:52.000,5581607,-7385839,-187.530,-7450235.760,-2110352,-7143122.5,1624636,-9955032,-7349779.3,3046560,-5405168.0
1065,683,-1169384,2014-06-11 15:52:16.000,3110181,-10189514,13.835,2159251.150,-782976,-3572218.0,110916,-575385,3521989.6,7142609,-6801296.0
1066,830,7685490,2018-02-03 03:56:14.000,-2952164,-4817931,-403.670,-6777723.920,3498747,4294079.0,2926719,10438360,-4523505.2,-638168,2952816.0
1067,774,8218893,2013-05-16 17:44:40.000,-4084077,-9336012,226.650,328062.040,-2199842,-6009895.0,2443345,-4541587,-2971424.6,-6892935,6458688.0
1068,1850,-6904374,2012-03-16 20:51:19.000,-7665749,936514,-48.580,-5457409.280,10372982,6932930.0,-1379601,-6793656,-6165693.1,-5533566,4245088.0
1069,2010,1769590,2017-12-07 00:47:25.000,-3890421,9575113,368.610,5644750.140,3116719,3235452.2,2707598,1117428,6930518.9,1283461,-9052080.0
1070,1567,9815848,2014-12-27 00:24:51.000,6471424,8708160,130.510,10203792.000,-10037811,-9988998.0,-10452209,-4103316,-4413672.0,1787102,-196768.0
1071,620,-3824798,2018-11-06 22:18:30.000,-3766919,7129821,-130.320,3418721.410,6454732,6460327.5,6676027,8703090,-8533191.1,7761682,8945216.0
1072,1517,359987,2016-06-14 06:09:57.000,5244159,5165858,218.550,3559432.960,3932166,1551233.5,5839813,-2407211,-9523617.3,3412820,-9165808.0
1073,1700,4199068,2016-02-26 19:30:36.000,4101756,6488446,383.480,-1681324.790,-8992665,-1981648.9,-5215613,-1443221,-904501.7,2104916,-7304240.0
1074,275,7242299,2014-04-20 05:14:51.000,-8342933,-5735647,-99.480,2591965.880,5564919,-5883564.0,4156208,-10600829,-2971869.2,9364351,-6428304.0
1075,1044,-7405238,2014-05-31 19:14:18.000,3939543,2404545,-455.690,-9873535.750,1508000,5813445.5,2091448,1135141,8805809.5,4091084,-5503440.0
1076,2048,-4059341,2019-10-05 16:33:46.000,-6400132,983124,426.180,-4451500.120,-8051557,7949904.0,10034052,3411216,855540.3,6778522,6942672.0
1077,1655,-9428489,2013-11-01 06:11:29.000,5474290,8614306,-303.870,-9346076.990,7066898,-7390078.0,3375369,-5489277,7992691.5,1234089,2524688.0
1078,1557,2263823,2020-01-26 04:13:47.000,10780960,-7018791,328.530,-8440622.860,4445389,8507139.0,-10264623,-7798648,2330583.8,7315394,1757408.0
1079,636,6435634,2013-11-17 13:16:15.000,-962713,-8694835,-361.170,747693.750,8100610,-998631.6,-3777976,8616104,4794813.5,-10269258,2368064.0
1080,985,4942467,2018-10-11 22:31:32.000,-356973,4397938,-130.690,-8903116.800,8877533,-1999033.9,5173785,-9272081,6874734.6,1857396,-6923696.0
1081,115,-7845766,2015-04-26 16:19:54.000,-1468048,4465483,178.420,-6658296.500,6783442,-3974071.0,-2700132,7341879,-9642123.4,-5674492,-6503760.0
1082,1476,9207402,2013-08-10 16:49:04.000,5081224,5494775,225.790,-4706861.940,-8039032,-5980226.0,-9700943,-3748187,-4608972.5,4399614,5524896.0
1083,173,-5277025,2017-09-29 12:26:26.000,-3967611,4180421,-304.530,-8338960.500,5772730,9125245.0,-7969293,9960464,-7956026.5,-1660646,4877024.0
1084,1653,-5770689,2013-07-18 18:00:42.000,-8119718,-5483337,-328.310,9017782.080,3339753,-3060436.8,-4139197,-2622851,1541306.8,2056915,-3666960.0
1085,329,2760236,2016-09-10 12:21:46.000,-5207141,-996656,-146.640,815046.350,6161738,-5644800.5,-8464475,608906,-1960514.8,-1392604,5043168.0
1086,1320,-715472,2017-10-10 20:13:32.000,9417281,4674922,24.466,-6492948.640,4380501,8382877.5,10676307,-8335450,-4225893.3,-10016123,-10450992.0
1087,1706,2281487,2014-10-11 21:08:16.000,-2577403,3618323,220.260,8415895.940,-9615743,-7434521.0,-10679859,-365565,1575548.2,-1700434,9636272.0
1088,1240,161468,2014-03-06 18:10:51.000,-5723061,-2565494,491.790,10254622.000,-271044,-268993.2,-7598298,4263143,7580533.4,4858494,7916672.0
1089,1921,-10655182,2015-09-27 00:19:51.000,-5716637,-2643779,314.360,4133628.930,-2991360,-317817.38,647275,5170389,-6362741.6,-2130280,-6393856.0
1090,1000,7206111,2018-01-09 23:23:31.000,1797713,-2266288,315.400,-3297415.300,9492600,450102.16,6591642,4778338,-4383839.8,6310036,-9428672.0
1091,933,-10415599,2014-11-11 07:19:19.000,486760,-3992074,-440.250,6622772.230,5064691,1.0856553E7,-10433952,1070726,-6185392.8,-4873443,-1069008.0
1092,1740,9240123,2016-10-24 11:48:58.000,-10743379,7732307,71.448,-9017707.520,-8086885,3228471.0,-406145,5484392,-873178.3,3826832,-4126208.0
1093,2052,8042961,2017-06-04 21:41:19.000,3870379,6590405,-45.349,-4051504.500,1191571,7502913.5,-6943496,-271163,3716998.3,898797,5484864.0
1094,667,-2098423,2016-07-19 20:46:59.000,4863753,-4768669,205.140,5701136.420,-4454885,-5868661.0,8470055,2126645,7780864.8,2947049,5692256.0
1095,1048,-7035187,2012-12-31 18:00:49.000,3017442,2174627,343.840,9385282.400,-6921501,610535.9,2853466,9738766,-9537744.2,-9180262,7524032.0
1096,1037,4711357,2020-02-05 11:39:10.000,5667526,3757687,-124.040,-7202059.280,6190901,822703.5,10661605,6232767,-1251132.4,-2338455,-3760304.0
1097,2176,4921895,2013-12-31 06:24:58.000,-7757198,-8472017,65.039,-3917246.620,-2873243,-844182.7,-1241865,-5232876,5673112.7,-10833072,2250656.0
1098,1715,552820,2016-07-02 16:25:42.000,-10064679,-4076945,35.664,4346218.140,-5547762,7276845.5,-4371936,6444458,-2346466.2,5654869,-9331664.0
1099,1015,5406067,2014-11-17 18:20:48.000,276506,-7955923,418.040,6631810.380,-5264351,3737453.8,171030,2930208,5672194.1,-4932967,-7917664.0
1100,1989,-1754223,2013-07-08 01:18:02.000,-5605121,-7940217,477.070,-5521028.000,8092446,-5642364.5,9535097,-8734435,9044214.5,-3130589,8439632.0
1101,2261,10851728,2015-04-26 15:17:35.000,824962,-1564581,502.680,10909326.840,-1399428,5450846.0,-5386901,-5862344,5775949.4,-10607633,3820512.0
1102,367,-3483135,2020-02-04 18:06:27.000,-3273423,5797450,-107.600,-2177864.500,-7596599,-142295.98,-340586,-3471425,9156018.5,-2375345,3465984.0
1103,15,7520170,2017-10-11 23:34:08.000,-5188859,-5278910,137.220,9808041.550,9491709,2707690.0,-2712465,-7485902,7333125.9,-7642233,6448176.0
1104,270,-8652079,2013-03-28 17:26:33.000,7351229,-3782846,-236.900,4124928.240,4894862,-9545737.0,-3190613,1627575,-2349063.9,-5774339,-289040.0
1105,2186,5843115,2014-05-20 17:19:23.000,3853511,5138974,258.700,9889513.250,-4888962,6049375.0,3140862,-9198245,6649408.6,8177833,1894944.0
1106,347,-3539685,2012-04-14 11:30:46.000,-8642991,6735117,287.770,6646296.040,6100528,-6229995.0,4194617,-8643235,-5027786.6,3747611,-1880320.0
1107,535,9283164,2019-09-28 14:37:21.000,-9743362,-6001050,278.990,-8361084.340,-8732328,-4404012.5,735650,360101,-6963631.5,3562846,10695152.0
1108,1075,5255910,2020-03-05 16:30:34.000,-6594526,4202031,239.530,5969331.080,8845349,8108358.0,-5127319,-5189123,-7142477.8,-6907250,-8611600.0
1109,2116,-5032620,2012-06-08 20:12:16.000,2435916,-6521856,359.260,540715.600,-3248387,1.0667898E7,-5859302,9472888,3531496.0,3109400,6085984.0
1110,2155,-152359,2014-09-07 21:10:53.000,6170816,4494739,212.210,-10138336.400,8945026,1.0113382E7,-4069754,7440513,-6723607.2,-1262336,-9515552.0
1111,306,10793526,2013-12-17 09:44:27.000,-1238820,-8230729,233.350,2246201.910,-7139808,-9661065.0,5274531,9445487,370965.8,-6686646,1627600.0
1112,2109,-1434709,2012-10-06 17:21:23.000,4101023,-396814,-209.710,9523945.440,3732420,3878460.8,7155702,-7878262,466.2,-7117603,-3550832.0
1113,1538,-8218023,2019-11-01 02:41:36.000,-4713653,-174803,-486.100,-9722114.500,7458844,-7067543.5,4117716,2403119,4189848.2,8946284,-7835392.0
1114,1799,1896064,2016-01-08 23:49:54.000,5844232,-7733091,-197.530,-7800290.260,-2209227,-7479122.5,1700953,-10422532,-7695366.3,3189335,-5658768.0
1115,1152,-1224259,2014-10-22 15:33:22.000,3256531,-10667828,16.385,2260596.650,-819441,-3740218.0,116018,-602085,3687287.6,7477709,-7120496.0
1116,1743,8045790,2018-03-23 23:36:27.000,-3090951,-5044337,-423.670,-7095829.920,3663197,4495679.0,3063781,10928385,-4735899.2,-668043,3091216.0
1117,672,8603968,2013-10-21 20:04:40.000,-4275590,-9773299,235.150,343768.040,-2303319,-6291495.0,2558304,-4754037,-3110453.1,-7215885,6761088.0
1118,2154,-7227149,2012-09-18 04:32:15.000,-8024724,980671,-52.580,-5712982.280,10858807,7257730.0,-1444162,-7111577,-6453963.6,-5792691,4444288.0
1119,681,1852140,2018-01-28 17:33:50.000,-4072421,10022914,387.110,5909053.140,3262669,3386652.2,2834691,1169678,7255042.4,1343199,-9475280.0
1120,1642,10274860,2015-04-27 05:34:08.000,6773802,9115423,138.010,10680712.000,-10506711,-1.0455398E7,-10940667,-4294766,-4620298.0,1870578,-206368.0
1121,427,-4003773,2018-12-08 10:21:38.000,-3943019,7462485,-135.320,3578306.910,6755895,6761927.5,6987590,9109040,-8931480.1,8124382,9362816.0
1122,2210,376462,2016-09-09 15:29:51.000,5488559,5406847,227.550,3725691.960,4115941,1624033.5,6112494,-2519599,-9967481.3,3572058,-9593008.0
1123,2299,4394793,2016-05-31 05:43:05.000,4293156,6790393,400.980,-1760036.290,-9412165,-2073648.9,-5458211,-1510897,-946946.2,2203241,-7644240.0
1124,739,7579524,2014-09-05 02:08:25.000,-8731495,-6002229,-101.980,2713046.880,5824156,-6157164.0,4349747,-11093985,-3110550.2,9800201,-6727504.0
1125,2038,-7749438,2014-10-14 04:28:33.000,4122843,2516168,-475.690,-10332468.250,1578375,6083845.5,2189189,1187666,9215134.0,4281059,-5759440.0
1126,1892,-4247791,2019-10-16 01:31:19.000,-6697757,1028582,447.180,-4657968.620,-8425982,8319504.0,10500164,3569909,894859.8,7093322,7265072.0
1127,2190,-9865814,2014-03-30 13:38:26.000,5728090,9014137,-318.870,-9779970.490,7394611,-7733278.0,3531678,-5744152,8363958.0,1291476,2642288.0
1128,1136,2368948,2020-01-29 08:19:43.000,11280885,-7344501,345.530,-8832441.360,4651920,8901539.0,-10740497,-8160686,2438868.3,7655132,1839008.0
1129,689,6733409,2014-04-15 04:46:40.000,-1007613,-9098164,-376.170,782306.250,8475615,-1045031.6,-3953504,9015829,5017269.5,-10745183,2477664.0
1130,1383,5171217,2018-11-14 11:32:19.000,-373773,4601181,-135.690,-9315319.800,9288458,-2091833.9,5413590,-9701769,7192935.6,1943452,-7244496.0
1131,979,-8209116,2015-08-19 19:56:39.000,-1536285,4671629,187.920,-6966121.500,7097304,-4158071.0,-2825401,7681854,-10088116.4,-5936644,-6804560.0
1132,52,9633102,2014-01-13 07:24:41.000,5316374,5748686,234.790,-4924320.440,-8410482,-6256226.0,-10149149,-3921487,-4822237.0,4603164,5780096.0
1133,63,-5520975,2017-11-26 14:28:57.000,-4150873,4373143,-319.530,-8724135.500,6039305,9546845.0,-8336866,10420239,-8323633.5,-1737521,5102624.0
1134,186,-6037114,2013-12-23 05:57:16.000,-8494318,-5736044,-343.310,9433638.080,3493703,-3201236.8,-4329877,-2743538,1612389.8,2151583,-3835760.0
1135,1683,2887711,2016-12-02 15:41:28.000,-5447212,-1042967,-151.140,852674.350,6445413,-5904800.5,-8854582,637081,-2050693.8,-1456904,5275168.0
1136,47,-748081,2017-12-07 10:03:01.000,9850981,4890554,25.016,-6791760.640,4582426,8768478.0,11167624,-8719600,-4420287.8,-10476901,-10931792.0
1137,1964,2386512,2015-02-17 17:24:46.000,-2696290,3784956,231.260,8802626.940,-10058493,-7776121.0,-11170839,-382740,1647711.7,-1778334,10079472.0
1138,1163,168618,2014-07-28 00:51:44.000,-5985836,-2683536,513.290,10726209.500,-283519,-280993.2,-7947036,4459518,7929242.9,5081719,8280672.0
1139,510,-11144757,2016-01-11 08:52:23.000,-5978862,-2765163,328.860,4323422.430,-3128635,-332217.38,677100,5407727,-6655041.1,-2227830,-6687456.0
1140,1212,7536411,2018-03-02 21:40:01.000,1880263,-2370641,328.900,-3448833.800,9928050,470902.16,6893909,4997888,-4584944.8,6599411,-9861472.0
1141,1489,-10893386,2015-03-18 20:02:29.000,509447,-4174849,-460.250,6926298.730,5296866,1.1354153E7,-10912271,1119851,-6469260.8,-5096368,-1117808.0
1142,2335,9663644,2017-01-13 12:21:08.000,-11234879,8086437,75.898,-9430660.520,-8456735,3376471.0,-424348,5735342,-912723.3,4001982,-4315008.0
1143,1207,8410705,2017-08-10 09:24:20.000,4047129,6891877,-45.354,-4236429.500,1246371,7846113.5,-7260821,-283382,3886919.8,939797,5736064.0
1144,2077,-2193998,2016-10-15 10:35:25.000,5086303,-4986424,212.640,5961307.920,-4658610,-6136661.0,8857239,2224095,8136875.3,3082087,5952256.0
1145,1290,-7356237,2013-06-22 14:23:30.000,3155442,2274014,360.840,9813938.400,-7237351,638535.9,2983984,10183066,-9973472.2,-9599812,7868032.0
1146,747,4926257,2020-02-08 01:16:34.000,5925926,3929037,-129.040,-7530505.780,6473676,860303.5,11148432,6516667,-1308544.4,-2444780,-3931504.0
1147,2142,5145795,2014-05-29 13:24:51.000,-8110473,-8858421,68.389,-4095769.620,-3004230,-882582.7,-1298855,-5471595,5932031.2,-11326609,2353056.0
1148,387,578395,2016-09-29 20:31:38.000,-10523004,-4262419,38.564,4544489.640,-5800825,7608045.5,-4570864,6737733,-2453027.7,5912257,-9756464.0
1149,1568,5652292,2015-03-26 05:10:20.000,289449,-8317675,436.040,6933191.380,-5503576,3907053.8,178447,3063108,5929932.6,-5157742,-8277664.0
1150,644,-1834232,2013-12-16 14:13:13.000,-5860039,-8300763,500.070,-5772131.000,8459865,-5899164.5,9968725,-9131610,9455652.0,-3273301,8822832.0
1151,877,11344303,2015-08-22 20:10:58.000,862162,-1635446,524.680,11405068.840,-1462741,5698046.0,-5631372,-6128494,6037942.4,-11089733,3994112.0
1152,175,-3641510,2020-02-07 09:23:05.000,-3422273,6060685,-112.600,-2276252.000,-7941099,-148695.98,-356361,-3628613,9571654.5,-2483045,3623584.0
1153,1215,7860792,2017-12-09 18:46:29.000,-5423884,-5518073,143.220,10252884.050,9921534,2830090.0,-2835703,-7825602,7665162.4,-7988933,6740176.0
1154,594,-9043704,2013-09-13 20:40:37.000,7684054,-3954316,-246.900,4311918.740,5116912,-9977737.0,-3334777,1701325,-2455548.4,-6036027,-301840.0
1155,2179,6107665,2014-10-09 06:03:40.000,4027986,5371481,268.200,10336775.750,-5109850,6322975.0,3282612,-9614795,6949989.1,8547683,1980544.0
1156,305,-3699885,2012-10-24 06:46:02.000,-9033504,7039247,302.270,6947213.040,6376121,-6511595.0,4383873,-9033635,-5255106.1,3916661,-1965120.0
1157,1146,9702264,2019-10-09 21:13:50.000,-10183887,-6272454,291.990,-8738565.340,-9126503,-4603212.5,769050,375967,-7278275.0,3724121,11178352.0
1158,1607,5493260,2020-03-06 08:16:22.000,-6891701,4391604,251.530,6238631.580,9244074,8473958.0,-5358750,-5423410,-7465223.8,-7219250,-9000400.0
1159,1312,-5259170,2012-12-15 17:06:25.000,2545916,-6815860,373.760,565135.600,-3394437,1.1148698E7,-6123134,9899538,3690702.0,3249588,6360384.0
1160,1498,-159184,2015-01-20 23:29:00.000,6448891,4696767,221.710,-10594718.400,9347740,1.0569382E7,-4252830,7775338,-7026289.7,-1318911,-9944352.0
