2901,1029,1327,1060,1595,-599807,-17192809.79,2.7057222E7,1.81092563E7,-17053696.690,19766048.00,7141750.5,26007050,-11290182
2902,177,455,1308,1020,-2103539,-12255310.72,1.3138079E7,-2.553047563E7,-22228346.190,27844712.00,-9016975.0,-6154937,4309061
2903,1126,335,1809,2272,-8141431,11808111.59,-1.6576117E7,1.249359799E7,-8376570.080,21090384.00,1110683.5,-15236318,291072
2904,630,2325,704,928,-18218430,3292991.64,2.8240898E7,-2.141446949E7,28279650.590,956608.00,-1.9507806E7,-5519598,26952690
2905,508,1267,1690,1777,-21333376,-13075427.51,2.2952468E7,-1.793883888E7,-27709365.290,649312.00,-1.5248439E7,27716995,2399054
2906,869,487,1666,1443,-2584008,-20524120.71,2.5101696E7,8173416.17,748494.110,16397836.00,1.1151595E7,-23095745,-14367111
2907,198,1692,1163,378,-16013054,11585746.47,-2.5165916E7,-6740201.72,8198713.440,-15446944.00,2.861384E7,-27014018,-4980158
2908,519,2063,1461,1951,19798790,-20130792.23,1.0883426E7,-1758240.21,-27578778.680,-3132048.00,2693843.8,-11022199,7668837
2909,995,1423,824,1202,-15849262,-10345309.96,1.7366002E7,2.386926048E7,-24538668.760,25835520.00,-93130.06,18777931,-8509945
2910,884,1818,1675,311,3155763,20071748.24,2.7005574E7,-7772320.23,-5699770.420,-936016.00,1.772979E7,-21072573,-10117548
2911,1267,2065,1373,742,-15839669,9097824.14,-4102388.8,1.685689593E7,13975148.010,-25047140.00,-6198006.0,25347393,-26394850
2912,1494,1292,186,2324,20773871,16220223.97,1.1091521E7,-6513043.15,1970836.570,26463168.00,-1162790.6,-3594073,-13410733
2913,1012,1722,1341,872,4955170,-667040.27,-1.5896908E7,-1.058593119E7,7454021.290,-21338096.00,1.4220435E7,18796984,9168219
2914,1034,1140,12,246,-19147729,14875583.44,-2.796702E7,-2.117025118E7,2710613.350,2105584.00,100496.56,1800143,12399
2915,1585,981,1370,78,-21584458,-3487252.59,3407511.2,4566891.89,22155456.650,15633756.00,1.2032967E7,-13604441,21518789
2916,786,1862,1642,2557,-24957794,3961084.10,3170062.5,-3830286.96,8688541.330,-3489920.00,2.0760618E7,-18869659,23914429
2917,306,1298,715,2123,8402940,11500947.56,-6113811.0,1.283608106E7,-23483167.270,-29033232.00,1.4416438E7,-21344703,-21440947
2918,999,2322,911,605,25213780,20203212.82,-2.6555928E7,-8779787.14,26002746.040,4398560.00,1.572466E7,5841812,-8707687
2919,1322,1041,575,1578,6275833,-16744416.68,1.219388E7,53379.6,25568456.530,-11806432.00,1310891.4,25511232,23467047
2920,1553,1653,1662,1422,-4587738,16151991.32,5508023.5,-7334218.18,-4708733.010,-3601744.00,-1.3025418E7,2323528,8421762
2921,289,1637,265,1815,-6230248,-20445599.09,-1546864.0,-2.888683617E7,7231608.650,-2393136.00,1.8405244E7,-21829837,22533406
2922,1415,472,1031,973,26152613,5782062.72,1.7301066E7,-2285345.56,-28142947.460,-22923968.00,7528660.5,-27975247,18329661
2923,1324,2075,730,1279,-13046532,-25506831.02,9442211.0,2.245835495E7,-5438395.160,-18363064.00,-1.0007937E7,12255230,-25962406
2924,1580,1487,1581,249,-19184417,-6419643.41,-1.97479E7,-1.806013392E7,-9291166.600,-650224.00,-1.3982897E7,-10612295,6163038
2925,683,899,1560,573,-12550417,686729.50,1.1278288E7,1.24981762E7,-2568679.190,-11557408.00,-5522688.5,18084602,-22836015
2926,1232,969,1082,1003,7467182,-5766472.45,1.0946653E7,-1.248989137E7,-23171425.160,-21764384.00,2.1914688E7,-13173341,-643301
2927,1260,206,800,2606,-27995280,10111131.45,-2.0039502E7,-3507006.03,21383968.770,-12917920.00,-2.5378824E7,11225713,58127
2928,428,2311,1281,758,5523068,21885689.81,1.0437465E7,7677633.59,-444657.630,-19905152.00,1.6123202E7,-12722045,593965
2929,90,1177,813,45,-27006489,12231244.83,-1.8187818E7,9373857.42,-2114601.800,-10690640.00,2898377.0,15165483,-19512715
2930,1259,1613,1437,1380,17830858,12572871.66,2.3294554E7,3522552.68,20342109.500,7922224.00,2.4660302E7,22766715,11614911
2931,1299,2145,3,863,-8573963,-8893942.01,-2.5085506E7,1.368664232E7,14249265.930,22041856.00,1.0125779E7,-1682048,-3603628
2932,360,1100,354,424,-16792309,29233868.54,2.8329346E7,-2.036585055E7,3586206.030,-7642448.00,-5720344.5,-7175443,10504111
2933,674,1638,1539,2097,-27128432,2757061.74,-1.632397E7,-1976006.34,-13885214.270,-24544864.00,-3613017.2,15718040,-206932
2934,620,577,1035,619,15181097,5950973.34,-3385097.8,1.008506875E7,28844519.860,-4502528.00,-4552986.5,-4673908,-15650351
2935,1202,633,258,660,-1231058,27255722.01,1.4002838E7,1.206257229E7,7387266.160,27325488.00,1790890.0,13279884,29152594
2936,1111,987,1015,589,-21463229,21399770.40,7934571.5,2.174735331E7,9512858.370,-14816736.00,1.1940121E7,22634051,-28422840
2937,1609,1189,1076,2017,14894768,-8168873.34,-1.3570753E7,-1.559944919E7,-7651548.150,16969472.00,3236706.8,-22960309,-24990322
2938,816,964,1010,2367,-5285553,744514.09,1646077.1,990356.43,7888112.220,21210480.00,-1.4199963E7,-15783754,4691027
2939,1004,1862,888,787,-1942091,-17855323.05,1.7356672E7,806431.2,1976407.580,24054920.00,7486553.0,-2758818,-16591905
2940,1356,232,275,2609,-4353866,3183435.21,-56093.34,1.388577689E7,-15994090.840,-21726912.00,-7995024.0,28870417,-5320408
2941,350,295,1370,2338,-20350062,-11241553.40,-5608474.5,2.625741675E7,-10224656.130,8815944.00,-1.0832508E7,2690496,17417185
2942,1118,1437,770,456,2354068,-7147486.55,3625331.2,-2.448046913E7,-26116746.120,-6256836.00,2.5754E7,-15787253,10116701
2943,123,814,568,289,10924694,-271523.76,1.2719896E7,-9655063.31,18641603.880,-6582496.00,1315994.5,24004909,4328568
2944,274,1908,79,665,23311983,-3411018.42,-5646619.5,-1.195821099E7,17427947.150,21531120.00,1.0698497E7,-21291785,-2715856
2945,736,834,1482,2027,-610633,26045992.67,-5983666.5,1552053.56,22813506.610,24907432.00,6072891.0,609263,-27723644
2946,1560,1675,1483,1762,-18808223,26066145.12,-1.1963562E7,-2.384120002E7,-12911801.990,-8395840.00,-1.7308208E7,-7474853,-6272965
2947,468,1381,567,2413,-23513099,9228868.69,-1.2302051E7,6927192.75,-24863143.640,-12957856.00,-1.0899559E7,-14199188,-26790106
2948,1435,1147,397,1966,1187513,24440917.36,1.3434529E7,-2690180.44,9032126.750,11603728.00,-5285263.5,-24458649,16855711
2949,1114,183,117,1121,20216413,6592996.63,1.5943286E7,1.684490633E7,-28712997.880,10422624.00,6034299.0,-12137987,23316955
2950,1403,1694,322,1541,-12062577,7645382.70,1136361.8,-2.525783547E7,28511395.480,6002384.00,100837.3,20122690,-20860439
2951,821,1237,1344,765,-610233,-17489266.29,2.7523622E7,1.84212563E7,-17347625.690,20106848.00,7264950.5,26455377,-11484686
2952,755,586,1230,2062,-2139626,-12466580.22,1.3364479E7,-2.597047563E7,-22611281.690,28324512.00,-9172175.0,-6261056,4383456
2953,1375,1812,1522,1200,-8281693,12011541.59,-1.6861716E7,1.270879799E7,-8520690.080,21453584.00,1129883.5,-15498715,296135
2954,1564,1417,199,1541,-18532270,3349635.14,2.8727298E7,-2.178326949E7,28766679.090,973008.00,-1.9843806E7,-5614643,27416801
2955,326,103,924,1227,-21700640,-13300356.51,2.3347668E7,-1.824763888E7,-28186375.790,660512.00,-1.5510839E7,28194175,2440355
2956,1465,434,820,512,-2628320,-20877199.21,2.5533696E7,8314216.17,761202.110,16680136.00,1.1343595E7,-23493283,-14614323
2957,795,2239,26,1113,-16288410,11784892.47,-2.5598716E7,-6856201.72,8339572.940,-15712544.00,2.910584E7,-27478657,-5065667
2958,900,1397,238,311,20139245,-20477014.73,1.1070626E7,-1788640.21,-28052861.180,-3186048.00,2740243.8,-11211740,7800747
2959,870,1757,1272,13,-16121803,-10523293.96,1.7664402E7,2.427966048E7,-24960453.760,26279520.00,-94730.06,19100608,-8656325
2960,1336,284,82,1103,3210143,20416665.24,2.7469574E7,-7905920.23,-5797763.420,-952016.00,1.803459E7,-21434792,-10291554
2961,1379,173,500,2041,-16111743,9254208.64,-4172788.8,1.714649593E7,14215327.510,-25477340.00,-6304406.0,25782792,-26848361
2962,1230,1026,565,1624,21130598,16498577.97,1.1281921E7,-6625043.15,2004598.070,26917568.00,-1182790.6,-3655658,-13640993
2963,938,1958,109,157,5040358,-678515.77,-1.6169708E7,-1.076753119E7,7582118.290,-21704496.00,1.4464435E7,19119486,9325540
2964,1227,1920,1001,981,-19476300,15130851.44,-2.844702E7,-2.153345118E7,2757116.350,2141584.00,102096.56,1831090,12617
2965,395,2075,178,246,-21954848,-3547144.59,3465911.2,4645291.89,22535540.650,15901956.00,1.2239367E7,-13837863,21888008
2966,471,29,1510,1202,-25385713,4029070.60,3224462.5,-3895886.96,8837412.830,-3549920.00,2.1116618E7,-19193321,24324335
2967,490,1414,778,1497,8547089,11697916.06,-6218611.0,1.305608106E7,-23885546.270,-29530832.00,1.4663638E7,-21710489,-21808576
2968,1002,1516,1139,2708,25645757,20549556.32,-2.7011128E7,-8930187.14,26448296.540,4473760.00,1.599426E7,5941754,-8856794
2969,1134,1719,1233,1573,6383385,-17031345.18,1.240268E7,54179.6,26006581.530,-12008832.00,1333291.4,25948202,23869143
2970,1611,437,264,1704,-4666180,16428423.32,5602423.5,-7459818.18,-4789501.010,-3663344.00,-1.3248618E7,2363418,8565954
2971,251,1697,60,2560,-6336876,-20795531.09,-1573264.0,-2.938123617E7,7355429.150,-2433936.00,1.8720444E7,-22203529,22919208
2972,1240,1665,1850,2705,26600154,5880951.22,1.7597066E7,-2324545.56,-28624504.460,-23316368.00,7657460.5,-28453928,18643149
2973,589,1671,8,2467,-13269699,-25943024.02,9603811.0,2.284235495E7,-5531351.660,-18677064.00,-1.0179137E7,12464936,-26406393
2974,1460,944,1642,1161,-19512307,-6529292.91,-2.00855E7,-1.836893392E7,-9449996.100,-661424.00,-1.4222097E7,-10793765,6268288
2975,551,692,1421,907,-12765029,698385.50,1.1471088E7,1.27117762E7,-2612439.190,-11755008.00,-5617088.5,18393606,-23226530
2976,366,814,1330,1556,7594888,-5865133.95,1.1133853E7,-1.270349137E7,-23567484.160,-22136384.00,2.2289088E7,-13398488,-654277
2977,1579,1332,772,2043,-28473564,10283987.95,-2.0381902E7,-3567006.03,21749168.770,-13138720.00,-2.5812424E7,11417452,59122
2978,729,9,1210,2007,5617369,22259410.81,1.0615865E7,7808833.59,-452145.130,-20245152.00,1.6398402E7,-12939440,604073
2979,441,2140,1708,583,-27467614,12439896.83,-1.8498218E7,9533857.42,-2150807.800,-10873040.00,2947977.0,15424204,-19845797
2980,1168,1299,1092,442,18135097,12787486.66,2.3692154E7,3582552.68,20689374.000,8057424.00,2.5081102E7,23155065,11813265
2981,265,1001,382,650,-8720182,-9045496.51,-2.5513506E7,1.392024232E7,14492259.430,22417856.00,1.0298579E7,-1710769,-3665148
2982,1595,890,1029,255,-17078517,29732245.04,2.8812546E7,-2.071305055E7,3647345.030,-7772848.00,-5817944.5,-7297791,10683086
2983,775,1840,125,2588,-27590755,2804037.24,-1.660237E7,-2009606.34,-14122060.270,-24963264.00,-3674617.2,15986139,-210531
2984,296,2222,638,821,15439946,6052263.84,-3442697.8,1.025706875E7,29335978.860,-4579328.00,-4630586.5,-4753592,-15916998
2985,708,551,1279,210,-1251933,27719927.51,1.4241238E7,1.226817229E7,7513031.660,27791088.00,1821290.0,13506010,29649082
2986,746,202,174,646,-21828613,21764247.40,8069771.5,2.211775331E7,9674936.870,-15068936.00,1.2143321E7,23019475,-28906981
2987,437,894,415,1790,15148277,-8307798.84,-1.3801953E7,-1.586504919E7,-7781847.150,17258272.00,3291906.8,-23351124,-25415756
2988,1620,1774,1455,877,-5375452,757025.59,1674077.1,1007156.43,8022270.720,21571280.00,-1.4441563E7,-16052512,4770871
2989,481,636,1335,722,-1975060,-18159005.55,1.7651872E7,820031.2,2010148.580,24464120.00,7613753.0,-2805613,-16874270
2990,141,1282,767,755,-4428070,3237662.71,-56893.34,1.412177689E7,-16266045.340,-22096512.00,-8131024.0,29361581,-5410772
2991,744,982,636,1254,-20696163,-11432662.90,-5703674.5,2.670381675E7,-10398562.630,8965944.00,-1.1016508E7,2736211,17713339
2992,430,1896,109,1975,2393965,-7269126.55,3686931.2,-2.489646913E7,-26560509.120,-6363136.00,2.61916E7,-16055669,10288605
2993,1307,1054,919,2385,11110179,-276069.76,1.2935896E7,-9819063.31,18958474.380,-6694496.00,1338394.5,24412654,4402128
2994,661,1479,369,2574,23707785,-3468950.42,-5742619.5,-1.216141099E7,17723809.150,21896720.00,1.0880097E7,-21653557,-2762069
2995,1143,1665,256,2599,-620899,26488170.17,-6085266.5,1578453.56,23200718.610,25330232.00,6176091.0,619652,-28194186
2996,1288,958,76,141,-19127304,26508465.12,-1.2166762E7,-2.424600002E7,-13131050.990,-8538240.00,-1.7601808E7,-7601870,-6379321
2997,510,307,1625,703,-23911888,9385345.69,-1.2510851E7,7044792.75,-25285140.640,-13177856.00,-1.1084359E7,-14440132,-27244609
2998,631,1580,374,536,1207736,24855575.86,1.3662529E7,-2735780.44,9185370.750,11800528.00,-5374863.5,-24873419,17141567
2999,171,1645,1705,1847,20559100,6704630.13,1.6213686E7,1.713050633E7,-29199829.880,10599424.00,6136699.0,-12343819,23712241
3000,1231,673,1475,1431,-12267137,7774840.70,1155561.8,-2.568583547E7,28994573.480,6103984.00,102437.3,20463750,-21214104
3001,612,1146,1627,2664,-620659,-17785722.79,2.7990022E7,1.87332563E7,-17641554.690,20447648.00,7388150.5,26903704,-11679190
3002,1333,717,1152,375,-2175714,-12677849.72,1.3590879E7,-2.641047563E7,-22994217.190,28804312.00,-9327375.0,-6367174,4457851
3003,1623,890,1235,129,-8421956,12214971.59,-1.7147316E7,1.292399799E7,-8664810.080,21816784.00,1149083.5,-15761112,301198
3004,874,508,1550,2154,-18846110,3406278.64,2.9213698E7,-2.215206949E7,29253707.590,989408.00,-2.0179806E7,-5709687,27880912
3005,143,1336,158,677,-22067905,-13525285.51,2.3742868E7,-1.855643888E7,-28663386.290,671712.00,-1.5773239E7,28671355,2481656
3006,436,382,1830,2308,-2672632,-21230277.71,2.5965696E7,8455016.17,773910.110,16962436.00,1.1535595E7,-23890821,-14861535
3007,1393,388,746,1847,-16563766,11984038.47,-2.6031516E7,-6972201.72,8480432.440,-15978144.00,2.959784E7,-27943295,-5151177
3008,1280,731,872,1398,20479700,-20823237.23,1.1257826E7,-1819040.21,-28526943.680,-3240048.00,2786643.8,-11401282,7932657
3009,746,2091,1720,1551,-16394345,-10701277.96,1.7962802E7,2.469006048E7,-25382238.760,26723520.00,-96330.06,19423284,-8802705
3010,164,1148,345,1895,3264523,20761582.24,2.7933574E7,-8039520.23,-5895756.420,-968016.00,1.833939E7,-21797011,-10465559
3011,1492,679,1483,612,-16383817,9410593.14,-4243188.5,1.743609593E7,14455507.010,-25907540.00,-6410806.0,26218192,-27301872
3012,967,759,943,925,21487325,16776931.97,1.1472321E7,-6737043.15,2038359.570,27371968.00,-1202790.6,-3717243,-13871253
3013,864,2194,732,2169,5125545,-689991.27,-1.6442508E7,-1.094913119E7,7710215.290,-22070896.00,1.4708435E7,19441987,9482862
3014,1419,303,134,1716,-19804871,15386119.44,-2.892702E7,-2.189665118E7,2803619.350,2177584.00,103696.56,1862036,12836
3015,829,770,842,413,-22325238,-3607036.59,3524311.2,4723691.89,22915624.650,16170156.00,1.2445767E7,-14071284,22257228
3016,156,595,1378,2574,-25813633,4097057.10,3278862.5,-3961486.96,8986284.330,-3609920.00,2.1472618E7,-19516982,24734241
3017,675,1529,841,872,8691237,11894884.56,-6323411.0,1.327608106E7,-24287925.270,-30028432.00,1.4910838E7,-22076275,-22176204
3018,1005,710,1367,2083,26077733,20895899.82,-2.7466328E7,-9080587.14,26893847.040,4548960.00,1.626386E7,6041696,-9005901
3019,946,2397,34,1567,6490937,-17318273.68,1.261148E7,54979.6,26444706.530,-12211232.00,1355691.4,26385172,24271238
3020,45,1618,723,1987,-4744622,16704855.32,5696823.5,-7585418.18,-4870269.010,-3724944.00,-1.3471818E7,2403308,8710146
3021,213,1757,1711,578,-6443504,-21145463.09,-1599664.0,-2.987563617E7,7479249.650,-2474736.00,1.9035644E7,-22577222,23305011
3022,1064,459,814,1709,27047695,5979839.72,1.7893066E7,-2363745.56,-29106061.460,-23708768.00,7786260.5,-28932609,18956636
3023,1478,1267,1142,927,-13492866,-26379217.02,9765411.0,2.322635495E7,-5624308.160,-18991064.00,-1.0350337E7,12674642,-26850380
3024,1340,401,1703,2072,-19840196,-6638942.41,-2.04231E7,-1.867773392E7,-9608825.600,-672624.00,-1.4461297E7,-10975234,6373538
3025,419,485,1283,1241,-12979640,710041.50,1.1663888E7,1.29253762E7,-2656199.190,-11952608.00,-5711488.5,18702609,-23617045
3026,1123,658,1578,2108,7722594,-5963795.45,1.1321053E7,-1.291709137E7,-23963543.160,-22508384.00,2.2663488E7,-13623635,-665253
3027,275,60,744,1480,-28951848,10456844.45,-2.0724302E7,-3627006.03,22114368.770,-13359520.00,-2.6246024E7,11609191,60116
3028,1031,105,1139,528,5711671,22633131.81,1.0794265E7,7940033.59,-459632.630,-20585152.00,1.6673602E7,-13156836,614181
3029,792,704,748,1121,-27928738,12648548.83,-1.8808618E7,9693857.42,-2187013.800,-11055440.00,2997577.0,15682926,-20178879
3030,1076,984,747,2231,18439335,13002101.66,2.4089754E7,3642552.68,21036638.500,8192624.00,2.5501902E7,23543415,12011620
3031,855,2255,762,436,-8866401,-9197051.01,-2.5941506E7,1.415384232E7,14735252.930,22793856.00,1.0471379E7,-1739490,-3726668
3032,1205,679,1704,86,-17364726,30230621.54,2.9295746E7,-2.106025055E7,3708484.030,-7903248.00,-5915544.5,-7420139,10862061
3033,877,2041,567,350,-28053078,2851012.74,-1.688077E7,-2043206.34,-14358906.270,-25381664.00,-3736217.2,16254237,-214131
3034,1595,1469,241,1024,15698796,6153554.34,-3500297.8,1.042906875E7,29827437.860,-4656128.00,-4708186.5,-4833276,-16183644
3035,214,469,443,2488,-1272809,28184133.01,1.4479638E7,1.247377229E7,7638797.160,28256688.00,1851690.0,13732136,30145570
3036,382,1814,1189,702,-22193997,22128724.40,8204971.5,2.248815331E7,9837015.370,-15321136.00,1.2346521E7,23404898,-29391121
3037,890,599,1610,1563,15401786,-8446724.34,-1.4033153E7,-1.613064919E7,-7912146.150,17547072.00,3347106.8,-23741938,-25841191
3038,799,185,44,2115,-5465352,769537.09,1702077.1,1023956.43,8156429.220,21932080.00,-1.4683163E7,-16321271,4850715
3039,1582,1808,1783,657,-2008029,-18462688.05,1.7947072E7,833631.2,2043889.580,24873320.00,7740953.0,-2852408,-17156634
3040,551,2333,1259,1628,-4502275,3291890.21,-57693.34,1.435777689E7,-16537999.840,-22466112.00,-8267024.0,29852744,-5501135
3041,1137,1670,1759,169,-21042265,-11623772.40,-5798874.5,2.715021675E7,-10572469.130,9115944.00,-1.1200508E7,2781926,18009492
3042,1365,2355,1304,767,2433861,-7390766.55,3748531.2,-2.531246913E7,-27004272.120,-6469436.00,2.66292E7,-16324086,10460508
3043,867,1294,1270,1753,11295663,-280615.76,1.3151896E7,-9983063.31,19275344.880,-6806496.00,1360794.5,24820399,4475689
3044,1048,1051,660,1754,24103587,-3526882.42,-5838619.5,-1.236461099E7,18019671.150,22262320.00,1.1061697E7,-22015330,-2808282
3045,1549,98,886,443,-631166,26930347.67,-6186866.5,1604853.56,23587930.610,25753032.00,6279291.0,630041,-28664727
3046,1017,241,525,1249,-19446386,26950785.12,-1.2369962E7,-2.465080002E7,-13350299.990,-8680640.00,-1.7895408E7,-7728887,-6485678
3047,552,1632,826,1721,-24310677,9541822.69,-1.2719651E7,7162392.75,-25707137.640,-13397856.00,-1.1269159E7,-14681075,-27699113
3048,1451,2013,351,1834,1227958,25270234.36,1.3890529E7,-2781380.44,9338614.750,11997328.00,-5464463.5,-25288190,17427423
3049,853,709,1438,2572,20901786,6816263.63,1.6484086E7,1.741610633E7,-29686661.880,10776224.00,6239099.0,-12549652,24107526
3050,1058,2050,771,1321,-12471698,7904298.70,1174761.8,-2.611383547E7,29477751.480,6205584.00,104037.3,20804809,-21567769
3051,404,1056,55,1834,-631085,-18082179.29,2.8456422E7,1.90452563E7,-17935483.690,20788448.00,7511350.5,27352031,-11873694
3052,287,848,1074,1417,-2211801,-12889119.22,1.3817279E7,-2.685047563E7,-23377152.690,29284112.00,-9482575.0,-6473293,4532246
3053,248,2367,948,1785,-8562218,12418401.59,-1.7432916E7,1.313919799E7,-8808930.080,22179984.00,1168283.5,-16023509,306261
3054,184,1998,1045,39,-19159950,3462922.14,2.9700098E7,-2.252086949E7,29740736.090,1005808.00,-2.0515806E7,-5804732,28345023
3055,1585,172,1248,127,-22435169,-13750214.51,2.4138068E7,-1.886523888E7,-29140396.790,682912.00,-1.6035639E7,29148535,2522957
3056,1032,329,984,1377,-2716944,-21583356.21,2.6397696E7,8595816.17,786618.110,17244736.00,1.1727595E7,-24288359,-15108747
3057,366,935,1465,2582,-16839122,12183184.47,-2.6464316E7,-7088201.72,8621291.940,-16243744.00,3.008984E7,-28407934,-5236686
3058,37,65,1505,2486,20820155,-21169459.73,1.1445026E7,-1849440.21,-29001026.180,-3294048.00,2833043.8,-11590823,8064567
3059,621,27,312,362,-16666886,-10879261.96,1.8261202E7,2.510046048E7,-25804023.760,27167520.00,-97930.06,19745961,-8949085
3060,616,2012,608,2687,3318903,21106499.24,2.8397574E7,-8173120.23,-5993749.420,-984016.00,1.864419E7,-22159230,-10639565
3061,1604,1185,610,1911,-16655891,9566977.64,-4313588.5,1.772569593E7,14695686.510,-26337740.00,-6517206.0,26653591,-27755383
3062,703,493,1322,225,21844052,17055285.97,1.1662721E7,-6849043.15,2072121.070,27826368.00,-1222790.6,-3778828,-14101513
3063,790,32,1356,1454,5210733,-701466.77,-1.6715308E7,-1.113073119E7,7838312.290,-22437296.00,1.4952435E7,19764489,9640183
3064,1612,1083,1123,2451,-20133442,15641387.44,-2.940702E7,-2.225985118E7,2850122.350,2213584.00,105296.56,1892983,13054
3065,1263,1864,1506,581,-22695628,-3666928.59,3582711.2,4802091.89,23295708.650,16438356.00,1.2652167E7,-14304706,22626447
3066,1465,1160,1246,1219,-26241552,4165043.60,3333262.5,-4027086.96,9135155.830,-3669920.00,2.1828618E7,-19840644,25144147
3067,859,1645,904,246,8835386,12091853.06,-6428211.0,1.349608106E7,-24690304.270,-30526032.00,1.5158038E7,-22442061,-22543833
3068,1008,2302,1595,1458,26509710,21242243.32,-2.7921528E7,-9230987.14,27339397.540,4624160.00,1.653346E7,6141638,-9155008
3069,758,677,692,1562,6598489,-17605202.18,1.282028E7,55779.6,26882831.530,-12413632.00,1378091.4,26822142,24673334
3070,103,402,1181,2269,-4823064,16981287.32,5791223.5,-7711018.18,-4951037.010,-3786544.00,-1.3695018E7,2443198,8854338
3071,175,1817,1506,1323,-6550132,-21495395.09,-1626064.0,-3.037003617E7,7603070.150,-2515536.00,1.9350844E7,-22950914,23690813
3072,889,1652,1633,713,27495236,6078728.22,1.8189066E7,-2402945.56,-29587618.460,-24101168.00,7915060.5,-29411290,19270124
3073,743,863,420,2115,-13716033,-26815410.02,9927011.0,2.361035495E7,-5717264.660,-19305064.00,-1.0521537E7,12884348,-27294367
3074,1220,2256,1764,256,-20168086,-6748591.91,-2.07607E7,-1.898653392E7,-9767655.100,-683824.00,-1.4700497E7,-11156704,6478788
3075,287,278,1144,1575,-13194252,721697.50,1.1856688E7,1.31389762E7,-2699959.190,-12150208.00,-5805888.5,19011613,-24007560
3076,257,503,1826,2661,7850300,-6062456.95,1.1508253E7,-1.313069137E7,-24359602.160,-22880384.00,2.3037888E7,-13848782,-676229
3077,594,1186,716,917,-29430132,10629700.95,-2.1066702E7,-3687006.03,22479568.770,-13580320.00,-2.6679624E7,11800930,61111
3078,1332,201,1068,1777,5805972,23006852.81,1.0972665E7,8071233.59,-467120.130,-20925152.00,1.6948802E7,-13374231,624289
3079,1143,1667,1643,1659,-28389863,12857200.83,-1.9119018E7,9853857.42,-2223219.800,-11237840.00,3047177.0,15941647,-20511961
3080,985,670,402,1293,18743574,13216716.66,2.4487354E7,3702552.68,21383903.000,8327824.00,2.5922702E7,23931765,12209974
3081,1445,1111,1141,223,-9012620,-9348605.51,-2.6369506E7,1.438744232E7,14978246.430,23169856.00,1.0644179E7,-1768211,-3788188
3082,816,469,523,2645,-17650934,30728998.04,2.9778946E7,-2.140745055E7,3769623.030,-8033648.00,-6013144.5,-7542487,11041036
3083,978,2243,1009,841,-28515401,2897988.24,-1.715917E7,-2076806.34,-14595752.270,-25800064.00,-3797817.2,16522336,-217730
3084,1271,716,1700,1226,15957645,6254844.84,-3557897.8,1.060106875E7,30318896.860,-4732928.00,-4785786.5,-4912960,-16450291
3085,1344,387,1464,2038,-1293684,28648338.51,1.4718038E7,1.267937229E7,7764562.660,28722288.00,1882090.0,13958262,30642058
3086,17,1029,348,759,-22559381,22493201.40,8340171.5,2.285855331E7,9999093.870,-15573336.00,1.2549721E7,23790322,-29875262
3087,1342,304,949,1336,15655295,-8585649.84,-1.4264353E7,-1.639624919E7,-8042445.150,17835872.00,3402306.8,-24132753,-26266625
3088,1603,995,489,625,-5555251,782048.59,1730077.1,1040756.43,8290587.720,22292880.00,-1.4924763E7,-16590029,4930559
3089,1059,582,374,592,-2040998,-18766370.55,1.8242272E7,847231.2,2077630.580,25282520.00,7868153.0,-2899203,-17438999
3090,960,985,1751,2502,-4576479,3346117.71,-58493.34,1.459377689E7,-16809954.340,-22835712.00,-8403024.0,30343908,-5591499
3091,1531,2357,1025,1813,-21388366,-11814881.90,-5894074.5,2.759661675E7,-10746375.630,9265944.00,-1.1384508E7,2827641,18305646
3092,677,416,643,2286,2473758,-7512406.55,3810131.2,-2.572846913E7,-27448035.120,-6575736.00,2.70668E7,-16592502,10632412
3093,427,1534,1621,1121,11481148,-285161.76,1.3367896E7,-1.014706331E7,19592215.380,-6918496.00,1383194.5,25228144,4549249
3094,1435,622,950,935,24499389,-3584814.42,-5934619.5,-1.256781099E7,18315533.150,22627920.00,1.1243297E7,-22377102,-2854495
3095,332,929,1516,1015,-641432,27372525.17,-6288466.5,1631253.56,23975142.610,26175832.00,6382491.0,640430,-29135269
3096,745,1922,974,2356,-19765467,27393105.12,-1.2573162E7,-2.505560002E7,-13569548.990,-8823040.00,-1.8189008E7,-7855904,-6592034
3097,594,558,28,11,-24709466,9698299.69,-1.2928451E7,7279992.75,-26129134.640,-13617856.00,-1.1453959E7,-14922019,-28153616
3098,647,48,328,404,1248181,25684892.86,1.4118529E7,-2826980.44,9491858.750,12194128.00,-5554063.5,-25702960,17713279
3099,1534,2171,1170,570,21244473,6927897.13,1.6754486E7,1.770170633E7,-30173493.880,10953024.00,6341499.0,-12755484,24502812
3100,886,1029,68,1211,-12676258,8033756.70,1193961.8,-2.654183547E7,29960929.480,6307184.00,105637.3,21145869,-21921434
3101,195,965,338,1005,-641511,-18378635.79,2.8922822E7,1.93572563E7,-18229412.690,21129248.00,7634550.5,27800358,-12068198
3102,865,979,996,2458,-2247889,-13100388.72,1.4043679E7,-2.729047563E7,-23760088.190,29763912.00,-9637775.0,-6579411,4606641
3103,496,1445,661,714,-8702481,12621831.59,-1.7718516E7,1.335439799E7,-8953050.080,22543184.00,1187483.5,-16285906,311324
3104,1118,1089,540,652,-19473790,3519565.64,3.0186498E7,-2.288966949E7,30227764.590,1022208.00,-2.0851806E7,-5899776,28809134
3105,1402,1405,482,2305,-22802434,-13975143.51,2.4533268E7,-1.917403888E7,-29617407.290,694112.00,-1.6298039E7,29625715,2564258
3106,3,277,138,445,-2761256,-21936434.71,2.6829696E7,8736616.17,799326.110,17527036.00,1.1919595E7,-24685897,-15355959
3107,964,1482,329,588,-17114478,12382330.47,-2.6897116E7,-7204201.72,8762151.440,-16509344.00,3.058184E7,-28872572,-5322196
3108,417,1797,283,845,21160610,-21515682.23,1.1632226E7,-1879840.21,-29475108.680,-3348048.00,2879443.8,-11780365,8196477
3109,497,361,760,1900,-16939428,-11057245.96,1.8559602E7,2.551086048E7,-26225808.760,27611520.00,-99530.06,20068637,-9095465
3110,1068,478,871,751,3373283,21451416.24,2.8861574E7,-8306720.23,-6091742.420,-1000016.00,1.894899E7,-22521449,-10813570
3111,93,1691,1593,482,-16927965,9723362.14,-4383988.5,1.801529593E7,14935866.010,-26767940.00,-6623606.0,27088991,-28208894
3112,440,226,1700,2254,22200779,17333639.97,1.1853121E7,-6961043.15,2105882.570,28280768.00,-1242790.6,-3840413,-14331773
3113,716,268,123,738,5295920,-712942.27,-1.6988108E7,-1.131233119E7,7966409.290,-22803696.00,1.5196435E7,20086990,9797505
3114,180,1864,256,458,-20462013,15896655.44,-2.988702E7,-2.262305118E7,2896625.350,2249584.00,106896.56,1923929,13273
3115,73,559,314,748,-23066018,-3726820.59,3641111.2,4880491.89,23675792.650,16706556.00,1.2858567E7,-14538127,22995667
3116,1150,1726,1114,2591,-26669472,4233030.10,3387662.5,-4092686.96,9284027.330,-3729920.00,2.2184618E7,-20164305,25554053
3117,1044,1760,967,2349,8979534,12288821.56,-6533011.0,1.371608106E7,-25092683.270,-31023632.00,1.5405238E7,-22807847,-22911461
3118,1011,1496,1823,833,26941686,21588586.82,-2.8376728E7,-9381387.14,27784948.040,4699360.00,1.680306E7,6241580,-9304115
3119,570,1355,1349,1556,6706041,-17892130.68,1.302908E7,56579.6,27320956.530,-12616032.00,1400491.4,27259112,25075429
3120,161,1583,1640,2552,-4901506,17257719.32,5885623.5,-7836618.18,-5031805.010,-3848144.00,-1.3918218E7,2483088,8998530
3121,137,1877,1301,2069,-6656760,-21845327.09,-1652464.0,-3.086443617E7,7726890.650,-2556336.00,1.9666044E7,-23324607,24076616
3122,713,446,597,2445,27942777,6177616.72,1.8485066E7,-2442145.56,-30069175.460,-24493568.00,8043860.5,-29889971,19583611
3123,8,459,1554,575,-13939200,-27251603.02,1.0088611E7,2.399435495E7,-5810221.160,-19619064.00,-1.0692737E7,13094054,-27738354
3124,1100,1713,1825,1167,-20495975,-6858241.41,-2.10983E7,-1.929533392E7,-9926484.600,-695024.00,-1.4939697E7,-11338173,6584038
3125,155,71,1006,1909,-13408863,733353.50,1.2049488E7,1.33525762E7,-2743719.190,-12347808.00,-5900288.5,19320616,-24398075
3126,1014,347,218,485,7978006,-6161118.45,1.1695453E7,-1.334429137E7,-24755661.160,-23252384.00,2.3412288E7,-14073929,-687205
3127,914,2312,688,354,-29908416,10802557.45,-2.1409102E7,-3747006.03,22844768.770,-13801120.00,-2.7113224E7,11992669,62105
3128,10,297,997,298,5900274,23380573.81,1.1151065E7,8202433.59,-474607.630,-21265152.00,1.7224002E7,-13591627,634397
3129,1494,231,683,2197,-28850987,13065852.83,-1.9429418E7,1.001385742E7,-2259425.800,-11420240.00,3096777.0,16200369,-20845043
3130,893,355,57,354,19047812,13431331.66,2.4884954E7,3762552.68,21731167.500,8463024.00,2.6343502E7,24320115,12408329
3131,411,2365,1521,9,-9158839,-9500160.01,-2.6797506E7,1.462104232E7,15221239.930,23545856.00,1.0816979E7,-1796932,-3849708
3132,426,258,1198,2476,-17937143,31227374.54,3.0262146E7,-2.175465055E7,3830762.030,-8164048.00,-6110744.5,-7664835,11220011
3133,1080,46,1451,1331,-28977724,2944963.74,-1.743757E7,-2110406.34,-14832598.270,-26218464.00,-3859417.2,16790434,-221330
3134,946,2361,1303,1429,16216495,6356135.34,-3615497.8,1.077306875E7,30810355.860,-4809728.00,-4863386.5,-4992644,-16716937
3135,850,305,628,1588,-1314560,29112544.01,1.4956438E7,1.288497229E7,7890328.160,29187888.00,1912490.0,14184388,31138546
3136,1277,243,1363,815,-22924765,22857678.40,8475371.0,2.322895331E7,10161172.370,-15825536.00,1.2752921E7,24175745,-30359402
3137,171,9,288,1109,15908804,-8724575.34,-1.4495553E7,-1.666184919E7,-8172744.150,18124672.00,3457506.8,-24523567,-26692060
3138,782,1804,934,1863,-5645151,794560.09,1758077.1,1057556.43,8424746.220,22653680.00,-1.5166363E7,-16858788,5010403
3139,536,1754,822,527,-2073967,-19070053.05,1.8537472E7,860831.2,2111371.580,25691720.00,7995353.0,-2945998,-17721363
3140,1370,2036,387,647,-4650684,3400345.21,-59293.34,1.482977689E7,-17081908.840,-23205312.00,-8539024.0,30835071,-5681862
3141,300,647,292,728,-21734468,-12005991.40,-5989274.5,2.804301675E7,-10920282.130,9415944.00,-1.1568508E7,2873356,18601799
3142,1612,875,1838,1078,2513654,-7634046.55,3871731.2,-2.614446913E7,-27891798.120,-6682036.00,2.75044E7,-16860919,10804315
3143,1611,1774,116,489,11666632,-289707.76,1.3583896E7,-1.031106331E7,19909085.880,-7030496.00,1405594.5,25635889,4622810
3144,198,194,1241,115,24895191,-3642746.42,-6030619.5,-1.277101099E7,18611395.150,22993520.00,1.1424897E7,-22738875,-2900708
3145,738,1760,290,1587,-651699,27814702.67,-6390066.5,1657653.56,24362354.610,26598632.00,6485691.0,650819,-29605810
3146,474,1205,1423,736,-20084549,27835425.12,-1.2776362E7,-2.546040002E7,-13788797.990,-8965440.00,-1.8482608E7,-7982921,-6698391
3147,636,1883,1085,1029,-25108255,9854776.69,-1.3137251E7,7397592.75,-26551131.640,-13837856.00,-1.1638759E7,-15162962,-28608120
3148,1467,481,305,1702,1268403,26099551.36,1.4346529E7,-2872580.44,9645102.750,12390928.00,-5643663.5,-26117731,17999135
3149,592,1235,903,1295,21587159,7039530.63,1.7024886E7,1.798730633E7,-30660325.880,11129824.00,6443899.0,-12961317,24898097
3150,713,8,1220,1101,-12880819,8163214.70,1213161.8,-2.696983547E7,30444107.480,6408784.00,107237.3,21486928,-22275099
3151,1611,875,622,175,-651937,-18675092.29,2.9389222E7,1.96692563E7,-18523341.690,21470048.00,7757750.5,28248685,-12262702
3152,1443,1110,918,772,-2283976,-13311658.22,1.4270079E7,-2.773047563E7,-24143023.690,30243712.00,-9792975.0,-6685530,4681036
3153,745,524,374,2370,-8842743,12825261.59,-1.8004116E7,1.356959799E7,-9097170.080,22906384.00,1206683.5,-16548303,316387
3154,428,181,35,1265,-19787630,3576209.14,3.0672898E7,-2.325846949E7,30714793.090,1038608.00,-2.1187806E7,-5994821,29273245
3155,1220,241,1572,1755,-23169698,-14200072.51,2.4928468E7,-1.948283888E7,-30094417.790,705312.00,-1.6560439E7,30102895,2605559
3156,599,224,1148,2242,-2805568,-22289513.21,2.7261696E7,8877416.17,812034.110,17809336.00,1.2111595E7,-25083435,-15603171
3157,1561,2029,1048,1323,-17389834,12581476.47,-2.7329916E7,-7320201.72,8903010.940,-16774944.00,3.107384E7,-29337211,-5407705
3158,798,1131,916,1933,21501065,-21861904.73,1.1819426E7,-1910240.21,-29949191.180,-3402048.00,2925843.8,-11969906,8328387
3159,372,695,1208,711,-17211969,-11235229.96,1.8858002E7,2.592126048E7,-26647593.760,28055520.00,-101130.06,20391314,-9241845
3160,1520,1342,1134,1543,3427663,21796333.24,2.9325574E7,-8440320.23,-6189735.420,-1016016.00,1.925379E7,-22883668,-10987576
3161,205,2197,720,1781,-17200039,9879746.64,-4454388.5,1.830489593E7,15176045.510,-27198140.00,-6730006.0,27524390,-28662405
3162,176,2358,223,1554,22557506,17611993.97,1.2043521E7,-7073043.15,2139644.070,28735168.00,-1262790.6,-3901998,-14562033
3163,642,504,747,23,5381108,-724417.77,-1.7260908E7,-1.149393119E7,8094506.290,-23170096.00,1.5440435E7,20409492,9954826
3164,373,246,1245,1193,-20790584,16151923.44,-3.036702E7,-2.298625118E7,2943128.350,2285584.00,108496.56,1954876,13491
3165,507,1653,978,916,-23436408,-3786712.59,3699511.2,4958891.89,24055876.650,16974756.00,1.3064967E7,-14771549,23364886
3166,835,2291,982,1236,-27097391,4301016.60,3442062.5,-4158286.96,9432898.830,-3789920.00,2.2540618E7,-20487967,25963959
3167,1228,1876,1030,1723,9123683,12485790.06,-6637811.0,1.393608106E7,-25495062.270,-31521232.00,1.5652438E7,-23173633,-23279090
3168,1014,690,195,208,27373663,21934930.32,-2.8831928E7,-9531787.14,28230498.540,4774560.00,1.707266E7,6341522,-9453222
3169,382,2033,151,1551,6813593,-18179059.18,1.323788E7,57379.6,27759081.530,-12818432.00,1422891.4,27696082,25477525
3170,219,367,242,106,-4979948,17534151.32,5980023.5,-7962218.18,-5112573.010,-3909744.00,-1.4141418E7,2522978,9142722
3171,99,1937,1096,86,-6763388,-22195259.09,-1678864.0,-3.135883617E7,7850711.150,-2597136.00,1.9981244E7,-23698299,24462418
3172,538,1639,1416,1449,28390318,6276505.22,1.8781066E7,-2481345.56,-30550732.460,-24885968.00,8172660.5,-30368652,19897099
3173,897,55,832,1763,-14162367,-27687796.02,1.0250211E7,2.437835495E7,-5903177.660,-19933064.00,-1.0863937E7,13303760,-28182341
3174,980,1170,30,2079,-20823865,-6967890.91,-2.14359E7,-1.960413392E7,-10085314.100,-706224.00,-1.5178897E7,-11519643,6689288
3175,23,2262,867,2243,-13623475,745009.50,1.2242288E7,1.35661762E7,-2787479.190,-12545408.00,-5994688.5,19629620,-24788590
3176,148,192,466,1038,8105712,-6259779.95,1.1882653E7,-1.355789137E7,-25151720.160,-23624384.00,2.3786688E7,-14299076,-698181
3177,1233,1040,660,2519,-30386700,10975413.95,-2.1751502E7,-3807006.03,23209968.770,-14021920.00,-2.7546824E7,12184408,63100
3178,311,393,926,1547,5994575,23754294.81,1.1329465E7,8333633.59,-482095.130,-21605152.00,1.7499202E7,-13809022,644505
3179,221,1194,1578,7,-29312112,13274504.83,-1.9739818E7,1.017385742E7,-2295631.800,-11602640.00,3146377.0,16459090,-21178125
3180,802,41,1568,2144,19352051,13645946.66,2.5282554E7,3822552.68,22078432.000,8598224.00,2.6764302E7,24708465,12606683
3181,1001,1221,44,2524,-9305058,-9651714.51,-2.7225506E7,1.485464232E7,15464233.430,23921856.00,1.0989779E7,-1825653,-3911228
3182,37,48,17,2307,-18223351,31725751.04,3.0745346E7,-2.210185055E7,3891901.030,-8294448.00,-6208344.5,-7787183,11398986
3183,1181,248,37,1822,-29440047,2991939.24,-1.771597E7,-2144006.34,-15069444.270,-26636864.00,-3921017.2,17058533,-224929
3184,622,1608,906,1631,16475344,6457425.84,-3673097.8,1.094506875E7,31301814.860,-4886528.00,-4940986.5,-5072328,-16983584
3185,356,223,1649,1138,-1335435,29576749.51,1.5194838E7,1.309057229E7,8016093.660,29653488.00,1942890.0,14410514,31635034
3186,912,1856,522,872,-23290149,23222155.40,8610571.0,2.359935331E7,10323250.870,-16077736.00,1.2956121E7,24561169,-30843543
3187,623,2112,1483,882,16162313,-8863500.84,-1.4726753E7,-1.692744919E7,-8303043.150,18413472.00,3512706.8,-24914382,-27117494
3188,1586,216,1379,373,-5735050,807071.59,1786077.1,1074356.43,8558904.720,23014480.00,-1.5407963E7,-17127546,5090247
3189,13,528,1269,462,-2106936,-19373735.55,1.8832672E7,874431.2,2145112.580,26100920.00,8122553.0,-2992793,-18003728
3190,155,688,879,1521,-4724888,3454572.71,-60093.34,1.506577689E7,-17353863.340,-23574912.00,-8675024.0,31326235,-5772226
3191,694,1334,1414,2372,-22080569,-12197100.90,-6084474.5,2.848941675E7,-11094188.630,9565944.00,-1.1752508E7,2919071,18897953
3192,924,1334,1177,2597,2553551,-7755686.55,3933331.2,-2.656046913E7,-28335561.120,-6788336.00,2.7942E7,-17129335,10976219
3193,1171,2014,467,2585,11852117,-294253.76,1.3799896E7,-1.047506331E7,20225956.380,-7142496.00,1427994.5,26043634,4696370
3194,585,2163,1531,2024,25290993,-3700678.42,-6126619.5,-1.297421099E7,18907257.150,23359120.00,1.1606497E7,-23100647,-2946921
3195,1145,193,920,2159,-661965,28256880.17,-6491666.5,1684053.56,24749566.610,27021432.00,6588891.0,661208,-30076352
3196,202,488,16,1843,-20403630,28277745.12,-1.2979562E7,-2.586520002E7,-14008046.990,-9107840.00,-1.8776208E7,-8109938,-6804747
3197,678,809,287,2047,-25507044,10011253.69,-1.3346051E7,7515192.75,-26973128.640,-14057856.00,-1.1823559E7,-15403906,-29062623
3198,663,914,282,272,1288626,26514209.86,1.4574529E7,-2918180.44,9798346.750,12587728.00,-5733263.5,-26532501,18284991
3199,1273,299,635,2021,21929846,7151164.13,1.7295286E7,1.827290633E7,-31147157.880,11306624.00,6546299.0,-13167149,25293383
3200,541,1385,517,991,-13085379,8292672.70,1232361.8,-2.739783547E7,30927285.480,6510384.00,108837.3,21827988,-22628764
3201,1402,784,905,2074,-662363,-18971548.79,2.9855622E7,1.99812563E7,-18817270.690,21810848.00,7880950.5,28697012,-12457206
3202,397,1241,840,1813,-2320064,-13522927.72,1.4496479E7,-2.817047563E7,-24525959.190,30723512.00,-9948175.0,-6791648,4755431
3203,993,2000,87,1299,-8983006,13028691.59,-1.8289716E7,1.378479799E7,-9241290.080,23269584.00,1225883.5,-16810700,321450
3204,1362,1670,1386,1878,-20101470,3632852.64,3.1159298E7,-2.362726949E7,31201821.590,1055008.00,-2.1523806E7,-6089865,29737356
3205,1037,1474,806,1205,-23536963,-14425001.51,2.5323668E7,-1.979163888E7,-30571428.290,716512.00,-1.682284E7,30580075,2646860
3206,1194,172,302,1310,-2849880,-22642591.71,2.7693696E7,9018216.17,824742.110,18091636.00,1.2303595E7,-25480973,-15850383
3207,535,178,1768,2057,-17665190,12780622.47,-2.7762716E7,-7436201.72,9043870.440,-17040544.00,3.156584E7,-29801849,-5493215
3208,1178,465,1550,292,21841520,-22208127.23,1.2006626E7,-1940640.21,-30423273.680,-3456048.00,2972243.8,-12159448,8460297
3209,248,1029,1656,2249,-17484511,-11413213.96,1.9156402E7,2.633166048E7,-27069378.760,28499520.00,-102730.06,20713990,-9388225
3210,348,2206,1397,2335,3482043,22141250.24,2.9789574E7,-8573920.23,-6287728.420,-1032016.00,1.955859E7,-23245887,-11161581
3211,318,305,1703,352,-17472113,10036131.14,-4524788.5,1.859449593E7,15416225.010,-27628340.00,-6836406.0,27959790,-29115916
3212,1537,2091,601,855,22914233,17890347.97,1.2233921E7,-7185043.15,2173405.570,29189568.00,-1282790.6,-3963583,-14792293
3213,568,740,1370,2035,5466295,-735893.27,-1.7533708E7,-1.167553119E7,8222603.290,-23536496.00,1.5684435E7,20731993,10112148
3214,565,1027,378,1928,-21119155,16407191.44,-3.084702E7,-2.334945118E7,2989631.350,2321584.00,110096.56,1985822,13710
3215,941,348,1642,1083,-23806798,-3846604.59,3757911.2,5037291.89,24435960.650,17242956.00,1.3271367E7,-15004970,23734106
3216,520,459,850,2608,-27525311,4369003.10,3496462.5,-4223886.96,9581770.330,-3849920.00,2.2896618E7,-20811628,26373865
3217,1413,1991,1093,1098,9267831,12682758.56,-6742611.0,1.415608106E7,-25897441.270,-32018832.00,1.5899638E7,-23539419,-23646718
3218,1017,2282,423,2311,27805639,22281273.82,-2.9287128E7,-9682187.14,28676049.040,4849760.00,1.734226E7,6441464,-9602329
3219,194,313,808,1545,6921145,-18465987.68,1.344668E7,58179.6,28197206.530,-13020832.00,1445291.4,28133052,25879620
3220,277,1548,701,389,-5058390,17810583.32,6074423.5,-8087818.18,-5193341.010,-3971344.00,-1.4364618E7,2562868,9286914
3221,61,1997,891,832,-6870016,-22545191.09,-1705264.0,-3.185323617E7,7974531.650,-2637936.00,2.0296444E7,-24071992,24848221
3222,362,433,380,453,28837859,6375393.72,1.9077066E7,-2520545.56,-31032289.460,-25278368.00,8301460.5,-30847333,20210586
3223,162,2049,110,223,-14385534,-28123989.02,1.0411811E7,2.476235495E7,-5996134.160,-20247064.00,-1.1035137E7,13513466,-28626328
3224,860,627,91,262,-21151754,-7077540.41,-2.17735E7,-1.991293392E7,-10244143.600,-717424.00,-1.5418097E7,-11701112,6794538
3225,1515,2055,729,2577,-13838086,756665.50,1.2435088E7,1.37797762E7,-2831239.190,-12743008.00,-6089088.5,19938623,-25179105
3226,905,36,714,1590,8233418,-6358441.45,1.2069853E7,-1.377149137E7,-25547779.160,-23996384.00,2.4161088E7,-14524223,-709157
3227,1553,2166,632,1956,-30864984,11148270.45,-2.2093902E7,-3867006.03,23575168.770,-14242720.00,-2.7980424E7,12376147,64094
3228,613,489,855,68,6088877,24128015.81,1.1507865E7,8464833.59,-489582.630,-21945152.00,1.7774402E7,-14026418,654613
3229,572,2156,618,545,-29773236,13483156.83,-2.0050218E7,1.033385742E7,-2331837.800,-11785040.00,3195977.0,16717812,-21511207
3230,710,2124,1223,1205,19656289,13860561.66,2.5680154E7,3882552.68,22425696.500,8733424.00,2.7185102E7,25096815,12805038
3231,1591,77,424,2310,-9451277,-9803269.01,-2.7653506E7,1.508824232E7,15707226.930,24297856.00,1.1162579E7,-1854374,-3972748
3232,1271,2235,692,2138,-18509560,32224127.54,3.1228546E7,-2.244905055E7,3953040.030,-8424848.00,-6305944.5,-7909531,11577961
3233,1283,449,479,2312,-29902370,3038914.74,-1.799437E7,-2177606.34,-15306290.270,-27055264.00,-3982617.2,17326631,-228529
3234,297,855,509,1834,16734194,6558716.34,-3730697.8,1.111706875E7,31793273.860,-4963328.00,-5018586.5,-5152012,-17250230
3235,1486,141,813,688,-1356311,30040955.01,1.5433238E7,1.329617229E7,8141859.160,30119088.00,1973290.0,14636640,32131522
3236,548,1070,1537,928,-23655533,23586632.40,8745771.0,2.396975331E7,10485329.370,-16329936.00,1.3159321E7,24946592,-31327683
3237,1076,1817,822,655,16415822,-9002426.34,-1.4957953E7,-1.719304919E7,-8433342.150,18702272.00,3567906.8,-25305196,-27542929
3238,765,1025,1824,1611,-5824950,819583.09,1814077.1,1091156.43,8693063.220,23375280.00,-1.5649563E7,-17396305,5170091
3239,1114,1700,1717,397,-2139905,-19677418.05,1.9127872E7,888031.2,2178853.580,26510120.00,8249753.0,-3039588,-18286092
3240,565,1739,1371,2394,-4799093,3508800.21,-60893.34,1.530177689E7,-17625817.840,-23944512.00,-8811024.0,31817398,-5862589
3241,1087,2022,681,1287,-22426671,-12388210.40,-6179674.5,2.893581675E7,-11268095.130,9715944.00,-1.1936508E7,2964786,19194106
3242,235,1793,516,1389,2593447,-7877326.55,3994931.2,-2.697646913E7,-28779324.120,-6894636.00,2.83796E7,-17397752,11148122
3243,731,2254,818,1953,12037601,-298799.76,1.4015896E7,-1.063906331E7,20542826.880,-7254496.00,1450394.5,26451379,4769931
3244,972,1735,1822,1204,25686795,-3758610.42,-6222619.5,-1.317741099E7,19203119.150,23724720.00,1.1788097E7,-23462420,-2993134
3245,1551,1024,1550,3,-672232,28699057.67,-6593266.5,1710453.56,25136778.610,27444232.00,6692091.0,671597,-30546893
3246,1555,2169,465,223,-20722712,28720065.12,-1.3182762E7,-2.627000002E7,-14227295.990,-9250240.00,-1.9069808E7,-8236955,-6911104
3247,720,2134,1344,337,-25905833,10167730.69,-1.3554851E7,7632792.75,-27395125.640,-14277856.00,-1.2008359E7,-15644849,-29517127
3248,1483,1347,259,1570,1308848,26928868.36,1.4802529E7,-2963780.44,9951590.750,12784528.00,-5822863.5,-26947272,18570847
3249,331,1761,368,18,22272532,7262797.63,1.7565686E7,1.855850633E7,-31633989.880,11483424.00,6648699.0,-13372982,25688668
3250,368,364,1669,881,-13289940,8422130.70,1251561.8,-2.782583547E7,31410463.480,6611984.00,110437.3,22169047,-22982429
3251,1194,694,1189,1244,-672789,-19268005.29,3.0322022E7,2.02932563E7,-19111199.690,22151648.00,8004150.5,29145339,-12651710
3252,975,1372,762,127,-2356151,-13734197.22,1.4722879E7,-2.861047563E7,-24908894.690,31203312.00,-1.0103375E7,-6897767,4829826
3253,1242,1079,1656,227,-9123268,13232121.59,-1.8575316E7,1.399999799E7,-9385410.080,23632784.00,1245083.5,-17073097,326513
3254,672,762,881,2491,-20415310,3689496.14,3.1645698E7,-2.399606949E7,31688850.090,1071408.00,-2.1859806E7,-6184910,30201467
3255,855,310,40,655,-23904227,-14649930.51,2.5718868E7,-2.010043888E7,-31048438.790,727712.00,-1.708524E7,31057255,2688161
3256,166,119,1312,379,-2894192,-22995670.21,2.8125696E7,9159016.17,837450.110,18373936.00,1.2495595E7,-25878511,-16097595
3257,1132,725,631,64,-17940546,12979768.47,-2.8195516E7,-7552201.72,9184729.940,-17306144.00,3.205784E7,-30266488,-5578724
3258,1559,2197,327,1380,22181975,-22554349.73,1.2193826E7,-1971040.21,-30897356.180,-3510048.00,3018643.8,-12348989,8592207
3259,123,1363,248,1060,-17757052,-11591197.96,1.9454802E7,2.674206048E7,-27491163.760,28943520.00,-104330.06,21036667,-9534605
3260,800,672,1660,399,3536423,22486167.24,3.0253574E7,-8707520.23,-6385721.420,-1048016.00,1.986339E7,-23608106,-11335587
3261,430,811,830,1651,-17744187,10192515.64,-4595188.5,1.888409593E7,15656404.510,-28058540.00,-6942806.0,28395189,-29569427
3262,1273,1825,980,155,23270960,18168701.97,1.2424321E7,-7297043.15,2207167.070,29643968.00,-1302790.6,-4025168,-15022553
3263,494,976,138,1320,5551483,-747368.77,-1.7806508E7,-1.185713119E7,8350700.290,-23902896.00,1.5928435E7,21054495,10269469
3264,758,1807,1367,2663,-21447726,16662459.44,-3.132702E7,-2.371265118E7,3036134.350,2357584.00,111696.56,2016769,13928
3265,1375,1442,450,1251,-24177188,-3906496.59,3816311.2,5115691.89,24816044.650,17511156.00,1.3477767E7,-15238392,24103325
3266,205,1024,718,1253,-27953230,4436989.60,3550862.5,-4289486.96,9730641.830,-3909920.00,2.3252618E7,-21135290,26783771
3267,1597,2107,1156,472,9411980,12879727.06,-6847411.0,1.437608106E7,-26299820.270,-32516432.00,1.6146838E7,-23905205,-24014347
3268,1020,1476,651,1686,28237616,22627617.32,-2.9742328E7,-9832587.14,29121599.540,4924960.00,1.761186E7,6541406,-9751436
3269,6,991,1466,1540,7028697,-18752916.18,1.365548E7,58979.6,28635331.530,-13223232.00,1467691.4,28570022,26281716
3270,335,332,1159,671,-5136832,18087015.32,6168823.5,-8213418.18,-5274109.010,-4032944.00,-1.4587818E7,2602758,9431106
3271,23,2057,686,1577,-6976644,-22895123.09,-1731664.0,-3.234763617E7,8098352.150,-2678736.00,2.0611644E7,-24445684,25234023
3272,187,1626,1199,2185,29285400,6474282.22,1.9373066E7,-2559745.56,-31513846.460,-25670768.00,8430261.0,-31326014,20524074
3273,1051,1645,1244,1411,-14608701,-28560182.02,1.0573411E7,2.514635495E7,-6089090.660,-20561064.00,-1.1206337E7,13723172,-29070315
3274,740,84,152,1174,-21479644,-7187189.91,-2.21111E7,-2.022173392E7,-10402973.100,-728624.00,-1.5657297E7,-11882582,6899788
3275,1383,1848,590,183,-14052698,768321.50,1.2627888E7,1.39933762E7,-2874999.190,-12940608.00,-6183488.5,20247627,-25569620
3276,39,2279,962,2143,8361124,-6457102.95,1.2257053E7,-1.398509137E7,-25943838.160,-24368384.00,2.4535488E7,-14749370,-720133
3277,248,894,604,1393,-31343268,11321126.95,-2.2436302E7,-3927006.03,23940368.770,-14463520.00,-2.8414024E7,12567886,65089
3278,914,585,784,1317,6183178,24501736.81,1.1686265E7,8596033.59,-497070.130,-22285152.00,1.8049602E7,-14243813,664721
3279,923,721,1513,1083,-30234361,13691808.83,-2.0360618E7,1.049385742E7,-2368043.800,-11967440.00,3245577.0,16976533,-21844289
3280,619,1810,878,267,19960528,14075176.66,2.6077754E7,3942552.68,22772961.000,8868624.00,2.7605902E7,25485165,13003392
3281,557,1331,803,2097,-9597496,-9954823.51,-2.8081506E7,1.532184232E7,15950220.430,24673856.00,1.1335379E7,-1883095,-4034268
3282,882,2025,1367,1969,-18795768,32722504.04,3.1711746E7,-2.279625055E7,4014179.030,-8555248.00,-6403544.5,-8031879,11756936
3283,1384,651,921,75,-30364693,3085890.24,-1.827277E7,-2211206.34,-15543136.270,-27473664.00,-4044217.2,17594730,-232128
3284,1597,102,112,2036,16993043,6660006.84,-3788297.8,1.128906875E7,32284732.860,-5040128.00,-5096186.5,-5231696,-17516877
3285,992,59,1834,238,-1377186,30505160.51,1.5671638E7,1.350177229E7,8267624.660,30584688.00,2003690.0,14862766,32628010
3286,183,285,696,985,-24020917,23951109.40,8880971.0,2.434015331E7,10647407.870,-16582136.00,1.3362521E7,25332016,-31811824
3287,1528,1522,161,428,16669331,-9141351.84,-1.5189153E7,-1.745864919E7,-8563641.150,18991072.00,3623106.8,-25696011,-27968363
3288,1569,1835,413,121,-5914849,832094.59,1842077.1,1107956.43,8827221.720,23736080.00,-1.5891163E7,-17665063,5249935
3289,591,474,308,332,-2172874,-19981100.55,1.9423072E7,901631.2,2212594.580,26919320.00,8376953.0,-3086383,-18568457
3290,974,391,7,540,-4873297,3563027.71,-61693.34,1.553777689E7,-17897772.340,-24314112.00,-8947024.0,32308562,-5952953
3291,1481,311,1803,203,-22772772,-12579319.90,-6274874.5,2.938221675E7,-11442001.630,9865944.00,-1.2120508E7,3010501,19490260
3292,1171,2252,1711,180,2633344,-7998966.55,4056531.2,-2.739246913E7,-29223087.120,-7000936.00,2.88172E7,-17666168,11320026
3293,291,96,1169,1321,12223086,-303345.76,1.4231896E7,-1.080306331E7,20859697.380,-7366496.00,1472794.5,26859124,4843491
3294,1359,1306,256,385,26082597,-3816542.42,-6318619.5,-1.338061099E7,19498981.150,24090320.00,1.1969697E7,-23824192,-3039347
3295,334,1855,324,575,-682498,29141235.17,-6694866.5,1736853.56,25523990.610,27867032.00,6795291.0,681986,-31017435
3296,1283,1452,914,1330,-21041793,29162385.12,-1.3385962E7,-2.667480002E7,-14446544.990,-9392640.00,-1.9363408E7,-8363972,-7017460
3297,762,1060,546,1355,-26304622,10324207.69,-1.3763651E7,7750392.75,-27817122.640,-14497856.00,-1.2193159E7,-15885793,-29971630
3298,679,1780,236,140,1329071,27343526.86,1.5030529E7,-3009380.44,10104834.750,12981328.00,-5912463.5,-27362042,18856703
3299,1012,825,100,744,22615219,7374431.13,1.7836086E7,1.884410633E7,-32120821.880,11660224.00,6751099.0,-13578814,26083954
3300,196,1741,966,771,-13494500,8551588.70,1270761.8,-2.825383547E7,31893641.480,6713584.00,112037.3,22510107,-23336094
3301,985,603,1472,415,-683215,-19564461.79,3.0788422E7,2.06052563E7,-19405128.690,22492448.00,8127350.5,29593666,-12846214
3302,1553,1503,684,1168,-2392239,-13945466.72,1.4949279E7,-2.905047563E7,-25291830.190,31683112.00,-1.0258575E7,-7003885,4904221
3303,1490,157,1369,1884,-9263531,13435551.59,-1.8860916E7,1.421519799E7,-9529530.080,23995984.00,1264283.5,-17335494,331576
3304,1606,2251,376,376,-20729150,3746139.64,3.2132098E7,-2.436486949E7,32175878.590,1087808.00,-2.2195806E7,-6279954,30665578
3305,672,1543,1130,105,-24271492,-14874859.51,2.6114068E7,-2.040923888E7,-31525449.290,738912.00,-1.734764E7,31534435,2729462
3306,761,67,466,2175,-2938504,-23348748.71,2.8557696E7,9299816.17,850158.110,18656236.00,1.2687595E7,-26276049,-16344807
3307,106,1272,1351,798,-18215902,13178914.47,-2.8628316E7,-7668201.72,9325589.440,-17571744.00,3.254984E7,-30731126,-5664234
3308,315,1531,961,2467,22522430,-22900572.23,1.2381026E7,-2001440.21,-31371438.680,-3564048.00,3065043.8,-12538531,8724117
3309,1623,1697,696,2598,-18029594,-11769181.96,1.9753202E7,2.715246048E7,-27912948.760,29387520.00,-105930.06,21359343,-9680985
3310,1252,1536,67,1191,3590803,22831084.24,3.0717574E7,-8841120.23,-6483714.420,-1064016.00,2.016819E7,-23970325,-11509592
3311,543,1317,1813,222,-18016261,10348900.14,-4665588.5,1.917369593E7,15896584.010,-28488740.00,-7049206.0,28830589,-30022938
3312,1010,1558,1358,2184,23627687,18447055.97,1.2614721E7,-7409043.15,2240928.570,30098368.00,-1322790.6,-4086753,-15252813
3313,420,1212,761,604,5636670,-758844.27,-1.8079308E7,-1.203873119E7,8478797.290,-24269296.00,1.6172435E7,21376996,10426791
3314,950,190,500,670,-21776297,16917727.44,-3.180702E7,-2.407585118E7,3082637.350,2393584.00,113296.56,2047715,14147
3315,185,137,1114,1418,-24547578,-3966388.59,3874711.2,5194091.89,25196128.650,17779356.00,1.3684167E7,-15471813,24472545
3316,1514,1590,586,2625,-28381150,4504976.10,3605262.5,-4355086.96,9879513.330,-3969920.00,2.3608618E7,-21458951,27193677
3317,158,2222,1219,2575,9556128,13076695.56,-6952211.0,1.459608106E7,-26702199.270,-33014032.00,1.6394038E7,-24270991,-24381975
3318,1023,670,879,1061,28669592,22973960.82,-3.0197528E7,-9982987.14,29567150.040,5000160.00,1.788146E7,6641348,-9900543
3319,1442,1669,267,1534,7136249,-19039844.68,1.386428E7,59779.6,29073456.530,-13425632.00,1490091.4,29006992,26683811
3320,393,1513,1618,954,-5215274,18363447.32,6263223.5,-8339018.18,-5354877.010,-4094544.00,-1.4811018E7,2642648,9575298
3321,1609,2117,481,2323,-7083272,-23245055.09,-1758064.0,-3.284203617E7,8222172.650,-2719536.00,2.0926844E7,-24819377,25619826
3322,11,420,163,1189,29732941,6573170.72,1.9669066E7,-2598945.56,-31995403.460,-26063168.00,8559061.0,-31804695,20837561
3323,316,1241,522,2599,-14831868,-28996375.02,1.0735011E7,2.553035495E7,-6182047.160,-20875064.00,-1.1377537E7,13932878,-29514302
3324,620,1939,213,2085,-21807533,-7296839.41,-2.24487E7,-2.053053392E7,-10561802.600,-739824.00,-1.5896497E7,-12064051,7005038
3325,1251,1641,452,517,-14267309,779977.50,1.2820688E7,1.42069762E7,-2918759.190,-13138208.00,-6277888.5,20556630,-25960135
3326,796,2123,1210,2695,8488830,-6555764.45,1.2444253E7,-1.419869137E7,-26339897.160,-24740384.00,2.4909888E7,-14974517,-731109
3327,568,2020,576,830,-31821552,11493983.45,-2.2778702E7,-3987006.03,24305568.770,-14684320.00,-2.8847624E7,12759625,66083
3328,1216,681,713,2566,6277480,24875457.81,1.1864665E7,8727233.59,-504557.630,-22625152.00,1.8324802E7,-14461209,674829
3329,1274,1683,553,1621,-30695485,13900460.83,-2.0671018E7,1.065385742E7,-2404249.800,-12149840.00,3295177.0,17235255,-22177371
3330,527,1495,533,2056,20264766,14289791.66,2.6475354E7,4002552.68,23120225.500,9003824.00,2.8026702E7,25873515,13201747
3331,1147,187,1183,1883,-9743715,-10106378.01,-2.8509506E7,1.555544232E7,16193213.930,25049856.00,1.1508179E7,-1911816,-4095788
3332,492,1814,186,1800,-19081977,33220880.54,3.2194946E7,-2.314345055E7,4075318.030,-8685648.00,-6501144.5,-8154227,11935911
3333,1486,852,1363,565,-30827016,3132865.74,-1.855117E7,-2244806.34,-15779982.270,-27892064.00,-4105817.2,17862828,-235728
3334,1272,1747,1571,2239,17251893,6761297.34,-3845897.8,1.146106875E7,32776191.860,-5116928.00,-5173786.5,-5311380,-17783523
3335,498,2375,998,2516,-1398062,30969366.01,1.5910038E7,1.370737229E7,8393390.160,31050288.00,2034090.0,15088892,33124498
3336,1443,1897,1711,1041,-24386301,24315586.40,9016171.0,2.471055331E7,10809486.370,-16834336.00,1.3565721E7,25717439,-32295964
3337,357,1227,1356,201,16922840,-9280277.34,-1.5420353E7,-1.772424919E7,-8693940.150,19279872.00,3678306.8,-26086825,-28393798
3338,748,246,858,1359,-6004749,844606.09,1870077.1,1124756.43,8961380.220,24096880.00,-1.6132763E7,-17933822,5329779
3339,68,1646,756,267,-2205843,-20284783.05,1.9718272E7,915231.2,2246335.580,27328520.00,8504153.0,-3133178,-18850821
3340,1384,1442,499,1413,-4947502,3617255.21,-62493.34,1.577377689E7,-18169726.840,-24683712.00,-9083024.0,32799725,-6043316
3341,250,999,1070,1846,-23118874,-12770429.40,-6370074.5,2.982861675E7,-11615908.130,10015944.00,-1.2304508E7,3056216,19786413
3342,482,313,1050,1700,2673240,-8120606.55,4118131.2,-2.780846913E7,-29666850.120,-7107236.00,2.92548E7,-17934585,11491929
3343,1475,336,1520,689,12408570,-307891.76,1.4447896E7,-1.096706331E7,21176567.880,-7478496.00,1495194.5,27266869,4917052
3344,122,878,547,2293,26478399,-3874474.42,-6414619.5,-1.358381099E7,19794843.150,24455920.00,1.2151297E7,-24185965,-3085560
3345,740,288,954,1147,-692765,29583412.67,-6796466.5,1763253.56,25911202.610,28289832.00,6898491.0,692375,-31487976
3346,1012,735,1363,2438,-21360875,29604705.12,-1.3589162E7,-2.707960002E7,-14665793.990,-9535040.00,-1.9657008E7,-8490989,-7123817
3347,804,2385,1603,2373,-26703411,10480684.69,-1.3972451E7,7867992.75,-28239119.640,-14717856.00,-1.2377959E7,-16126736,-30426134
3348,1499,2213,213,1438,1349293,27758185.36,1.5258529E7,-3054980.44,10258078.750,13178128.00,-6002063.5,-27776813,19142559
3349,70,2287,1689,1469,22957905,7486064.63,1.8106486E7,1.912970633E7,-32607653.880,11837024.00,6853499.0,-13784647,26479239
3350,23,720,262,661,-13699061,8681046.70,1289961.8,-2.868183547E7,32376819.480,6815184.00,113637.3,22851166,-23689759
3351,777,513,1756,2313,-693641,-19860918.29,3.1254822E7,2.09172563E7,-19699057.690,22833248.00,8250550.5,30041993,-13040718
3352,507,1634,606,2210,-2428326,-14156736.22,1.5175679E7,-2.949047563E7,-25674765.690,32162912.00,-1.0413775E7,-7110004,4978616
3353,115,1634,1082,812,-9403793,13638981.59,-1.9146516E7,1.443039799E7,-9673650.080,24359184.00,1283483.5,-17597891,336639
3354,916,1343,1727,989,-21042990,3802783.14,3.2618498E7,-2.473366949E7,32662907.090,1104208.00,-2.2531806E7,-6374999,31129689
3355,490,379,364,2283,-24638756,-15099788.51,2.6509268E7,-2.071803888E7,-32002459.790,750112.00,-1.761004E7,32011615,2770763
3356,1357,14,1476,1244,-2982816,-23701827.21,2.8989696E7,9440616.17,862866.110,18938536.00,1.2879595E7,-26673587,-16592019
3357,703,1819,214,1533,-18491258,13378060.47,-2.9061116E7,-7784201.72,9466448.940,-17837344.00,3.304184E7,-31195765,-5749743
3358,696,865,1594,827,22862885,-23246794.73,1.2568226E7,-2031840.21,-31845521.180,-3618048.00,3111443.8,-12728072,8856027
3359,1498,2031,1144,1409,-18302135,-11947165.96,2.0051602E7,2.756286048E7,-28334733.760,29831520.00,-107530.06,21682020,-9827365
3360,80,2,330,1983,3645183,23176001.24,3.1181574E7,-8974720.23,-6581707.420,-1080016.00,2.047299E7,-24332544,-11683598
3361,655,1823,940,1521,-18288335,10505284.64,-4735988.5,1.946329593E7,16136763.510,-28918940.00,-7155606.0,29265988,-30476449
3362,746,1292,1737,1484,23984414,18725409.97,1.2805121E7,-7521043.15,2274690.070,30552768.00,-1342790.6,-4148338,-15483073
3363,346,1448,1385,2617,5721858,-770319.77,-1.8352108E7,-1.222033119E7,8606894.290,-24635696.00,1.6416435E7,21699498,10584112
3364,1143,970,1489,1405,-22104868,17172995.44,-3.228702E7,-2.443905118E7,3129140.350,2429584.00,114896.56,2078662,14365
3365,619,1231,1778,1586,-24917968,-4026280.59,3933111.2,5272491.89,25576212.650,18047556.00,1.3890567E7,-15705235,24841764
3366,1199,2155,454,1270,-28809069,4572962.60,3659662.5,-4420686.96,10028384.830,-4029920.00,2.3964618E7,-21782613,27603583
3367,342,2338,1282,1949,9700277,13273664.06,-7057011.0,1.481608106E7,-27104578.270,-33511632.00,1.6641238E7,-24636777,-24749604
3368,1026,2262,1107,436,29101569,23320304.32,-3.0652728E7,-1.013338714E7,30012700.540,5075360.00,1.815106E7,6741290,-10049650
3369,1254,2347,925,1529,7243801,-19326773.18,1.407308E7,60579.6,29511581.530,-13628032.00,1512491.4,29443962,27085907
3370,451,297,220,1236,-5293716,18639879.32,6357623.5,-8464618.18,-5435645.010,-4156144.00,-1.5034218E7,2682538,9719490
3371,1571,2177,276,340,-7189900,-23594987.09,-1784464.0,-3.333643617E7,8345993.150,-2760336.00,2.1242044E7,-25193069,26005628
3372,1460,1613,982,193,30180482,6672059.22,1.9965066E7,-2638145.56,-32476960.460,-26455568.00,8687861.0,-32283376,21151049
3373,1205,837,1656,1059,-15055035,-29432568.02,1.0896611E7,2.591435495E7,-6275003.660,-21189064.00,-1.1548737E7,14142584,-29958289
3374,500,1396,274,269,-22135423,-7406488.91,-2.27863E7,-2.083933392E7,-10720632.100,-751024.00,-1.6135697E7,-12245521,7110288
3375,1119,1434,313,851,-14481921,791633.50,1.3013488E7,1.44205762E7,-2962519.190,-13335808.00,-6372288.5,20865634,-26350650
3376,1554,1968,1458,520,8616536,-6654425.95,1.2631453E7,-1.441229137E7,-26735956.160,-25112384.00,2.5284288E7,-15199664,-742085
3377,887,748,548,267,-32299836,11666839.95,-2.3121102E7,-4047006.03,24670768.770,-14905120.00,-2.9281224E7,12951364,67078
3378,1517,777,642,1087,6371781,25249178.81,1.2043065E7,8858433.59,-512045.130,-22965152.00,1.8600002E7,-14678604,684937
3379,1,248,1448,2159,-31156610,14109112.83,-2.0981418E7,1.081385742E7,-2440455.800,-12332240.00,3344777.0,17493976,-22510453
3380,436,1181,188,1118,20569005,14504406.66,2.6872954E7,4062552.68,23467490.000,9139024.00,2.8447502E7,26261865,13400101
3381,113,1441,1562,1670,-9889934,-10257932.51,-2.8937506E7,1.578904232E7,16436207.430,25425856.00,1.1680979E7,-1940537,-4157308
3382,103,1604,861,1631,-19368185,33719257.04,3.2678146E7,-2.349065055E7,4136457.030,-8816048.00,-6598744.5,-8276575,12114886
3383,1587,1054,1805,1056,-31289339,3179841.24,-1.882957E7,-2278406.34,-16016828.270,-28310464.00,-4167417.2,18130927,-239327
3384,948,994,1174,2441,17510742,6862587.84,-3903497.8,1.163306875E7,33267650.860,-5193728.00,-5251386.5,-5391064,-18050170
3385,4,2293,163,2066,-1418937,31433571.51,1.6148438E7,1.391297229E7,8519155.660,31515888.00,2064490.0,15315018,33620986
3386,1078,1112,870,1098,-24751685,24680063.40,9151371.0,2.508095331E7,10971564.870,-17086536.00,1.3768921E7,26102863,-32780105
3387,809,932,695,2702,17176349,-9419202.84,-1.5651553E7,-1.798984919E7,-8824239.150,19568672.00,3733506.8,-26477640,-28819232
3388,1552,1056,1303,2597,-6094648,857117.59,1898077.1,1141556.43,9095538.720,24457680.00,-1.6374363E7,-18202580,5409623
3389,1169,420,1203,202,-2238812,-20588465.55,2.0013472E7,928831.2,2280076.580,27737720.00,8631353.0,-3179973,-19133186
3390,169,94,991,2287,-5021706,3671482.71,-63293.34,1.600977689E7,-18441681.340,-25053312.00,-9219024.0,33290889,-6133680
3391,644,1686,336,762,-23464975,-12961538.90,-6465274.5,3.027501675E7,-11789814.630,10165944.00,-1.2488508E7,3101931,20082567
3392,1418,772,389,491,2713137,-8242246.55,4179731.2,-2.822446913E7,-30110613.120,-7213536.00,2.96924E7,-18203001,11663833
3393,1035,576,15,57,12594055,-312437.76,1.4663896E7,-1.113106331E7,21493438.380,-7590496.00,1517594.5,27674614,4990612
3394,509,449,837,1474,26874201,-3932406.42,-6510619.5,-1.378701099E7,20090705.150,24821520.00,1.2332897E7,-24547737,-3131773
3395,1147,1119,1584,1719,-703031,30025590.17,-6898066.5,1789653.56,26298414.610,28712632.00,7001691.0,702764,-31958518
3396,740,18,1812,817,-21679956,30047025.12,-1.3792362E7,-2.748440002E7,-14885042.990,-9677440.00,-1.9950608E7,-8618006,-7230173
3397,846,1311,805,663,-27102200,10637161.69,-1.4181251E7,7985592.75,-28661116.640,-14937856.00,-1.2562759E7,-16367680,-30880637
3398,695,248,190,8,1369516,28172843.86,1.5486529E7,-3100580.44,10411322.750,13374928.00,-6091663.5,-28191583,19428415
3399,751,1351,1421,2195,23300592,7597698.13,1.8376886E7,1.941530633E7,-33094485.880,12013824.00,6955899.0,-13990479,26874525
3400,1475,2097,1415,551,-13903621,8810504.70,1309161.8,-2.910983547E7,32859997.480,6916784.00,115237.3,23192226,-24043424
3401,568,422,183,1484,-704067,-20157374.79,3.1721222E7,2.12292563E7,-19992986.690,23174048.00,8373750.5,30490320,-13235222
3402,1085,1765,528,523,-2464414,-14368005.72,1.5402079E7,-2.993047563E7,-26057701.190,32642712.00,-1.0568975E7,-7216122,5053011
3403,363,712,795,2469,-9544056,13842411.59,-1.9432116E7,1.464559799E7,-9817770.080,24722384.00,1302683.5,-17860288,341702
3404,226,434,1222,1602,-21356830,3859426.64,3.3104898E7,-2.510246949E7,33149935.590,1120608.00,-2.2867806E7,-6470043,31593800
3405,307,1612,1454,1733,-25006021,-15324717.51,2.6904468E7,-2.102683888E7,-32479470.290,761312.00,-1.787244E7,32488795,2812064
3406,328,2360,630,312,-3027128,-24054905.71,2.9421696E7,9581416.17,875574.110,19220836.00,1.3071595E7,-27071125,-16839231
3407,1301,2366,934,2267,-18766614,13577206.47,-2.9493916E7,-7900201.72,9607308.440,-18102944.00,3.353384E7,-31660403,-5835253
3408,1076,199,372,1914,23203340,-23593017.23,1.2755426E7,-2062240.21,-32319603.680,-3672048.00,3157843.8,-12917614,8987937
3409,1374,2365,1592,219,-18574677,-12125149.96,2.0350002E7,2.797326048E7,-28756518.760,30275520.00,-109130.06,22004696,-9973745
3410,532,866,593,47,3699563,23520918.24,3.1645574E7,-9108320.23,-6679700.420,-1096016.00,2.077779E7,-24694763,-11857603
3411,768,2329,67,92,-18560409,10661669.14,-4806388.5,1.975289593E7,16376943.010,-29349140.00,-7262006.0,29701388,-30929960
3412,483,1025,259,785,24341141,19003763.97,1.2995521E7,-7633043.15,2308451.570,31007168.00,-1362790.6,-4209923,-15713333
3413,272,1684,152,1901,5807045,-781795.27,-1.8624908E7,-1.240193119E7,8734991.290,-25002096.00,1.6660435E7,22021999,10741434
3414,1335,1751,622,2140,-22433439,17428263.44,-3.276702E7,-2.480225118E7,3175643.350,2465584.00,116496.56,2109608,14584
3415,1053,2324,586,1753,-25288358,-4086172.59,3991511.2,5350891.89,25956296.650,18315756.00,1.4096967E7,-15938656,25210984
3416,884,323,322,2642,-29236989,4640949.10,3714062.5,-4486286.96,10177256.330,-4089920.00,2.4320618E7,-22106274,28013489
3417,527,55,1345,1324,9844425,13470632.56,-7161811.0,1.503608106E7,-27506957.270,-34009232.00,1.6888438E7,-25002563,-25117232
3418,1029,1456,1335,2539,29533545,23666647.82,-3.1107928E7,-1.028378714E7,30458251.040,5150560.00,1.842066E7,6841232,-10198757
3419,1066,627,1582,1523,7351353,-19613701.68,1.428188E7,61379.6,29949706.530,-13830432.00,1534891.4,29880932,27488002
3420,509,1478,679,1519,-5372158,18916311.32,6452023.5,-8590218.18,-5516413.010,-4217744.00,-1.5257418E7,2722428,9863682
3421,1533,2237,71,1086,-7296528,-23944919.09,-1810864.0,-3.383083617E7,8469813.650,-2801136.00,2.1557244E7,-25566762,26391431
3422,1284,407,1802,1925,30628023,6770947.72,2.0261066E7,-2677345.56,-32958517.460,-26847968.00,8816661.0,-32762057,21464536
3423,470,433,934,2247,-15278202,-29868761.02,1.1058211E7,2.629835495E7,-6367960.160,-21503064.00,-1.1719937E7,14352290,-30402276
3424,380,853,335,1180,-22463312,-7516138.41,-2.31239E7,-2.114813392E7,-10879461.600,-762224.00,-1.6374897E7,-12426990,7215538
3425,987,1227,175,1185,-14696532,803289.50,1.3206288E7,1.46341762E7,-3006279.190,-13533408.00,-6466688.5,21174637,-26741165
3426,687,1812,1706,1072,8744242,-6753087.45,1.2818653E7,-1.462589137E7,-27132015.160,-25484384.00,2.5658688E7,-15424811,-753061
3427,1207,1874,520,2432,-32778120,11839696.45,-2.3463502E7,-4107006.03,25035968.770,-15125920.00,-2.9714824E7,13143103,68072
3428,195,873,571,2336,6466083,25622899.81,1.2221465E7,8989633.59,-519532.630,-23305152.00,1.8875202E7,-14896000,695045
3429,352,1210,488,2697,-31617734,14317764.83,-2.1291818E7,1.097385742E7,-2476661.800,-12514640.00,3394377.0,17752698,-22843535
3430,344,866,1699,179,20873243,14719021.66,2.7270554E7,4122552.68,23814754.500,9274224.00,2.8868302E7,26650215,13598456
3431,703,297,86,1456,-10036153,-10409487.01,-2.9365506E7,1.602264232E7,16679200.930,25801856.00,1.1853779E7,-1969258,-4218828
3432,1337,1393,1536,1462,-19654394,34217633.54,3.3161346E7,-2.383785055E7,4197596.030,-8946448.00,-6696344.5,-8398923,12293861
3433,65,1255,391,1546,-31751662,3226816.74,-1.910797E7,-2312006.34,-16253674.270,-28728864.00,-4229017.5,18399025,-242927
3434,623,241,777,2644,17769592,6963878.34,-3961097.8,1.180506875E7,33759109.860,-5270528.00,-5328986.5,-5470748,-18316816
3435,1134,2211,1183,1616,-1439813,31897777.01,1.6386838E7,1.411857229E7,8644921.160,31981488.00,2094890.0,15541144,34117474
3436,714,326,29,1154,-25117069,25044540.40,9286571.0,2.545135331E7,11133643.370,-17338736.00,1.3972121E7,26488286,-33264245
3437,1262,637,34,2475,17429858,-9558128.34,-1.5882753E7,-1.825544919E7,-8954538.150,19857472.00,3788706.8,-26868454,-29244667
3438,731,1865,1748,1107,-6184548,869629.09,1926077.1,1158356.43,9229697.220,24818480.00,-1.6615963E7,-18471339,5489467
3439,646,1592,1651,137,-2271781,-20892148.05,2.0308672E7,942431.2,2313817.580,28146920.00,8758553.0,-3226768,-19415550
3440,579,1145,1483,432,-5095911,3725710.21,-64093.34,1.624577689E7,-18713635.840,-25422912.00,-9355024.0,33782052,-6224043
3441,1037,2374,1459,2405,-23811077,-13152648.40,-6560474.5,3.072141675E7,-11963721.130,10315944.00,-1.2672508E7,3147646,20378720
3442,729,1231,1584,2011,2753033,-8363886.55,4241331.0,-2.864046913E7,-30554376.120,-7319836.00,3.013E7,-18471418,11835736
3443,595,816,366,2153,12779539,-316983.76,1.4879896E7,-1.129506331E7,21810308.880,-7702496.00,1539994.5,28082359,5064173
3444,896,21,1128,654,27270003,-3990338.42,-6606619.5,-1.399021099E7,20386567.150,25187120.00,1.2514497E7,-24909510,-3177986
3445,1553,1950,358,2291,-713298,30467767.67,-6999666.5,1816053.56,26685626.610,29135432.00,7104891.0,713153,-32429059
3446,469,1699,405,1925,-21999038,30489345.12,-1.3995562E7,-2.788920002E7,-15104291.990,-9819840.00,-2.0244208E7,-8745023,-7336530
3447,888,238,6,1681,-27500989,10793638.69,-1.4390051E7,8103192.75,-29083113.640,-15157856.00,-1.2747559E7,-16608623,-31335141
3448,1515,681,167,1306,1389738,28587502.36,1.5714529E7,-3146180.44,10564566.750,13571728.00,-6181263.5,-28606354,19714271
3449,1433,415,1154,192,23643278,7709331.63,1.8647286E7,1.970090633E7,-33581317.880,12190624.00,7058299.0,-14196312,27269810
3450,1302,1076,711,441,-14108182,8939962.70,1328361.8,-2.953783547E7,33343175.480,7018384.00,116837.3,23533285,-24397089
3451,360,332,467,654,-714493,-20453831.29,3.2187622E7,2.15412563E7,-20286915.690,23514848.00,8496950.0,30938647,-13429726
3452,39,1896,450,1565,-2500501,-14579275.22,1.5628479E7,-3.037047563E7,-26440636.690,33122512.00,-1.0724175E7,-7322241,5127406
3453,612,2189,508,1397,-9684318,14045841.59,-1.9717716E7,1.486079799E7,-9961890.080,25085584.00,1321883.5,-18122685,346765
3454,1160,1924,717,2215,-21670670,3916070.14,3.35913E7,-2.547126949E7,33636964.090,1137008.00,-2.3203806E7,-6565088,32057911
3455,125,448,688,1183,-25373285,-15549646.51,2.7299668E7,-2.133563888E7,-32956480.790,772512.00,-1.813484E7,32965975,2853365
3456,924,2307,1640,2109,-3071440,-24407984.21,2.9853696E7,9722216.17,888282.110,19503136.00,1.3263595E7,-27468663,-17086443
3457,274,515,1653,274,-19041970,13776352.47,-2.9926716E7,-8016201.72,9748167.940,-18368544.00,3.402584E7,-32125042,-5920762
3458,1457,1931,1005,274,23543795,-23939239.73,1.2942626E7,-2092640.21,-32793686.180,-3726048.00,3204243.8,-13107155,9119847
3459,1249,301,184,1758,-18847218,-12303133.96,2.0648402E7,2.838366048E7,-29178303.760,30719520.00,-110730.06,22327373,-10120125
3460,984,1730,856,839,3753943,23865835.24,3.2109574E7,-9241920.23,-6777693.420,-1112016.00,2.108259E7,-25056982,-12031609
3461,880,437,1050,1391,-18832483,10818053.64,-4876788.5,2.004249593E7,16617122.510,-29779340.00,-7368406.0,30136787,-31383471
3462,219,759,638,85,24697868,19282117.97,1.3185921E7,-7745043.15,2342213.070,31461568.00,-1382790.6,-4271508,-15943593
3463,198,1920,776,1186,5892233,-793270.77,-1.8897708E7,-1.258353119E7,8863088.290,-25368496.00,1.6904436E7,22344501,10898755
3464,1528,133,1611,147,-22762010,17683531.44,-3.324702E7,-2.516545118E7,3222146.350,2501584.00,118096.56,2140555,14802
3465,1487,1020,1250,1921,-25658748,-4146064.59,4049911.2,5429291.89,26336380.650,18583956.00,1.4303367E7,-16172078,25580203
3466,569,888,190,1287,-29664908,4708935.60,3768462.5,-4551886.96,10326127.830,-4149920.00,2.4676618E7,-22429936,28423395
3467,711,171,1408,698,9988574,13667601.06,-7266611.0,1.525608106E7,-27909336.270,-34506832.00,1.7135638E7,-25368349,-25484861
3468,1032,650,1563,1914,29965522,24012991.32,-3.1563128E7,-1.043418714E7,30903801.540,5225760.00,1.869026E7,6941174,-10347864
3469,878,1305,384,1518,7458905,-19900630.18,1.449068E7,62179.6,30387831.530,-14032832.00,1557291.4,30317902,27890098
3470,567,262,1137,1801,-5450600,19192743.32,6546423.5,-8715818.18,-5597181.010,-4279344.00,-1.5480618E7,2762318,10007874
3471,1495,2297,1722,1831,-7403156,-24294851.09,-1837264.0,-3.432523617E7,8593634.150,-2841936.00,2.1872444E7,-25940454,26777233
3472,1109,1600,765,929,31075564,6869836.22,2.0557066E7,-2716545.56,-33440074.460,-27240368.00,8945461.0,-33240738,21778024
3473,1359,29,212,707,-15501369,-30304954.02,1.1219811E7,2.668235495E7,-6460916.660,-21817064.00,-1.1891137E7,14561996,-30846263
3474,260,310,396,2092,-22791202,-7625787.91,-2.34615E7,-2.145693392E7,-11038291.100,-773424.00,-1.6614097E7,-12608460,7320788
3475,855,1020,36,1519,-14911144,814945.50,1.3399088E7,1.48477762E7,-3050039.190,-13731008.00,-6561088.5,21483641,-27131680
3476,1445,1657,98,1625,8871948,-6851748.95,1.3005853E7,-1.483949137E7,-27528074.160,-25856384.00,2.6033088E7,-15649958,-764037
3477,1526,602,492,1869,-33256404,12012552.95,-2.3805902E7,-4167006.03,25401168.770,-15346720.00,-3.0148424E7,13334842,69067
3478,496,969,500,857,6560384,25996620.81,1.2399865E7,9120833.59,-527020.130,-23645152.00,1.9150402E7,-15113395,705153
3479,703,2173,1383,507,-32078859,14526416.83,-2.1602218E7,1.113385742E7,-2512867.800,-12697040.00,3443977.0,18011419,-23176617
3480,253,552,1354,1969,21177482,14933636.66,2.7668154E7,4182552.68,24162019.000,9409424.00,2.9289102E7,27038565,13796810
