254,1995,814,1935,3,10,23,601341#Jq7MduO2kb8FHfkZa,1930836,-615459,1550548,2010-09-09 16:37:03.000,940482.0000
255,1372,1247,115,1,14,69,1784632#s3ZtBvsK6lKKIj4gj,-2463737,-123856,2181556,2009-04-28 00:07:29.000,687011.0000
256,768,1416,1892,2,10,44,1865412#hId3fytFbxI3ZhCSk,1849811,-166218,-1394941,2017-11-22 07:07:11.000,257792.0000
257,238,188,1134,2,12,62,1190471#DTzT8tnGUHBiMQVCd,344351,-1156083,1395197,2003-03-05 16:41:55.000,2516226.2000
258,576,466,95,3,12,22,1476645#DQtx1QQlk84qn6mBr,2138956,-1002175,2048229,2013-12-29 23:20:55.000,-159206.4400
259,24,2250,705,1,11,7,542096#AkyGKgUDubq624Z27,611447,115167,1518662,2005-10-29 10:02:20.000,1897958.5000
260,1927,2038,1997,3,1,13,482243#U8O7JAxbQ7kmE99D4,-70275,-1261789,-2469151,2007-04-12 23:46:52.000,2579966.0000
261,2101,2010,1146,1,12,58,243305#p90wj3zbman31lunK,2470694,2550368,778080,2005-01-21 11:10:53.000,1413227.0000
262,800,1609,2913,3,1,4,1076735#bjpZ8AMpNrpnVqk3i,2499627,602294,534068,2015-04-20 15:40:43.000,-1149928.5000
263,1066,230,2132,3,6,67,707925#JlhGJ8iTOgLfhWu9s,582263,-2362667,-2455915,2009-01-28 07:05:00.000,1982178.3100
264,1098,1717,1488,1,4,19,2298668#SREh4coTimDEOYDqg,1655180,-114959,684073,2017-02-04 02:03:17.000,-1771684.0000
265,1415,2718,2660,1,13,43,1266310#cvkgmLlD5MjH95Q1e,-2050898,-977379,-1563798,2004-09-07 00:33:27.000,1828799.5000
266,451,1859,544,2,6,8,768397#5xR5SEfFZrfJCzuud,1371561,2478825,-2541972,2011-05-28 06:34:26.000,-568613.9200
267,1888,653,4420,2,10,55,2139499#lxtrgHp6CnSOvoweY,1656462,2233820,-91445,2017-09-17 01:02:09.000,1400764.5400
268,556,1366,2046,3,12,11,560759#pZ4ohn9epDzxMJDiD,744755,983192,-2555724,2017-11-21 10:10:00.000,2456824.0000
269,751,1235,1229,2,6,64,1914752#XJgHo9YBybhOkzpNz,-2080225,-1540776,-1487881,2005-10-09 15:45:28.000,692073.0000
270,1604,2559,1838,2,13,10,1669033#ANAg6hUq5IQHsU4B2,-496282,2689396,21992,2004-10-29 19:28:21.000,-1975392.0000
271,2357,342,316,2,12,54,1593918#834a5fT9vZOJIdS03,-553892,-2309936,1898340,2003-06-18 13:25:21.000,407303.5200
272,1542,1523,3952,3,7,5,336532#TqOBZBGmGagrSDklB,-1089970,1920033,-2049953,2011-10-23 04:43:06.000,-682800.0000
273,1717,213,2211,1,5,65,2080241#QGLSns351xvb4XkPO,1643390,-2193417,1313861,2012-12-23 09:54:36.000,-10852.0000
274,1002,1819,2094,1,5,28,156215#zxXUmAEYi0IDH30nv,2089983,2615582,-1277487,2009-08-07 04:12:47.000,-2352511.0000
275,443,1780,1919,2,7,66,1244013#QE354JsJBH4M6so1v,-2509091,-692226,2193047,2006-10-25 17:07:34.000,415426.5000
276,464,288,578,2,7,66,2120866#mr1vXxvX3EyFU1gcX,-393249,-1716727,2760723,2015-01-14 08:12:38.000,-596531.0000
277,722,1009,595,2,6,43,466991#yq1q8g3GTE4ElqW8c,-710916,1329267,2751970,2012-05-08 08:07:11.000,-541937.6400
278,1566,1408,3139,3,14,6,1496196#fBXsNPuTgL0c6gPFg,188467,984497,-519916,2003-08-14 20:57:56.000,442950.0000
279,815,2571,2994,1,10,72,141867#JFtN7D7ZnL5DUobDR,2352155,-1132756,-206706,2013-07-13 13:37:43.000,-874551.5000
280,1658,244,4103,1,9,60,317343#8Gy1yNv1vWlDJPQTs,-1390703,-2339403,73528,2008-11-26 15:42:06.000,1362704.0000
281,1246,1564,2605,2,2,54,796329#ZtpOTJVhVjIa0wOtr,2345875,1721556,-1019203,2004-05-18 07:38:14.000,-2295935.2500
282,1671,923,3856,3,9,69,1503810#kefdoWuqWYKjfEUXC,2750001,373823,1040669,2004-03-07 17:49:58.000,142510.0000
283,907,205,3837,1,9,9,1677312#OsLITTW5w8r9QLeuq,-917701,-2197456,1063261,2006-02-01 05:56:25.000,1875142.0000
284,1936,937,3174,2,11,29,2568966#whwWwzAZEEhJjxz3l,2741650,1320063,-1509375,2011-02-07 08:38:10.000,-763904.0000
285,318,1958,1051,3,1,17,2713471#DTzT8tnGUHBiMQVCd,2468745,2518999,-122716,2015-01-29 20:00:07.000,-125832.0000
286,209,2063,1292,1,1,62,808453#SHuus3ybZOji8u4B8,330970,-1005770,1487944,2018-07-29 13:01:11.000,-52105.4800
287,1644,1846,1332,3,1,56,2546851#jxQCV5PujaHXD00I0,656489,2251949,-2819312,2010-06-25 02:54:13.000,-2128632.5000
288,631,2517,3612,3,13,18,1436497#wx4kvPs8HjoqTZcnq,-776119,410514,418376,2003-02-26 08:34:07.000,2144864.0000
289,704,2697,3361,2,10,24,658980#pbZYUfhJ5YyCySMoF,531276,-1076045,-122896,2009-02-28 01:28:52.000,-642266.4300
290,1223,2104,3630,3,4,35,1254571#8dXSHSi74YG5aKpSh,258046,-2051449,-1576556,2005-11-28 10:16:31.000,-791251.0000
291,1295,763,346,3,3,51,637832#asAcZZaH76zYJCJWn,-2404437,-2506606,-1270846,2003-11-23 08:24:18.000,2767807.5000
292,359,2148,1816,1,4,11,143983#aVJQkRnTZHJky2yWP,-2497696,289726,-2784632,2005-02-13 07:56:42.000,499290.0000
293,2386,1255,1070,3,7,45,2482574#0gKcGF5XJSeoYlpDS,1609564,-2863536,2663402,2003-05-14 17:29:36.000,671922.5000
294,868,220,1941,3,6,31,619707#Om3T0ez2dUheMv3Z8,-986801,2812162,2263183,2016-02-29 07:05:51.000,1122644.0000
295,2146,1674,2039,1,4,29,712897#FjwOydboQJzKeiDpJ,1195879,1004792,158551,2010-09-23 11:36:47.000,2487283.5000
296,456,2522,1388,2,8,35,671334#053lWA9ElsmiwkTWr,446767,-2120376,1916228,2009-05-01 11:03:58.000,-489832.0000
297,431,1964,2284,1,5,55,195861#fDHTEjy2vdwGc9i8z,973815,-871590,-2604608,2003-08-26 10:49:12.000,-1514863.8800
298,2108,460,3278,2,13,4,1638356#OgmLpkFaT5W4gIZa3,284958,2119345,1411110,2014-11-25 13:23:21.000,-1160586.0000
299,169,1885,286,3,14,53,2582107#TWfTCxeOjHAoPK7ob,1277326,-286746,2450903,2016-08-03 20:58:25.000,-1586022.5000
300,253,928,2840,2,10,57,1799692#4pSGDIdBMIQBF6fh7,-1091433,275348,163143,2016-02-13 13:49:52.000,-1958588.0000
301,1176,275,3680,2,1,62,276898#LZtONw0K89jD2HtxW,-2285036,-2863660,-295398,2005-02-13 10:42:01.000,1225058.7500
302,970,1758,1310,2,2,15,1002932#i8rmMqgLlLTWemSi5,-886853,-2112455,-1792562,2007-05-18 00:00:09.000,-887903.0000
303,689,1164,3734,2,1,69,2767222#NstvvE7iuqpTRmXNk,1353610,1315726,-2141690,2019-07-04 06:53:20.000,-1992975.0000
304,689,1863,2222,1,8,58,719199#CCCH33z9oqXgY8qd1,2309311,-734662,1856622,2010-12-16 19:05:54.000,1126157.0000
305,2366,1475,2604,1,12,41,2133346#IiJBI5R9OndvJ83Lr,-2947662,-148098,2610306,2009-08-18 06:42:24.000,822861.0000
306,2093,649,3717,2,10,3,2228877#rIxnOlaod55i5p8TK,2211317,-199444,-1666716,2017-12-16 03:47:38.000,308492.0000
307,940,2244,3170,2,2,28,1420883#KpkDhCGUotlF9UMFB,410401,-1379978,1666838,2003-08-28 14:17:40.000,3004256.2000
308,1666,2491,154,1,6,52,1762465#Uoe9MjLHdL3cWCs4e,2555125,-1196729,2445933,2014-03-04 03:16:28.000,-189015.4400
309,261,1268,3767,1,2,68,645778#GCEGLjqel9w8BU7JO,728622,137222,1811989,2006-03-27 02:10:01.000,2263933.5000
310,2156,2339,2828,3,1,39,574554#QyCUjxu2Wd3m1u48V,-84450,-1503435,-2944449,2007-08-24 17:12:06.000,3075041.0000
311,920,23,3930,3,6,58,288415#xIGTIaBB4rYa8oU6F,2943594,3037442,928456,2005-06-27 06:28:45.000,1682777.0000
312,1752,123,3288,2,4,60,1281679#Xhm27Q55JZEzw4VhR,2976936,718640,635109,2015-06-10 10:38:31.000,-1371066.0000
313,1718,1931,3801,3,13,34,842402#t92Vyes6xscjyWqKc,691288,-2812495,-2922170,2009-05-23 14:59:45.000,2360146.8100
314,2247,1567,1907,2,13,18,2733428#A0OgAQC7loZZTGLuh,1967330,-137488,814655,2017-03-08 07:46:14.000,-2107909.0000
315,2097,1227,4215,2,6,68,1503414#IxJSq87EROAWrUACt,-2436448,-1162946,-1859482,2005-02-15 01:26:14.000,2174574.5000
316,10,2070,3602,3,13,43,912342#fMyBrDsHwUgByzZBo,1629601,2943629,-3018607,2011-08-27 15:20:49.000,-675769.9200
317,436,1633,645,2,5,39,2539978#a4rewmwl881ilhmAz,1966695,2651946,-108271,2017-10-12 22:31:03.000,1662645.5400
318,96,576,840,2,14,71,664338#KXkMwVSxMI5yUaU4g,882430,1167500,-3032971,2017-12-15 11:20:54.000,2914324.0000
319,1012,1835,532,1,13,45,2269706#QnFx2Zq3whf9eO5w9,-2468425,-1827328,-1765763,2006-03-08 17:42:37.000,822323.0000
320,2387,2700,361,1,8,9,1976897#FjwOydboQJzKeiDpJ,-586426,3188304,26620,2005-04-07 19:16:08.000,-2340592.0000
321,1323,237,3282,1,6,36,1887501#nRqgjgBeaJkAbKkbd,-657429,-2734448,2250260,2003-12-09 20:58:18.000,482959.5200
322,596,93,2607,2,12,69,397437#RZENz1m4He8UjlyDt,-1291520,2272168,-2427452,2012-01-18 15:44:15.000,-808100.0000
323,480,2351,945,2,1,34,2459425#1jHPs7GcOuJC8abeK,1942952,-2594436,1555564,2013-03-08 17:30:48.000,-14652.0000
324,2268,2405,2644,1,2,37,184577#26bb01MSGb27ETXrw,2470233,3092510,-1511889,2009-11-25 18:41:58.000,-2780686.0000
325,688,2363,1539,2,12,32,1469616#WLlskLw5volWcpv8w,-2963791,-819004,2590447,2007-03-14 10:07:54.000,490801.5000
326,1380,516,2251,1,1,39,2504487#BuxaSXEMIdfyFDXtc,-463399,-2027983,3259559,2015-03-09 07:00:39.000,-703618.5000
327,1478,2073,3969,3,12,31,549568#Jd50D1lkFtcNX98Df,-840454,1570624,3249392,2012-07-29 09:07:08.000,-641403.6400
328,2194,1977,1385,2,9,67,1763638#GfNnGoCSpjzeHNvhd,221367,1161054,-611758,2004-02-04 05:54:32.000,521000.0000
329,873,2690,2589,3,7,57,166194#00l2qc5TGGBHrHVMr,2774005,-1334000,-242636,2013-09-21 08:30:20.000,-1029976.5000
330,2365,863,3254,1,3,10,372553#2B7nmeJSS5qdXimIY,-1637596,-2756039,87301,2009-03-24 21:39:24.000,1606704.0000
331,686,2424,2724,2,4,38,937402#t92Vyes6xscjyWqKc,2762400,2027975,-1199110,2004-10-31 00:50:10.000,-2705597.7500
332,545,1654,2884,1,13,50,1769067#Sq3DcMhhB3fUmwvxu,3237001,438779,1224922,2004-08-22 14:35:26.000,166860.0000
333,1366,1333,3495,1,14,51,1973128#h6sttw9n5XSwJOb2c,-1079914,-2584773,1252358,2006-06-29 05:54:11.000,2207242.0000
334,1233,44,2801,1,4,43,3020694#cxoOgss5g4jadJ19R,3225650,1552564,-1776269,2011-05-13 19:50:21.000,-899904.0000
335,1679,1090,550,2,3,53,3189456#Ls7HiDHBJxDUWgXaY,2900470,2962152,-144396,2015-03-24 14:48:57.000,-149432.0000
336,1563,1312,2692,2,13,70,948096#AkyGKgUDubq624Z27,388870,-1181435,1747204,2018-08-15 15:34:51.000,-59964.4800
337,2041,1375,1447,3,3,37,2989579#V06NoHMlMYfrXx9cQ,770664,2644817,-3309806,2010-10-05 06:57:30.000,-2497807.5000
338,2229,2210,3953,2,7,66,1684818#A8hEMirr4hrozSoKr,-909269,483209,491257,2003-08-24 14:34:36.000,2517914.0000
339,900,1349,4253,3,10,10,771359#WNEF1CWBLFHg9h2Je,622826,-1263288,-144076,2009-06-24 05:34:54.000,-751859.9300
340,1041,1994,615,3,3,47,1469272#n4o0sn3ikfEodKl5n,301508,-2403848,-1848202,2006-04-27 21:24:03.000,-929326.0000
341,834,2226,2177,2,12,11,746247#VsKzyZtZjxmj0HZcR,-2816212,-2937335,-1487884,2004-05-13 03:00:34.000,3241932.5000
342,2011,943,802,3,14,42,166976#3KtKYSWDpiKKQOO3y,-2925402,340050,-3262861,2005-07-22 06:43:41.000,584415.0000
343,1217,1898,1017,2,13,29,2904801#oGQZr0eubb8tftxSj,1883139,-3351115,3116303,2003-11-08 06:18:51.000,787947.5000
344,1169,1834,22,3,13,71,724559#QRMhC0Nk9B77A9IQC,-1153001,3291266,2646761,2016-04-11 22:28:20.000,1311944.0000
345,841,2129,3526,3,11,34,833679#Xhm27Q55JZEzw4VhR,1398254,1175940,186787,2011-01-01 12:19:38.000,2909708.5000
346,1194,1334,4014,1,9,40,784490#z2EdQMwVC5iC9eOra,520705,-2479514,2239240,2009-08-24 07:08:48.000,-570957.0000
347,558,1330,1577,3,3,72,227588#Q52NMHvsZK2joEN1M,1137391,-1018898,-3042801,2004-02-17 09:28:29.000,-1769465.8800
348,287,197,1345,3,3,7,1913082#Ny7IBC2iNhxhvEI2t,332708,2475627,1649344,2015-01-20 15:16:34.000,-1354236.0000
349,35,1452,3304,3,1,31,3013831#Kwr7f15Atn2e5QjLX,1491489,-336363,2859425,2016-09-11 02:27:07.000,-1850197.5000
350,1568,892,1501,2,10,22,2099619#PPn9CVoSCcNChRzkR,-1272508,321429,189052,2016-03-27 19:42:02.000,-2286438.0000
351,828,2411,1911,3,7,65,321967#4vVrCJ7zuZgJzf7y3,-2666153,-3340418,-343961,2005-07-23 05:19:06.000,1426946.2500
352,612,139,2315,1,3,25,1168515#kXwd09PCEXBqglvOA,-1032090,-2463348,-2090478,2007-09-30 23:16:26.000,-1035728.0000
353,1200,2490,1667,2,6,11,3223633#DTLGbr8pNeTOVggUY,1575860,1531628,-2493585,2019-07-11 16:44:50.000,-2321725.0000
354,1810,184,2509,2,6,21,837056#MxU0mEqPPIEn2pSTt,2687786,-853865,2162695,2011-03-24 21:34:45.000,1311832.0000
355,932,1704,632,1,9,13,2482060#hrhiyUo3BXtIiHoYQ,-3431587,-172339,3039055,2009-12-08 13:17:19.000,958711.0000
356,991,2609,1081,2,10,34,2592342#fMyBrDsHwUgByzZBo,2572823,-232669,-1938491,2018-01-09 00:28:05.000,359192.0000
357,1642,1573,745,2,5,66,1651296#QudX0gPvWmg6xYhsV,476451,-1603874,1938478,2004-02-20 11:53:25.000,3492286.2000
358,329,1788,213,2,14,10,2048284#KeMmnje6RaYdD8gq5,2971293,-1391282,2843637,2014-05-07 07:12:01.000,-218824.4400
359,498,286,2368,1,7,57,749460#A3pXFjrds4gNOYHI5,845797,159278,2105317,2006-08-22 18:17:43.000,2629908.5000
360,2385,2640,3659,1,2,65,666864#4pkmlPqqIEfWhIWwd,-98625,-1745080,-3419747,2008-01-05 10:37:20.000,3570116.0000
361,2167,764,2253,2,1,58,333524#TLG0FxY6scQPdwUbx,3416494,3524516,1078833,2005-12-01 01:46:38.000,1952327.0000
362,277,1366,3663,1,8,44,1486623#MkcjfjusayTOicVYj,3454244,834987,736151,2015-07-31 05:36:20.000,-1592203.5000
363,2370,904,1009,1,6,2,976878#ooYfCmX0cZ1QEqXYK,800313,-3262323,-3388425,2009-09-15 22:54:31.000,2738115.3100
364,969,1417,2326,3,8,17,3168189#mgnStupSZI1WTN24Z,2279480,-160017,945238,2017-04-09 13:29:11.000,-2444134.0000
365,352,2463,1309,3,13,21,1740519#8Xa53BmBS5hrB9v0M,-2821998,-1348513,-2155165,2005-07-26 02:19:01.000,2520349.5000
366,1997,2281,2199,1,5,6,1056287#EATyRVs4GeaBm0r5j,1887642,3408433,-3495243,2011-11-27 00:07:11.000,-782925.9200
367,1411,2613,1331,2,14,23,2940457#uvguSVVizViZCdB0M,2276927,3070072,-125097,2017-11-07 19:59:56.000,1924526.5400
368,2063,2514,4094,3,2,59,767916#LdwftZ4gsqmF6UkRG,1020105,1351808,-3510217,2018-01-08 12:31:48.000,3371824.0000
369,1273,2435,4297,2,6,26,2624659#vUAKyEZ7Wh4uQbvku,-2856625,-2113881,-2043644,2006-08-05 19:39:46.000,952573.0000
370,743,112,3344,3,3,8,2284760#y6fqGua0Uxzs6lCLa,-676569,3687213,31249,2005-09-14 19:03:55.000,-2705792.0000
371,290,132,1787,3,14,18,2181083#zCfj9Nkrpjk4zs8Y7,-760967,-3158960,2602180,2004-06-01 04:31:15.000,558615.5200
372,2077,1391,1261,3,2,61,458342#fMyBrDsHwUgByzZBo,-1493070,2624303,-2804951,2012-04-15 02:45:24.000,-933400.0000
373,1670,1761,4140,3,11,3,2838608#sm1NU1DpdmnsVNygq,2242515,-2995455,1797267,2013-05-23 01:07:00.000,-18452.0000
374,1107,262,3194,2,12,46,212939#2DlUag8H2Fhzl3uO4,2850483,3569438,-1746290,2010-03-16 09:11:09.000,-3208861.0000
375,933,218,1159,2,3,70,1695218#UpFVZS0O2YQL0dkrm,-3418491,-945782,2987846,2007-08-01 03:08:15.000,566176.5000
376,2295,744,3924,3,9,12,2888107#TWfTCxeOjHAoPK7ob,-533549,-2339239,3758396,2015-05-02 05:48:41.000,-810706.0000
377,2235,410,2882,1,4,19,632144#48hC42rBINOToDin0,-969991,1811981,3746814,2012-10-19 10:07:05.000,-740869.6400
378,395,2546,4093,2,4,57,2031080#JQQzSCIL3MdQ9tRRC,254267,1337610,-703599,2004-07-26 14:51:08.000,599050.0000
379,931,81,2185,1,4,42,190521#fAwU5cLMlVYFQb0mb,3195855,-1535244,-278565,2013-11-30 03:22:57.000,-1185401.5000
380,644,1482,2405,1,11,33,427763#ReB1mb9JVkIos5hRV,-1884490,-3172675,101073,2009-07-21 03:36:42.000,1850704.0000
381,127,556,2843,2,6,22,1078476#GqRI8qq3DOlXzyCt9,3178925,2334393,-1379018,2005-04-14 18:02:05.000,-3115260.2500
382,1845,2385,1911,2,3,31,2034324#Nqbl9R6H7AeQltLnm,3724001,503734,1409175,2005-02-06 11:20:54.000,191210.0000
383,1825,2461,3152,1,5,20,2268944#Z6nlmeGd3ouAg8XtD,-1242126,-2972089,1441454,2006-11-24 05:51:58.000,2539342.0000
384,530,1879,2428,3,11,57,3472423#Tp4NFh3s0Hw8v5u7B,3709650,1785066,-2043162,2011-08-17 07:02:32.000,-1035904.0000
385,613,222,49,2,5,17,3665440#zqykN5hGAEVCv0gxz,3332195,3405305,-166077,2015-05-17 09:37:47.000,-173032.0000
386,491,561,4092,1,11,6,1087739#8HvEdAXG51tvcuZVf,446770,-1357100,2006465,2018-09-01 18:08:30.000,-67823.4800
387,11,904,1562,3,5,18,3432307#GOdnOsIlr6d7Yvk3b,884839,3037684,-3800300,2011-01-15 11:00:47.000,-2866982.5000
388,1401,1904,4295,1,1,42,1933139#cv9VDgXtIRPQHaa1M,-1042419,555903,564139,2004-02-19 20:35:05.000,2890964.0000
389,1096,1,684,1,10,68,883737#x5DHPle8jU5Z06K0n,714376,-1450531,-165257,2009-10-18 09:40:55.000,-861453.4300
390,859,1884,2061,2,2,59,1683972#Nt36S0LJjJcoLvY2f,344971,-2756247,-2119847,2006-09-25 08:31:34.000,-1067401.0000
391,373,961,4008,1,7,43,854662#IrB54sJxXvSpCckyV,-3227987,-3368064,-1704922,2004-10-31 21:36:50.000,3716057.5000
392,1236,2467,4249,1,10,72,189968#lvC4vz5LBLZuWcNHd,-3353108,390373,-3741090,2005-12-28 05:30:40.000,669540.0000
393,48,2541,964,1,6,13,3327027#qj3jScP6Jh1DtHCM0,2156714,-3838693,3569203,2004-05-03 19:08:06.000,903972.5000
394,1469,720,2564,3,6,40,829412#hId3fytFbxI3ZhCSk,-1319201,3770370,3030339,2016-05-24 13:50:48.000,1501244.0000
395,1963,2584,552,2,4,38,954460#A3pXFjrds4gNOYHI5,1600629,1347087,215022,2011-04-11 13:02:30.000,3332133.5000
396,1932,146,2179,1,10,45,897647#QO3pYkHSQM1msP2sS,594642,-2838652,2562253,2009-12-17 03:13:37.000,-652082.0000
397,684,696,870,2,1,17,259315#5o6nLJSRUArDhSvKm,1300966,-1166205,-3480994,2004-08-10 08:07:46.000,-2024067.8800
398,894,2663,3873,1,7,10,2187808#CI74GUX7KcJFzXVx2,380458,2831910,1887577,2015-03-17 17:09:47.000,-1547886.0000
399,2329,1020,1861,3,2,9,3445554#QyCUjxu2Wd3m1u48V,1705651,-385980,3267948,2016-10-19 07:55:49.000,-2114372.5000
400,456,856,162,2,10,59,2399546#cWK0msIC7aoNdrZx9,-1453583,367509,214960,2016-05-10 01:34:13.000,-2614288.0000
401,480,1820,142,1,13,68,367036#dAieCNhZ4iEBmapIc,-3047270,-3817176,-392524,2005-12-29 23:56:10.000,1628833.7500
402,254,1247,3320,3,4,35,1334099#69euvEYCq4S47IU0q,-1177328,-2814240,-2388394,2008-02-13 22:32:42.000,-1183553.0000
403,1711,1089,4061,2,11,26,3680043#ofjQSyUOLeOJrlwSO,1798110,1747530,-2845479,2019-07-19 02:36:19.000,-2650475.0000
404,504,1233,2796,3,4,56,954914#aQHKiJJfhvMZMj5DL,3066261,-973068,2468769,2011-07-01 00:03:36.000,1497507.0000
405,1926,1932,3121,1,7,57,2830774#cRs32Ahiz0JqRAuLn,-3915512,-196581,3467805,2010-03-30 19:52:15.000,1094561.0000
406,2316,1842,2906,2,10,65,2955807#OM2wIw24Y2In7qoSo,2934329,-265895,-2210266,2018-02-01 21:08:31.000,409892.0000
407,2344,901,2781,2,9,32,1881708#p6v8BjT76AUlaYXyf,542501,-1827769,2210119,2004-08-14 09:29:10.000,3980316.2000
408,1419,1085,272,3,8,40,2334104#j3ozcHBJaLwwadJUI,3387462,-1585836,3241341,2014-07-10 11:07:34.000,-248633.4400
409,735,2032,969,1,12,46,853142#wDtE1Tf3OnU17iTsv,962972,181333,2398644,2007-01-18 10:25:25.000,2995883.5000
410,187,213,29,1,2,19,759175#oF0YijOq7ZdRdKUmu,-112800,-1986726,-3895045,2008-05-18 04:02:34.000,4065191.0000
411,986,1505,576,1,9,58,378634#UhYGrPngToXlrurEs,3889394,4011590,1229209,2006-05-06 21:04:30.000,2221877.0000
412,1229,2608,4038,3,11,28,1691567#12dgisLYvNDq9FQST,3931553,951333,837192,2015-09-20 00:34:08.000,-1813341.0000
413,595,2605,2678,1,13,41,1111355#BgAxxii7GFpfOQX4j,909338,-3712151,-3854680,2010-01-09 06:49:17.000,3116083.8100
414,2118,1267,2745,1,3,16,3602949#6W0CtFfXu5qSfIrA9,2591630,-182546,1075820,2017-05-11 19:12:09.000,-2780359.0000
415,1034,972,2864,1,6,46,1977623#MkcjfjusayTOicVYj,-3207548,-1534080,-2450849,2006-01-03 03:11:49.000,2866124.5000
416,1556,2492,796,2,12,41,1200232#VTI7S7Jq9uG7rUM2d,2145682,3873237,-3971878,2012-02-26 08:53:34.000,-890081.9200
417,2386,865,2017,2,9,7,3340936#tkkouuZhFsQ5BWnPg,2587160,3488198,-141923,2017-12-03 17:28:50.000,2186407.5400
418,1603,1724,2888,2,4,47,871495#mE4OCyuhVuEN6atRP,1157780,1536116,-3987464,2018-02-01 13:42:41.000,3829324.0000
419,1534,307,3600,1,13,7,2979613#JWc15GK2r6RpsXOT3,-3244825,-2400433,-2321526,2007-01-02 21:36:54.000,1082823.0000
420,1526,253,1867,2,12,7,2592624#qlCo0A4jh5cn03qr8,-766713,4186121,35877,2006-02-21 18:51:43.000,-3070992.0000
421,1683,27,292,2,8,72,2474666#yOrDyHqAqQTALfoLj,-864504,-3583472,2954100,2004-11-22 12:04:12.000,634271.5200
422,1131,2689,4377,2,7,53,519247#VsKzyZtZjxmj0HZcR,-1694620,2976438,-3182450,2012-07-11 13:46:32.000,-1058700.0000
423,433,1171,2874,1,7,44,3217792#ZBOQQfdlU9gZaKcMO,2542077,-3396474,2038970,2013-08-06 08:43:11.000,-22252.0000
424,2373,848,3744,2,9,55,241301#vCfBLlp0IFUeaIdTs,3230733,4046366,-1980692,2010-07-04 23:40:20.000,-3637036.0000
425,1178,801,779,2,8,36,1920821#t98fhbdmusCM6EZNq,-3873191,-1072560,3385246,2007-12-18 20:08:36.000,641551.5000
426,784,972,1136,2,3,57,3271728#66YU9XCVzaLugMNzY,-603699,-2650495,4257232,2015-06-25 04:36:42.000,-917793.5000
427,564,1474,1795,2,10,7,714721#ibzadSih4URj6SlVi,-1099529,2053338,4244236,2013-01-09 11:07:01.000,-840335.6400
428,1023,387,2339,1,13,46,2298522#d2TeC179jFvAlB8iX,287167,1514167,-795441,2005-01-15 23:47:44.000,677100.0000
429,989,200,1780,3,1,27,214848#sv5eun9Oo80J2Dg52,3617705,-1736488,-314495,2014-02-07 22:15:33.000,-1340826.5000
430,1351,2101,1556,1,5,55,482973#BWBLkGifBwpImyH4r,-2131383,-3589311,114846,2009-11-16 09:33:59.000,2094704.0000
431,1994,1416,2962,2,8,6,1219549#tR8I3VcJvH72hfz6W,3595450,2640812,-1558925,2005-09-27 11:14:00.000,-3524922.7500
432,719,388,939,3,7,12,2299581#s0KkoFY4YbXLHMD0w,4211001,568690,1593428,2005-07-24 08:06:21.000,215560.0000
433,2284,861,2810,1,10,62,2564760#y6fqGua0Uxzs6lCLa,-1404339,-3359406,1630551,2007-04-21 05:49:44.000,2871442.0000
434,2254,986,2055,2,4,71,3924151#ictjITDVSc003eoWw,4193650,2017567,-2310056,2011-11-20 18:14:44.000,-1171904.0000
435,1974,2082,4009,1,7,53,4141425#1jHPs7GcOuJC8abeK,3763920,3848458,-187757,2015-07-10 04:26:38.000,-196632.0000
436,1845,2538,1031,2,9,14,1227382#ytyzY7PE4XrrzVqlH,504670,-1532765,2265725,2018-09-18 20:42:09.000,-75682.4800
437,408,433,1677,3,7,71,3875035#aDUViqse48VXUh7PS,999014,3430552,-4290794,2011-04-27 15:04:04.000,-3236157.5000
438,572,1597,175,3,9,18,2181460#A3pXFjrds4gNOYHI5,-1175569,628598,637020,2004-08-17 02:35:34.000,3264014.0000
439,1292,1381,1576,2,10,54,996116#bUplYND2e23TW2FjP,805926,-1637774,-186437,2010-02-11 13:46:57.000,-971046.9300
440,677,1774,3507,2,1,71,1898673#EPfiBtonxVwfELPSm,388433,-3108646,-2391493,2007-02-22 19:39:06.000,-1205476.0000
441,2339,2424,1378,3,2,3,963077#AbRqFpUfpaH2un21b,-3639762,-3798793,-1921960,2005-04-21 16:13:06.000,4190182.5000
442,461,1262,3235,3,6,31,212961#DpGilemvZrwOVsbLo,-3780814,440697,-4219319,2006-06-05 04:17:40.000,754665.0000
443,1306,456,911,3,12,69,3749254#lEqtDV0diZ1zzBPfb,2430289,-4326272,4022104,2004-10-28 07:57:21.000,1019997.5000
444,1770,2334,645,3,13,8,934264#qcEDccPWp7StboBU4,-1485401,4249474,3413917,2016-07-06 05:13:17.000,1690544.0000
445,658,311,2039,1,11,43,1075242#w4u2I4iyXY4qpbTRf,1803004,1518235,243258,2011-07-20 13:45:21.000,3754558.5000
446,243,1686,344,3,11,50,1010803#L3Bol5fgy8R2nGtya,668580,-3197790,2885265,2010-04-10 23:18:27.000,-733207.0000
447,811,62,163,1,13,34,291042#0abxhJwDs0X14ifFL,1464542,-1313513,-3919187,2005-02-01 06:47:03.000,-2278669.8800
448,1500,2400,1940,2,11,13,2462534#qdyVeNEBWIxwHj9ZL,428208,3188192,2125811,2015-05-12 19:03:01.000,-1741536.0000
449,2195,587,418,3,3,59,3877278#SMT734MK05syiudFM,1919814,-435597,3676470,2016-11-26 13:24:31.000,-2378547.5000
450,1771,820,3284,2,10,24,2699473#eHsK9miMYIrtfbS15,-1634658,413590,240869,2016-06-22 07:26:23.000,-2942138.0000
451,132,1228,2834,2,5,71,412105#1wg3jaqCPuarU0RFK,-3428387,-4293934,-441087,2006-06-07 18:33:15.000,1830721.2500
452,2323,2356,4325,2,5,45,1499682#ms1mRqVlvoT31kumy,-1322565,-3165133,-2686310,2008-06-28 21:48:58.000,-1331378.0000
453,2222,2415,1994,2,2,40,4136454#SMiwKtZiSgr7RR9qc,2020360,1963432,-3197374,2019-07-26 12:27:49.000,-2979225.0000
454,1625,2282,3083,1,2,19,1072771#FLFKf6QSdJwYzTKhk,3444736,-1092271,2774842,2011-10-07 02:32:27.000,1683182.0000
455,492,2161,1149,1,4,29,3179488#F6QMnvcGaf45DyCKN,-4399437,-220822,3896554,2010-07-21 02:27:10.000,1230411.0000
456,1214,1074,270,2,10,24,3319272#n4o0sn3ikfEodKl5n,3295835,-299120,-2482041,2018-02-25 17:48:58.000,460592.0000
457,619,230,356,2,12,70,2112121#yKGGwyCEqXc64qSlA,608551,-2051665,2481759,2005-02-06 07:04:55.000,4468346.2000
458,82,382,331,1,2,70,2619923#HEHUhqmSJPFwix0Qm,3803630,-1780389,3639045,2014-09-12 15:03:07.000,-278442.4400
459,972,1050,4031,1,3,35,956824#UVFdQHo47mr6692xt,1080147,203389,2691972,2007-06-16 02:33:06.000,3361858.5000
460,416,514,860,2,3,45,851485#HNGexOyBWAiIdMkSW,-126975,-2228371,-4370343,2008-09-28 21:27:48.000,4560266.0000
461,2233,2246,3360,3,4,58,423743#umsfxDfeURgq9h9Ts,4362294,4498664,1379586,2006-10-10 16:22:22.000,2491427.0000
462,2181,1123,4413,2,1,12,1896511#eTQFZeCE0yYHouNCi,4408861,1067680,938234,2015-11-09 19:31:56.000,-2034478.5000
463,1247,1578,4347,2,6,9,1245831#Kwr7f15Atn2e5QjLX,1018363,-4161979,-4320935,2010-05-04 14:44:03.000,3494052.3100
464,840,1117,3164,2,12,15,4037710#dhMbNkLOO3T4wVkxR,2903780,-205075,1206403,2017-06-13 00:55:06.000,-3116584.0000
465,1716,2208,4419,2,13,71,2214728#66YU9XCVzaLugMNzY,-3593098,-1719647,-2746532,2006-06-13 04:04:36.000,3211899.5000
466,1116,2703,3854,3,4,4,1344177#KEAs4H1Dpi27E22OA,2403723,4338041,-4448514,2012-05-27 17:39:57.000,-997237.9200
467,934,1845,2703,2,4,63,3741415#xIGTIaBB4rYa8oU6F,2897392,3906324,-158749,2017-12-29 14:57:44.000,2448288.5400
468,1143,934,1681,3,6,35,975073#HEacL58M5UAwfLjn1,1295455,1720424,-4464710,2018-02-25 14:53:35.000,4286824.0000
469,1795,907,2904,2,6,60,3334566#6VRoT1IPyy0VVvpxm,-3633025,-2686986,-2599407,2007-06-01 23:34:03.000,1213073.0000
470,2309,393,389,1,7,6,2900487#BuxaSXEMIdfyFDXtc,-856856,4685030,40506,2006-07-31 18:39:30.000,-3436192.0000
471,650,2650,3258,1,2,54,2768248#1ngYZMolrnmHNEHLZ,-968042,-4007984,3306020,2005-05-15 19:37:09.000,709927.5200
472,185,1259,3031,3,11,45,580152#u4Ywf77ADhmIwkCT9,-1896170,3328573,-3559949,2012-10-07 00:47:41.000,-1184000.0000
473,1623,581,1608,2,3,13,3596975#hBRaLZcQKx2BwugeB,2841640,-3797493,2280673,2013-10-20 16:19:23.000,-26052.0000
474,1212,1433,4294,3,5,64,269663#nsm5x4OcPZfsXdTxd,3610983,4523294,-2215093,2010-10-23 14:09:32.000,-4065211.0000
475,1423,1384,399,2,13,2,2146423#Tp4NFh3s0Hw8v5u7B,-4327891,-1199338,3782645,2008-05-06 13:08:57.000,716926.5000
476,1699,1200,2809,1,11,30,3655348#kpD3RNvJ7bV8MvWZT,-673849,-2961751,4756069,2015-08-18 03:24:43.000,-1024881.0000
477,1321,2539,708,3,2,67,797297#9von9yn6tRufPAxDS,-1229066,2294695,4741658,2013-04-01 12:06:58.000,-939801.6400
478,1651,956,586,1,8,36,2565964#0jPtHkz24zZH3pzhq,320067,1690723,-887282,2005-07-08 08:44:21.000,755150.0000
479,1047,319,1376,1,12,12,239175#oF0YijOq7ZdRdKUmu,4039555,-1937732,-350424,2014-04-18 17:08:10.000,-1496251.5000
480,2057,2720,707,1,13,6,538183#FBEiy7J3Et7IdLeUG,-2378277,-4005947,128618,2010-03-14 15:31:17.000,2338704.0000
481,1435,2276,3081,2,10,62,1360623#MkcjfjusayTOicVYj,4011975,2947230,-1738833,2006-03-12 04:25:56.000,-3934585.2500
482,2019,1119,4427,1,11,65,2564838#hb4lHT2WHTyx5DxwV,4698001,633645,1777681,2006-01-08 04:51:49.000,239910.0000
483,316,1989,2467,1,1,31,2860576#aCIFOQ2Q2A5VRMyhU,-1566551,-3746722,1819647,2007-09-16 05:47:30.000,3203542.0000
484,1551,93,1682,1,11,13,4375880#sHw2iTOo9LmRZ0ZYN,4677650,2250069,-2576949,2012-02-24 05:26:55.000,-1307904.0000
485,908,1214,3508,1,9,17,4617409#T8CM11FxnRcLGvUlO,4195645,4291611,-209438,2015-09-01 23:15:28.000,-220232.0000
486,773,1787,2431,1,7,22,1367025#TnfaQGcdzm9EX4TsU,562570,-1708430,2524986,2018-10-05 23:15:48.000,-83541.4800
487,805,2690,1792,3,9,52,4317763#ReB1mb9JVkIos5hRV,1113189,3823419,-4781288,2011-08-07 19:07:21.000,-3605332.5000
488,2171,1291,517,2,3,66,2429781#tY0F4dVIs0Vuuho7k,-1308719,701292,709902,2005-02-12 08:36:03.000,3637064.0000
489,1488,33,2468,3,10,40,1108494#ucjlZtEGDQfSK1rYm,897476,-1825017,-207618,2010-06-07 17:52:58.000,-1080640.4300
490,495,1664,492,1,14,11,2113373#x3jq1XxlG29OHx8AY,431896,-3461045,-2663138,2007-07-23 06:46:38.000,-1343551.0000
491,1878,1159,3209,2,11,35,1071492#hD2jJy8RvXCeNzRma,-4051537,-4229522,-2138998,2005-10-10 10:49:22.000,4664307.5000
492,2113,58,2221,1,2,61,235953#OvwkZrIPTNhLMMiR5,-4208520,491020,-4697548,2006-11-11 03:04:39.000,839790.0000
493,137,1099,858,2,5,53,4171480#kB47AZuNXUknu3g6f,2703864,-4813850,4475004,2005-04-23 20:46:36.000,1136022.5000
494,2070,1220,3187,3,6,49,1039117#n23Qs3H02u3zAhkoO,-1651601,4728578,3797495,2016-08-17 20:35:46.000,1879844.0000
495,1780,766,3526,3,4,47,1196023#VBGT3OUqeCwjKbnbD,2005379,1689382,271493,2011-10-28 14:28:13.000,4176983.5000
496,981,498,2970,3,12,55,1123960#iC8Lyvn19OfuHMLNq,742517,-3556928,3208278,2010-08-03 19:23:17.000,-814332.0000
497,937,2156,3917,3,11,51,322769#nKkoQjshBUUzDj89M,1628117,-1460820,-4357380,2005-07-26 05:26:20.000,-2533271.8800
498,2107,2138,7,3,1,16,2737260#vIBwmiNce65UsYkVP,475958,3544475,2364044,2015-07-07 20:56:14.000,-1935186.0000
499,2062,155,3436,3,4,37,4309001#N5ruxjilbmulBCBgT,2133976,-485214,4084993,2017-01-03 18:53:14.000,-2642722.5000
500,659,784,1945,2,10,61,2999400#RMUiKDA6Hnt9dESNt,-1815733,459670,266777,2016-08-04 13:18:33.000,-3269988.0000
501,2211,637,1065,3,11,2,457174#HtnMIFbZgPYDohTmT,-3809504,-4770692,-489650,2006-11-14 13:10:20.000,2032608.7500
502,1965,736,869,1,6,55,1665266#FZaoGOlzM1hWeXzNP,-1467803,-3516025,-2984226,2008-11-11 21:05:14.000,-1479203.0000
503,306,1014,4388,2,7,55,4592864#4pkmlPqqIEfWhIWwd,2242610,2179334,-3549268,2019-08-02 22:19:19.000,-3307975.0000
504,319,603,3370,2,14,54,1190629#l351xaRzv4OfHVOQK,3823211,-1211474,3080916,2012-01-13 05:01:18.000,1868857.0000
505,1486,2389,3638,1,2,1,3528202#lwpQKGUZTQlHsH13U,-4883362,-245064,4325304,2010-11-10 09:02:05.000,1366261.0000
506,112,307,2095,2,10,55,3682737#x5DHPle8jU5Z06K0n,3657341,-332346,-2753816,2018-03-21 14:29:24.000,511292.0000
