1356,-4906672,7881035,-661092,false,-6783150,-2025553.2,11631927,-0.3898,-763200.150,2637548.87,false,5619908,12268996,7787717#w03wEoX95e,-2323124,-570355,11237738#d3pUkDHuKz4S,1257077.890,-4860239
1357,12284269,-8225719,-3687966,false,5253410,5039969.0,10966035,-0.4171,-5762130.670,2946065.26,true,3909924,-2844509,3880101#YSWjsgDkkv,-10337984,4791821,5274657#TkdrhQeHOuNU,-5900929.620,-6122905
1358,-11628732,-4819634,4308565,true,-12386680,-6016697.0,11268939,-0.3674,-7153908.600,2891105.3,false,-2654768,5824303,3097903#7KcqLhFbcu,-5198846,-2415379,2751390#8CklGPoB68oc,-9721391.150,6283475
1359,-10749033,12582184,-11124484,false,4540908,-9254054.0,12504512,0.6060,4699812.220,4745060.05,true,-9171220,2107833,7880798#amko9Z7gvR,2968210,9276449,2620158#eml7uwDPEEYW,-9511619.780,2011428
1360,-13020757,10635773,-4648944,true,5474293,4995456.0,-9710509,-0.3700,-12333333.940,-1.039992701E7,false,-12454788,6073754,12359180#WzpH2ulxt3,-9416563,-11152663,8784665#OkBOVZ1p8C9f,10276967.650,1740111
1361,9141916,9576413,-12719469,true,-3948523,1449897.2,-10108353,-0.4183,-9901297.450,-3795149.88,false,-8253246,6264926,789594#fXJYMkEuDc,3412048,11302168,8552216#EEJnBm3UDXz6,-12368519.490,10823746
1362,-6415255,5351530,-13469407,true,2781252,1.2734517E7,-5228536,0.5111,1490336.610,-1.106196741E7,false,4667480,-6548499,13422521#sfnAKF4pvC,-7478888,5697044,7285541#R57z9f4X79zy,1236452.870,5130336
1363,-3153566,-3172794,5806620,true,-10661670,-4200353.5,8731985,0.5215,12750766.360,-1.272304377E7,true,7742043,-1993692,4298997#Xw62XqTaH0,-9631956,9583758,832306#amIKn6Iault1,6886193.310,11524224
1364,12744776,5333521,12261726,false,508757,-4630158.5,-8795769,-0.3582,10341258.980,-1.329031867E7,false,7556478,10246271,1960023#J7coAt5azs,2694193,2195698,12349811#hRw8eTZXRbGL,-2487100.210,-12908847
1365,13051584,-8368561,12604760,true,3345555,4393681.5,8975242,0.4523,-629671.450,-8698587.69,false,-6024164,-12804242,305977#lIs200q4ae,3623651,781276,3672384#xaen1hKfHq7L,-6687396.010,7006447
1366,11230779,9724241,-13556258,false,-966703,440742.53,-8468668,-0.4298,-9106616.040,2486713.83,false,6133432,7189861,11595732#Kd7vmrHkxP,1127796,10375759,7826626#tn2wSRJ2L2MO,13226074.750,-5351353
1367,-8182356,-10383210,-9979981,false,3286403,1.1183862E7,1240078,-0.4801,-937364.990,8658934.32,true,6093484,-6925719,12120342#60U0P8bMSQ,10548127,12009583,11361521#Gl1DojufYf41,4057801.910,-12669987
1368,1533547,8687989,-8037526,false,-3104796,-8310698.5,-5385905,0.4435,-4059643.810,-1.019038884E7,false,-655719,-8486082,2751159#edNZIXrJ0l,-3435976,3340842,3226608#QV9ptVqSIsfD,-10867567.900,8160222
1369,12358845,-2305927,-4537603,true,-7525158,1.1102511E7,13407907,0.4639,-10886366.140,-9197473.35,false,2086691,5500736,5741498#roYBG8gOXX,13649359,-9469357,10034009#dQlG7P8OPKiT,7020459.500,10299906
1370,9845610,12134912,8052048,false,-4637196,-8759339.0,9192945,0.5143,5829459.460,1.133933988E7,true,745710,4561977,10697385#45VScRlUnR,-13204399,143363,2059582#JC80t4ea6XqA,-6804400.090,7332735
1371,-1727796,-8109317,9491817,true,-10954164,-5602674.0,9560114,0.4646,7919163.790,5722392.98,false,-832927,6021956,3789349#yl07cHhAGg,-555263,4065118,2174330#fAwyfiIf7MDt,10067429.660,5233562
1372,-7847807,-10389569,9001775,false,-6670844,-1.3002125E7,1715345,0.5367,7169536.650,-1.009599653E7,true,-9536677,9610564,12371221#jJrHDFLhxC,616142,-8915815,10190283#Y54Uwd9I6kbU,8863769.220,2551436
1373,-13510740,6442726,7331573,false,7822541,-1963655.2,11027576,0.5154,676483.280,1.004124571E7,true,-7767143,11164048,8965451#yI63fwyJC1,12839547,-3888778,829634#ELVa3irJCVxh,4082521.320,12418759
1374,-11056549,6690743,12573203,false,11923419,5442294.5,-7391281,-0.4922,8458267.990,539675.28,true,10488241,-8293598,4340270#rKlYJ9fs3M,-10449767,10283345,12959738#d3pUkDHuKz4S,594756.620,-8826816
1375,-5345141,12622421,8307696,false,-7189539,-1489944.1,-1157549,0.4462,2342777.460,1.100700417E7,false,-13530623,3147526,735762#htXhvgt6Al,-1872926,-5796036,6465097#k0pIeZVra1NL,-9373359.930,13615005
1376,10982819,12506134,-5210841,true,1960174,1.3429179E7,8089538,-0.3958,10777561.800,-1285221.04,true,8427927,2117570,3423508#4icqciTTjl,5925691,-13104241,7661292#TvbNlDJcSnlU,5891074.480,-12805327
1377,-13660931,8563032,11256965,false,10541756,-9333101.0,-10679423,-0.5031,39941.020,-7300243.74,true,7105149,1484069,10539820#oSRNi5svCS,1640382,-110082,11724482#qJYgODSSd0Nj,-9796869.230,-5665461
1378,6889677,-12084564,2178237,true,4727567,6172996.5,5746030,0.5544,-11377396.250,-7776551.46,false,-819539,-10599193,7007760#P5CDFPNBUp,8342921,13755314,11290125#lg5OC6pF6ca5,-2057083.690,-8496147
1379,-9064720,6436051,-173573,true,707891,-489049.28,3878580,0.4978,-10532361.520,-3169966.75,false,-10366034,-9725490,3313515#lzIBS6FRJS,4880297,-11535990,1630399#VdvvKApgvpYn,-1209819.970,6217233
1380,1061191,-12351213,-10576977,false,-4088592,6544599.5,-5867263,0.5682,-7596116.380,1167741.87,true,7866452,5456674,6905730#pDxG5xf4u6,-11980411,-7187993,4941807#dYlvp5atLdPu,13051469.030,1094238
1381,13315148,-12285859,4355783,true,-6913442,6577060.0,-9736526,-0.4443,-2323230.780,1.334711909E7,false,2361386,-3268838,7842597#RqBpCEzBqZ,-6536612,-4429358,2141649#oDK4hLY5sOzW,9960892.770,-7299519
1382,8568442,-3358486,5790073,true,4333779,-5180699.0,-4004057,-0.3986,6921628.700,-9438050.13,true,-2175534,-8007439,7960901#gwbXefxwM2,12739908,-8423686,12208378#cBmNcan9xXKI,4326474.910,-2038535
1383,9306419,-11651274,-9194909,true,2272330,1.256792E7,9391895,-0.3349,5434430.490,4718766.61,true,-8942587,11261547,3168775#ffMoo9VBZZ,7457732,-11002718,7998889#h0gQ9WgrmuNt,8044002.750,-11885090
1384,-1586682,-13053738,5025551,true,6500627,1.0802753E7,-8024104,-0.4752,5869862.790,6814031.61,false,-13834082,-4555390,6525134#3JFBaw4ta9,5872244,-4020219,6142446#cEINZiPZXNzb,-13362788.240,1652969
1385,-2495957,3509723,-12899888,false,2660768,-8407471.0,-12266731,0.5301,582220.460,7828453.16,false,2367542,308581,10706020#ubZsQrAYBj,-357021,476658,5360958#zrtj9oEdeRFB,12568772.200,-1391628
1386,-492320,5187063,-4753681,false,3863005,1.2530355E7,-11352003,0.4705,-11170183.060,6103417.8,false,2993156,1651185,2480865#o34QFU30bZ,-2532970,-12481937,6000143#zK98lRf8Eybc,-13565760.400,12072677
1387,923227,3180659,-1817218,true,795624,-4524560.0,-7412578,0.5209,3770508.860,-2691997.52,true,8796732,-5344289,34931#kNusOgfkSr,-9679344,-6268632,13538709#2twx8xNlmbMg,-13275164.390,-8838280
1388,3088708,-9153364,-494859,true,-1423088,3753497.5,2523585,-0.5064,9845488.910,8611313.3,true,9848172,-4063324,3163465#PfYKClYEh5,11369382,11911279,6901709#2twx8xNlmbMg,-4683411.490,3797310
1389,-2232310,10016303,-2745362,true,2316383,8875788.0,-2923802,-0.4667,1172445.290,-1715186.14,true,-1953682,9683852,11008860#Mf9SxG2sdQ,1878290,4442921,9436182#0RRW5gEUDxEs,5514355.050,6219446
1390,7619857,7891011,1965560,true,6556919,7855037.5,13514519,-0.4870,9779325.320,-9587661.89,true,-11130516,-9991845,12157596#qk2eN7R0q8,10436996,4793625,5432715#OZiW3NhaIn1n,13592679.120,1436277
1391,-9438592,1319558,2530118,false,-13037665,4464592.0,-13571288,0.5224,13798812.610,9605911.14,true,-6477807,9211346,10616677#XrmhCDWM9d,3592032,-4184133,6557253#6M114PQ8B5ki,-5072736.080,-7717447
1392,9013800,1593763,-2918612,true,13169808,4757204.5,8873091,0.5618,970540.490,-4879709.19,true,4796626,13539109,1445227#zq3dJeaLIg,-2913437,-6044750,12468762#cc2708BX9LJI,-2079934.410,2719847
1393,-4238182,12725931,-8119940,false,-3716740,-124780.58,-787175,0.4532,-8029591.130,-1435564.66,false,-6564291,289298,9565677#XrmhCDWM9d,1943418,-5205708,5512959#vVslx3yrc1WC,-5334581.370,-5072024
1394,12333185,8723641,6104885,false,599940,1.2150533E7,-501082,0.5596,-8883378.430,8777859.8,false,-2210909,10839719,5316677#XrmhCDWM9d,-3477401,12944114,13813689#3dluEusHXJp8,-1200648.070,11529853
1395,13159470,-5538851,-8285200,true,6199574,-226948.42,-3885746,0.5040,3893941.630,1.058138187E7,false,-284151,12124627,199095#Ib0QbbikBE,3237220,1232152,7921772#INr3NRIbsvQJ,6547855.940,821964
1396,4861543,7836690,-13231055,true,1119211,1.3049136E7,323042,-0.4388,9731264.580,-3820127.24,false,4136316,-11145794,10867670#LOKvv5Z2PG,-10377388,-13922582,1317467#rG7xhl6vENi0,1155491.480,12952714
1397,1292627,9269636,10403103,false,12268701,1.2219546E7,2981280,0.5148,-6568451.030,-1.169546164E7,false,8744719,-8146738,6905260#wBkRDHt3z9,7038482,-13512004,3977491#TqJTrBVF98dC,4840842.720,4978739
1398,-5709286,-11926967,10965863,true,12740975,3104133.0,-7347106,0.4552,-2799397.520,-4767145.33,true,12183974,-1460063,11901659#QLONSzoMj3,10680115,-9642991,5929962#Eh5KsA7nkcGb,13157486.990,-10421380
1399,-13443202,12289269,5424194,false,10202927,-2616912.5,-4045791,-0.4057,-9302639.160,5971603.03,true,877381,-731490,11304919#QCMzVJkXbp,3706432,968728,1755418#bthSHLwj8SIR,1263553.360,-13708041
1400,10902819,2014352,-9815935,false,291959,-2007811.5,-12584336,0.5630,932839.430,-4403208.29,true,-4803281,2591302,4785676#0a7GcBv3gf,-6589134,-13455394,12300687#ArRgPGwHVGdw,-12189768.000,13269990
1401,8047339,6038598,-2561772,true,-13332847,-1.0542846E7,-11830699,0.4863,7998625.690,2242347.54,false,-7609658,10276351,8108753#Le1bEXPpxC,10812374,9079529,3572358#FnEl5oYjn2fR,-5573582.140,-453453
1402,-12686041,13367710,2274777,true,-10838696,-1.3707234E7,1803725,-0.3316,-8345618.700,7465150.88,true,12734043,12333400,11095621#Iyhpp6w1bJ,6061775,-9406963,11040627#2hesqv4jBYhG,9688642.830,2584100
1403,-2776940,-9177261,13481547,false,5627157,9120092.0,-5826679,-0.3369,8891047.720,-1.084508079E7,false,7659547,-5343807,11076892#xHm2xXsAoP,-6754725,-6247493,3406798#lx8YcVMgELPE,5702889.930,-7263141
1404,681811,-10673282,10039009,true,-9895552,-1.2582317E7,6428133,-0.4912,-11303653.680,-1.183689412E7,false,-136819,-10243531,7700607#lMo7NM9u6a,4472500,-4804036,7981149#I9ZU1bMUFxSs,-502890.560,-3921139
1405,9904815,12697171,10332077,false,8449154,3947527.0,246463,0.5989,10223754.390,1.169356002E7,false,136336,-1181599,6056910#10w6kilbhw,4276378,-9121696,9661614#GvcrMSE6anff,-9111138.540,6335727
1406,-5087891,8171845,-685723,false,-7032974,-2099953.2,12061129,-0.4048,-791675.650,2735148.87,false,5827145,12721053,8074717#w03wEoX95e,-2408830,-591318,11651895#zxCtOqlUlr0s,1303449.890,-5039507
1407,12736985,-8528454,-3823691,true,5446914,5225569.0,11370410,-0.4321,-5974732.670,3054865.26,true,4054074,-2949609,4023039#yceiCL4nTY,-10719027,4968459,5468711#DcCwHu9jOyqh,-6118146.120,-6348330
1408,-12057087,-4997132,4467540,false,-12842953,-6238297.0,11683702,-0.3824,-7417215.100,2997505.3,true,-2752843,6038895,3211814#V20hzasVYC,-5390096,-2504438,2852682#Vw38rqJ8XSnO,-10078973.150,6515075
1409,-11144443,13045074,-11533709,false,4708323,-9594854.0,12964362,0.6255,4872813.720,4919460.05,true,-9508508,2185068,8170712#A2lAIjE6zg,3077348,9618083,2716540#01pNVMmLzTeV,-9861339.780,2085553
1410,-13499121,11026691,-4819794,true,5675919,5179456.0,-10067697,-0.3850,-12786884.440,-1.078232701E7,false,-12912338,6296755,12813448#aU5bGUTE8G,-9762654,-11562377,9107629#2hyuvSNWNhT5,10654894.150,1803836
1411,9477664,9927992,-13186757,false,-4093444,1503497.2,-10479690,-0.4333,-10264932.450,-3934349.88,true,-8556421,6495143,818437#2NPqYHGWqY,3537523,11717186,8866365#sBoTW0UgVsfR,-12823178.990,11221071
1412,-6650439,5548200,-13963594,true,2883140,1.3201717E7,-5420139,0.5306,1545155.610,-1.146836741E7,true,4838655,-6788892,13915197#EIA6FJQywN,-7753413,5906112,7552720#DOcn2iEQyU3d,1281633.870,5318336
1413,-3269404,-3289189,6019945,false,-11052501,-4354753.5,9052560,0.5410,13218350.360,-1.318944377E7,false,8025756,-2066772,4456471#aEK85k3IAS,-9985456,9935025,862557#zLz8i4YccRFM,7138686.810,11946636
1414,13211602,5529251,12711551,false,527055,-4799758.5,-9118544,-0.3732,10720219.980,-1.377751867E7,false,7833803,10621703,2031779#5yh930nsSk,2793156,2275866,12802399#VdvvKApgvpYn,-2577911.210,-13381697
1415,13529415,-8674895,13066110,true,3468359,4554481.5,9304329,0.4718,-652766.450,-9016987.69,true,-6245114,-13273339,317088#f3IoqmSjbE,3756176,809753,3806568#1h15k1cPDh4y,-6932191.010,7262934
1416,11642101,10080075,-14052633,true,-1002197,456742.53,-8778531,-0.4448,-9439861.540,2577913.83,false,6357732,7453191,12019873#3nmrjMUzSX,1169184,10755755,8112808#FOmQ6d4APwAN,13709866.750,-5547566
1417,-8481834,-10763176,-10345356,true,3406840,1.1592662E7,1285353,-0.4951,-971579.490,8975734.32,true,6316147,-7179193,12563648#4sIk9omjWs,10933640,12448790,11776951#ORcrSgZeG3RA,4206564.410,-13133662
1418,1589941,9005681,-8331657,false,-3218030,-8614698.0,-5582705,0.4630,-4208240.810,-1.056318884E7,true,-679675,-8796507,2851675#38SdYrQqZh,-3561526,3463253,3344324#udRcKJiQf6dc,-11264989.400,8458747
1419,12810404,-2390129,-4703078,true,-7799820,1.1508111E7,13897257,0.4834,-11284165.640,-9533473.35,true,2163016,5701747,5950932#hBfh956H2W,14147759,-9815425,10400306#amIKn6Iault1,7276685.000,10676406
1420,10204835,12578002,8345698,false,-4806498,-9079339.0,9528420,0.5338,6042138.460,1.175293988E7,false,772960,4728489,11087636#UXkccouljH,-13685999,148907,2134413#kokm6ibtXt2i,-7052823.590,7600113
1421,-1790842,-8404890,9838167,false,-11353537,-5806674.0,9908664,0.4841,8207974.290,5931192.98,false,-863427,6241673,3927300#NAmPGl83eU,-575738,4213091,2253332#61iltBhd9VLn,10434866.660,5424162
1422,-8134014,-10768394,9329875,false,-6914297,-1.3475725E7,1777645,0.5562,7431148.650,-1.046399653E7,false,-9884008,9960823,12821999#qV48hx0R0a,638717,-9240761,10561633#3jQDm0mVccEg,9186521.720,2644586
1423,-14002964,6677047,7598523,true,8107270,-2034855.2,11429338,0.5349,701479.780,1.040684571E7,true,-8050143,11570805,9291922#qnxEgDLMXN,13306797,-4030394,859736#p7F0NeNTefNE,4231196.320,12870984
1424,-11459121,6934427,13031078,false,12357095,5640694.5,-7660581,-0.5072,8766206.990,559675.28,false,10870166,-8595710,4497986#hAdJFMZXQx,-10829992,10657901,13431064#2uViby5ov7AZ,616604.120,-9148007
1425,-5539411,13081545,8609846,true,-7451294,-1544344.1,-1199849,0.4657,2428294.960,1.140700417E7,false,-14022523,3262231,762283#vDtsPFP7yd,-1941176,-6007024,6700101#z7KAqwiXUKdF,-9714137.430,14110280
1426,11382095,12960639,-5400078,false,2031534,1.3917179E7,8383313,-0.4108,11168847.800,-1331621.04,true,8734002,2194523,3547690#fVwI2nLz2V,6141234,-13580752,7939492#SL2ZyMA8zMy0,6105219.980,-13270652
1427,-14156729,8873666,11665765,false,10924682,-9672301.0,-11067123,-0.5181,41405.520,-7565043.74,false,7363349,1538227,10922353#fWmTNIJrrG,1699894,-114371,12149866#W8fQrPouIrDQ,-10152343.730,-5871436
1428,7139365,-12523256,2256937,false,4899195,6396996.5,5954767,0.5739,-11790033.250,-8058951.46,true,-849077,-10983759,7261718#QrzCaiGZ8W,8645933,14254202,11699609#KuBclVRjTSOI,-2131732.690,-8804622
1429,-9393103,6669248,-180019,true,733561,-506649.28,4019280,0.5173,-10914035.020,-3285166.75,true,-10742059,-10078181,3433593#8qvcyJeUjh,5057497,-11953938,1689333#mNsKCzYRA4yd,-1253887.470,6442683
1430,1099723,-12798575,-10959977,true,-4236370,6781399.5,-6080163,0.5877,-7871186.380,1210141.87,false,8151289,5654297,7155832#TM3VHTf8Af,-12414586,-7448303,5120552#IBJnPCp3aBom,13524042.530,1133738
1431,13797308,-12730644,4513708,false,-7164096,6815460.0,-10089151,-0.4593,-2407224.280,1.383031909E7,false,2446886,-3387429,8126238#YPRXfSC4Tz,-6773462,-4589567,2219062#JG6HVcYITiqc,10321651.770,-7563944
1432,8878310,-3479679,5999748,false,4490713,-5367899.0,-4149207,-0.4136,7172089.700,-9779650.13,false,-2254302,-8296956,8248560#i8lNgEzkWc,13200633,-8728557,12649812#FwkiqBDgA9wF,4483325.910,-2112472
1433,9642558,-12072239,-9527584,true,2354832,1.302232E7,9731732,-0.3499,5630558.490,4889166.61,false,-9265787,11668493,3283077#grPq74eAQo,7727182,-11400788,8288052#BVPXzKgkIqrd,8334769.750,-12314865
1434,-1643647,-13525429,5207364,true,6735666,1.1193153E7,-8314029,-0.4902,6082189.290,7060431.61,true,-14333532,-4720047,6760798#amko9Z7gvR,6084119,-4165518,6364127#u5gy7lowkmjS,-13845835.740,1713019
1435,-2585843,3636188,-13365888,false,2756985,-8710671.0,-12709831,0.5496,602889.460,8110853.16,false,2452667,319919,11092352#MrcglHbA2P,-369946,493745,5554172#Kv4jNzKjvMqS,13022860.700,-1441528
1436,-509957,5374067,-4925256,true,4002676,1.2982355E7,-11761525,0.4900,-11573385.060,6323417.8,false,3101431,1710683,2570150#qOdIvhGLtX,-2624520,-12932315,6216516#joCGonrzyeRw,-14054786.400,12507858
1437,956827,3295064,-1882881,false,823981,-4687760.0,-7679628,0.5404,3906748.860,-2788797.52,true,9114082,-5536925,36104#i2mKrsBTNn,-10028619,-6494482,14026423#ZcKFbmKLLenO,-13753607.890,-9156805
1438,3199688,-9483042,-512384,true,-1474440,3888697.5,2614410,-0.5214,10200268.410,8921713.3,false,10203230,-4209410,3277354#bTzXRsaWgB,11779257,12340039,7150170#xOyemX3XMJym,-4852004.490,3934260
1439,-2312557,10376680,-2843837,false,2399521,9194988.0,-3028773,-0.4817,1214504.290,-1776786.14,true,-2024303,10032428,11404819#VxGN8S60rv,1945828,4602795,9775727#4p2fxDVkQvQI,5712650.550,6443184
1440,7894267,8175035,2036382,true,6792853,8137437.5,14000844,-0.5020,10131257.320,-9932461.89,true,-11531216,-10351151,12594807#TwYcic1Z6q,10812646,4965722,5627933#4wmJsDEqQZ4v,14081770.120,1488277
1441,-9777532,1367231,2621358,false,-13506111,4625392.0,-14059413,0.5419,14294877.610,9951511.14,false,-6710869,9542321,10998065#z6fLrpl7cF,3721112,-4334465,6792678#C7d6Wt3EVmsu,-5255371.580,-7994822
1442,9337698,1650779,-3023312,true,13642751,4928404.5,9191491,0.5813,1005746.490,-5054909.19,true,4969101,14025391,1496912#ir23dOoUh0,-3017987,-6261818,12916572#1eMdpu4rDBgY,-2154947.910,2817422
1443,-4390372,13182813,-8411074,true,-3850477,-129580.58,-815462,0.4727,-8318083.630,-1486764.66,true,-6799634,299751,9908816#vmIMAbuomq,2013193,-5392907,5710636#7qP0lfOgUp2a,-5526057.870,-5254018
1444,12775210,9036393,6324085,true,621545,1.2586533E7,-518797,0.5791,-9202033.930,9093059.8,true,-2290459,11228246,5507291#kTS4AOjP80,-3602039,13408158,14309078#AlTAq5NG7Zox,-1244061.570,11943266
1445,13631055,-5737412,-8582500,false,6422013,-234948.42,-4025071,0.5235,4033405.130,1.096058187E7,false,-294076,12559438,206117#al3lZMGd3i,3353432,1276223,8205412#1QNcCMeWaF2Q,6782302.440,851639
1446,5035353,8117580,-13704605,false,1158967,1.3516336E7,334259,-0.4538,10079887.080,-3956927.24,false,4284797,-11544885,11256670#LOKvv5Z2PG,-10749113,-14421445,1364637#Kp5GkPCnTToD,1196854.980,13416607
1447,1338583,9601554,10775128,false,12707537,1.2657146E7,3087743,0.5343,-6803439.030,-1.211386164E7,true,9057757,-8437966,7152312#4pVa70Khun,7290082,-13995898,4119701#s6wxVl5EEO9Q,5013871.220,5157212
1448,-5913395,-12353525,11357938,false,13196335,3215333.0,-7610219,0.4747,-2899874.520,-4937545.33,true,12619612,-1512283,12327234#YMw6VhYEEd,11062028,-9988150,6141821#8eD91VSYY8bD,13628301.490,-10793880
1449,-13923819,12728313,5618119,true,10567391,-2710512.5,-4190241,-0.4207,-9635001.660,6185203.03,true,908456,-757378,11708912#ir23dOoUh0,3838895,1003212,1818107#Zz8JA3GW2UX1,1308833.360,-14198016
1450,11292364,2085973,-10166760,false,302639,-2079811.5,-13033911,0.5825,966491.930,-4560808.29,true,-4974481,2683904,4956521#sfnAKF4pvC,-6824534,-13935920,12739873#XyF1yCwiLnVH,-12625070.500,13743603
1451,8334753,6254331,-2653022,true,-13808710,-1.0918846E7,-12253037,0.5058,8283903.190,2322347.54,true,-7881558,10643072,8398017#n7yFD6HyQb,11198105,9403707,3699788#1eaXKIxaMoT6,-5772311.140,-469872
1452,-13138315,13844727,2356014,true,-11225018,-1.4196034E7,1867825,-0.3466,-8643136.200,7731550.88,false,13187868,12773539,11491132#4J2nLymneX,6278075,-9742213,11434220#cmjsPecoteoh,10034124.330,2676137
1453,-2876129,-9504114,13962322,false,5827847,9444892.0,-6034347,-0.3519,9208123.220,-1.123148079E7,true,7932622,-5534499,11471422#ee8DfoiCCb,-6995788,-6470110,3527888#IBSbSRgan29y,5906306.430,-7521766
1454,706060,-11053692,10396384,false,-10247993,-1.3030317E7,6656708,-0.5062,-11706164.680,-1.225849412E7,true,-141781,-10608396,7974719#wyRe7idlUR,4631600,-4975420,8265144#ZJ25gn0HxC6e,-521081.060,-4061060
1455,10257514,13149042,10699877,true,8749532,4088327.0,255363,0.6184,10587626.890,1.210956002E7,true,141161,-1223436,6272157#ZF4111AJNa,4428353,-9445988,10005230#7FzuIyxblU3N,-9435188.040,6561102
1456,-5269110,8462654,-710354,false,-7282799,-2174353.2,12490331,-0.4198,-820151.150,2832748.87,false,6034383,13173110,8361717#w03wEoX95e,-2494536,-612282,12066052#BVPXzKgkIqrd,1349821.890,-5218775
1457,13189701,-8831189,-3959416,false,5640417,5411169.0,11774785,-0.4471,-6187334.670,3163665.26,true,4198224,-3054708,4165977#lIs200q4ae,-11100071,5145096,5662765#L6IkkKQhC2VJ,-6335362.620,-6573755
1458,-12485441,-5174630,4626515,true,-13299226,-6459897.0,12098464,-0.3974,-7680521.600,3103905.3,true,-2850918,6253486,3325724#l9P6iUolXr,-5581346,-2593496,2953974#VRP0xf5rnNtS,-10436555.150,6746675
1459,-11539852,13507964,-11942934,false,4875737,-9935654.0,13424212,0.6450,5045815.220,5093860.05,false,-9845795,2262303,8460626#cDE25dbZgE,3186485,9959716,2812922#vimuC5P31M8L,-10211059.780,2159678
1460,-13977485,11417609,-4990644,false,5877546,5363456.0,-10424884,-0.4000,-13240434.940,-1.116472701E7,true,-13369888,6519756,13267716#O0qCisNJaG,-10108746,-11972090,9430594#7FMNsEel8ziZ,11032820.650,1867561
1461,9813413,10279572,-13654044,true,-4238366,1557097.2,-10851028,-0.4483,-10628567.450,-4073549.88,false,-8859596,6725361,847279#lPGD81bJLx,3662998,12132203,9180514#MKKb1GpBah5O,-13277838.490,11618396
1462,-6885623,5744871,-14457782,true,2985028,1.3668917E7,-5611742,0.5501,1599974.610,-1.187476741E7,false,5009830,-7029284,14407873#3nmrjMUzSX,-8027938,6115181,7819898#zuY2tqpVd8a2,1326814.870,5506336
1463,-3385242,-3405583,6233270,false,-11443331,-4509153.5,9373135,0.5605,13685934.360,-1.365584377E7,true,8309468,-2139852,4613945#vr1smm6z9j,-10338956,10286291,892807#dYlvp5atLdPu,7391180.310,12369049
1464,13678429,5724980,13161376,true,545353,-4969358.5,-9441319,-0.3882,11099180.980,-1.426471867E7,true,8111128,10997135,2103534#V96MTjmhuU,2892118,2356034,13254986#OyAbVRgOXDFm,-2668722.210,-13854547
1465,14007247,-8981228,13527460,true,3591163,4715281.5,9633417,0.4913,-675861.450,-9335387.69,true,-6466064,-13742435,328199#ysGP20tCTe,3888701,838229,3940753#A4BeFzu6tugs,-7176986.010,7519422
1466,12053422,10435909,-14549008,true,-1037691,472742.53,-9088393,-0.4598,-9773107.040,2669113.83,false,6582032,7716521,12444013#qFXvhJ2uE4,1210571,11135751,8398990#kd8uNdBptBMB,14193658.750,-5743778
1467,-8781311,-11143142,-10710731,false,3527278,1.2001462E7,1330628,-0.5101,-1005793.990,9292534.32,false,6538809,-7432667,13006953#dZTY3ut6OU,11319152,12887997,12192380#HibTZ1zgrt5M,4355326.910,-13597337
1468,1646336,9323372,-8625788,true,-3331264,-8918698.0,-5779505,0.4825,-4356837.810,-1.093598884E7,false,-703631,-9106932,2952190#aOcsUOtxJa,-3687076,3585664,3462040#VPKO7AhT98fu,-11662410.900,8757272
1469,13261963,-2474331,-4868553,true,-8074482,1.1913711E7,14386607,0.5029,-11681965.140,-9869473.35,false,2239341,5902758,6160367#Og2byotOLH,14646159,-10161493,10766604#wTEbq7xSBMis,7532910.500,11052906
1470,10564061,13021092,8639348,true,-4975800,-9399339.0,9863895,0.5533,6254817.460,1.216653988E7,true,800210,4895002,11477887#WMrW1EaUrg,-14167599,154451,2209244#51ZYIaDHd1bg,-7301247.090,7867492
1471,-1853887,-8700463,10184517,false,-11752911,-6010674.0,10257214,0.5036,8496784.790,6139992.98,false,-893927,6461389,4065250#VKAhmT7ffQ,-596213,4361065,2332335#nU3RKZKo0ycR,10802303.660,5614762
1472,-8420222,-11147219,9657975,true,-7157751,-1.3949325E7,1839945,0.5757,7692760.650,-1.083199653E7,true,-10231339,10311082,13272777#4AbrkLjMV9,661292,-9565706,10932984#pFNiCxsLD8EJ,9509274.220,2737736
1473,-14495188,6911367,7865473,true,8391998,-2106055.2,11831101,0.5544,726476.280,1.077244571E7,false,-8333143,11977562,9618393#PPUN4kygZz,13774047,-4172011,889838#KzngI2dAgn41,4379871.320,13323209
1474,-11861694,7178111,13488953,true,12790771,5839094.5,-7929881,-0.5222,9074145.990,579675.28,true,11252091,-8897822,4655702#GcfVgRKpkG,-11210217,11032458,13902389#x6RwAW5wY4fH,638451.620,-9469197
1475,-5733681,13540670,8911996,true,-7713049,-1598744.1,-1242149,0.4852,2513812.460,1.180700417E7,false,-14514423,3376936,788805#zyDXFIrmVg,-2009426,-6218012,6935106#jM0MhueOWDpP,-10054914.930,14605555
1476,11781371,13415145,-5589316,true,2102895,1.4405179E7,8677088,-0.4258,11560133.800,-1378021.04,false,9040077,2271477,3671871#wfSBTuGp82,6356778,-14057262,8217692#oEbHQP4rEYPR,6319365.480,-13735977
1477,-14652527,9184301,12074565,false,11307608,-1.0011501E7,-11454823,-0.5331,42870.020,-7829843.74,false,7621549,1592384,11304887#WMrW1EaUrg,1759407,-118660,12575249#FDavLLBDRTyy,-10507818.230,-6077411
1478,7389053,-12961947,2335637,true,5070823,6620996.5,6163505,0.5934,-12202670.250,-8341351.46,false,-878614,-11368325,7515677#XrmhCDWM9d,8948946,14753090,12109093#br9dHBtM9pWa,-2206381.690,-9113097
1479,-9721486,6902446,-186466,false,759230,-524249.28,4159980,0.5368,-11295708.520,-3400366.75,true,-11118084,-10430872,3553671#20SvXhUJsQ,5234697,-12371885,1748267#KrcbLhgyKzK8,-1297954.970,6668133
1480,1138256,-13245937,-11342977,true,-4384148,7018199.5,-6293063,0.6072,-8146256.380,1252541.87,false,8436127,5851921,7405934#zS2n1iZCV4,-12848761,-7708613,5299298#aYgfj9x2b9Pq,13996616.030,1173238
1481,14279467,-13175429,4671633,false,-7414749,7053860.0,-10441776,-0.4743,-2491217.780,1.431351909E7,true,2532386,-3506019,8409879#LUeJh2eFGX,-7010312,-4749777,2296475#Yj4siLbG8x8z,10682410.770,-7828369
1482,9188178,-3600873,6209423,true,4647646,-5555099.0,-4294357,-0.4286,7422550.700,-1.012125013E7,true,-2333071,-8586473,8536220#EeXvstx9gc,13661358,-9033428,13091247#iE3Tl186nHK7,4640176.910,-2186410
1483,9978696,-12493204,-9860259,true,2437334,1.347672E7,10071570,-0.3649,5826686.490,5059566.61,false,-9588987,12075440,3397379#hE5NKUXI1S,7996632,-11798859,8577214#gvLufy2P5snS,8625536.750,-12744640
1484,-1700612,-13997119,5389176,true,6970705,1.1583553E7,-8603954,-0.5052,6294515.790,7306831.61,false,-14832982,-4884703,6996462#w51ARphd1R,6295994,-4310816,6585808#FOmQ6d4APwAN,-14328883.240,1773069
1485,-2675730,3762653,-13831888,false,2853202,-9013871.0,-13152931,0.5691,623558.460,8393253.16,false,2537792,331257,11478684#0S4vBLnnNN,-382871,510831,5747385#79DKdadTeUPb,13476949.200,-1491428
1486,-527594,5561072,-5096831,false,4142346,1.3434355E7,-12171046,0.5095,-11976587.060,6543417.8,true,3209706,1770181,2659435#y6JA6zdwp3,-2716070,-13382692,6432889#h0gQ9WgrmuNt,-14543812.400,12943039
1487,990427,3409468,-1948543,false,852337,-4850960.0,-7946678,0.5599,4042988.860,-2885597.52,true,9431432,-5729560,37277#wLWo8w3nmE,-10377894,-6720333,14514137#w1lzUMYruFov,-14232051.390,-9475330
1488,3310668,-9812719,-529909,false,-1525791,4023897.5,2705235,-0.5364,10555047.910,9232113.3,true,10558287,-4355496,3391244#ntnpl0Zkhy,12189132,12768799,7398631#As2jARDQLYB8,-5020597.490,4071210
1489,-2392805,10737058,-2942312,false,2482659,9514188.0,-3133745,-0.4967,1256563.290,-1838386.14,false,-2094925,10381003,11800777#4AbrkLjMV9,2013365,4762669,10115272#0Yoe5os8EFy9,5910946.050,6666921
1490,8168677,8459058,2107203,true,7028787,8419838.0,14487169,-0.5170,10483189.320,-1.027726189E7,true,-11931916,-10710457,13032019#IRTjOzAMCu,11188296,5137819,5823151#NLuri8FAwwAF,14570861.120,1540277
1491,-10116473,1414903,2712597,false,-13974556,4786192.0,-14547538,0.5614,14790942.610,1.029711114E7,false,-6943932,9873296,11379454#SqrzJ6emHs,3850192,-4484797,7028104#aUW0y0yL4uYV,-5438007.080,-8272197
1492,9661595,1707794,-3128012,true,14115694,5099604.5,9509891,0.6008,1040952.490,-5230109.19,false,5141576,14511673,1548597#RqBpCEzBqZ,-3122537,-6478886,13364383#TJB2uhQmwmFt,-2229961.410,2914997
1493,-4542561,13639695,-8702208,false,-3984214,-134380.58,-843750,0.4922,-8606576.130,-1537964.66,false,-7034978,310205,10251955#4uo5OJLFmC,2082968,-5580107,5908312#SIzU0Ek7nkTK,-5717534.370,-5436011
1494,13217235,9349144,6543285,false,643151,1.3022533E7,-536513,0.5986,-9520689.430,9408259.8,false,-2370009,11616774,5697906#yGCBk0ySRw,-3726676,13872203,14804467#rG7xhl6vENi0,-1287475.070,12356678
1495,14102641,-5935973,-8879800,false,6644451,-242948.42,-4164396,0.5430,4172868.630,1.133978187E7,false,-304001,12994249,213139#jY90KoinBT,3469645,1320294,8489052#BVPXzKgkIqrd,7016748.940,881314
1496,5209164,8398469,-14178155,true,1198724,1.3983536E7,345476,-0.4688,10428509.580,-4093727.24,true,4433278,-11943975,11645669#3ynCT82yIi,-11120838,-14920308,1411807#dYlvp5atLdPu,1238218.480,13880501
1497,1384538,9933473,11147153,false,13146373,1.3094746E7,3194205,0.5538,-7038427.030,-1.253226164E7,false,9370794,-8729195,7399364#YHJw7i246r,7541682,-14479792,4261911#sjHk8eHoK4qX,5186899.720,5335684
1498,-6117504,-12780084,11750013,true,13651696,3326533.0,-7873331,0.4942,-3000351.520,-5107945.33,true,13055249,-1564503,12752810#Zfv1Pm6d2U,11443940,-10333309,6353681#BalNU1Cpo5bi,14099115.990,-11166380
1499,-14404436,13167358,5812044,true,10931856,-2804112.5,-4334691,-0.4357,-9967364.160,6398803.03,true,939531,-783267,12112904#PoTttVEyRE,3971357,1037696,1880797#E4mI5TVNYEa3,1354113.360,-14687991
1500,11681909,2157594,-10517585,true,313319,-2151811.5,-13483486,0.6020,1000144.430,-4718408.29,false,-5145681,2776507,5127367#Og2byotOLH,-7059934,-14416446,13179059#QAX08vhljbHf,-13060373.000,14217215
1501,8622167,6470065,-2744272,true,-14284573,-1.1294846E7,-12675374,0.5253,8569180.690,2402347.54,true,-8153458,11009793,8687280#4t9gYTg7NN,11583836,9727885,3827218#D7UCz1yBv3P9,-5971040.140,-486290
1502,-13590588,14321744,2437252,true,-11611340,-1.4684834E7,1931925,-0.3616,-8940653.700,7997950.88,true,13641693,13213677,11886643#6U0PL65WwV,6494375,-10077464,11827813#2Px7Dot7IjtE,10379605.830,2768175
1503,-2975319,-9830968,14443097,false,6028538,9769692.0,-6242016,-0.3669,9525198.720,-1.161788079E7,false,8205697,-5725191,11865953#dZTY3ut6OU,-7236850,-6692726,3648977#svAJI7fkARSt,6109722.930,-7780391
1504,730308,-11434103,10753759,false,-10600433,-1.3478317E7,6885283,-0.5212,-12108675.680,-1.268009412E7,true,-146744,-10973260,8248830#pkEgi7YWJC,4790700,-5146804,8549140#80Z6Q8mKi6B4,-539271.560,-4200981
1505,10610213,13600914,11067677,true,9049909,4229127.0,264263,0.6379,10951499.390,1.252556002E7,true,145986,-1265273,6487403#tFYAh7bJnC,4580328,-9770280,10348846#YNR7AWYgUTVW,-9759237.540,6786477
1506,-5450329,8753464,-734985,false,-7532623,-2248753.2,12919533,-0.4348,-848626.650,2930348.87,false,6241620,13625167,8648717#w03wEoX95e,-2580242,-633245,12480209#mnEl1J1mqyk0,1396193.890,-5398043
1507,13642417,-9133924,-4095141,true,5833921,5596769.0,12179160,-0.4621,-6399936.670,3272465.26,true,4342374,-3159808,4308915#V91JRJJ5Ur,-11481114,5321734,5856819#FFmthTuDHNRE,-6552579.120,-6799180
1508,-12913796,-5352128,4785490,false,-13755499,-6681497.0,12513227,-0.4124,-7943828.100,3210305.3,false,-2948993,6468078,3439635#qZ6knhxGMZ,-5772596,-2682555,3055266#3utKVDQYr16w,-10794137.150,6978275
1509,-11935262,13970854,-12352159,false,5043152,-1.0276454E7,13884062,0.6645,5218816.720,5268260.05,false,-10183083,2339538,8750540#QPfQK1wsxr,3295623,10301350,2909304#gt5fYbsPYUfR,-10560779.780,2233803
1510,-14455849,11808527,-5161494,false,6079172,5547456.0,-10782072,-0.4150,-13693985.440,-1.154712701E7,true,-13827438,6742757,13721984#T7hs77evtl,-10454837,-12381804,9753558#ZP6dDrdU8A5U,11410747.150,1931286
1511,10149161,10631151,-14121332,false,-4383287,1610697.2,-11222365,-0.4633,-10992202.450,-4212749.88,true,-9162771,6955578,876122#PakPfqxCPR,3788473,12547221,9494663#gDfn0KdCgl1Z,-13732497.990,12015721
1512,-7120807,5941541,-14951969,true,3086916,1.4136117E7,-5803345,0.5696,1654793.610,-1.228116741E7,true,5181005,-7269677,14900549#8jgrXUn7Pb,-8302463,6324249,8087077#eGU0Mde8NcFy,1371995.870,5694336
1513,-3501080,-3521978,6446595,true,-11834162,-4663553.5,9693710,0.5800,14153518.360,-1.412224377E7,false,8593181,-2212932,4771419#p1cAgAztiY,-10692456,10637558,923058#x7Ka0SxcvB53,7643673.810,12791461
1514,14145255,5920710,13611201,true,563651,-5138958.5,-9764094,-0.4032,11478141.980,-1.475191867E7,true,8388453,11372567,2175290#iXR5OGgION,2991081,2436202,13707574#cXsVR3OohNp2,-2759533.210,-14327397
1515,14485078,-9287562,13988810,true,3713967,4876081.5,9962504,0.5108,-698956.450,-9653787.69,false,-6687014,-14211532,339310#D1sqemC8tr,4021226,866706,4074937#hUwp9i96q8dm,-7421781.010,7775909
1516,12464744,10791743,-15045383,false,-1073185,488742.53,-9398256,-0.4748,-10106352.540,2760313.83,false,6806332,7979851,12868154#9bb29zwY3c,1251959,11515747,8685172#Kv4jNzKjvMqS,14677450.750,-5939991
1517,-9080789,-11523108,-11076106,true,3647715,1.2410262E7,1375903,-0.5251,-1040008.490,9609334.32,false,6761472,-7686141,13450259#VQI9x8jFE1,11704665,13327204,12607810#uSkAMPit87FI,4504089.410,-14061012
1518,1702730,9641064,-8919919,true,-3444498,-9222698.0,-5976305,0.5020,-4505434.810,-1.130878884E7,true,-727587,-9417357,3052706#v7wn7TyuTH,-3812626,3708075,3579756#BayeynzfA6H8,-12059832.400,9055797
1519,13713522,-2558533,-5034028,true,-8349144,1.2319311E7,14875957,0.5224,-12079764.640,-1.020547335E7,true,2315666,6103769,6369801#UWUFn7sbZY,15144559,-10507561,11132901#VChEmOFGFO3N,7789136.000,11429406
1520,10923286,13464182,8932998,true,-5145102,-9719339.0,10199370,0.5728,6467496.460,1.258013988E7,false,827460,5061514,11868138#jO8iIlvnX4,-14649199,159995,2284075#yvz8OKMc5teU,-7549670.590,8134870
1521,-1916933,-8996036,10530867,true,-12152284,-6214674.0,10605764,0.5231,8785595.290,6348792.98,false,-924427,6681106,4203201#pQaCBbCJa7,-616688,4509038,2411337#ORIs3xNftYHR,11169740.660,5805362
1522,-8706429,-11526044,9986075,true,-7401204,-1.4422925E7,1902245,0.5952,7954372.650,-1.119999653E7,false,-10578670,10661341,13723555#ZYGUKUndA5,683867,-9890652,11304334#zLCvzl0wgcVk,9832026.720,2830886
1523,-14987412,7145688,8132423,false,8676727,-2177255.2,12232863,0.5739,751472.780,1.113804571E7,false,-8616143,12384319,9944864#BxZjYOKHbV,14241297,-4313627,919940#DvhKFK6Iz0IA,4528546.320,13775434
1524,-12264266,7421795,13946828,true,13224447,6037494.5,-8199181,-0.5372,9382084.990,599675.28,false,11634016,-9199934,4813418#vYVvqeeMim,-11590442,11407014,14373715#OZiW3NhaIn1n,660299.120,-9790388
1525,-5927951,13999794,9214146,false,-7974804,-1653144.1,-1284449,0.5047,2599329.960,1.220700417E7,false,-15006323,3491641,815326#1VMpZhtuuw,-2077676,-6429000,7170110#ZysHeU1SeGxZ,-10395692.430,15100830
1526,12180647,13869650,-5778553,false,2174255,1.4893179E7,8970863,-0.4408,11951419.800,-1424421.04,false,9346152,2348430,3796053#1mDTUz8NKw,6572321,-14533773,8495892#ePTObZnIeDlH,6533510.980,-14201302
1527,-15148325,9494935,12483365,false,11690534,-1.0350701E7,-11842523,-0.5481,44334.520,-8094643.74,true,7879749,1646542,11687420#HDdBFubeQI,1818919,-122949,13000633#3jQDm0mVccEg,-10863292.730,-6283386
1528,7638741,-13400639,2414337,false,5242451,6844996.5,6372242,0.6129,-12615307.250,-8623751.46,true,-908152,-11752891,7769635#qZ6knhxGMZ,9251958,15251978,12518577#8iNOjtFxo6f5,-2281030.690,-9421572
1529,-10049869,7135643,-192912,false,784900,-541849.25,4300680,0.5563,-11677382.020,-3515566.75,false,-11494109,-10783563,3673749#KUveKDLQUt,5411897,-12789833,1807201#zgnK51NeMW9R,-1342022.470,6893583
1530,1176788,-13693299,-11725977,false,-4531926,7254999.5,-6505963,0.6267,-8421326.380,1294941.87,true,8720964,6049544,7656036#VNBAGke4ki,-13282936,-7968923,5478043#ERKMAPNoyIxF,14469189.530,1212738
1531,14761627,-13620214,4829558,true,-7665403,7292260.0,-10794401,-0.4893,-2575211.280,1.479671909E7,true,2617886,-3624610,8693520#984dMpZufi,-7247162,-4909986,2373888#IBSbSRgan29y,11043169.770,-8092794
1532,9498046,-3722066,6419098,false,4804580,-5742299.0,-4439507,-0.4436,7673011.700,-1.046285013E7,false,-2411839,-8875990,8823879#LUeJh2eFGX,14122083,-9338299,13532681#BalNU1Cpo5bi,4797027.910,-2260347
1533,10314835,-12914169,-10192934,true,2519836,1.393112E7,10411407,-0.3799,6022814.490,5229966.61,true,-9912187,12482386,3511681#ud6sGHPCbw,8266082,-12196929,8866377#QVeoU8EMBhwc,8916303.750,-13174415
1534,-1757577,-14468810,5570989,true,7205744,1.1973953E7,-8893879,-0.5202,6506842.290,7553231.61,true,-15332432,-5049360,7232126#bTwp4vj2KI,6507869,-4456115,6807489#Dgq198rOG3DE,-14811930.740,1833119
1535,-2765616,3889118,-14297888,false,2949419,-9317071.0,-13596031,0.5886,644227.460,8675653.16,false,2622917,342595,11865016#2gjlYLzbg2,-395796,527918,5940599#bOIb6gHsRG47,13931037.700,-1541328
1536,-545231,5748076,-5268406,true,4282017,1.3886355E7,-12580568,0.5290,-12379789.060,6763417.8,true,3317981,1829679,2748720#pZGB0sgPyl,-2807620,-13833070,6649262#whALJ1r1Hq5B,-15032838.400,13378220
1537,1024027,3523873,-2014206,true,880694,-5014160.0,-8213728,0.5794,4179228.860,-2982397.52,true,9748782,-5922196,38450#bDNdqqcFJe,-10727169,-6946183,15001851#9Y9Nc5dirrN7,-14710494.890,-9793855
1538,3421648,-10142397,-547434,false,-1577143,4159097.5,2796060,-0.5514,10909827.410,9542513.3,false,10913345,-4501582,3505133#l9uaEIKwCP,12599007,13197559,7647092#L8aX7trVbW18,-5189190.490,4208160
1539,-2473052,11097435,-3040787,true,2565797,9833388.0,-3238716,-0.5117,1298622.290,-1899986.14,false,-2165546,10729579,12196736#9Qxy4fJkJa,2080903,4922543,10454817#BEiqBWPkJ1dd,6109241.550,6890659
1540,8443087,8743082,2178025,true,7264721,8702238.0,14973494,-0.5320,10835121.320,-1.062206189E7,true,-12332616,-11069763,13469230#nZCrkkefUp,11563946,5309916,6018369#v9BvTpHlvsFg,15059952.120,1592277
1541,-10455413,1462576,2803837,false,-14443002,4946992.0,-15035663,0.5809,15287007.610,1.064271114E7,true,-7176994,10204271,11760842#4SfgQzKxUO,3979272,-4635129,7263529#thR6EPt3PCMW,-5620642.580,-8549572
1542,9985493,1764810,-3232712,true,14588637,5270804.5,9828291,0.6203,1076158.490,-5405309.19,false,5314051,14997955,1600282#phQ7gK2uFD,-3227087,-6695954,13812193#YcWU6fKgCcyD,-2304974.910,3012572
1543,-4694751,14096577,-8993342,true,-4117951,-139180.58,-872037,0.5117,-8895068.630,-1589164.66,true,-7270321,320658,10595094#F9YsmB2MA1,2152743,-5767306,6105989#HQ6Ahp6ugMni,-5909010.870,-5618005
1544,13659260,9661896,6762485,true,664756,1.3458533E7,-554228,0.6181,-9839344.930,9723459.8,true,-2449559,12005301,5888520#984dMpZufi,-3851314,14336247,15299856#rq6HCvbWbAXt,-1330888.570,12770091
1545,14574226,-6134534,-9177100,true,6866890,-250948.42,-4303721,0.5625,4312332.130,1.171898187E7,false,-313926,13429060,220161#FkZOMMrBZK,3585857,1364365,8772692#oEbHQP4rEYPR,7251195.440,910989
1546,5382974,8679359,-14651705,false,1238480,1.4450736E7,356693,-0.4838,10777132.080,-4230527.24,true,4581759,-12343066,12034669#3ynCT82yIi,-11492563,-15419171,1458977#svAJI7fkARSt,1279581.980,14344394
1547,1430494,10265391,11519178,false,13585209,1.3532346E7,3300668,0.5733,-7273415.030,-1.295066164E7,true,9683832,-9020423,7646416#MMm9k4fLoV,7793282,-14963686,4404121#9c6z4qR3D98e,5359928.220,5514157
1548,-6321613,-13206642,12142088,false,14107056,3437733.0,-8136444,0.5137,-3100828.520,-5278345.33,true,13490887,-1616723,13178385#45VScRlUnR,11825853,-10678468,6565540#01pNVMmLzTeV,14569930.490,-11538880
1549,-14885053,13606402,6005969,false,11296320,-2897712.5,-4479141,-0.4507,-10299726.660,6612403.03,true,970606,-809155,12516897#ICxbrEMku9,4103820,1072180,1943486#Y9J2JWHAfih3,1399393.360,-15177966
1550,12071454,2229215,-10868410,true,323999,-2223811.5,-13933061,0.6215,1033796.930,-4876008.29,false,-5316881,2869109,5298212#ht1IAEGPeV,-7295334,-14896972,13618245#GPWm9FisuatE,-13495675.500,14690828
1551,8909581,6685798,-2835522,true,-14760436,-1.1670846E7,-13097712,0.5448,8854458.190,2482347.54,false,-8425358,11376514,8976544#aa1lfUqomq,11969567,10052063,3954648#jtyDhD39zRW2,-6169769.140,-502709
1552,-14042862,14798761,2518489,true,-11997662,-1.5173634E7,1996025,-0.3766,-9238171.200,8264350.88,false,14095518,13653816,12282154#9bb29zwY3c,6710675,-10412714,12221406#SEFTQ1A67OMD,10725087.330,2860212
1553,-3074508,-10157821,14923872,false,6229228,1.0094492E7,-6449684,-0.3819,9842274.220,-1.200428079E7,true,8478772,-5915883,12260483#XAth3kU52R,-7477913,-6915343,3770067#cAiJ3XSZLwYL,6313139.430,-8039016
1554,754557,-11814513,11111134,true,-10952874,-1.3926317E7,7113858,-0.5362,-12511186.680,-1.310169412E7,false,-151706,-11338125,8522942#LiGUMA40iB,4949800,-5318188,8833135#vD0wzaAPZW2P,-557462.060,-4340902
1555,10962912,14052785,11435477,false,9350287,4369927.0,273163,0.6574,11315371.890,1.294156002E7,false,150811,-1307110,6702650#ekvt0CM4GV,4732303,-10094572,10692462#nVnh1318HkcR,-10083287.040,7011852
1556,-5631548,9044273,-759616,false,-7782448,-2323153.2,13348735,-0.4498,-877102.150,3027948.87,false,6448858,14077224,8935717#w03wEoX95e,-2665948,-654209,12894366#Zb52vhO1BEe1,1442565.890,-5577311
1557,14095133,-9436659,-4230866,false,6027424,5782369.0,12583535,-0.4771,-6612538.670,3381265.26,true,4486524,-3264907,4451853#OmBGLLN5c7,-11862158,5498371,6050873#XyF1yCwiLnVH,-6769795.620,-7024605
1558,-13342150,-5529626,4944465,true,-14211772,-6903097.0,12927989,-0.4274,-8207134.600,3316705.3,false,-3047068,6682669,3553545#sD2H4VwwaT,-5963846,-2771613,3156558#ZP6dDrdU8A5U,-11151719.150,7209875
1559,-12330671,14433744,-12761384,false,5210566,-1.0617254E7,14343912,0.6840,5391818.220,5442660.05,true,-10520370,2416773,9040454#SqrzJ6emHs,3404760,10642983,3005686#9cBJdVhpQq7h,-10910499.780,2307928
1560,-14934213,12199445,-5332344,true,6280799,5731456.0,-11139259,-0.4300,-14147535.940,-1.192952701E7,false,-14284988,6965758,14176252#HSApB8lSHv,-10800929,-12791517,10076523#j1TicrMh0OY0,11788673.650,1995011
1561,10484910,10982731,-14588619,true,-4528209,1664297.2,-11593703,-0.4783,-11355837.450,-4351949.88,false,-9465946,7185796,904964#FoMTQBSViv,3913948,12962238,9808812#FwkiqBDgA9wF,-14187157.490,12413046
1562,-7355991,6138212,-15446157,true,3188804,1.4603317E7,-5994948,0.5891,1709612.610,-1.268756741E7,false,5352180,-7510069,15393225#FdPuvEmIH8,-8576988,6533318,8354255#HstzEE6cZrL5,1417176.870,5882336
1563,-3616918,-3638372,6659920,true,-12224992,-4817953.5,10014285,0.5995,14621102.360,-1.458864377E7,true,8876893,-2286012,4928893#9JvvcZGH0v,-11045956,10988824,953308#p4PdkQ8xHzXF,7896167.310,13213874
1564,14612082,6116439,14061026,false,581949,-5308558.5,-10086869,-0.4182,11857102.980,-1.523911867E7,false,8665778,11747999,2247045#Gez48BLyYD,3090043,2516370,14160161#GLls92Rthzpf,-2850344.210,-14800247
1565,14962910,-9593895,14450160,true,3836771,5036881.5,10291592,0.5303,-722051.450,-9972187.69,false,-6907964,-14680628,350421#k6n0ekfWhm,4153751,895182,4209122#aYfNxrDWKT7v,-7666576.010,8032397
1566,12876065,11147577,-15541758,false,-1108679,504742.53,-9708118,-0.4898,-10439598.040,2851513.83,false,7030632,8243181,13292294#bqZNP4JqNj,1293346,11895743,8971354#Z8na2ts6d3F2,15161242.750,-6136203
1567,-9380266,-11903074,-11441481,false,3768153,1.2819062E7,1421178,-0.5401,-1074222.990,9926134.32,true,6984134,-7939615,13893564#nvpMXXhEuW,12090177,13766411,13023239#OM5rvhyWKwpr,4652851.910,-14524687
1568,1759125,9958755,-9214050,false,-3557732,-9526698.0,-6173105,0.5215,-4654031.810,-1.168158884E7,false,-751543,-9727782,3153221#jJrHDFLhxC,-3938176,3830486,3697472#TQQORunTe2qv,-12457253.900,9354322
1569,14165081,-2642735,-5199503,true,-8623806,1.2724911E7,15365307,0.5419,-12477564.140,-1.054147335E7,false,2391991,6304780,6579236#K6KqxGGjID,15642959,-10853629,11499199#7O9cknIIf1mU,8045361.500,11805906
1570,11282512,13907272,9226648,false,-5314404,-1.0039339E7,10534845,0.5923,6680175.460,1.299373988E7,true,854710,5228027,12258389#9zmHX17Ctu,-15130799,165539,2358906#W1qz1gxVxrrz,-7798094.090,8402249
1571,-1979978,-9291609,10877217,true,-12551658,-6418674.0,10954314,0.5426,9074405.790,6557592.98,false,-954927,6900822,4341151#QD4VspDWz1,-637163,4657012,2490340#iuCfDV0UReTO,11537177.660,5995962
1572,-8992637,-11904869,10314175,false,-7644658,-1.4896525E7,1964545,0.6147,8215984.650,-1.156799653E7,true,-10926001,11011600,14174333#XYaatAxA23,706442,-10215597,11675685#ovYwdwoUEQmZ,10154779.220,2924036
1573,-15479636,7380008,8399373,false,8961455,-2248455.2,12634626,0.5934,776469.280,1.150364571E7,true,-8899143,12791076,10271335#JzvCnMI5Di,14708547,-4455244,950042#a8Wxp0Lqd4hb,4677221.320,14227659
1574,-12666839,7665479,14404703,false,13658123,6235894.5,-8468481,-0.5522,9690023.990,619675.28,true,12015941,-9502046,4971134#3JFBaw4ta9,-11970667,11781571,14845040#VPKO7AhT98fu,682146.620,-10111578
1575,-6122221,14458919,9516296,false,-8236559,-1707544.1,-1326749,0.5242,2684847.460,1.260700417E7,false,-15498223,3606346,841848#qhhVnaj640,-2145926,-6639988,7405115#ZF1DHzF1LJdC,-10736469.930,15596105
1576,12579923,14324156,-5967791,true,2245616,1.5381179E7,9264638,-0.4558,12342705.800,-1470821.04,true,9652227,2425384,3920234#YMw6VhYEEd,6787865,-15010283,8774092#L8aX7trVbW18,6747656.480,-14666627
1577,-15644123,9805570,12892165,false,12073460,-1.0689901E7,-12230223,-0.5631,45799.020,-8359443.74,true,8137949,1700699,12069954#Idxm2EH9vY,1878432,-127238,13426016#rYGmAuCA7qUh,-11218767.230,-6489361
1578,7888429,-13839330,2493037,true,5414079,7068996.5,6580980,0.6324,-13027944.250,-8906151.46,false,-937689,-12137457,8023594#fXJYMkEuDc,9554971,15750866,12928061#jvEGZ7cdfRt5,-2355679.690,-9730047
1579,-10378252,7368841,-199359,true,810569,-559449.25,4441380,0.5758,-12059055.520,-3630766.75,false,-11870134,-11136254,3793827#bH2oV9o8th,5589097,-13207780,1866135#vD0wzaAPZW2P,-1386089.970,7119033
1580,1215321,-14140661,-12108977,false,-4679704,7491799.5,-6718863,0.6462,-8696396.380,1337341.87,true,9005802,6247168,7906138#jO8iIlvnX4,-13717111,-8229233,5656789#HHNMHUAbCNiH,14941763.030,1252238
1581,15243786,-14064999,4987483,true,-7916056,7530660.0,-11147026,-0.5043,-2659204.780,1.527991909E7,false,2703386,-3743200,8977161#FkZOMMrBZK,-7484012,-5070196,2451301#sTQOp9mphjo8,11403928.770,-8357219
1582,9807914,-3843260,6628773,true,4961513,-5929499.0,-4584657,-0.4586,7923472.700,-1.080445013E7,true,-2490608,-9165507,9111539#F73pisi3L1,14582808,-9643170,13974116#2CLxRCLMk5tx,4953878.910,-2334285
1583,10650973,-13335134,-10525609,true,2602338,1.438552E7,10751245,-0.3949,6218942.490,5400366.61,true,-10235387,12889333,3625983#6PfmJS1pYN,8535532,-12595000,9155539#croVwJh72Ghm,9207070.750,-13604190
1584,-1814542,-14940500,5752801,true,7440783,1.2364353E7,-9183804,-0.5352,6719168.790,7799631.61,false,-15831882,-5214016,7467790#DCuxGyNlg9,6719744,-4601413,7029170#xOyemX3XMJym,-15294978.240,1893169
1585,-2855503,4015583,-14763888,false,3045636,-9620271.0,-14039131,0.6081,664896.460,8958053.16,false,2708042,353933,12251348#tV1epMQeub,-408721,545004,6133812#FwkiqBDgA9wF,14385126.200,-1591228
1586,-562868,5935081,-5439981,false,4421687,1.4338355E7,-12990089,0.5485,-12782991.060,6983417.8,false,3426256,1889177,2838005#COLxQ5dOKG,-2899170,-14283447,6865635#NYOm3VRG0brU,-15521864.400,13813401
1587,1057627,3638277,-2079868,true,909050,-5177360.0,-8480778,0.5989,4315468.860,-3079197.52,true,10066132,-6114831,39623#wAtfw9eMWh,-11076444,-7172034,15489565#wtVJr65iddye,-15188938.390,-10112380
1588,3532628,-10472074,-564959,true,-1628494,4294297.5,2886885,-0.5664,11264606.910,9852913.3,true,11268402,-4647668,3619023#J7coAt5azs,13008882,13626319,7895553#mQ5x58YlsfXj,-5357783.490,4345110
1589,-2553300,11457813,-3139262,true,2648935,1.0152588E7,-3343688,-0.5267,1340681.290,-1961586.14,true,-2236168,11078154,12592694#rJU4l9ZjPS,2148440,5082417,10794362#howB9lyF5Zdm,6307537.050,7114396
1590,8717497,9027105,2248846,true,7500655,8984638.0,15459819,-0.5470,11187053.320,-1.096686189E7,true,-12733316,-11429069,13906442#sWPdWijyhr,11939596,5482013,6213587#D9u7C3BmABqs,15549043.120,1644277
1591,-10794354,1510248,2895076,false,-14911447,5107792.0,-15523788,0.6004,15783072.610,1.098831114E7,true,-7410057,10535246,12142231#YyPYA4JD5S,4108352,-4785461,7498955#ADgjYlcYT13M,-5803278.080,-8826947
1592,10309390,1821825,-3337412,true,15061580,5442004.5,10146691,0.6398,1111364.490,-5580509.19,true,5486526,15484237,1651967#rH4e6kc1dt,-3331637,-6913022,14260004#oxxGgEHw2IdT,-2379988.410,3110147
1593,-4846940,14553459,-9284476,false,-4251688,-143980.58,-900325,0.5312,-9183561.130,-1640364.66,false,-7505665,331112,10938233#QvqqS3owzy,2222518,-5954506,6303665#OkBOVZ1p8C9f,-6100487.370,-5799998
1594,14101285,9974647,6981685,false,686362,1.3894533E7,-571944,0.6376,-10158000.430,1.00386598E7,false,-2529109,12393829,6079135#ElZNdLoBhq,-3975951,14800292,15795245#GPWm9FisuatE,-1374302.070,13183503
1595,15045812,-6333095,-9474400,true,7089328,-258948.42,-4443046,0.5820,4451795.630,1.209818187E7,false,-323851,13863871,227183#vLQXJuum4S,3702070,1408436,9056332#61iltBhd9VLn,7485641.940,940664
1596,5556785,8960248,-15125255,true,1278237,1.4917936E7,367910,-0.4988,11125754.580,-4367327.24,false,4730240,-12742156,12423668#6gYmBzUu3M,-11864288,-15918034,1506147#Mu3ycMX0JC7J,1320945.480,14808288
1597,1476449,10597310,11891203,false,14024045,1.3969946E7,3407130,0.5928,-7508403.030,-1.336906164E7,false,9996869,-9311652,7893468#kOqB6xPhyu,8044882,-15447580,4546331#tV01lLWitfBW,5532956.720,5692629
1598,-6525722,-13633201,12534163,true,14562417,3548933.0,-8399556,0.5332,-3201305.520,-5448745.33,true,13926524,-1668943,13603961#essFK2mjFk,12207765,-11023627,6777400#UGpEPIMDPvib,15040744.990,-11911380
1599,-15365670,14045447,6199894,false,11660785,-2991312.5,-4623591,-0.4657,-10632089.160,6826003.03,true,1001681,-835044,12920889#1qCPwTkJzX,4236282,1106664,2006176#LJ1Zxx1QsmZS,1444673.360,-15667941
1600,12460999,2300836,-11219235,false,334679,-2295811.5,-14382636,0.6410,1067449.430,-5033608.29,true,-5488081,2961712,5469058#LtWB96KLCA,-7530734,-15377498,14057431#Yrms8DnmtBTn,-13930978.000,15164440
1601,9196995,6901532,-2926772,true,-15236299,-1.2046846E7,-13520049,0.5643,9139735.690,2562347.54,false,-8697258,11743235,9265807#TwYcic1Z6q,12355298,10376241,4082078#AlTAq5NG7Zox,-6368498.140,-519127
1602,-14495135,15275778,2599727,true,-12383984,-1.5662434E7,2060125,-0.3916,-9535688.700,8530750.88,true,14549343,14093954,12677665#21aivJrvqH,6926975,-10747965,12614999#Ebca1cOKkDgU,11070568.830,2952250
1603,-3173698,-10484675,15404647,false,6429919,1.0419292E7,-6657353,-0.3969,10159349.720,-1.239068079E7,false,8751847,-6106575,12655014#wkVfsbYa3x,-7718975,-7137959,3891156#ihsH3jwjweJz,6516555.930,-8297641
1604,778805,-12194924,11468509,true,-11305314,-1.4374317E7,7342433,-0.5512,-12913697.680,-1.352329412E7,false,-156669,-11702989,8797053#1mDTUz8NKw,5108900,-5489572,9117131#wLc2FznNfQkN,-575652.560,-4480823
1605,11315611,14504657,11803277,false,9650664,4510727.0,282063,0.6769,11679244.390,1.335756002E7,false,155636,-1348947,6917896#OWzMoEIVDu,4884278,-10418864,11036078#AlTAq5NG7Zox,-10407336.540,7237227
1606,-5812767,9335083,-784247,false,-8032272,-2397553.2,13777937,-0.4648,-905577.650,3125548.87,false,6656095,14529281,9222717#w03wEoX95e,-2751654,-675172,13308523#j1TicrMh0OY0,1488937.890,-5756579
1607,14547849,-9739394,-4366591,true,6220928,5967969.0,12987910,-0.4921,-6825140.670,3490065.26,true,4630674,-3370007,4594791#8wl4VYlqPw,-12243201,5675009,6244927#YEFz8obcF0u3,-6987012.120,-7250030
1608,-13770505,-5707124,5103440,false,-14668045,-7124697.0,13342752,-0.4424,-8470441.100,3423105.3,true,-3145143,6897261,3667456#adYG90pKVn,-6155096,-2860672,3257850#i7plgzNOetEg,-11509301.150,7441475
1609,-12726081,14896634,-13170609,false,5377981,-1.0958054E7,14803762,0.7035,5564819.720,5617060.05,true,-10857658,2494008,9330368#krx5zHALkN,3513898,10984617,3102068#drmzqXHLHr4q,-11260219.780,2382053
1610,-15412577,12590363,-5503194,true,6482425,5915456.0,-11496447,-0.4450,-14601086.440,-1.231192701E7,false,-14742538,7188759,14630520#984dMpZufi,-11147020,-13201231,10399487#bZFcclXsQoBo,12166600.150,2058736
1611,10820658,11334310,-15055907,false,-4673130,1717897.2,-11965040,-0.4933,-11719472.450,-4491149.88,true,-9769121,7416013,933807#TwYcic1Z6q,4039423,13377256,10122961#1N0kfALd6aRE,-14641816.990,12810371
1612,-7591175,6334882,-15940344,true,3290692,1.5070517E7,-6186551,0.6086,1764431.610,-1.309396741E7,true,5523355,-7750462,15885901#gwbXefxwM2,-8851513,6742386,8621434#2BpW0USgvkao,1462357.870,6070336
1613,-3732756,-3754767,6873245,false,-12615823,-4972353.5,10334860,0.6190,15088686.360,-1.505504377E7,false,9160606,-2359092,5086367#Og2byotOLH,-11399456,11340091,983559#A0x6TIcUbxvn,8148660.810,13636286
1614,15078908,6312169,14510851,false,600247,-5478158.5,-10409644,-0.4332,12236063.980,-1.572631867E7,false,8943103,12123431,2318801#UWUFn7sbZY,3189006,2596538,14612749#K2nxWCOCRRmc,-2941155.210,-15273097
1615,15440741,-9900229,14911510,true,3959575,5197681.5,10620679,0.5498,-745146.450,-1.029058769E7,true,-7128914,-15149725,361532#5QQeGqDs3L,4286276,923659,4343306#amIKn6Iault1,-7911371.010,8288884
1616,13287387,11503411,-16038133,true,-1144173,520742.53,-10017981,-0.5048,-10772843.540,2942713.83,false,7254932,8506511,13716435#y6JA6zdwp3,1334734,12275739,9257536#PIufsS5aSIVf,15645034.750,-6332416
1617,-9679744,-12283040,-11806856,true,3888590,1.3227862E7,1466453,-0.5551,-1108437.490,1.024293432E7,true,7206797,-8193089,14336870#ekY4Ao6ZDU,12475690,14205618,13438669#HsRndOyKBRUe,4801614.410,-14988362
1618,1815519,10276447,-9508181,false,-3670966,-9830698.0,-6369905,0.5410,-4802628.810,-1.205438884E7,true,-775499,-10038207,3253737#c6f9XF0r8R,-4063726,3952897,3815188#reQmVfMX18T5,-12854675.400,9652847
1619,14616640,-2726937,-5364978,true,-8898468,1.3130511E7,15854657,0.5614,-12875363.640,-1.087747335E7,true,2468316,6505791,6788670#LOKvv5Z2PG,16141359,-11199697,11865496#CRKZUPO6lYLP,8301587.000,12182406
1620,11641737,14350362,9520298,false,-5483706,-1.0359339E7,10870320,0.6118,6892854.460,1.340733988E7,false,881960,5394539,12648640#mbIpLkQolm,-15612399,171083,2433737#xCIb6yRVmDAk,-8046517.590,8669627
1621,-2043024,-9587182,11223567,false,-12951031,-6622674.0,11302864,0.5621,9363216.290,6766392.98,false,-985427,7120539,4479102#zzNSIQvZPJ,-657638,4804985,2569342#lk0TDgnOsMGW,11904614.660,6186562
1622,-9278844,-12283694,10642275,false,-7888111,-1.5370125E7,2026845,0.6342,8477596.650,-1.193599653E7,false,-11273332,11361859,14625111#yZExjnkgyW,729017,-10540543,12047035#MdKxjfO1fcmz,10477531.720,3017186
1623,-15971860,7614329,8666323,true,9246184,-2319655.2,13036388,0.6129,801465.780,1.186924571E7,true,-9182143,13197833,10597806#2lYDa1I8xs,15175797,-4596860,980144#ZJ25gn0HxC6e,4825896.320,14679884
1624,-13069411,7909163,14862578,false,14091799,6434294.5,-8737781,-0.5672,9997962.990,639675.28,false,12397866,-9804158,5128850#2rSEBNChwM,-12350892,12156127,15316366#Zb52vhO1BEe1,703994.120,-10432769
1625,-6316491,14918043,9818446,true,-8498314,-1761944.1,-1369049,0.5437,2770364.960,1.300700417E7,false,-15990123,3721051,868369#iauck2ki7W,-2214176,-6850976,7640119#vLcZjfctzA3x,-11077247.430,16091380
1626,12979199,14778661,-6157028,false,2316976,1.5869179E7,9558413,-0.4708,12733991.800,-1517221.04,true,9958302,2502337,4044416#MMm9k4fLoV,7003408,-15486794,9052292#TvbNlDJcSnlU,6961801.980,-15131952
