1422,13140606#lTUTSDfwOH3g7c3Bk3Ypd0z9J8AiHXU,11884241,655399,true,-2264691,-9066758.16,4781230#eu5qk4u0udAeaWssqoaNYfpoj,-0.801,-11851314,6920272,13341594,2.523,-8116545,-11821464.1900,2455088#NiJxucboPAYZAHgxU2Tl,true,true,10230970.6900,-0.79
1423,2238292#1ZnWbfEWz4pglAqMBk2kd0G09DFRlHF,4156574,-13363752,true,-5614441,-2496738.96,2537228#vSbVj5VqQjSPSmQ51bz3IXyxK,0.818,7225684,8142878,175188,4.361,-10585954,-6795091.4800,9903665#LZG9RadeYTQBwl3J0lBX,true,false,12691307.7400,-0.74
1424,1022716#LQHesnBu90pXZGkXZTWlWRU28Ka5Ypn,-13764359,-2443528,true,-3842545,9954932.94,1593353#3lJm2E6sNeBUTQ2MTJ3FoZAsB,0.837,10754745,6055961,-13804120,-1.824,-2128621,-7025468.8700,13059158#bkCyjC5KCxHxq1aypuAo,true,true,9169695.9100,-0.78
1425,3800595#Vn3eEbnKW76FRyLCSy0BojtLqCY23j4,7610433,-2775742,true,511661,-1439926.28,2176168#HtMh3a1tAFgrGpYEsGBUIs1hR,-0.631,-6981524,11569745,-8809471,6.287,9933587,6651560.4000,6654248#GWQKdy7zvUrVILC5YSgl,true,true,13002237.8200,-0.74
1426,2362360#NfQWeRdNI0yGBLbTuqJTrLVBboxsqhx,6677354,12124514,true,-5424113,-1469718.30,4800906#tALLHbKb0IIuLTh9jPRbbl91f,-0.615,5419121,-14186164,-1818395,-4.251,8031288,3617335.4000,8290237#RTFOUvD6gD1JGc9PFGRn,false,true,-10567768.8100,0.78
1427,1258522#uEYm1hLsSyT1a651p4yR9XyveSIdii5,-3578128,3025254,false,10838745,13591232.78,11775272#WTQgXlZ67NyuAcAIsxsMRrpZB,0.818,12916561,-9911275,-11610897,2.754,-8447944,3622021.2800,9694894#Bmwno7qia6lLWcqwxSrw,true,true,-4565737.0400,-0.70
1428,9166385#jGvEn3FcTWSr0dsS358ODC9CKAPW1C6,8121421,5949707,false,-5299235,-2490439.41,12889151#NnyuZZfZ72pafkzWVRDzX2bFV,-0.714,622736,11956513,13194289,-1.138,-7059584,-2565073.5600,10483735#AvGS6QTP9lPF6ZXXnj2y,true,false,-6049069.8700,-0.76
1429,3172579#z7pKh1UfnP11l2FoboUk6wQ3vVQwdbC,-8652336,12864092,true,11040851,-5328575.91,785891#Ksp2VjgmSsJF6Nax40qSvTX3r,0.811,1276025,-9512141,-8467507,3.008,10621004,-4611456.2100,11328428#GVSTssacXsC4Or2guCCH,false,false,10275128.8100,0.81
1430,1419571#ypQSmMgYCLsdEgasfbKcKG44ffCh8lv,7807585,-9144634,false,-11350614,-5553832.05,507257#mH5iUP7LjQDlrMOpKTopqyzNt,-0.745,3874956,11981981,3117237,1.833,13769453,14168078.9400,14262806#eoys4nh8CVPb4Gox6FPV,false,false,-243866.9900,-0.79
1431,13970176#OiCk7z473bTxythjJTbDm9aFDxytiXX,10531370,-8244106,true,995736,14199029.36,13905276#ebP8YXlIlOZ7FNRnNRLhcyxlQ,0.694,-12045056,-463027,2386413,-0.672,-12015128,6759131.4200,11928114#LSilr16yzzQrr0IMXQno,true,false,9116088.5000,-0.68
1432,8707307#EyaPMA2vO7hWRx8txJThQ7wwV2rirey,-10148658,11710881,true,-9850876,4111813.67,1939512#SE1fYpbQKG1oyYDgkLKXIncIs,0.818,9465247,13010752,11161537,-0.816,7443154,-11864839.2700,3737021#5NqOo6bYoYjavRfMHQIS,false,true,7210473.7200,0.74
1433,3378926#yAiEFMccWkSBexCIevDSDeZg54aLqie,-7895093,-1609800,false,-812480,-4811488.31,1124996#1hlnb9KIlLyn8wwMoIQKziY0p,0.770,4802970,5563232,-5154532,-6.132,2721778,224979.6100,12803909#M3NGRoWFN255yCixGsUk,true,false,-11363803.1900,0.82
1434,11963782#01iXrLQu9Sw9x1iIkjtT1Y4fwDhDFGk,9918508,-2145595,true,-11613897,-64886.64,14265370#nMxc3feIuwQ5w1YJwpjCCCuHw,-0.647,14068829,-2344025,-1366874,-4.402,5591434,-13615546.6500,5072921#vfSgjUXwyaTbmwV1f8Z1,true,false,-5019373.1300,0.73
1435,74665#fBmIOpozJm17U5RaJkCiIuqeRCClcCl,-6113493,-9296428,false,9901125,-13368777.99,11428067#8ZQO1NQwSIW0AV4jz6ieTW2us,-0.709,13529390,6729296,8725859,1.709,-2873486,6019352.7700,9918673#Wj75DtMrLYibcwlr4rWa,false,true,10862444.9700,-0.65
1436,11465736#bIJ2kjS5CypLYQ274W2meckt0nBXwDi,-5508031,10072243,true,-9473043,-10912813.81,4426130#JCnBwHh9ffX5vGH1QhGw6cD8u,-0.722,-11859501,-2227343,-7807519,-5.544,-221403,14185236.9300,14284503#BjoW62fViKowUyIX4IPn,false,true,4706929.8700,-0.63
1437,9995667#UKWu0aiDlntTwMrDNaAfKZsjTWu6Ioq,-825710,10341535,true,-5255109,6766253.50,7981849#mUqZgWoLFACBtvJwXUW4j1jyN,-0.808,13985434,-5350195,13464806,-4.241,-12101960,-6915831.7300,9495230#STpA7LF6SRaJM1EYas29,true,false,-10022197.3400,0.68
1438,5539666#ELfFHxViCR9LvHbsJCkXDCkvdZ5jdcr,10206812,-12049544,false,1899201,-1177654.89,5137904#NIxYcvlsREzeftuFpep8dKWSA,0.707,170674,6121806,-1408553,4.531,-13281943,-11193255.2600,4701028#UTe8aISz8pchxvKr9Y7M,true,true,2847452.9500,0.67
1439,3382529#TJqkz7qpTKlLwhOXnGCGzlxJEO87IFd,14246585,-2642053,false,-13018188,9769141.27,7333411#FN0mUf0s3dTp0c7Jw6IDySAT6,0.776,9661510,-8129718,1379232,-4.347,9341812,8864020.0900,2927247#AX7pEOV5C7ZdRl6VjK64,false,true,10512709.9400,-0.68
1440,6124348#FkrboPL5swPmF47S9kxV2DIi4kq3iNL,13782643,-2318288,false,2124863,-13100323.97,8859672#j2fqt43gwro2dYsC9rK6kL7nX,0.688,-4463706,-14303336,-2978354,0.194,-6178286,-3393779.2300,3068328#J86ZzTvikcN4WrJ0xoUO,false,false,2431895.2400,-0.66
1441,712742#XJe5JueQPHSLmJhlJDnTZBGf6aaYQDV,3915019,-7433535,false,155407,-14292360.18,949409#78frNSwwEo0wMA8DVYvm4pxKn,-0.750,3757191,-8089228,-2096382,0.245,5201041,4639086.3300,1572958#MpWj0KIqMpq0VEB8HCzV,true,false,4452780.9100,0.83
1442,12124692#O863JExTUNoR7FLsVz7FDQS06kLZap6,-8280301,1189330,false,967244,12059013.26,1839588#jwOgj9O8y9ivLgFIps9Xodvq3,-0.751,-9936960,10246288,-13591561,6.144,2876728,142435.8200,2331443#oEV8RIPfmwEqAchVWugs,true,false,-1838709.4100,-0.62
1443,3872100#FhoFWdHzp7ToZfnXQVUApOJhV7x47wv,11972655,11329461,false,-8584727,2689316.44,6355484#vT9iw0VG8FdHq8BFi2UYt64Qm,0.749,-6053577,8853828,-6781194,5.823,-2650606,9112467.6200,493952#xHENp0N7wTfM97KMcNfG,false,true,581506.6000,0.79
1444,5212423#lK0mok5tL1LMSk49qmpb4g4dyZBPIuE,2731219,4401523,false,5513435,1871599.74,6905506#395sDPTeHxEKe1ERax9lb7UQr,0.797,7243179,9683088,9975678,0.111,-1110659,-8573282.8800,5747523#jMrTbEhJPCoDtMTadulF,false,true,3557468.0000,-0.75
1445,11608170#bQ6zt9fUkoKqcR46qccac1oNpOE9kmH,-5877773,5956858,true,-2099684,-11784557.10,11917128#DugglxPd9QLxr9pHerahaNtYp,0.746,46804,7761337,-13326908,5.596,11052549,9820132.2600,9734626#n2g4YOMptZ03PLntYN1c,false,true,-9189360.3600,-0.81
1446,10857559#qgH1e3UxDz5ElRJ139BnqYCglG1Nipm,-13818423,-9089035,true,5056232,-12292558.49,4462813#Jf36h2MAcoUC0Va7OqYB8RSg4,0.832,-12559396,-3309446,-11511084,-2.992,-2349295,-7030620.4100,4298504#0UtVpqJSs0GqUvFpGCsJ,false,true,14423829.6400,-0.80
1447,6558028#Ql2uHzfwZX5TX6ZLb9IinxtVtRQw2Oq,14149442,-12325928,false,11805152,8966512.39,11775732#pG39ScAJZraZsClQRhK8qrCJD,-0.652,7920216,13072557,-9563632,0.314,-7082874,-3135259.6600,6076169#75jaAT0iNMDuOm9dCQ5I,true,true,-9672101.7700,0.69
1448,11805703#VGcJCxmxUFSQZ7PFYwLKUGy2Lt1guDX,4721233,10798221,false,-174860,5794441.50,4693063#w3ZEPJBkci0lrwj4WjY0WUSgz,0.743,12168595,11888077,-9935491,-3.196,9351444,7453560.9300,12265371#llYKgBRT8y8pLWn4fgqL,true,false,8489712.0900,0.69
1449,8153723#qoNV2Hi5rLXnkvpipKmkihBotLcg9s9,-7735452,-13902106,true,1088954,8073532.14,13974709#US8UidbVOGBjRFxNYN1rbgt0U,-0.681,310123,-8256614,-9421295,5.975,8996862,-6977961.9400,2426819#zpqdam3O7eW0cEwO6wKp,false,true,-4029214.1800,0.77
1450,6165327#xpjuw6SsQxcVvheLoH95r7iMiPRFC6V,-4980411,12235427,true,5636181,6146562.59,5251887#xXLZSaxpsPGIziBDwER1GPTUj,0.664,676556,3633144,-1026000,-3.000,-9848932,-9268332.4800,10664479#ag25vDmLoUvYJgeQSXGA,true,false,-4752186.0600,-0.78
1451,2768281#xhxOAb6qpQY7c7HMs7Lk1tfzsdTPe5C,-3414054,-8764661,true,-4340365,-1781843.69,6793072#m08bA47Qvj4LrMHZHYULRI9Op,0.704,2337861,8081590,9166587,-3.913,-4050287,4291038.0000,4134586#CqT4CThMe4821HV7NIdJ,false,false,-8645804.6100,-0.66
1452,8893641#QT6t0NX8Kil1E6szXSt2ZQjHe8EN0To,-12368983,9930830,false,2478001,-6122287.86,10677517#FgkOVKeWbtQKgUamXYtrOKrvL,-0.746,-4370049,-124159,-14265774,-1.462,-10949066,2719660.4600,6660158#bkCyjC5KCxHxq1aypuAo,false,true,8821760.7800,-0.81
1453,6676492#fJ9rbzMh1lQTbBQUlUfMw4yAQgi3emj,13609424,-4381304,true,-3097084,-9267333.31,11930202#ZuG02wuGBbKOYH7HPV0tGcETe,-0.649,304290,-7651930,7956824,3.477,8249925,-8831627.2600,4406428#GVSTssacXsC4Or2guCCH,false,true,-6507161.9200,-0.64
1454,1346213#Rt4P6EN3pnkvgYJo29tlf2BOgvbsCnC,-3512226,646909,false,7624328,-6532775.66,13252466#A0xG3ofZmAAiyuF0ErQWYffqB,-0.797,12207230,11019910,-9213682,-1.554,-873476,-12868515.2900,12897029#tgoDRCtQZAWK7JM80NnT,false,false,9734128.2900,0.72
1455,9789471#xubaX7mVsroFPBXdI7qfFoERlONjYMb,9829826,-13011423,true,13446044,4880799.91,11088870#us2JqUYAawhpuH7RHLM8DMScn,0.791,9204938,4038846,5637560,-3.010,2792546,489160.5200,6494366#crOy2QLH7H2IErKUsgmz,false,true,-5241637.8000,0.72
1456,6904250#f8nrCmQq3ZmWlSmchOVb8ZNufhGUT28,3771667,8432949,false,1862791,7158556.13,13284978#CSkbWmm6Qq4IzYrERGr0v8xDE,0.727,11863778,-5154736,3352182,-1.276,-4704226,11427798.4200,3200769#E47BXpUu8JDLMmtGdtzm,true,true,5596200.2600,-0.67
1457,614013#2ewGdyHFuByEUnYgmUSF5axo00qLZ9c,3608036,3024956,true,-2283234,-4428697.30,12634137#zsGyBUSknYw4P8RLrAyZMR7sE,-0.788,-9690600,10683916,-13639,0.629,-11124002,-5944194.9600,10278255#aNs7rvJYuFig4CxWw0dS,true,true,12988251.3900,-0.81
1458,4405016#etvemqkoSBSNJppKh9USafWmorL3gh5,-13799008,-5377282,false,-2079572,-6871555.04,7067510#O9furqOy7nfxYurnoW5OfH2Jv,0.857,-5636838,-9744448,-13455734,-0.512,-4236183,11610029.5400,6438486#7d8VGICU4RJJfJ4RSGow,false,true,-2462333.3400,0.73
1459,5173706#pcHVWoA7nNCp0XPCMxIrc9uKN8BcwdH,8916911,-9270445,true,346674,7103784.02,10484595#joSjdlExbmQkpx1JPQVHayocv,0.748,-7711036,-190086,-7095549,1.353,6205961,1949367.6700,11050056#1372SXCQ8TdL90cRgDwe,true,false,-12598595.7700,-0.79
1460,4108151#Slj5zHz9dBIrz0ZJcGzqYcAHFETulzD,-6413957,-4557810,true,-7065237,511897.33,13068843#2NiDli0QNAVpTgGuz9eCLNiqP,-0.750,-14577608,-9781597,-2861369,-1.320,5847349,6445122.7900,9312584#o2zJjhEYczFA0xioqsKn,true,false,-9748787.0800,-0.78
1461,11652240#n8I5geznMfHlzynwrhWWvHfVR0PBcSl,-6755041,8235978,true,-8675153,-5530453.57,9227059#c8Va0EeqG8fMU1xYMiw77yxPu,0.759,2195839,-6432881,10365435,6.758,4533628,14254976.7200,7947272#46PhqYt2w9LTUSa3WPPb,true,true,-3351258.4300,-0.79
1462,9531148#kcrpgPKPDakKv7WQxGbofvfhP12outk,-13589803,-10965646,true,-12798781,6556170.66,14394967#bVI5XUbrXyFIN0SGyR8BY09oY,-0.741,1424595,-7181638,613340,3.939,-2440237,-6218506.9600,1286762#Qxjks6rkOGRFUjwD7xJv,false,true,-2076264.9900,-0.77
1463,9920031#yEQTzpgTuJkRe4S31finqSJKLjql37E,9489577,11857044,false,-9414979,8102163.21,10633409#78frNSwwEo0wMA8DVYvm4pxKn,-0.699,-6837175,-12383532,-1798898,-1.763,4207846,-9219771.3200,12472423#IWF7ycj52PJtt6UFs4Mg,true,false,6750248.0100,0.75
1464,6233285#KCasCeAl7mhkpHPiFv6RTNEWs3jX2tK,4700188,1618129,true,293424,-7234525.58,11891616#2PDgOiLCM9LRGcIkGuhCk2ey9,-0.663,-5549406,-10680040,9144560,6.341,-1081295,4300706.0300,10475178#hDq76HYodhh3Zfs14Ftz,false,false,5722610.1700,0.75
1465,14554794#VZsLyC32qAI62W2eW2KBJigGq4mTrSJ,13948008,11139680,false,9541425,4109529.04,980736#NTpgMsvm1S4cIrAN6JLUKBIq8,-0.665,-11216203,-7835896,-13228856,1.961,4360636,-9339661.7100,6065730#O24HhfpZ0LOK4Ta3rpbR,true,false,-12072864.6100,-0.74
1466,14490552#eNLiiE763EpyuClU4DMICFzARzPCv4r,13050728,2364150,false,12602346,14400913.04,6486609#KdUGmq7ZgXTWOoAJXxaWwDxDx,-0.673,-3232460,-12923591,-10805046,-3.232,12362334,-10532974.0900,11287954#kwBNkBeVEJLqjXNXtfXl,true,true,-3936258.3900,-0.64
1467,6146906#pGwjFaYBvkjVJ7UOEqEYWcdjLtdZrMU,13086018,-3929503,true,11182253,-1772440.76,2098399#QzQPoL0uD2bNHWZaqDNOyyOTC,0.788,-1784329,-4977004,11723423,-0.286,-326090,-1157390.5900,9573008#ee5Ah9TCudZWD5otojNs,false,false,-9885424.8500,-0.68
1468,9996735#OC4rS2ATzCQVXEBHa2fduOmVCWbjpPH,3780318,12601574,true,3511012,8907185.31,11584211#8vUlZnW3BFxyx3kNrhJ8nG7hr,-0.733,-1599272,9667523,10682861,-4.604,6982527,1254223.5100,7259269#WOS5HM9CZ2cRw1rDTH6q,true,false,4152044.4500,0.79
1469,11209221#SaT9L9Wlyan4fAgZyfhqOsR8ZtUZfVO,1909098,4896553,false,7950773,-12867874.44,10731111#R0EVzxmVntrYN5oieAiQEOR0m,0.795,12067964,-5244312,12543595,-1.769,14038107,-6801199.2100,3233420#B9CETx3IR8g7LgaHRHXN,false,false,-9380903.6300,0.77
1470,13616602#fxeFWPGhXo6HECQsESFEQ0zaXmBUtni,-8311511,10356827,true,7813022,-4743489.83,2450255#zVLSfVwm9JwHWK4gP30oF6OCa,-0.652,4022526,3973794,13939786,5.480,2601061,-7833224.2700,10795624#rO98VzV3mihBUTYSlKBk,true,true,12142133.2400,0.70
1471,9663459#5gHXYULEXRGnaLGyJko5kLcRt9ku2hT,12322899,-11127786,true,-8243267,3809915.60,2882908#ElO1wmBZofNkcH2XpQUjeY4K7,-0.715,14273294,-524691,-5623069,0.027,13150745,-12971990.5200,9896250#Twn9QQN4VFaS4Iz2MH0v,false,false,-969263.2000,0.71
1472,13602330#7n1Nv6Bf8y2DjG14yuT85qX4pJZ385x,12301829,678209,false,-2344191,-9385327.16,4949226#J7kROdib8XFI5e5tLcKUYHRad,-0.826,-12267817,7163847,13810744,2.598,-8402120,-12237425.6900,2541381#Zzg44JypKLztwZShQbSe,false,false,10591021.6900,-0.81
1473,2316756#TxEVHNXvFV5WKVgaJ8HZmlhJ1iv8301,4302693,-13833318,false,-5811416,-2584534.96,2626229#HxNwjpcV5t6f02edGQ2NHvY2P,0.844,7479734,8428878,181238,4.516,-10957604,-7034067.4800,10251564#H2bsHd1omMjC2P3pXepf,false,false,13137284.7400,-0.76
1474,1058457#W6RwfE79zVNeNMkMfCPwvBptGfso3hL,-14247723,-2529351,false,-3977745,10304475.94,1649267#7LSCksQ0Z766KIPDNvaNyEAQu,0.863,11132070,6268855,-14288720,-1.874,-2203606,-7271847.8700,13517677#jiwF9tzovOkqVnjNfVxM,true,true,9491406.4100,-0.80
1475,3933925#Dl6wMMXCgCxccAn0yYJQMHczYwwxhrp,7877553,-2873246,true,529861,-1490651.28,2252370#nMxc3feIuwQ5w1YJwpjCCCuHw,-0.656,-7226599,11975588,-9118871,6.502,10281837,6885229.9000,6887410#QoInvfW6djiVnk65fOqX,true,true,13458536.3200,-0.76
1476,2444914#N310UWVwlPotJXEkKlylF540HYptj99,6911186,12549426,false,-5614306,-1521362.80,4969009#qh4rEdEZK0IXEPMGGBaB7T2Rj,-0.640,5609216,-14683573,-1882295,-4.401,8312801,3744519.9000,8580841#8K9mSeBW3oJEWNgKsb8V,true,true,-10938257.8100,0.81
1477,1302472#LMeCuQ3L0kyCqMeQCs7cD4sm7LRsv5m,-3703836,3131064,false,11218695,14067553.78,12187678#xiA8q0LWvI8zHdew2pNajQmAK,0.844,13369461,-10258259,-12017659,2.854,-8744194,3749022.2800,10034408#Nipjqg4KrBgfTPSeoh0R,false,true,-4725855.0400,-0.73
1478,9487170#bQ6zt9fUkoKqcR46qccac1oNpOE9kmH,8405890,6158249,true,-5484832,-2577934.41,13340152#rOsTF4TOuW2i7R66SvZH0IQ8Y,-0.739,644811,12375344,13656583,-1.188,-7306659,-2654852.0600,10850731#7hECEPXARWBhfLplN6F6,true,true,-6261024.8700,-0.78
1479,3283288#6HHoLvhK3652rke2z7fCJfvfqmvcnJf,-8955131,13313954,false,11427214,-5515233.41,813203#AfWCXzd5wNP4xbA9zcp6qpKPq,0.837,1320675,-9844791,-8764095,3.108,10992479,-4772986.7100,11724748#LE1c4X9AOHLlNPnWxnEO,true,false,10634435.8100,0.84
1480,1468886#d3gVYRsTR4iqwo1aEnU30z91KksyzyL,8080453,-9464364,true,-11747777,-5747814.55,524850#PtVyK8VMc2s5IA0sk3Z4FwnxH,-0.770,4010781,12400981,3226137,1.888,14250728,14663577.9400,14761428#GVSTssacXsC4Or2guCCH,true,false,-252557.4900,-0.82
1481,14458034#wGJc0TPi7HmeHxpFsfboxzB1htZVZaF,10899081,-8532495,true,1030386,14695276.36,14390822#pNqw8dwP6BDYbXqXksT6S3rPq,0.720,-12465833,-479277,2470063,-0.692,-12435228,6995313.9200,12344768#3bz18O2HAA4jy59yAQcX,true,true,9434926.0000,-0.70
1482,9011227#DSt708hoTrJSvo8phTmcuWSBApGCHvT,-10502950,12120006,false,-10194976,4255356.67,2007192#f9WnC47MnUOK0EAI422NnCTle,0.844,9795591,13465002,11550937,-0.841,7703123,-12279255.2700,3867429#r5dcOL6Zhloy9G88QyJe,true,false,7461997.2200,0.77
1483,3496692#O863JExTUNoR7FLsVz7FDQS06kLZap6,-8170853,-1665707,true,-840939,-4979697.31,1164133#NpxAwzQ0hDjAaTNt7twMa6qcB,0.796,4970345,5757297,-5334732,-6.332,2816753,232773.6100,13250593#oBbv1KnPMbq7s0u15pV8,true,false,-11760451.6900,0.85
1484,12380703#VGcJCxmxUFSQZ7PFYwLKUGy2Lt1guDX,10264120,-2220162,true,-12018784,-67136.14,14762545#zLrhWYetKZwhT1SjQ7mjtxkkf,-0.672,14559304,-2425514,-1414305,-4.552,5786159,-14090293.6500,5249643#w4yWmgNRvGhvJjzhTlIy,true,true,-5194072.1300,0.76
1485,77071#nF9ZibXWqEsQJiB5NOTogRPQAhBsRS4,-6326613,-9620479,true,10245925,-13834611.99,11826136#d5uZ49IXUVLsMq2WcZjJSzkeN,-0.734,14000965,6964046,9030084,1.779,-2973648,6229305.2700,10263985#gST9snKXdQESWJaygHgD,false,true,11240890.4700,-0.67
1486,11864770#nE9QjqMfGDP6vD7W8UWGEPAmIcQbciA,-5699744,10423061,false,-9803118,-11292779.81,4580058#prIuOl8u7lUGIlfdScY4ymwI2,-0.747,-12272089,-2305018,-8079069,-5.744,-229153,14678884.4300,14781652#WHhqgLxpcYa8oK9Vz9jK,true,false,4871088.3700,-0.66
1487,10343233#Hs2tCZGjUd93IKnZJkwhN1ZtpGEEuLJ,-854207,10701426,false,-5437945,7001509.50,8259365#sNCkiSxF1utKHeqh8OvxGbuDt,-0.833,14472334,-5536620,13933606,-4.391,-12523260,-7156570.7300,9825505#j7G8QSIhf7yvNxQSFFRH,false,true,-10370968.8400,0.71
1488,5732150#1RNU7orH1zhWuQI7BN0uWU0gGpxS1Pr,10561420,-12468458,true,1965426,-1218482.39,5316407#WDOfEeClgwirY1pH8qSqQ4fK2,0.733,176424,6334706,-1457490,4.691,-13744093,-11582104.7600,4864385#kDmQuFdQqoADoO6P0bvV,false,true,2946722.9500,0.70
1489,3499979#chxTITHxPS0bcUmwWNLWOt4OhNPck4b,14741687,-2733714,false,-13470413,10108927.77,7588142#bOGzLWoMxxPVrryBNYLPpbnVH,0.802,9997010,-8411918,1426907,-4.497,9666449,9172106.5900,3028742#aErJnRFSqMCS5MzO7fb8,true,true,10877665.4400,-0.71
1490,6336932#xymUHE3VDO93H99Op5zMZQchbk0dmMz,14260981,-2398601,false,2198663,-13555089.47,9166985#WTL1HaoZngrdPWK09AIF6Q9s2,0.714,-4618937,-14799836,-3081866,0.194,-6392923,-3511442.2300,3174824#FbIHeqk09TEI82acPT7j,true,true,2516444.7400,-0.69
1491,737237#UYpmxHQ0Gs675uNfcJx2e7vFqfrKsmF,4050854,-7691682,false,161057,-14788494.68,982107#YkBNsBiB2mg4GjXLvhMngAi8b,-0.775,3887341,-8370178,-2168845,0.245,5381341,4800212.8300,1627349#SwM2n2LIgoYDdPsgL4b6,true,true,4607415.9100,0.86
1492,12544982#Ew1cYyJs0fShnc8bM93i4xX2M3mtJvc,-8567255,1230863,true,1000694,12477222.76,1903211#8vUlZnW3BFxyx3kNrhJ8nG7hr,-0.776,-10281385,10601463,-14062536,6.364,2976556,147099.3200,2412061#6ZFixXaX8Cs1cxYJpSuG,true,true,-1902281.4100,-0.64
1493,4006199#frABzwenouWSLcOiX2pd9yLBm6pUGeL,12387554,11721983,false,-8882527,2782240.94,6575422#vlsmIW4y0ZKbFJ2wlOWGuec9v,0.775,-6263496,9160428,-7016144,6.023,-2742406,9428410.6200,510816#VgtbUDa0gg42TcD8MmnQ,true,false,601487.1000,0.82
1494,5392648#rJzRieTpcliJnjp3NQoDn8HFCpDh3Hb,2825714,4553977,false,5704135,1936415.24,7144271#samcwzOCxnz4U6AwgcwUNLrtX,0.823,7494316,10018688,10321353,0.101,-1148909,-8870077.8800,5946270#ziIOLJQsbVCWzf9lTVT2,true,true,3680584.0000,-0.77
1495,12009824#PPMBsmS2dx1TY2sXZDtOIjadQEIfU0E,-6081063,6163168,true,-2172184,-12192067.10,12329253#rVh30sTIMEb8bRsiRIXclXsfE,0.772,48629,8030050,-13788108,5.781,11434799,10160148.2600,10071186#HpZpeGeMIWpIwPMYgfgn,true,true,-9507037.3600,-0.83
1496,11232907#3PfAny2xpmuRHZGaMQtj4cGmeGkqlez,-14296180,-9403036,false,5231207,-12717705.99,4616939#v5ONTJYT4w0VqAkTOD5ZMAbND,0.858,-12994021,-3424071,-11909384,-3.092,-2430745,-7273494.4100,4446841#8K9mSeBW3oJEWNgKsb8V,true,true,14922818.6400,-0.82
1497,6784312#RC2vtcT4UrnHAfo5Pzm0ELyAXts4WcV,14638658,-12752183,false,12212977,9276612.89,12182572#AoGYwixMT9yabWvn9p5HeF31s,-0.677,8194091,13524107,-9893832,0.319,-7327274,-3243703.1600,6285991#cGNC7xkNJCjAx3xjcjp8,false,true,-10006405.2700,0.71
1498,12213106#BCGFc3ktmvMWyoIBbHXe43KzhuYTz2W,4884307,11171165,false,-181047,5994202.00,4854934#WkjR1K7C14Z94J3U9YLLQZj9N,0.769,12588645,12298858,-10278253,-3.296,9674194,7710923.4300,12688876#w8kZ19R0lvHIO6vibxLR,true,false,8782891.0900,0.71
1499,8434983#W2xOQdcwAi73eHC8LfRBrKvSnJY5DCs,-8002170,-14381842,false,1126429,8352376.64,14456823#5vWXXXGYnsYIIVtWPMwDX80PX,-0.706,321073,-8541839,-9746683,6.195,9307037,-7218982.4400,2510239#mbMw4iyPpuqzRUqtikNV,false,false,-4168159.6800,0.80
1500,6377725#JBGTulBveuncWF8JEJGH5gjUXsUR1sL,-5152211,12657043,true,5830731,6358516.09,5432964#FUQrIoUZyfEFzEDoVlPEEVNBn,0.690,699756,3758694,-1061719,-3.100,-10188482,-9587950.4800,11032074#6tYWkwUJYFf3xa0vtnV3,false,false,-4916018.5600,-0.81
1501,2863548#71wKKLNg8i9cGgWEs4bU0JDCcjo4o3h,-3531496,-9066554,true,-4489890,-1843235.69,7026856#0W1iIOalVYo6aTbtRyGz9EsVp,0.730,2418298,8359840,9482412,-4.063,-4189896,4439246.5000,4277019#HMY5KNhnNNmDiNv1LAOk,false,false,-8943959.1100,-0.69
1502,9199641#QT6t0NX8Kil1E6szXSt2ZQjHe8EN0To,-12794782,10272796,true,2563301,-6333179.86,11045092#F0ZiAyD0o1on3tOHLbVzNBZxt,-0.771,-4520449,-128497,-14757155,-1.512,-11326341,2813491.9600,6889328#J86ZzTvikcN4WrJ0xoUO,false,true,9125720.7800,-0.84
1503,6906035#WVn5h4UTqEsZYQl2sgXoXNn0E5grTV3,14077756,-4531964,true,-3203859,-9586556.81,12340482#3HTAuVt4TK0VijuddTnJGWpZ2,-0.674,315015,-7915243,8230349,3.607,8533875,-9135346.2600,4557854#r6vZXiWJHrGU2XpW0PX8,false,false,-6731271.4200,-0.66
1504,1392218#gf1IVVRhURlwTpkTXT1e1gFhN7IDnGN,-3633223,669156,true,7886434,-6757264.66,13707985#WTL1HaoZngrdPWK09AIF6Q9s2,-0.822,12626780,11398585,-9530532,-1.604,-903726,-13311062.7900,13340500#jJyOt824re5gREsvyE7Q,false,true,10068703.7900,0.75
1505,10125660#18byXD7MkE5InmA4KXL2WlgNNppGs69,10167362,-13458679,true,13908344,5048335.91,11469698#4iDlXmsRJqInMgJB5TcjIFrnd,0.817,9521113,4177721,5831460,-3.110,2888196,506107.0200,6717457#jouI8HwvKfbm4b3c73zZ,true,false,-5421568.3000,0.75
1506,7141155#bqYdZiTbRFYWIrGylWWVLygKC1RZO7F,3900999,8722590,false,1927066,7404544.13,13741010#EiTnqWUfRoL066tbdyrc7Z4PV,0.753,12270928,-5331605,3466982,-1.326,-4865613,11820455.4200,3310684#uUEb2HMyLBEQzMjkvIvr,true,false,5788677.7600,-0.70
1507,634856#5iuG3azzB1tSIgan4XOWk0eS5zqVbzg,3732112,3128490,true,-2361446,-4580746.30,13067691#ksbMbFLnLN61ww5tTCDMbBzMJ,-0.813,-10023425,11050603,-13864,0.651,-11505652,-6147882.4600,10630786#TeTBUyo6nPu8S4gUr07M,false,false,13433739.8900,-0.84
1508,4556079#y6WU2Tlo8xd3BbrHRTtDg7iQUIKBzu0,-14272517,-5561447,true,-2151022,-7107211.54,7309704#JzWfU6i8mikSPWgXNKbJ1sAfA,0.883,-5829875,-10078798,-13917359,-0.532,-4381402,12008456.0400,6658995#fxnGb1O2uyXwCgDlAHmO,true,false,-2546475.3400,0.76
1509,5350858#tM5maoZ4HpF49WoFdbyW3rzH9tavBlZ,9222471,-9588172,true,358649,7347335.52,10843670#2ygFtkum6kAREUuAPnuQ5DKub,0.774,-7975286,-196386,-7338424,1.398,6418686,2016356.6700,11428575#NiGDWls45SHbaMXJFNR3,true,true,-13030451.7700,-0.82
1510,4248562#nPEwSgd9qN01YmYSAcFKTFvRp1iC8o9,-6633854,-4713869,true,-7307037,529248.33,13516406#CbjP0QDyehYRBgkRBfCElFrwr,-0.775,-15077052,-10116597,-2959369,-1.370,6047649,6665803.2900,9631390#RF7sJxsDHOb0xKQtMRja,false,true,-10082636.5800,-0.80
1511,12050844#cA2yvFnqBoSR64uJDqf2EH0YjgMAhos,-6986403,8517979,false,-8972153,-5719744.57,9542805#6Jk7C7F3bBlzh3bRiLfEUXkTU,0.785,2270889,-6653281,10719948,7.003,4689115,14742899.2200,8218931#B39ZGIp4O0CUDDjLozXv,true,false,-3466023.4300,-0.81
1512,9857098#N8K6UJktmoLmmPnUx1uZhEj7uoC9gcG,-14054556,-11340487,false,-13236419,6780619.66,14887197#7dT0wuSlqDK251zsDSD2aheQ1,-0.766,1473245,-7427363,634165,4.084,-2523375,-6431359.4600,1330583#uRrIHwetdbpSICsia7dI,false,false,-2147594.4900,-0.79
1513,10258887#BxkcZJuaaOrodiV0fo34TNq6yggostZ,9813709,12262500,false,-9736954,8378831.71,10996807#f1eUfiYkqjtgYVXI7h4B5AZPo,-0.724,-7071100,-12807096,-1860498,-1.813,4351327,-9534841.3200,12898570#GPDoTkkp8hCUkX6xUvnJ,true,true,6981124.0100,0.77
1514,6446036#snxElCRjNf3ofDQGaqVlZDsCg0YxEU8,4860596,1673224,false,303542,-7481683.58,12297495#z06LL88yNWQtsfHP0LQzS987L,-0.688,-5738693,-11045040,9456898,6.561,-1118345,4447457.0300,10832680#DJXK0AiMyC7kXtvzRz3A,true,true,5918130.1700,0.77
1515,15051511#mAz6gHnR9BaXhZIyfgnTQ21SvYVaaZz,14423939,11519748,true,9867275,4249658.54,1014045#IaXnwUbSDs0QCjMKMmAzTjrMR,-0.690,-11598728,-8103146,-13680606,2.016,4509186,-9658427.2100,6272430#g3yuOfRMqqpzeK452khx,true,false,-12484615.6100,-0.76
1516,14984551#i0XiVdEHPbZCF698Qed1mKq4DQuCsms,13496070,2444685,false,13031971,14891894.54,6707520#AyuheYcqmJT45xlEM2HsJQxQa,-0.698,-3342500,-13364091,-11173296,-3.332,12784172,-10892051.5900,11672674#jWXIhrljdIg3ylHi4kPr,false,false,-4070693.3900,-0.67
1517,6356090#Xs8eLU3bXJJ6mdVeQgdbE9KXN8VAhuH,13532264,-4063409,false,11563409,-1832946.76,2169879#UuuoIaaIzsA1gbi1iURwU3Kjj,0.814,-1844979,-5146829,12123086,-0.306,-337446,-1196737.5900,9898995#fxnGb1O2uyXwCgDlAHmO,false,true,-10222217.3500,-0.70
1518,10337087#EzeW49HdgUqwXnhsW1nGjqDUySd8FAX,3909393,13030916,true,3630775,9210721.81,11978757#3LGuKmSPoLJ0dTvPKInon3cNn,-0.758,-1654047,9997123,11046611,-4.754,7220127,1296841.0100,7506239#mbMw4iyPpuqzRUqtikNV,false,true,4293342.4500,0.82
1519,11590454#bC71TlC0HKWDIjzABJ1T5vntHIhf7Uy,1974214,5063522,false,8221516,-13306064.94,11096353#3lJm2E6sNeBUTQ2MTJ3FoZAsB,0.821,12478539,-5422512,12970845,-1.819,14515582,-7032801.2100,3343438#oT37eLve2dnzgt6ehUc6,true,true,-9700081.1300,0.79
1520,14079502#sP1YVYFroZ00toloZKxlh83aAhKcKbd,-8594442,10709286,false,8078572,-4905003.33,2533526#usOyaim18KXvBbLL8YFyJ2oQ0,-0.677,4159426,4108944,14413820,5.680,2689523,-8099986.2700,11162711#Khx4GNdVDwlNnT5iQ8T7,true,false,12555162.7400,0.73
1521,9991886#d3gVYRsTR4iqwo1aEnU30z91KksyzyL,12741931,-11505882,false,-8523773,3939462.60,2980786#RBlReX5trJOGpXm0fkHJ9bYA6,-0.740,14758444,-542487,-5814119,0.028,13597570,-13413063.0200,10232622#j5mIV6nzkI6eloo8uuOT,false,false,-1001872.2000,0.74
1522,14064054#38ki0OC6IhV9cieSkN8iwujfsx8xwTi,12719417,701018,true,-2423691,-9703896.16,5117222#SMevqdbRvZGdXukIo66CAJtFT,-0.851,-12684320,7407422,14279894,2.673,-8687695,-12653387.1900,2627673#Wj75DtMrLYibcwlr4rWa,false,true,10951072.6900,-0.84
1523,2395221#SaT9L9Wlyan4fAgZyfhqOsR8ZtUZfVO,4448812,-14302884,false,-6008391,-2672330.96,2715230#eu5qk4u0udAeaWssqoaNYfpoj,0.870,7733784,8714878,187288,4.671,-11329254,-7273043.4800,10599463#rqWiwg8V2j6cyQrhGkrQ,true,false,13583261.7400,-0.79
1524,1094197#e0EC7B2yENp7A4FCqZAtOHBhyExakNS,-14731088,-2615175,false,-4112945,10654018.94,1705181#niDq913ccAoD00sbCzxbTdBDN,0.889,11509395,6481748,-14773320,-1.924,-2278591,-7518226.8700,13976196#YswEaXH5H5F0CxjhF1s9,true,true,9813116.9100,-0.83
1525,4067256#aBCAOxa74Ctwicd6ADn5SDbXZAENpnQ,8144672,-2970750,true,548061,-1541376.28,2328571#IwbdSDNA8VPT6pVSqeuVh6lsX,-0.681,-7471674,12381432,-9428271,6.717,10630087,7118899.4000,7120571#EYCo8KXlMdKqDEQ8QvXP,false,true,13914834.8200,-0.79
1526,2527468#8gWFNIjqUPidQf9L02KQtJTmHMuHbDI,7145018,12974339,true,-5804500,-1573007.30,5137111#R0EVzxmVntrYN5oieAiQEOR0m,-0.665,5799311,-15180982,-1946195,-4.551,8594313,3871704.4000,8871446#CAZqjkVtyT7ENevk3wyj,true,false,-11308746.8100,0.83
1527,1346421#j620BkUcRM9i0cBMhp0RWCQRxsLFL98,-3829545,3236874,true,11598645,14543874.78,12600084#Rk4yhlhYOQN4YhpT9eUkAZERx,0.870,13822361,-10605243,-12424422,2.954,-9040444,3876023.2800,10373922#0PoslNBvBeOs2hIs0q1O,false,false,-4885973.0400,-0.75
1528,9807956#bbWvmWn06BhnzjRDnCg9WkGvMJQPRqK,8690359,6366791,true,-5670428,-2665429.41,13791154#yfTdxzZOhhXp1LaQvEjaVs6LO,-0.764,666886,12794175,14118876,-1.238,-7553734,-2744630.5600,11217728#eIdI7PSPjqK0FA7w5Z2e,false,true,-6472979.8700,-0.81
1529,3393997#ZLXMIhBW4EPIM9a9frIujVYkRi1eQUA,-9257926,13763816,false,11813576,-5701890.91,840514#WlKfRnTx87OWXXA62QwhcxFWc,0.863,1365325,-10177441,-9060682,3.208,11363954,-4934517.2100,12121068#lYJQTymwFaUS8R9IG8iI,false,true,10993742.8100,0.86
1530,1518202#UFsbpqu5uNVfg1ncwYGJS3UNbIredzO,8353322,-9784095,false,-12144940,-5941797.05,542443#rLlFBmlyohXC3IFmYGPXu2nZs,-0.795,4146606,12819981,3335037,1.943,14732003,15159076.9400,15260051#o5PodK2RrNsDsNFhUAH3,true,true,-261247.9900,-0.84
1531,14945892#NlOQk8sNFFHWaN3zgb1S2YEnso834rJ,11266792,-8820885,true,1065036,15191523.36,14876367#U0QOtj7VphscFtRVIaLzFBkOR,0.746,-12886610,-495527,2553713,-0.712,-12855328,7231496.4200,12761423#IWF7ycj52PJtt6UFs4Mg,true,false,9753763.5000,-0.73
1532,9315148#kcrpgPKPDakKv7WQxGbofvfhP12outk,-10857242,12529132,true,-10539076,4398899.67,2074872#Vj0wgFXXUNl2k1tpzZ48sZQ8F,0.870,10125934,13919252,11940337,-0.866,7963091,-12693671.2700,3997837#xNS0LAYR840mH3ysjvQC,true,true,7713520.7200,0.79
1533,3614459#5gHXYULEXRGnaLGyJko5kLcRt9ku2hT,-8446614,-1721614,true,-869398,-5147906.31,1203270#5jpPzEaBIj6sbwR3Y743NkUD3,0.822,5137720,5951363,-5514932,-6.532,2911728,240567.6100,13697276#8UdOHhIVkPc9KaVquj0u,false,false,-12157100.1900,0.88
1534,12797623#HqZ5yTRPRITFlibuAs0Rz8ls9KlDIoi,10609732,-2294729,true,-12423672,-69385.64,15259720#DPS6gZyGHH594kQ7OAkDJLJvK,-0.697,15049779,-2507003,-1461736,-4.702,5980884,-14565040.6500,5426365#vcChAgNUjJhmbvYSV974,true,true,-5368771.1300,0.78
1535,79476#MQ7w613OyYmmljKSaQK4FnuhI2HpPtf,-6539732,-9944530,true,10590725,-14300445.99,12224204#Jih6pXrJTbATzy3nf6FtNUmJQ,-0.759,14472540,7198796,9334309,1.849,-3073811,6439257.7700,10609297#CtTDAx389KqAMJGL9EGq,false,true,11619335.9700,-0.70
1536,12263804#I6Ov7KqboGcQaFCJn5EwbyxnbRLJ2yt,-5891457,10773879,true,-10133193,-11672745.81,4733986#Q5errOj1i8FiF3avGbZfRfw0r,-0.772,-12684676,-2382693,-8350619,-5.944,-236903,15172531.9300,15278801#fToNs3zsPkWp9d1ce8ul,false,false,5035246.8700,-0.68
1537,10690798#Rw2CpF88QusYef5JtTgRWgYkVMe5tlF,-882704,11061318,true,-5620781,7236765.50,8536882#ggIkuJtqqWPJ1E05bgC9xVGqI,-0.858,14959234,-5723045,14402406,-4.541,-12944560,-7397309.7300,10155781#Td6Gri2hPLe9n17Z2LAK,true,true,-10719740.3400,0.73
1538,5924635#ma0fGOLML8tHmBDJK6mWjgpcZI4rv9p,10916027,-12887372,false,2031651,-1259309.89,5494911#FUJmwPoavockl1b9cxX1e9o4A,0.759,182174,6547606,-1506428,4.851,-14206243,-11970954.2600,5027743#LpN0FwnbsVNyQUPktsdc,true,false,3045992.9500,0.72
1539,3617430#NcSypqPHq0HlpBHPT4zEdsPLmmMO3Xo,15236790,-2825376,false,-13922638,10448714.27,7842872#Vj0wgFXXUNl2k1tpzZ48sZQ8F,0.828,10332510,-8694118,1474582,-4.647,9991087,9480193.0900,3130237#RTFOUvD6gD1JGc9PFGRn,false,true,11242620.9400,-0.73
1540,6549517#2surk4uE9mNVcz1oPZ23UGFjOqArptB,14739320,-2478913,true,2272463,-14009854.97,9474298#jC2RbLHTPs4HMCsLnFrx6a8HM,0.740,-4774168,-15296336,-3185379,0.193,-6607561,-3629105.2300,3281321#8F0y3SVffojmzXhoV5UA,true,false,2600994.2400,-0.71
1541,761732#AQgjYMYFpYOwI5Y2YHdvvvzPIUOrI1a,4186688,-7949829,false,166707,-15284629.18,1014805#6Jk7C7F3bBlzh3bRiLfEUXkTU,-0.800,4017491,-8651128,-2241307,0.244,5561641,4961339.3300,1681741#fYbi57298xkdqXfT7STP,true,true,4762050.9100,0.89
1542,12965273#mfMqD47R4NuGSnZ1m1fX92ECW0ATvt2,-8854209,1272397,true,1034144,12895432.26,1966833#yywfxPE455nL3oE6D1S81qS4A,-0.801,-10625810,10956638,-14533511,6.584,3076384,151762.8200,2492679#UHG4hp2Z6qPI58A0M3Qo,false,true,-1965853.4100,-0.67
1543,4140298#LNfY3h9Th0zUlEmOIYfUDU3xvD0DZo6,12802452,12114505,false,-9180327,2875165.44,6795361#18LfJQTSJS2PiLFS26UeWmsVQ,0.801,-6473414,9467028,-7251094,6.223,-2834206,9744353.6200,527681#fh9SjxMLEl8yivHddP6b,false,false,621467.6000,0.84
1544,5572874#bjyrYfRLq6hJ0WzJ7aaMguQf5OvYJNa,2920209,4706431,false,5894835,2001230.74,7383037#532aU7ul85wblZHj97NiouL6Y,0.849,7745454,10354288,10667028,0.091,-1187159,-9166872.8800,6145017#ZZZGVEpjtxWxJAx24UDb,false,true,3803700.0000,-0.80
1545,12411478#tBXVPVgntkeHifyctrwoaBtKznKOtO9,-6284353,6369479,true,-2244684,-12599577.10,12741379#LfHvJOIH7Mfyp9rI0T0tRJZRI,0.798,50454,8298762,-14249308,5.966,11817049,10500164.2600,10407747#m2uNiE8LS9OAxAtw0lWo,false,true,-9824714.3600,-0.86
1546,11608255#z6gwh5XI7XB4lpyej9O4pIZha5nWX8G,-14773937,-9717038,true,5406182,-13142853.49,4771064#G9jqNE0CgTsg87RSigAlyZccN,0.884,-13428646,-3538696,-12307684,-3.192,-2512195,-7516368.4100,4595178#hDq76HYodhh3Zfs14Ftz,false,false,15421807.6400,-0.85
1547,7010596#XTbvItgLynXGaLzat5AQEG4oaNZdNek,15127874,-13178438,true,12620802,9586713.39,12589412#ynAqbkiNOoumBqj31ysLfQ1pO,-0.702,8467966,13975657,-10224032,0.324,-7571674,-3352146.6600,6495813#g1ljbx3oHbQJiT6ahdpI,false,true,-10340708.7700,0.74
1548,12620509#jHTcucujfCQaD2Z3ARrChR6F97iXDPS,5047382,11544108,true,-187235,6193962.50,5016806#cl9xk9dA5KuNldqR8Of0hCDp5,0.795,13008695,12709639,-10621016,-3.396,9996944,7968285.9300,13112381#Zzg44JypKLztwZShQbSe,true,true,9076070.0900,0.74
1549,8716243#N9tQXrQFp3oJvcvtGYaObjlLeRWiFNe,-8268887,-14861579,false,1163904,8631221.14,14938936#k0zjH9nM4GqhjnMplyuRWg3tb,-0.731,332023,-8827064,-10072070,6.415,9617212,-7460002.9400,2593659#Y2qvDCN2Yc8knCn3EHPw,true,false,-4307105.1800,0.82
1550,6590122#oD8kYUTcy6DNUaGdK43bf4ypTi3cIkB,-5324010,13078659,true,6025281,6570469.59,5614042#D6TxCv4sKb71GVRqjVxLtaBUc,0.716,722956,3884244,-1097437,-3.200,-10528032,-9907568.4800,11399668#cXOhRolXaXjfbboqurXz,true,false,-5079851.0600,-0.83
1551,2958815#WOYFeXuBcB1yzuxYNmxy50BdaSh53hp,-3648938,-9368448,true,-4639415,-1904627.69,7260640#A6xGTzDkKNmrFlWXTuq53DgIL,0.756,2498736,8638090,9798237,-4.213,-4329505,4587455.0000,4419453#HxjEPU4bowMhoAJPOoXX,true,true,-9242113.6100,-0.71
1552,9505642#qUvyomPAR6jy7seK4xVPQvDOVX7UgDf,-13220580,10614762,false,2648601,-6544071.86,11412668#kjPVvEsZsIAQb1zTUWbPql6qg,-0.796,-4670849,-132834,-15248536,-1.562,-11703616,2907323.4600,7118498#vxD82OfgSA9cNHMFn4BR,true,false,9429680.7800,-0.86
1553,7135578#gErQSgx5We3v3Ke3stn4AwLxxVlYXXd,14546087,-4682624,true,-3310634,-9905780.31,12750763#AHPM52c41jIwI8DKInc0DLKTF,-0.699,325740,-8178555,8503874,3.737,8817825,-9439065.2600,4709280#h8nDaMLAnG0oZL2lBDAv,true,true,-6955380.9200,-0.69
1554,1438222#DVxfnI6TQwMWeneyrAam4ySyf4ceI7n,-3754219,691404,false,8148540,-6981753.66,14163504#YQYhKgfTZ7MBTcXlJ5FVHAOUe,-0.847,13046330,11777260,-9847382,-1.654,-933976,-13753610.2900,13783971#qXHJVPxcSSFgZc12t1mS,true,false,10403279.2900,0.77
1555,10461849#NBmMuWRkz8GfJynSuZ9YDdQD9j2LS6m,10504898,-13905935,false,14370644,5215871.91,11850525#CcadnX9ythJN8IoqEntjm0qKa,0.843,9837288,4316596,6025360,-3.210,2983846,523053.5200,6940547#wMZGv8nfUzywA29Opdvk,true,false,-5601498.8000,0.77
1556,7378060#ci2dvRWu0Rvujx8FEHUSmWpmOabfTkR,4030332,9012231,false,1991341,7650532.13,14197042#D6TxCv4sKb71GVRqjVxLtaBUc,0.779,12678078,-5508473,3581782,-1.376,-5027001,12213112.4200,3420598#Gt5pI13i05z1OEonuZTv,false,true,5981155.2600,-0.72
1557,655699#Fe4yi0vXIxbjXap93TG8Cabu27EiinH,3856188,3232025,true,-2439659,-4732795.30,13501244#HYbdJUN1adhAowcGfPDXee0Gn,-0.838,-10356250,11417291,-14089,0.672,-11887302,-6351569.9600,10983318#skJJYBpnewyezUyoW4XV,false,true,13879228.3900,-0.86
1558,4707142#AP7iP9JrDB2yIHQMgR8psupYKybe3UB,-14746025,-5745613,false,-2222472,-7342868.04,7551899#gPGN2TG0cHwHwLftHcGJPkBCX,0.909,-6022913,-10413148,-14378984,-0.552,-4526620,12406882.5400,6879504#0UtVpqJSs0GqUvFpGCsJ,true,false,-2630617.3400,0.79
1559,5528010#d1GljD7061oDPZ5sOYbwichy2KC0ZjZ,9528032,-9905899,true,370624,7590887.02,11202746#TvNJxCFrmLKejc6XBek6iaTTM,0.800,-8239536,-202686,-7581299,1.442,6631411,2083345.6700,11807095#hURZG1paNEXKvA3IvQZA,false,false,-13462307.7700,-0.84
1560,4388974#574aGohneglIQSRw6AmZKY1zQpEJ0oj,-6853752,-4869927,true,-7548837,546599.33,13963968#Btz9LfhOKyhChpFB0odRkOhC4,-0.800,-15576495,-10451597,-3057369,-1.420,6247949,6886483.7900,9950196#YswEaXH5H5F0CxjhF1s9,true,true,-10416486.0800,-0.83
1561,12449447#NrMYX9abOZ4EdJ79Gm8gQHRogggxJef,-7217765,8799980,false,-9269153,-5909035.57,9858551#P6jRHgYlN5NcPAckUZh60JtUw,0.811,2345939,-6873681,11074460,7.248,4844603,15230821.7200,8490590#EtwzOp3auKnWfoPPrpO9,true,true,-3580788.4300,-0.84
1562,10183048#yjlFEFCT1zsuzPkqfue9ixCLWaKZMZS,-14519308,-11715329,false,-13674056,7005068.66,15379427#jBErmcg8sUf7zi5cmG66LxRBa,-0.791,1521895,-7673088,654990,4.229,-2606512,-6644211.9600,1374404#NHGDyFTezZ2VVFL2lwHD,true,true,-2218923.9900,-0.82
1563,10597744#YpEgjifkSsBlJDmgTjeenfLDlnW7h2o,10137841,12667957,false,-10058929,8655500.21,11360206#2RztYhEytizbxhnzUm8FAknCr,-0.749,-7305025,-13230660,-1922098,-1.863,4494808,-9849911.3200,13324718#MUyUid7ks7ODjdXIIdYn,false,false,7212000.0100,0.80
1564,6658787#ePnkBDRSUdqhiEl0yWu7IPNN9QvuVne,5021003,1728320,true,313661,-7728841.58,12703373#vRUPDPQjG8ANWGVCtAkskwpKS,-0.713,-5927981,-11410040,9769235,6.781,-1155395,4594208.0300,11190182#y4Y4QrupaCtQMIbgTyik,true,false,6113650.1700,0.80
1565,15548229#tBA1TCT14h58McwbahLZOAoD2Uw0fzI,14899870,11899816,true,10193125,4389788.04,1047354#tzcvxToENbhgdC6EOFM667GO9,-0.715,-11981253,-8370396,-14132356,2.071,4657736,-9977192.7100,6479130#aWTAMXq28sHGE5fksu5V,true,true,-12896366.6100,-0.79
1566,15478550#vqY2xANjWxPrZ2VhcyKnC1anco57cr2,13941412,2525220,true,13461596,15382876.04,6928431#m48hMxSOH6QopCRMy0ENOflte,-0.723,-3452541,-13804591,-11541546,-3.432,13206009,-11251129.0900,12057393#n6l5AkuogPfWyOjw5ebK,true,false,-4205128.3900,-0.69
1567,6565274#Pgoj6wHzAYsITeLYImkrmu2rxr2Wuaz,13978510,-4197315,false,11944565,-1893452.76,2241359#02UevrODfG5xAoyA7s7faUZvj,0.840,-1905629,-5316654,12522748,-0.326,-348802,-1236084.5900,10224983#TeQIhS2dLR0TehyGQZ4S,true,false,-10559009.8500,-0.73
1568,10677438#BrnXCTtYUUS2hPuXnIkEiWpQDqa0dIO,4038467,13460259,true,3750537,9514258.31,12373303#I21ddQNiiOybgQW8NVKNUqF0R,-0.783,-1708822,10326723,11410361,-4.904,7457727,1339458.5100,7753209#HcwglZgnJzf6ILEGObNf,false,true,4434640.4500,0.84
1569,11971687#PF7tdhfytGIVaSo2GVI0RsaJRnGEFMK,2039329,5230490,true,8492260,-13744255.44,11461596#a4j5Y7OC1gbcijqeuxkg8TDqW,0.847,12889114,-5600712,13398095,-1.869,14993057,-7264403.2100,3453455#qq8weSRNpVv7BaiiuQ2A,false,true,-10019258.6300,0.82
1570,14542402#6bdnIYuBeUVk9NmC4baSkvokoJDHZK0,-8877373,11061745,true,8344122,-5066516.83,2616798#jKDfYnAdTzEfAXvmlKUB2Osqe,-0.702,4296326,4244094,14887854,5.880,2777986,-8366748.2700,11529797#LvC7jlq0AKFv7BxzVs2h,false,true,12968192.2400,0.75
1571,10320312#RC2vtcT4UrnHAfo5Pzm0ELyAXts4WcV,13160963,-11883979,true,-8804279,4069009.60,3078663#PRBj9UKPgcBtYnuH02t6LyRWc,-0.765,15243594,-560284,-6005169,0.030,14044395,-13854135.5200,10568994#0fMAgnChA6AYZDyCv6Wl,true,false,-1034481.2000,0.76
1572,14525778#u0J59mSfW4WLM69ngJx3vvfdf9amVSz,13137005,723828,false,-2503191,-10022465.16,5285218#EZjjNjcGpiu2bb8FHrYMTDL50,-0.876,-13100823,7650997,14749044,2.748,-8973270,-13069348.6900,2713966#mAVCoJYDltzNZiHxxm3H,true,false,11311123.6900,-0.86
1573,2473685#PvOhNLMqjcSgWFRoUvZQudWO2tp56Zt,4594931,-14772450,true,-6205366,-2760126.96,2804231#ue3PCcfY2M6xVuVum6M1U3u69,0.896,7987834,9000878,193338,4.826,-11700904,-7512019.4800,10947362#Q1tRvhRWTd9ITIGwEOAo,false,false,14029238.7400,-0.81
1574,1129938#Dywq88ruu01olfG7l7BAofomdt9A2FN,-15214452,-2700998,true,-4248145,11003561.94,1761095#swyT3SsAzOqu1K0lYhvc2SGNO,0.915,11886720,6694642,-15257920,-1.974,-2353576,-7764605.8700,14434715#cjeahvUJdF7IZ7Es42iR,true,true,10134827.4100,-0.85
1575,4200586#HH5W6MUY07NfFIxL9qjT2Ku6PwQtA0L,8411792,-3068254,true,566261,-1592101.28,2404773#QD5jLvcRDNYP596qVA2Btx4ad,-0.706,-7716749,12787275,-9737671,6.932,10978337,7352568.9000,7353733#d3MkaWgoLTSiXkAzjqXq,false,true,14371133.3200,-0.81
1576,2610022#AgFnsE7IQ7WYUPYh0bWqg2Op4UnqjrP,7378850,13399251,false,-5994693,-1624651.80,5305214#sLO9hylh4UMWH3HJ6sBYEt05z,-0.690,5989406,-15678391,-2010095,-4.701,8875826,3998888.9000,9162050#jgTx3xpdWJ2mRLjMYpHa,false,false,-11679235.8100,0.86
1577,1390371#sFHpx3VO2z2faQ6DmVNfk663dSwun8i,-3955253,3342684,true,11978595,15020195.78,13012490#b5dqNr5w3kzogJtoVVuKyZzhl,0.896,14275261,-10952227,-12831184,3.054,-9336694,4003024.2800,10713436#ytxJzuO4uztPDX883BVe,true,false,-5046091.0400,-0.78
1578,10128741#Z4XqF9hyHZloljvIOPpCaBKJvDO6v42,8974828,6575333,false,-5856025,-2752924.41,14242155#SboeFfQhuJHTndXhQoLkglCXG,-0.789,688961,13213006,14581170,-1.288,-7800809,-2834409.0600,11584724#v8b9W7sOttAYDZLYDX9A,false,false,-6684934.8700,-0.83
1579,3504706#pcHVWoA7nNCp0XPCMxIrc9uKN8BcwdH,-9560721,14213678,true,12199939,-5888548.41,867826#W5cs6IQX4rbus3i0TzpDZc6VQ,0.889,1409975,-10510091,-9357270,3.308,11735429,-5096047.7100,12517388#A0QOlcfAyXNTchoMcO1l,true,true,11353049.8100,0.89
1580,1567517#2surk4uE9mNVcz1oPZ23UGFjOqArptB,8626190,-10103825,true,-12542103,-6135779.55,560036#yljl1Pmv0KVRv5hyB7cH7oV2t,-0.820,4282431,13238981,3443937,1.998,15213278,15654575.9400,15758673#Wj75DtMrLYibcwlr4rWa,false,true,-269938.4900,-0.87
1581,15433750#BPrqCgqMYpsMPmbSxoiBcAlzLPsnWHI,11634503,-9109274,true,1099686,15687770.36,15361913#2sc1560Wxj8yjMu94shvWPLr5,0.772,-13307387,-511777,2637363,-0.732,-13275428,7467678.9200,13178077#5WKz03sg8jTL13ItHrZ6,true,true,10072601.0000,-0.75
1582,9619068#s5wHQrf5B5jDfGqsQfufBC5jwyYqrfW,-11211534,12938257,false,-10883176,4542442.67,2142552#ckPdEPg7wXpFx8tGOtLDmmxUW,0.896,10456278,14373502,12329737,-0.891,8223060,-13108087.2700,4128245#rmH4VHWSOcXZvRyFPobe,false,false,7965044.2200,0.82
1583,3732225#3yFALsEUGL0pD89CegNKLwwNCeQKyMd,-8722374,-1777521,false,-897857,-5316115.31,1242407#WDOfEeClgwirY1pH8qSqQ4fK2,0.848,5305095,6145428,-5695132,-6.732,3006703,248361.6100,14143960#HCYlQfYQFGg0IX8LbCLz,false,false,-12553748.6900,0.90
1584,13214544#OUVrxQiF0BO401m4wDUkOJaqR32gRx7,10955344,-2369296,true,-12828559,-71635.14,15756895#JoetqlDOPsDutbkwQ1tnPShII,-0.722,15540254,-2588492,-1509167,-4.852,6175609,-15039787.6500,5603087#bbYnYOkc8fB7ESgbJNDy,true,false,-5543470.1300,0.81
1585,81882#lAGCacbNMJBrW9WqCIOW40aEfqXadqE,-6752852,-10268581,false,10935525,-14766279.99,12622273#OAhYMKUOeBvmGSqlxmGRIhMHy,-0.784,14944115,7433546,9638534,1.919,-3173973,6649210.2700,10954609#nG4yiWSfw6Nq4ClZBfQU,false,true,11997781.4700,-0.72
1586,12662838#7n1dQ61JYRHLq8jSWH2wp88pBiOc9YA,-6083170,11124697,false,-10463268,-12052711.81,4887914#Tlser5BSFoPgnmCvd7bl7niFy,-0.797,-13097264,-2460368,-8622169,-6.144,-244653,15666179.4300,15775950#lXXn4zvjjkBL7Z4dgppn,true,true,5199405.3700,-0.71
1587,11038364#4hgqs4KyLPuC8bhIQU9Mn4OUATRkG4x,-911201,11421209,false,-5803617,7472021.50,8814398#0eDumE0U32pHE1ZykINxC85qQ,-0.883,15446134,-5909470,14871206,-4.691,-13365860,-7638048.7300,10486056#1372SXCQ8TdL90cRgDwe,false,false,-11068511.8400,0.76
1588,6117119#lh1DX6kfPlc1NgeEypTcEbkNZDxGNp2,11270635,-13306286,true,2097876,-1300137.39,5673414#wHP3IkOpJbbJQwK5cJZc93w9h,0.785,187924,6760506,-1555365,5.011,-14668393,-12359803.7600,5191100#mjMXshAiVXfzF4fGSon4,false,false,3145262.9500,0.75
1589,3734880#TAdYsehZkyV4SnJwbLJGUY6y1X0lxmm,15731892,-2917037,false,-14374863,10788500.77,8097603#d3Ev9auAjjbNFiVvaSqw5ckwO,0.854,10668010,-8976318,1522257,-4.797,10315724,9788279.5900,3231732#A0qc8Yo60WVL1uPO1QO5,true,true,11607576.4400,-0.76
1590,6762101#rhxrF9gnsyYKDvV2a9GIu6bhedKpWr9,15217658,-2559226,true,2346263,-14464620.47,9781611#jvu6SSzVtRYpBv9ZIuW1lD42D,0.766,-4929399,-15792836,-3288891,0.193,-6822198,-3746768.2300,3387817#pkgw8sDgznMFrz7Gq0ST,false,true,2685543.7400,-0.74
1591,786227#DSt708hoTrJSvo8phTmcuWSBApGCHvT,4322523,-8207976,false,172357,-15780763.68,1047503#PSjR5rxwXon98zZdxlWGO1P35,-0.825,4147641,-8932078,-2313770,0.244,5741941,5122465.8300,1736132#K8VW8DLVuFDPF83mWIJ1,true,false,4916685.9100,0.91
1592,13385563#HzxOIi7iYyaKWwj9mmu7oB0gHhIa1Hs,-9141163,1313930,false,1067594,13313641.76,2030456#ihoiMCIxMk6DsbKLg74fZkZpd,-0.826,-10970235,11311813,-15004486,6.804,3176212,156426.3200,2573297#CtTDAx389KqAMJGL9EGq,false,false,-2029425.4100,-0.69
1593,4274397#lTcHOg0IJ2N14OCxr2bHb68GrIKwgIO,13217351,12507027,false,-9478127,2968089.94,7015299#sxXyA6IrHQFhN8ePTcIxC1XYl,0.827,-6683333,9773628,-7486044,6.423,-2926006,10060296.6200,544545#jRKh9XIT4GYw0eIxqZOE,true,true,641448.1000,0.87
1594,5753099#aLyxM0h3JsOcDEnAlrSyhSf844SDwUY,3014704,4858885,false,6085535,2066046.24,7621802#uAt6BppKbx2aJCynzBwN8NCEw,0.875,7996591,10689888,11012703,0.081,-1225409,-9463667.8800,6343764#Z9wZSiu8ZpPlm2PBgl7S,true,true,3926816.0000,-0.82
1595,12813132#ukC9Ubhr4XalQ8MQ7kOwD1WIDNQsj6j,-6487643,6575789,true,-2317184,-13007087.10,13153504#YQYhKgfTZ7MBTcXlJ5FVHAOUe,0.824,52279,8567475,-14710508,6.151,12199299,10840180.2600,10744307#4sDPHfK0S61ZfvzKJVz3,true,true,-10142391.3600,-0.88
1596,11983603#zZWjjlhlxfwJGPLN00IgLhj01BzuIEU,-15251694,-10031039,false,5581157,-13568000.99,4925190#jomft2s7dmifgc2susuThU2Ds,0.910,-13863271,-3653321,-12705984,-3.292,-2593645,-7759242.4100,4743515#RHIYtI389QQI7ChE8Egj,true,false,15920796.6400,-0.87
1597,7236880#TAdYsehZkyV4SnJwbLJGUY6y1X0lxmm,15617090,-13604693,true,13028627,9896813.89,12996252#B53pVZnS87Xfd3DW54KN8udeK,-0.727,8741841,14427207,-10554232,0.329,-7816074,-3460590.1600,6705635#xUKAb1cWCu8E0Mn3mUF6,true,true,-10675012.2700,0.77
1598,13027912#0qjphJy1rn4XbZSkeE2k8Pd0gFDccsW,5210456,11917052,true,-193422,6393723.00,5178677#PN49vNWze3fNafPDg7Gnyrppq,0.821,13428745,13120420,-10963778,-3.496,10319694,8225648.4300,13535886#g9V40IyLFb7O3Oc72asU,true,true,9369249.0900,0.77
1599,8997503#IUROe02OoqJhq6MFayO1fKbKtIEsKIR,-8535605,-15341315,true,1201379,8910065.64,15421050#RDWTR4TFfmNy99TmvPtL4Pg1K,-0.756,342973,-9112289,-10397458,6.635,9927387,-7701023.4400,2677079#sLyOs1LneEAmRXWQlhGj,true,true,-4446050.6800,0.85
1600,6802520#FwYqy6gTRHcA5HDiZ9rI4M92LgoVD1W,-5495810,13500275,true,6219831,6782423.09,5795119#b0jsONb1mmvX88K5s2fvQlj22,0.742,746156,4009794,-1133156,-3.300,-10867582,-10227186.4800,11767263#W98gvLvDU4SIdccvtuo2,false,false,-5243683.5600,-0.86
1601,3054082#EFsqHQE38gH8ciDtsDfUheqaJmzuNb9,-3766380,-9670341,true,-4788940,-1966019.69,7494424#aYcRV1jjaDdfEfsLDv5d9wUb5,0.782,2579173,8916340,10114062,-4.363,-4469114,4735663.5000,4561886#g9V40IyLFb7O3Oc72asU,true,true,-9540268.1100,-0.74
1602,9811642#qUvyomPAR6jy7seK4xVPQvDOVX7UgDf,-13646379,10956728,true,2733901,-6754963.86,11780243#MdCg1lK06zyJ3s7vjmkYROxIH,-0.821,-4821249,-137172,-15739917,-1.612,-12080891,3001154.9600,7347668#cXOhRolXaXjfbboqurXz,true,false,9733640.7800,-0.89
1603,7365121#QSK1LMXqa9wQy4lgdOJfmyhkspUGIlE,15014419,-4833284,true,-3417409,-10225003.81,13161043#vjhedrm9nqX9BF32y4ZtOaF19,-0.724,336465,-8441868,8777399,3.867,9101775,-9742784.2600,4860706#YCHBnpINaB2GDzcQLNYs,true,false,-7179490.4200,-0.71
1604,1484227#DSt708hoTrJSvo8phTmcuWSBApGCHvT,-3875216,713651,true,8410646,-7206242.66,14619023#UulKV51BfeDZtiFPGmw7DZ2JL,-0.872,13465880,12155935,-10164232,-1.704,-964226,-14196157.7900,14227442#xqdor8MqoHyGEOZCvkK9,true,true,10737854.7900,0.80
1605,10798038#XDJ89NisPCVbyyzMyixyaqUGr2anm8a,10842434,-14353191,false,14832944,5383407.91,12231353#3lJm2E6sNeBUTQ2MTJ3FoZAsB,0.869,10153463,4455471,6219260,-3.310,3079496,540000.0200,7163638#UdJH6enbwbN9dcv3aYFp,false,true,-5781429.3000,0.80
1606,7614965#GkejOqVjgyMOcBqg5OwCGBaT0r2qDU3,4159664,9301872,false,2055616,7896520.13,14653074#Cs2kZoSUAQRDeAMDNyQ4pAeQ2,0.805,13085228,-5685342,3696582,-1.426,-5188388,12605769.4200,3530513#wFSl9af2CRTSuilggCxb,false,false,6173632.7600,-0.75
1607,676542#X1MEq5eIZxijkyD6GK7MpSBJ6PaVtyA,3980264,3335559,true,-2517871,-4884844.30,13934798#jKDfYnAdTzEfAXvmlKUB2Osqe,-0.863,-10689075,11783978,-14314,0.694,-12268952,-6555257.4600,11335849#f2Ha7fg8WCbPk5DtpeSd,true,false,14324716.8900,-0.89
1608,4858205#wuOUrEeEAIYlbBl4m7jjsO5CP6mpZaH,-15219534,-5929778,true,-2293922,-7578524.54,7794093#cW68maIqocgqU4PjprYMOzoNN,0.935,-6215950,-10747498,-14840609,-0.572,-4671839,12805309.0400,7100013#IcE7UBhunh2IhsU6f4eV,false,true,-2714759.3400,0.81
1609,5705162#DFaNJlTe7Bn2vpymuxaD3eLs4duRIuQ,9833592,-10223626,true,382599,7834438.52,11561821#GX0Yhjyfs2QXGCwl3Zp9Imu19,0.826,-8503786,-208986,-7824174,1.487,6844136,2150334.6700,12185614#7SC6o3yyik7cBnDQNh5b,false,true,-13894163.7700,-0.87
1610,4529385#jGvEn3FcTWSr0dsS358ODC9CKAPW1C6,-7073649,-5025986,true,-7790637,563950.33,14411531#z6Ny8TUDsh027aAqhjDzhQCWP,-0.825,-16075939,-10786597,-3155369,-1.470,6448249,7107164.2900,10269002#iZ2ep1KhuHPGuf7dRpBp,false,false,-10750335.5800,-0.85
1611,12848051#sUPLFzKvxFJdsEvFOPP32CBJnHGucoU,-7449127,9081981,true,-9566153,-6098326.57,10174297#KL0vLJlggxxCWbXBY783toqcO,0.837,2420989,-7094081,11428973,7.493,5000090,15718744.2200,8762249#sLyGBZpZSgSfyk1UXQXP,true,false,-3695553.4300,-0.86
1612,10508998#ELmgs2MPLSuV5lGcwZEoL8fvZcVhXRa,-14984061,-12090170,true,-14111694,7229517.66,15871657#1QTH15vYHXqMpfzERKwe7l085,-0.816,1570545,-7918813,675815,4.374,-2689650,-6857064.4600,1418225#zCPGwGNNUNY5nvCY2fZ9,true,false,-2290253.4900,-0.84
1613,10936600#JzuAe5D9E044I4REOExNCxGPjNRUH24,10461973,13073413,false,-10380904,8932168.71,11723604#EhEScbbjTrEoIf1I8kBb3n5eo,-0.774,-7538950,-13654224,-1983698,-1.913,4638289,-10164981.3200,13750865#jXlGzXgEeYCNDwnsDNa5,false,true,7442876.0100,0.82
1614,6871538#cKUGYVi2bgV014GepOcJU89hobe5VlR,5181411,1783415,false,323779,-7975999.58,13109252#B53pVZnS87Xfd3DW54KN8udeK,-0.738,-6117268,-11775040,10081573,7.001,-1192445,4740959.0300,11547684#uUEb2HMyLBEQzMjkvIvr,false,true,6309170.1700,0.82
1615,16044946#ljjEHCMczjil1HquUtszioMlRl4hv2v,15375801,12279884,false,10518975,4529917.54,1080663#PRBj9UKPgcBtYnuH02t6LyRWc,-0.740,-12363778,-8637646,-14584106,2.126,4806286,-10295958.2100,6685830#asCnyOZ1q2s7ACiYbLu3,true,true,-13308117.6100,-0.81
1616,15972549#Tflj4YMdkg34MCgDYNTZ27QU4d1Kcu9,14386754,2605755,true,13891221,15873857.54,7149342#t4TOafjx7DhLZgTZLEiPaW8XW,-0.748,-3562581,-14245091,-11909796,-3.532,13627847,-11610206.5900,12442113#T6hFVYckhwN2WuiIZlBA,false,true,-4339563.3900,-0.72
1617,6774458#azRc1lBIUIGUnNyv0iptEuPAIh2S0Cd,14424756,-4331221,true,12325721,-1953958.76,2312839#yobqCxJkLHhhaBUCt4muro78U,0.866,-1966279,-5486479,12922411,-0.346,-360158,-1275431.5900,10550970#kvgW9pleSGOfasKZBLtB,true,true,-10895802.3500,-0.75
1618,11017790#WhnXcc3oEIKclbRgKt2pmrSVFTqpGhq,4167542,13889601,true,3870300,9817794.81,12767849#mUqZgWoLFACBtvJwXUW4j1jyN,-0.808,-1763597,10656323,11774111,-5.054,7695327,1382076.0100,8000179#7ZUjp7bTKdLb1IsFVsv0,true,false,4575938.4500,0.87
1619,12352920#NP4L3rkif4beUfBo7qIne3S71RrCTO1,2104445,5397459,true,8763003,-14182445.94,11826838#gwPVCCUyYFGPEjm7cDIm0xXap,0.873,13299689,-5778912,13825345,-1.919,15470532,-7496005.2100,3563473#5TIa5Pv9t9ce5vAc32b1,true,false,-10338436.1300,0.85
1620,15005302#qFVsQ5pz8MnJ43IA9N3a9DYhAxuMViY,-9160304,11414204,false,8609672,-5228030.33,2700069#rsj909WeC103YQ4l7F2fPxo5e,-0.727,4433226,4379244,15361888,6.080,2866448,-8633510.2700,11896884#Mj4OgGsvwc6ffd5shThN,false,false,13381221.7400,0.78
1621,10648739#JEOSGRBBFCgzuzdZGeJBTnEXav4dQnL,13579995,-12262075,false,-9084785,4198556.60,3176541#JshoHYDyhBgXOc6TyLDZi4QKU,-0.790,15728744,-578080,-6196219,0.031,14491220,-14295208.0200,10905366#crOy2QLH7H2IErKUsgmz,true,false,-1067090.2000,0.79
1622,14987502#sP1YVYFroZ00toloZKxlh83aAhKcKbd,13554593,746637,true,-2582691,-10341034.16,5453214#sLO9hylh4UMWH3HJ6sBYEt05z,-0.901,-13517326,7894572,15218194,2.823,-9258845,-13485310.1900,2800258#LN329bGKecNl2XfnQs4A,true,true,11671174.6900,-0.89
1623,2552150#1RNU7orH1zhWuQI7BN0uWU0gGpxS1Pr,4741050,-15242016,true,-6402341,-2847922.96,2893232#R7gXhC2jERAsnNMe9Jh3u0Mki,0.922,8241884,9286878,199388,4.981,-12072554,-7750995.4800,11295261#odlswsCOpAD4ZYWFV57a,true,false,14475215.7400,-0.84
1624,1165678#MBIKbXOTJCnQOEAIiFCDc4fwIFWjcCK,-15697817,-2786822,true,-4383345,11353104.94,1817009#qh4rEdEZK0IXEPMGGBaB7T2Rj,0.941,12264045,6907535,-15742520,-2.024,-2428561,-8010984.8700,14893234#VUBgr1widUxi9aC1PRl7,true,true,10456537.9100,-0.88
