3343,592,2196,17485028,1.1011922E7,-3.144603022E7,-22023306,-13180238,-20781322.490,6088503
3344,1119,855,18401710,7861955.0,2.627820798E7,17069753,1927689,-28801134.100,31948578
3345,858,2010,14247055,1114238.6,-1.210177941E7,9643438,-16077707,18581203.660,15416300
3346,4227,235,8368086,4327389.5,-1.498345898E7,12442042,11543800,21721810.550,-24073311
3347,887,1219,-10191030,1.6335935E7,2.435963808E7,885373,-29539756,21836123.460,-23746274
3348,4326,2272,-32298001,1.4668994E7,2.923816619E7,32606778,-23584101,-30744122.020,-9958671
3349,4544,2113,-24291277,-2.8343056E7,-2.308798418E7,15136844,9627268,11584790.520,-31802978
3350,1013,2192,17192141,1.6290215E7,-2.384211034E7,-27126172,-4290313,-24638504.250,24279841
3351,3338,1158,-29071242,-3.2393066E7,1.281548272E7,26413730,-12323195,23062751.870,4896849
3352,2985,1530,-27348047,-3055527.2,1.968409397E7,17836590,25298920,22431471.990,-28161523
3353,3263,2285,32529643,-2.676482E7,1.303881516E7,-19976490,7411778,4544067.280,-15128037
3354,3900,2345,-13469081,1.0890582E7,-1225836.48,12076312,-14021440,-28598929.480,-32292696
3355,1619,1097,-22978692,-9762128.0,-3.290493578E7,-19012145,-6241184,142702.880,-26337064
3356,2839,1995,-21755551,6394941.5,-2.759594184E7,-29721943,19934001,16604552.700,-29154353
3357,2290,1186,32080558,1.4341808E7,-6079115.98,-7886720,-24152563,-16662765.620,10274268
3358,2316,2098,-13692796,-2.7287828E7,2.476868607E7,-28333347,19651551,-9330690.090,-22470338
3359,3374,1927,-24486440,-6985084.5,-1.042229235E7,17570874,-30822481,24801203.560,-20799911
3360,4574,80,-11056942,2.241037E7,-1.538251995E7,-24493905,21815272,-23522587.970,2047145
3361,3593,836,12384323,-2.54331E7,2.193524108E7,-15668991,19105065,-25110780.680,15598070
3362,3753,1188,-14490677,-1.699371E7,-7899978.31,1586994,-33203399,-12793908.730,9410959
3363,4410,40,-25084092,-1.7493664E7,-3.217880861E7,5438315,-2270828,32158917.090,31453013
3364,1340,1404,12037465,2.7446516E7,5325633.69,-23014900,-30797917,-7639115.980,-20654618
3365,1761,632,12647488,-2.9393192E7,1.05084738E7,12193486,9255286,7621627.780,-18057511
3366,3336,848,4963459,-5980141.5,3.04734075E7,-28991559,-33282235,-9104813.490,-29242398
3367,1911,1376,12390653,2.6291358E7,-1.195449958E7,4886191,-24282093,4140186.730,10783501
3368,210,2278,-19249650,-2.3019062E7,1.977972662E7,-6438651,32620182,22472905.780,-3833999
3369,319,873,6019757,-1.1051511E7,7376397.5,1998068,-15218393,-5030695.950,-20472668
3370,3842,793,-17069532,-3768510.2,7553791.34,26180187,30898187,7945258.330,24184640
3371,1823,426,9044342,-7058705.5,2.884630906E7,-3224764,-22127122,31974185.950,-18870225
3372,2564,1327,19960987,-1.8727452E7,-2.362150605E7,19284826,-3824841,20256651.960,-16856862
3373,4159,1517,29668532,1.8029832E7,-3.087214511E7,-28869542,28677520,-32067135.270,26942978
3374,3648,713,-2420875,-3.0932338E7,-8479801.35,-32597721,12722649,-10596450.770,-13889336
3375,1014,2393,10092095,-4329562.0,-9920.06,31191678,29994733,-22480442.550,-27533278
3376,221,794,25991318,-1.6197878E7,-2.45794769E7,-32726812,-13900083,25623955.670,5043802
3377,4553,2151,6697585,-8097677.0,3293457.31,10982643,32149543,-6931511.850,-7127323
3378,91,1094,-17945905,-1.3180584E7,-1027266.06,-17503322,-27601357,-20147281.760,32495763
3379,4578,319,-21117999,2316439.2,-7629933.7,29248184,9571545,-25540398.900,29066029
3380,4337,2184,-30469942,1.1248478E7,1.525305401E7,24184468,-7921382,15041725.990,19443695
3381,3190,2121,-13387089,2.607085E7,-2.114588345E7,-19569158,31790196,29921547.620,-6282982
3382,3029,1776,18384146,-8384053.5,-1.900105815E7,2586391,29491830,-29543483.970,33598123
3383,2011,877,5006530,3.3176492E7,-3.26887216E7,4030479,-28235180,-2223347.680,3561947
3384,2604,956,-28938774,-2.5397474E7,2.306117325E7,12410072,26810697,23668779.600,-7484917
3385,4184,1530,-30909994,2.2268144E7,3.369489212E7,12004980,29213119,-5450582.130,-31945707
3386,3075,60,12365777,1.2035389E7,1.441769062E7,559386,21260509,-16349990.020,3856793
3387,802,719,-21678361,-2.9597342E7,-7037067.54,3343164,31945966,-29422529.410,-9203327
3388,798,1268,28593571,-2108327.5,-1677176.99,-12478310,-14155568,11672064.640,22392813
3389,4374,823,-4959133,-3.3069904E7,1.789852737E7,-15077299,8031272,-25572512.700,-24260691
3390,171,1915,7557012,2.0403562E7,2.272603734E7,-20930671,-33699157,-32776957.880,29152791
3391,2437,316,8389519,-1742064.2,2.761929363E7,3486792,-15308651,2684159.020,-32609974
3392,2337,793,-20509509,-1.497309E7,-5592723.22,-2994794,-31104041,6362469.680,7726541
3393,3892,701,17746494,1.1176722E7,-3.191643022E7,-22352681,-13377363,-21092231.990,6179458
3394,4295,1453,18677002,7979555.0,2.667100798E7,17324988,1956651,-29231679.600,32426150
3395,4240,117,14459873,1131038.6,-1.228257941E7,9787656,-16318078,18859086.160,15646646
3396,1697,375,8493011,4392189.5,-1.520745898E7,12627823,11716200,22046450.550,-24432944
3397,4426,2144,-10343286,1.6579935E7,2.472363808E7,898515,-29981024,22162420.960,-24100939
3398,2728,519,-32780483,1.4888194E7,2.967496619E7,33093711,-23936426,-31203335.020,-10107441
3399,2140,1132,-24654080,-2.8766256E7,-2.343278418E7,15362786,9771018,11757852.020,-32277800
3400,2478,1355,17448657,1.6533415E7,-2.419811034E7,-27530966,-4354451,-25006225.250,24642160
3401,1073,1052,-29504951,-3.2876266E7,1.300668272E7,26807811,-12506988,23406779.370,4969765
3402,2462,2117,-27756094,-3101127.2,1.997769397E7,18102665,25676245,22766005.990,-28581642
3403,2236,259,33014669,-2.716402E7,1.323321516E7,-20274273,7522366,4611856.280,-15353671
3404,991,1367,-13670004,1.1052982E7,-1244236.48,12256443,-14230328,-29025379.980,-32774150
3405,854,1495,-23321053,-9907728.0,-3.339533578E7,-19295339,-6334209,144816.880,-26729635
3406,2722,32,-22079661,6490141.5,-2.800714184E7,-30164851,20231026,16851955.200,-29588837
3407,993,1425,32558353,1.4555408E7,-6169515.98,-8004301,-24512301,-16910899.120,10427200
3408,4081,171,-13896735,-2.7694228E7,2.513748607E7,-28755092,19944026,-9469725.590,-22805066
3409,2693,1204,-24850888,-7089084.5,-1.057749235E7,17832572,-31281218,25170449.060,-21109627
3410,2017,797,-11221589,2.274397E7,-1.561131995E7,-24858377,22139881,-23872493.470,2077632
3411,2366,1112,12568560,-2.58115E7,2.226164108E7,-15901948,19389353,-25484278.180,15830039
3412,865,1951,-14706185,-1.724651E7,-8017578.31,1610476,-33697295,-12984186.230,9551037
3413,2482,2020,-25456994,-1.7753664E7,-3.265720861E7,5519274,-2304491,32636945.590,31920695
3414,3905,1256,12216512,2.7854516E7,5404833.69,-23356865,-31255667,-7752515.480,-20961512
3415,135,845,12835444,-2.9829992E7,1.06644738E7,12374770,9392674,7734988.280,-18325955
3416,3879,971,5037084,-6068941.5,3.09262075E7,-29422240,-33776579,-9239982.490,-29676656
3417,2631,1040,12574704,2.6681758E7,-1.213209958E7,4958720,-24642581,4201800.730,10943746
3418,3402,1241,-19535444,-2.3360662E7,2.007332662E7,-6534304,33104541,22806492.280,-3890923
3419,3394,448,6109106,-1.1215511E7,7485997.5,2027821,-15444205,-5105454.450,-20776601
3420,2664,1915,-17322769,-3824510.2,7665791.34,26568658,31356758,8063233.330,24543370
3421,2780,460,9178357,-7163505.5,2.927430906E7,-3272596,-22455435,32448556.950,-19150130
3422,2274,630,20257075,-1.9005052E7,-2.397190605E7,19570722,-3881554,20556986.960,-17106786
3423,2412,473,30108250,1.8297032E7,-3.132974511E7,-29297625,29102633,-32542512.270,27342387
3424,1198,872,-2456626,-3.1390738E7,-8605401.35,-33080914,12911149,-10753560.770,-14095053
3425,1819,486,10241565,-4393562.0,-9920.06,31653818,30439145,-22813560.550,-27941106
3426,471,1079,26376226,-1.6437878E7,-2.49434769E7,-33211642,-14105946,26003485.670,5118409
3427,4019,2182,6796761,-8217677.0,3342257.31,11145339,32625564,-7034051.850,-7232708
3428,1541,1268,-18211658,-1.3375784E7,-1042466.06,-17762372,-28009952,-20445412.260,32976859
3429,99,2380,-21430567,2350839.2,-7742733.7,29680895,9713099,-25918241.900,29496213
3430,289,483,-30920615,1.1414878E7,1.547865401E7,24542339,-8038620,15264202.990,19731294
3431,1057,1742,-13584946,2.645645E7,-2.145868345E7,-19858466,32260280,30363923.620,-6375995
3432,2189,1264,18656015,-8508054.0,-1.928185815E7,2624601,29927930,-29980238.470,34094963
3433,504,124,5080632,3.3666892E7,-3.31719216E7,4090067,-28652399,-2256085.180,3614548
3434,1880,1661,-29366306,-2.5772674E7,2.340197325E7,12593337,27206751,24018398.600,-7595532
3435,3754,54,-31366695,2.2596944E7,3.419249212E7,12182306,29644544,-5531132.130,-32417508
3436,2516,709,12548364,1.2212989E7,1.463049062E7,567784,21574363,-16591565.520,3913824
3437,1974,2062,-21998251,-3.0034142E7,-7141067.54,3392426,32417672,-29856797.410,-9339183
3438,3100,271,29015586,-2139527.5,-1701976.99,-12662353,-14364568,11844290.140,22723166
3439,2804,1740,-5032320,-3.3557904E7,1.816252737E7,-15299625,8149884,-25949661.200,-24618643
3440,1077,1870,7668417,2.0704362E7,2.306123734E7,-21239440,-34196220,-33260497.880,29582677
3441,3859,2325,8513283,-1767664.2,2.802649363E7,3538137,-15534301,2723781.520,-33090943
3442,3073,878,-20811834,-1.519389E7,-5675123.22,-3038962,-31562612,6456159.180,7840371
3443,2547,1604,18007959,1.1341522E7,-3.238683022E7,-22682056,-13574488,-21403141.490,6270413
3444,2826,2051,18952294,8097155.0,2.706380798E7,17580223,1985614,-29662225.100,32903723
3445,2978,623,14672690,1147838.6,-1.246337941E7,9931875,-16558450,19136968.660,15876992
3446,3812,514,8617936,4456989.5,-1.543145898E7,12813604,11888600,22371090.550,-24792577
3447,3320,671,-10495542,1.6823934E7,2.508763808E7,911656,-30422293,22488718.460,-24455604
3448,1131,1165,-33262964,1.5107394E7,3.011176619E7,33580645,-24288751,-31662548.020,-10256212
3449,4381,151,-25016883,-2.9189456E7,-2.377758418E7,15588728,9914768,11930913.520,-32752622
3450,3943,518,17705173,1.6776615E7,-2.455411034E7,-27935761,-4418588,-25373946.250,25004479
3451,3453,945,-29938660,-3.3359466E7,1.319788272E7,27201892,-12690782,23750806.870,5042682
3452,1940,305,-28164141,-3146727.2,2.027129397E7,18368740,26053570,23100539.990,-29001761
3453,1208,630,33499694,-2.756322E7,1.342761516E7,-20572055,7632953,4679645.280,-15579305
3454,2727,390,-13870927,1.1215382E7,-1262636.48,12436573,-14439215,-29451830.480,-33255604
3455,88,1892,-23663414,-1.0053328E7,-3.388573578E7,-19578533,-6427234,146930.880,-27122206
3456,2606,467,-22403771,6585341.5,-2.841834184E7,-30607760,20528051,17099357.700,-30023322
3457,4340,1665,33036147,1.4769008E7,-6259915.98,-8121881,-24872038,-17159032.620,10580133
3458,1201,643,-14100674,-2.8100628E7,2.550628607E7,-29176837,20236501,-9608761.090,-23139793
3459,2012,481,-25215336,-7193084.5,-1.073269235E7,18094269,-31739956,25539694.560,-21419343
3460,4104,1513,-11386236,2.307757E7,-1.584011995E7,-25222848,22464490,-24222398.970,2108118
3461,1138,1387,12752798,-2.61899E7,2.258804108E7,-16134905,19673640,-25857775.680,16062008
3462,2621,317,-14921694,-1.749931E7,-8135178.31,1633958,-34191191,-13174463.730,9691115
3463,555,1601,-25829896,-1.8013664E7,-3.313560861E7,5600232,-2338153,33114974.090,32388377
3464,1824,1108,12395559,2.8262516E7,5484033.69,-23698830,-31713417,-7865914.980,-21268406
3465,3153,1059,13023401,-3.0266792E7,1.08204738E7,12556054,9530061,7848348.780,-18594400
3466,4422,1094,5110710,-6157741.5,3.13790075E7,-29852920,-34270922,-9375151.490,-30110914
3467,3351,703,12758754,2.7072158E7,-1.230969958E7,5031249,-25003068,4263414.730,11103992
3468,1950,203,-19821238,-2.3702262E7,2.036692662E7,-6629957,33588900,23140078.780,-3947847
3469,1824,23,6198454,-1.1379511E7,7595597.5,2057575,-15670018,-5180212.950,-21080534
3470,1487,639,-17576006,-3880510.2,7777791.34,26957129,31815330,8181208.330,24902100
3471,3737,495,9312372,-7268305.5,2.970230906E7,-3320428,-22783747,32922927.950,-19430035
3472,1984,2330,20553163,-1.9282652E7,-2.432230605E7,19856617,-3938266,20857321.960,-17356710
3473,664,1827,30547968,1.8564232E7,-3.178734511E7,-29725709,29527745,-33017889.270,27741797
3474,3393,1032,-2492377,-3.1849138E7,-8731001.35,-33564108,13099649,-10910670.770,-14300770
3475,2624,977,10391036,-4457562.0,-9920.06,32115958,30883558,-23146678.550,-28348935
3476,721,1364,26761134,-1.6677878E7,-2.53074769E7,-33696473,-14311808,26383015.670,5193016
3477,3486,2214,6895937,-8337677.0,3391057.31,11308035,33101585,-7136591.850,-7338094
3478,2991,1442,-18477411,-1.3570984E7,-1057666.06,-18021422,-28418547,-20743542.760,33457955
3479,265,2042,-21743135,2385239.2,-7855533.7,30113606,9854653,-26296084.900,29926396
3480,887,1180,-31371289,1.1581278E7,1.570425401E7,24900211,-8155857,15486679.990,20018893
3481,3570,1363,-13782803,2.684205E7,-2.177148345E7,-20147773,32730364,30806299.620,-6469008
3482,1349,752,18927884,-8632054.0,-1.956265815E7,2662810,30364030,-30416992.970,34591804
3483,3641,1769,5154734,3.4157292E7,-3.36551216E7,4149654,-29069617,-2288822.680,3667149
3484,1156,2365,-29793837,-2.6147874E7,2.374277325E7,12776601,27602806,24368017.600,-7706147
3485,3324,976,-31823396,2.2925744E7,3.469009212E7,12359632,30075969,-5611682.130,-32889309
3486,1956,1358,12730952,1.2390589E7,1.484329062E7,576182,21888217,-16833141.020,3970856
3487,3145,1006,-22318141,-3.0470942E7,-7245067.54,3441688,32889378,-30291065.410,-9475040
3488,758,1672,29437600,-2170727.5,-1726776.99,-12846396,-14573568,12016515.640,23053518
3489,1234,259,-5105508,-3.4045904E7,1.842652737E7,-15521951,8268497,-26326809.700,-24976596
3490,1983,1825,7779822,2.1005162E7,2.339643734E7,-21548209,-34693282,-33744037.880,30012564
3491,637,1936,8637047,-1793264.2,2.843369363E7,3589482,-15759951,2763404.020,-33571912
3492,3810,962,-21114160,-1.541469E7,-5757523.22,-3083131,-32021184,6549848.680,7954201
3493,1202,109,18269425,1.1506322E7,-3.285723022E7,-23011431,-13771613,-21714050.990,6361368
3494,1357,251,19227586,8214755.0,2.745660798E7,17835458,2014576,-30092770.600,33381295
3495,1715,1128,14885508,1164638.6,-1.264417941E7,10076093,-16798821,19414851.160,16107338
3496,1282,654,8742861,4521789.5,-1.565545898E7,12999385,12061000,22695730.550,-25152210
3497,2214,1596,-10647798,1.7067934E7,2.545163808E7,924798,-30863561,22815015.960,-24810269
3498,4178,1810,-33745446,1.5326594E7,3.054856619E7,34067578,-24641076,-32121761.020,-10404982
3499,1977,1568,-25379686,-2.9612656E7,-2.412238418E7,15814670,10058518,12103975.020,-33227444
3500,763,2079,17961689,1.7019814E7,-2.491011034E7,-28340555,-4482726,-25741667.250,25366798
3501,1188,839,-30372369,-3.3842664E7,1.338908272E7,27595973,-12874575,24094834.370,5115598
3502,1417,892,-28572188,-3192327.2,2.056489397E7,18634815,26430895,23435073.990,-29421880
3503,181,1002,33984720,-2.796242E7,1.362201516E7,-20869838,7743541,4747434.280,-15804939
3504,4463,1810,-14071850,1.1377782E7,-1281036.48,12616704,-14648103,-29878280.980,-33737058
3505,3968,2290,-24005775,-1.0198928E7,-3.437613578E7,-19861727,-6520259,149044.880,-27514777
3506,2489,902,-22727881,6680541.5,-2.882954184E7,-31050668,20825076,17346760.200,-30457806
3507,3043,1904,33513942,1.4982608E7,-6350315.98,-8239462,-25231776,-17407166.120,10733065
3508,2966,1114,-14304613,-2.8507028E7,2.587508607E7,-29598582,20528976,-9747796.590,-23474521
3509,1331,2156,-25579784,-7297084.5,-1.088789235E7,18355967,-32198693,25908940.060,-21729059
3510,1547,2230,-11550883,2.341117E7,-1.606891995E7,-25587320,22789099,-24572304.470,2138605
3511,4556,1663,12937035,-2.65683E7,2.291444108E7,-16367862,19957928,-26231273.180,16293977
3512,4378,1080,-15137202,-1.775211E7,-8252778.31,1657440,-34685087,-13364741.230,9831193
3513,3272,1183,-26202798,-1.8273664E7,-3.361400861E7,5681191,-2371816,33593002.590,32856059
3514,4389,960,12574606,2.8670516E7,5563233.69,-24040795,-32171167,-7979314.480,-21575300
3515,1527,1272,13211357,-3.0703592E7,1.09764738E7,12737338,9667449,7961709.280,-18862844
3516,320,1217,5184335,-6246541.5,3.18318075E7,-30283601,-34765266,-9510320.490,-30545172
3517,4071,367,12942805,2.7462558E7,-1.248729958E7,5103778,-25363556,4325028.730,11264237
3518,497,1564,-20107032,-2.4043862E7,2.066052662E7,-6725610,34073259,23473665.280,-4004771
3519,254,1996,6287803,-1.1543511E7,7705197.5,2087328,-15895830,-5254971.450,-21384467
3520,309,1761,-17829243,-3936510.2,7889791.34,27345600,32273901,8299183.330,25260830
3521,49,529,9446387,-7373105.5,3.013030906E7,-3368260,-23112060,33397298.950,-19709940
3522,1694,1633,20849251,-1.9560252E7,-2.467270605E7,20142513,-3994979,21157656.960,-17606634
3523,3562,783,30987686,1.8831432E7,-3.224494511E7,-30153792,29952858,-33493266.270,28141206
3524,943,1191,-2528128,-3.2307538E7,-8856601.35,-34047301,13288149,-11067780.770,-14506487
3525,3429,1468,10540506,-4521562.0,-9920.06,32578098,31327970,-23479796.550,-28756763
3526,971,1649,27146042,-1.6917878E7,-2.56714769E7,-34181303,-14517671,26762545.670,5267623
3527,2952,2245,6995113,-8457677.0,3439857.31,11470731,33577606,-7239131.850,-7443479
3528,4441,1616,-18743164,-1.3766184E7,-1072866.06,-18280472,-28827142,-21041673.260,33939051
3529,431,1705,-22055703,2419639.2,-7968333.7,30546317,9996207,-26673927.900,30356580
3530,1484,1877,-31821962,1.1747678E7,1.592985401E7,25258082,-8273095,15709156.990,20306492
3531,1437,984,-13980660,2.722765E7,-2.208428345E7,-20437081,33200448,31248675.620,-6562021
3532,509,240,19199753,-8756054.0,-1.984345815E7,2701020,30800130,-30853747.470,35088644
3533,2134,1016,5228836,3.4647692E7,-3.41383216E7,4209242,-29486836,-2321560.180,3719750
3534,432,672,-30221369,-2.6523074E7,2.408357325E7,12959866,27998860,24717636.600,-7816762
3535,2894,1898,-32280097,2.3254544E7,3.518769212E7,12536958,30507394,-5692232.130,-33361110
3536,1397,2007,12913539,1.2568189E7,1.505609062E7,584580,22202071,-17074716.520,4027887
3537,4317,2349,-22638031,-3.0907742E7,-7349067.54,3490950,33361084,-30725333.410,-9610896
3538,3060,675,29859615,-2201927.5,-1751576.99,-13030439,-14782568,12188741.140,23383871
3539,4309,1176,-5178695,-3.4533904E7,1.869052737E7,-15744277,8387109,-26703958.200,-25334548
3540,2889,1780,7891227,2.1305962E7,2.373163734E7,-21856978,-35190345,-34227577.880,30442450
3541,2059,1547,8760811,-1818864.2,2.884089363E7,3640827,-15985601,2803026.520,-34052881
3542,4546,1047,-21416485,-1.563549E7,-5839923.22,-3127299,-32479755,6643538.180,8068031
3543,4502,1012,18530890,1.1671122E7,-3.332763022E7,-23340806,-13968738,-22024960.490,6452323
3544,4533,849,19502878,8332355.0,2.784940798E7,18090693,2043539,-30523316.100,33858868
3545,453,1634,15098325,1181438.6,-1.282497941E7,10220312,-17039193,19692733.660,16337684
3546,3397,793,8867786,4586589.5,-1.587945898E7,13185166,12233400,23020370.550,-25511843
3547,1108,123,-10800054,1.7311934E7,2.581563808E7,937939,-31304830,23141313.460,-25164934
3548,2581,58,-34227927,1.5545794E7,3.098536619E7,34554512,-24993401,-32580974.020,-10553753
3549,4218,587,-25742489,-3.0035856E7,-2.446718418E7,16040612,10202268,12277036.520,-33702266
3550,2228,1242,18218205,1.7263014E7,-2.526611034E7,-28745350,-4546863,-26109388.250,25729117
3551,3568,732,-30806078,-3.4325864E7,1.358028272E7,27990054,-13058369,24438861.870,5188515
3552,895,1478,-28980235,-3237927.2,2.085849397E7,18900890,26808220,23769607.990,-29841999
3553,3798,1373,34469745,-2.836162E7,1.381641516E7,-21167620,7854128,4815223.280,-16030573
3554,1554,833,-14272773,1.1540182E7,-1299436.48,12796834,-14856990,-30304731.480,-34218512
3555,3202,289,-24348136,-1.0344528E7,-3.486653578E7,-20144921,-6613284,151158.880,-27907348
3556,2373,1337,-23051991,6775741.5,-2.924074184E7,-31493577,21122101,17594162.700,-30892291
3557,1745,2144,33991736,1.5196208E7,-6440715.98,-8357042,-25591513,-17655299.620,10885998
3558,86,1586,-14508552,-2.8913428E7,2.624388607E7,-30020327,20821451,-9886832.090,-23809248
3559,650,1433,-25944232,-7401084.5,-1.104309235E7,18617664,-32657431,26278185.560,-22038775
3560,3634,548,-11715530,2.374477E7,-1.629771995E7,-25951791,23113708,-24922209.970,2169091
3561,3328,1938,13121273,-2.69467E7,2.324084108E7,-16600819,20242215,-26604770.680,16525946
3562,1489,1844,-15352711,-1.800491E7,-8370378.31,1680922,-35178983,-13555018.730,9971271
3563,1345,764,-26575700,-1.8533664E7,-3.409240861E7,5762149,-2405478,34071031.090,33323741
3564,2308,812,12753653,2.9078516E7,5642433.69,-24382760,-32628917,-8092713.980,-21882194
3565,4545,1486,13399314,-3.1140392E7,1.11324738E7,12918622,9804836,8075069.780,-19131289
3566,863,1340,5257961,-6335341.5,3.22846075E7,-30714281,-35259609,-9645489.490,-30979430
3567,146,30,13126855,2.7852958E7,-1.266489958E7,5176307,-25724043,4386642.730,11424483
3568,3690,526,-20392826,-2.4385462E7,2.095412662E7,-6821263,34557618,23807251.780,-4061695
3569,3329,1571,6377151,-1.1707511E7,7814797.5,2117082,-16121643,-5329729.950,-21688400
3570,3777,485,-18082480,-3992510.2,8001791.34,27734071,32732473,8417158.330,25619560
3571,1006,564,9580402,-7477905.5,3.055830906E7,-3416092,-23440372,33871669.950,-19989845
3572,1404,935,21145339,-1.9837852E7,-2.502310605E7,20428408,-4051691,21457991.960,-17856558
3573,1814,2137,31427404,1.9098632E7,-3.270254511E7,-30581876,30377970,-33968643.270,28540616
3574,3138,1351,-2563879,-3.2765938E7,-8982201.35,-34530495,13476649,-11224890.770,-14712204
3575,4234,1959,10689977,-4585562.0,-9920.06,33040238,31772383,-23812914.550,-29164592
3576,1221,1934,27530950,-1.7157878E7,-2.60354769E7,-34666134,-14723533,27142075.670,5342230
3577,2419,2277,7094289,-8577677.0,3488657.31,11633427,34053627,-7341671.850,-7548865
3578,1246,1790,-19008917,-1.3961384E7,-1088066.06,-18539522,-29235737,-21339803.760,34420147
3579,597,1367,-22368271,2454039.2,-8081133.7,30979028,10137761,-27051770.900,30786763
3580,2082,176,-32272636,1.1914078E7,1.615545401E7,25615954,-8390332,15931633.990,20594091
3581,3950,605,-14178517,2.761325E7,-2.239708345E7,-20726388,33670532,31691051.620,-6655034
3582,4314,2126,19471622,-8880054.0,-2.012425815E7,2739229,31236230,-31290501.970,35585485
3583,626,263,5302938,3.5138092E7,-3.46215216E7,4268829,-29904054,-2354297.680,3772351
3584,4353,1376,-30648900,-2.6898274E7,2.442437325E7,13143130,28394915,25067255.600,-7927377
3585,2464,422,-32736798,2.3583344E7,3.568529212E7,12714284,30938819,-5772782.130,-33832911
3586,837,258,13096127,1.2745789E7,1.526889062E7,592978,22515925,-17316292.020,4084919
3587,843,1293,-22957921,-3.1344542E7,-7453067.54,3540212,33832790,-31159601.410,-9746753
3588,718,2076,30281629,-2233127.5,-1776376.99,-13214482,-14991568,12360966.640,23714223
3589,2739,2093,-5251883,-3.5021904E7,1.895452737E7,-15966603,8505722,-27081106.700,-25692501
3590,3795,1735,8002632,2.1606762E7,2.406683734E7,-22165747,-35687407,-34711117.880,30872337
3591,3482,1158,8884575,-1844464.2,2.924809363E7,3692172,-16211251,2842649.020,-34533850
3592,638,1131,-21718811,-1.585629E7,-5922323.22,-3171468,-32938327,6737227.680,8181861
3593,3157,1915,18792356,1.1835922E7,-3.379803022E7,-23670181,-14165863,-22335869.990,6543278
3594,3064,1447,19778170,8449955.0,2.824220798E7,18345928,2072501,-30953861.600,34336440
3595,3835,2139,15311143,1198238.6,-1.300577941E7,10364530,-17279564,19970616.160,16568030
3596,867,933,8992711,4651389.5,-1.610345898E7,13370947,12405800,23345010.550,-25871476
3597,2,1048,-10952310,1.7555934E7,2.617963808E7,951081,-31746098,23467610.960,-25519599
3598,983,703,-34710409,1.5764994E7,3.142216619E7,35041445,-25345726,-33040187.020,-10702523
3599,1814,2004,-26105292,-3.0459056E7,-2.481198418E7,16266554,10346018,12450098.020,-34177088
3600,3693,405,18474721,1.7506214E7,-2.562211034E7,-29150144,-4611001,-26477109.250,26091436
3601,1303,626,-31239787,-3.4809064E7,1.377148272E7,28384135,-13242162,24782889.370,5261431
3602,372,2065,-29388282,-3283527.2,2.115209397E7,19166965,27185545,24104141.990,-30262118
3603,2771,1745,34954771,-2.876082E7,1.401081516E7,-21465403,7964716,4883012.280,-16256207
3604,3290,2253,-14473696,1.1702582E7,-1317836.48,12976965,-15065878,-30731181.980,-34699966
3605,2437,687,-24690497,-1.0490128E7,-3.535693578E7,-20428115,-6706309,153272.880,-28299919
3606,2256,1772,-23376101,6870941.5,-2.965194184E7,-31936485,21419126,17841565.200,-31326775
3607,448,2383,34469531,1.5409808E7,-6531115.98,-8474623,-25951251,-17903433.120,11038930
3608,1851,2057,-14712491,-2.9319828E7,2.661268607E7,-30442072,21113926,-10025867.590,-24143976
3609,4614,710,-26308680,-7505084.5,-1.119829235E7,18879362,-33116168,26647431.060,-22348491
3610,1077,1265,-11880177,2.407837E7,-1.652651995E7,-26316263,23438317,-25272115.470,2199578
3611,2101,2214,13305510,-2.73251E7,2.356724108E7,-16833776,20526503,-26978268.180,16757915
3612,3246,209,-15568219,-1.825771E7,-8487978.31,1704404,-35672879,-13745296.230,10111349
3613,4062,346,-26948602,-1.8793664E7,-3.457080861E7,5843108,-2439141,34549059.590,33791423
3614,228,664,12932700,2.9486516E7,5721633.69,-24724725,-33086667,-8206113.480,-22189088
3615,2919,1699,13587270,-3.1577192E7,1.12884738E7,13099906,9942224,8188430.280,-19399733
3616,1406,1463,5331586,-6424141.5,3.27374075E7,-31144962,-35753953,-9780658.490,-31413688
3617,866,2092,13310906,2.8243358E7,-1.284249958E7,5248836,-26084531,4448256.730,11584728
3618,2237,1887,-20678620,-2.4727062E7,2.124772662E7,-6916916,35041977,24140838.280,-4118619
3619,1759,1146,6466500,-1.1871511E7,7924397.5,2146835,-16347455,-5404488.450,-21992333
3620,2599,1607,-18335717,-4048510.2,8113791.34,28122542,33191044,8535133.330,25978290
3621,1963,598,9714417,-7582705.5,3.098630906E7,-3463924,-23768685,34346040.950,-20269750
3622,1114,238,21441427,-2.0115452E7,-2.537350605E7,20714304,-4108404,21758326.960,-18106482
3623,67,1093,31867122,1.9365832E7,-3.316014511E7,-31009959,30803083,-34444020.270,28940025
3624,688,1510,-2599630,-3.3224338E7,-9107801.35,-35013688,13665149,-11382000.770,-14917921
3625,394,52,10839447,-4649562.0,-9920.06,33502378,32216795,-24146032.550,-29572420
3626,1471,2219,27915858,-1.7397878E7,-2.63994769E7,-35150964,-14929396,27521605.670,5416837
3627,1885,2308,7193465,-8697677.0,3537457.31,11796123,34529648,-7444211.850,-7654250
3628,2696,1964,-19274670,-1.4156584E7,-1103266.06,-18798572,-29644332,-21637934.260,34901243
3629,763,1030,-22680839,2488439.2,-8193933.7,31411739,10279315,-27429613.900,31216947
3630,2679,873,-32723309,1.2080478E7,1.638105401E7,25973825,-8507570,16154110.990,20881690
3631,1817,226,-14376374,2.799885E7,-2.270988345E7,-21015696,34140616,32133427.620,-6748047
3632,3474,1614,19743491,-9004054.0,-2.040505815E7,2777439,31672330,-31727256.470,36082325
3633,3764,1908,5377040,3.5628492E7,-3.51047216E7,4328417,-30321273,-2387035.180,3824952
3634,3629,2081,-31076432,-2.7273474E7,2.476517325E7,13326395,28790969,25416874.600,-8037992
3635,2034,1344,-33193499,2.3912144E7,3.618289212E7,12891610,31370244,-5853332.130,-34304712
3636,278,907,13278714,1.2923389E7,1.548169062E7,601376,22829779,-17557867.520,4141950
3637,2015,238,-23277811,-3.1781342E7,-7557067.54,3589474,34304496,-31593869.410,-9882609
3638,3020,1079,30703644,-2264327.5,-1801176.99,-13398525,-15200568,12533192.140,24044576
3639,1169,612,-5325070,-3.5509904E7,1.921852737E7,-16188929,8624334,-27458255.200,-26050453
3640,56,1690,8114037,2.1907562E7,2.440203734E7,-22474516,-36184470,-35194657.880,31302223
3641,259,769,9008339,-1870064.2,2.965529363E7,3743517,-16436901,2882271.520,-35014819
3642,1374,1216,-22021136,-1.607709E7,-6004723.22,-3215636,-33396898,6830917.180,8295691
3643,1812,420,19053821,1.2000722E7,-3.426843022E7,-23999556,-14362988,-22646779.490,6634233
3644,1595,2045,20053462,8567555.0,2.863500798E7,18601163,2101464,-31384407.100,34814013
3645,2573,247,15523960,1215038.6,-1.318657941E7,10508749,-17519936,20248498.660,16798376
3646,2982,1072,9117636,4716189.5,-1.632745898E7,13556728,12578200,23669650.550,-26231109
3647,3541,1973,-11104566,1.7799934E7,2.654363808E7,964222,-32187367,23793908.460,-25874264
3648,4031,1349,-35192890,1.5984194E7,3.185896619E7,35528379,-25698051,-33499400.020,-10851294
3649,4055,1023,-26468095,-3.0882256E7,-2.515678418E7,16492496,10489768,12623159.520,-34651910
3650,513,1966,18731237,1.7749414E7,-2.597811034E7,-29554939,-4675138,-26844830.250,26453755
3651,3683,519,-31673496,-3.5292264E7,1.396268272E7,28778216,-13425956,25126916.870,5334348
3652,4495,253,-29796329,-3329127.2,2.144569397E7,19433040,27562870,24438675.990,-30682237
3653,1743,2116,35439796,-2.916002E7,1.420521516E7,-21763185,8075303,4950801.280,-16481841
3654,381,1276,-14674619,1.1864982E7,-1336236.48,13157095,-15274765,-31157632.480,-35181420
3655,1671,1084,-25032858,-1.0635728E7,-3.584733578E7,-20711309,-6799334,155386.880,-28692490
3656,2140,2207,-23700211,6966141.5,-3.006314184E7,-32379394,21716151,18088967.700,-31761260
3657,3795,225,34947325,1.5623408E7,-6621515.98,-8592203,-26310988,-18151566.620,11191863
3658,3616,131,-14916430,-2.9726228E7,2.698148607E7,-30863817,21406401,-10164903.090,-24478703
3659,3933,2385,-26673128,-7609084.5,-1.135349235E7,19141059,-33574906,27016676.560,-22658207
3660,3164,1981,-12044824,2.441197E7,-1.675531995E7,-26680734,23762926,-25622020.970,2230064
3661,873,91,13489748,-2.77035E7,2.389364108E7,-17066733,20810790,-27351765.680,16989884
3662,357,973,-15783728,-1.851051E7,-8605578.31,1727886,-36166775,-13935573.730,10251427
3663,2135,2325,-27321504,-1.9053664E7,-3.504920861E7,5924066,-2472803,35027088.090,34259105
3664,2792,516,13111747,2.9894516E7,5800833.69,-25066690,-33544417,-8319512.980,-22495982
3665,1292,1913,13775227,-3.2013992E7,1.14444738E7,13281190,10079611,8301790.780,-19668178
3666,1949,1586,5405212,-6512941.5,3.31902075E7,-31575642,-36248296,-9915827.490,-31847946
3667,1586,1755,13494956,2.8633758E7,-1.302009958E7,5321365,-26445018,4509870.730,11744974
3668,785,849,-20964414,-2.5068662E7,2.154132662E7,-7012569,35526336,24474424.780,-4175543
3669,189,721,6555848,-1.2035511E7,8033997.5,2176589,-16573268,-5479246.950,-22296266
3670,1422,331,-18588954,-4104510.2,8225791.34,28511013,33649616,8653108.330,26337020
3671,2920,633,9848432,-7687505.5,3.141430906E7,-3511756,-24096997,34820411.950,-20549655
3672,824,1938,21737515,-2.0393052E7,-2.572390605E7,21000199,-4165116,22058661.960,-18356406
3673,2964,49,32306840,1.9633032E7,-3.361774511E7,-31438043,31228195,-34919397.270,29339435
3674,2883,1670,-2635381,-3.3682736E7,-9233401.35,-35496882,13853649,-11539110.770,-15123638
3675,1199,543,10988918,-4713562.0,-9920.06,33964518,32661208,-24479150.550,-29980249
3676,1721,106,28300766,-1.7637878E7,-2.67634769E7,-35635795,-15135258,27901135.670,5491444
3677,1352,2340,7292641,-8817677.0,3586257.31,11958819,35005669,-7546751.850,-7759636
3678,4146,2138,-19540423,-1.4351784E7,-1118466.06,-19057622,-30052927,-21936064.760,35382339
3679,929,692,-22993407,2522839.2,-8306733.7,31844450,10420869,-27807456.900,31647130
3680,3277,1570,-33173983,1.2246878E7,1.660665401E7,26331697,-8624807,16376587.990,21169289
3681,4330,2245,-14574231,2.838445E7,-2.302268345E7,-21305003,34610700,32575803.620,-6841060
3682,2634,1102,20015360,-9128054.0,-2.068585815E7,2815648,32108430,-32164010.970,36579166
3683,2256,1155,5451142,3.6118892E7,-3.55879216E7,4388004,-30738491,-2419772.680,3877553
3684,2905,387,-31503963,-2.7648674E7,2.510597325E7,13509659,29187024,25766493.600,-8148607
3685,1604,2266,-33650200,2.4240944E7,3.668049212E7,13068936,31801669,-5933882.130,-34776513
3686,4363,1556,13461302,1.3100989E7,1.569449062E7,609774,23143633,-17799443.020,4198982
3687,3186,1580,-23597701,-3.2218142E7,-7661067.54,3638736,34776202,-32028137.410,-10018466
3688,678,82,31125658,-2295527.5,-1825976.99,-13582568,-15409568,12705417.640,24374928
3689,4244,1529,-5398258,-3.5997904E7,1.948252737E7,-16411255,8742947,-27835403.700,-26408406
3690,962,1645,8225442,2.2208362E7,2.473723734E7,-22783285,-36681532,-35678197.880,31732110
3691,1682,380,9132103,-1895664.2,3.006249363E7,3794862,-16662551,2921894.020,-35495788
3692,2111,1300,-22323462,-1.629789E7,-6087123.22,-3259805,-33855470,6924606.680,8409521
3693,467,1323,19315287,1.2165522E7,-3.473883022E7,-24328931,-14560113,-22957688.990,6725188
3694,126,245,20328754,8685155.0,2.902780798E7,18856398,2130426,-31814952.600,35291585
3695,1310,752,15736778,1231838.6,-1.336737941E7,10652967,-17760307,20526381.160,17028722
3696,452,1212,9242561,4780989.5,-1.655145898E7,13742509,12750600,23994290.550,-26590742
3697,2435,500,-11256822,1.8043934E7,2.690763808E7,977364,-32628635,24120205.960,-26228929
3698,2433,1994,-35675372,1.6203394E7,3.229576619E7,36015312,-26050376,-33958613.020,-11000064
3699,1651,42,-26830898,-3.1305456E7,-2.550158418E7,16718438,10633518,12796221.020,-35126732
3700,1978,1129,18987753,1.7992614E7,-2.633411034E7,-29959733,-4739276,-27212551.250,26816074
3701,1418,413,-32107205,-3.5775464E7,1.415388272E7,29172297,-13609749,25470944.370,5407264
3702,3972,840,-30204376,-3374727.2,2.173929397E7,19699115,27940195,24773209.990,-31102356
3703,716,90,35924822,-2.955922E7,1.439961516E7,-22060968,8185891,5018590.280,-16707475
3704,2117,298,-14875542,1.2027382E7,-1354636.48,13337226,-15483653,-31584082.980,-35662874
3705,906,1482,-25375219,-1.0781328E7,-3.633773578E7,-20994503,-6892359,157500.880,-29085061
3706,2023,244,-24024321,7061341.5,-3.047434184E7,-32822302,22013176,18336370.200,-32195744
3707,2498,464,35425120,1.5837008E7,-6711915.98,-8709784,-26670726,-18399700.120,11344795
3708,736,602,-15120369,-3.0132628E7,2.735028607E7,-31285562,21698876,-10303938.590,-24813431
3709,3252,1662,-27037576,-7713084.5,-1.150869235E7,19402757,-34033643,27385922.060,-22967923
3710,607,300,-12209471,2.474557E7,-1.698411995E7,-27045206,24087535,-25971926.470,2260551
3711,4291,367,13673985,-2.80819E7,2.422004108E7,-17299690,21095078,-27725263.180,17221853
3712,2114,1736,-15999236,-1.876331E7,-8723178.31,1751368,-36660671,-14125851.230,10391505
3713,207,1907,-27694406,-1.9313664E7,-3.552760861E7,6005025,-2506466,35505116.590,34726787
3714,712,368,13290794,3.0302516E7,5880033.69,-25408655,-34002167,-8432912.480,-22802876
3715,4311,2126,13963183,-3.2450792E7,1.16004738E7,13462474,10216999,8415151.280,-19936622
3716,2492,1709,5478837,-6601741.5,3.36430075E7,-32006323,-36742640,-10050996.490,-32282204
3717,2306,1419,13679007,2.9024158E7,-1.319769958E7,5393894,-26805506,4571484.730,11905219
3718,3977,2210,-21250208,-2.5410262E7,2.183492662E7,-7108222,36010695,24808011.280,-4232467
3719,3264,296,6645197,-1.2199511E7,8143597.5,2206342,-16799080,-5554005.450,-22600199
3720,244,1453,-18842191,-4160510.2,8337791.34,28899484,34108187,8771083.330,26695750
3721,3877,667,9982447,-7792305.5,3.184230906E7,-3559588,-24425310,35294782.950,-20829560
3722,534,1241,22033603,-2.0670652E7,-2.607430605E7,21286095,-4221829,22358996.960,-18606330
3723,1217,1403,32746558,1.9900232E7,-3.407534511E7,-31866126,31653308,-35394774.270,29738844
3724,433,1829,-2671132,-3.4141136E7,-9359001.35,-35980075,14042149,-11696220.770,-15329355
3725,2004,1034,11138388,-4777562.0,-9920.06,34426658,33105620,-24812268.550,-30388077
3726,1971,391,28685674,-1.7877878E7,-2.71274769E7,-36120625,-15341121,28280665.670,5566051
3727,818,2371,7391817,-8937677.0,3635057.31,12121515,35481690,-7649291.850,-7865021
3728,951,2312,-19806176,-1.4546984E7,-1133666.06,-19316672,-30461522,-22234195.260,35863435
3729,1095,355,-23305975,2557239.2,-8419533.7,32277161,10562423,-28185299.900,32077314
3730,3874,2267,-33624656,1.2413278E7,1.683225401E7,26689568,-8742045,16599064.990,21456888
3731,2197,1866,-14772088,2.877005E7,-2.333548345E7,-21594311,35080784,33018179.620,-6934073
3732,1794,590,20287229,-9252054.0,-2.096665815E7,2853858,32544530,-32600765.470,37076006
3733,749,402,5525244,3.6609292E7,-3.60711216E7,4447592,-31155710,-2452510.180,3930154
3734,2181,1092,-31931495,-2.8023874E7,2.544677325E7,13692924,29583078,26116112.600,-8259222
3735,1174,790,-34106901,2.4569744E7,3.717809212E7,13246262,32233094,-6014432.130,-35248314
3736,3804,2205,13643889,1.3278589E7,1.590729062E7,618172,23457487,-18041018.520,4256013
3737,4358,525,-23917591,-3.2654942E7,-7765067.54,3687998,35247908,-32462405.410,-10154322
3738,2980,1483,31547673,-2326727.5,-1850776.99,-13766611,-15618568,12877643.140,24705281
3739,2674,48,-5471445,-3.6485904E7,1.974652737E7,-16633581,8861559,-28212552.200,-26766358
3740,1868,1600,8336847,2.2509162E7,2.507243734E7,-23092054,-37178595,-36161737.880,32161996
3741,3104,2389,9255867,-1921264.2,3.046969363E7,3846207,-16888201,2961516.520,-35976757
3742,2847,1385,-22625787,-1.651869E7,-6169523.22,-3303973,-34314041,7018296.180,8523351
3743,3767,2226,19576752,1.2330322E7,-3.520923022E7,-24658306,-14757238,-23268598.490,6816143
3744,3302,843,20604046,8802755.0,2.942060798E7,19111633,2159389,-32245498.100,35769158
3745,48,1258,15949595,1248638.6,-1.354817941E7,10797186,-18000679,20804263.660,17259068
3746,2567,1351,9367486,4845789.5,-1.677545898E7,13928290,12923000,24318930.550,-26950375
3747,1329,1425,-11409078,1.8287934E7,2.727163808E7,990505,-33069904,24446503.460,-26583594
3748,836,242,-36157853,1.6422594E7,3.273256619E7,36502246,-26402701,-34417826.020,-11148835
3749,3892,1459,-27193701,-3.1728656E7,-2.584638418E7,16944380,10777268,12969282.520,-35601554
3750,3443,292,19244269,1.8235814E7,-2.669011034E7,-30364528,-4803413,-27580272.250,27178393
3751,3798,306,-32540914,-3.6258664E7,1.434508272E7,29566378,-13793543,25814971.870,5480181
3752,3450,1426,-30612423,-3420327.2,2.203289397E7,19965190,28317520,25107743.990,-31522475
3753,4333,461,36409847,-2.995842E7,1.459401516E7,-22358750,8296478,5086379.280,-16933109
3754,3853,1719,-15076465,1.2189782E7,-1373036.48,13517356,-15692540,-32010533.480,-36144328
3755,140,1879,-25717580,-1.0926928E7,-3.682813578E7,-21277697,-6985384,159614.880,-29477632
3756,1907,679,-24348431,7156541.5,-3.088554184E7,-33265211,22310201,18583772.700,-32630229
3757,1200,704,35902914,1.6050608E7,-6802315.98,-8827364,-27030463,-18647833.620,11497728
3758,2501,1074,-15324308,-3.0539028E7,2.771908607E7,-31707307,21991351,-10442974.090,-25148158
3759,2571,939,-27402024,-7817084.5,-1.166389235E7,19664454,-34492381,27755167.560,-23277639
3760,2694,1016,-12374118,2.507917E7,-1.721291995E7,-27409677,24412144,-26321831.970,2291037
3761,3063,642,13858223,-2.84603E7,2.454644108E7,-17532647,21379365,-28098760.680,17453822
3762,3870,102,-16214745,-1.901611E7,-8840778.31,1774850,-37154567,-14316128.730,10531583
3763,2925,1488,-28067308,-1.9573664E7,-3.600600861E7,6085983,-2540128,35983145.090,35194469
3764,3276,220,13469841,3.0710516E7,5959233.69,-25750620,-34459917,-8546311.980,-23109770
3765,2684,2340,14151140,-3.2887592E7,1.17564738E7,13643758,10354386,8528511.780,-20205067
3766,3035,1832,5552463,-6690541.5,3.40958075E7,-32437003,-37236983,-10186165.490,-32716462
3767,3026,1082,13863057,2.9414558E7,-1.337529958E7,5466423,-27165993,4633098.730,12065465
3768,2525,1172,-21536002,-2.5751862E7,2.212852662E7,-7203875,36495054,25141597.780,-4289391
3769,1694,2269,6734545,-1.2363511E7,8253197.5,2236096,-17024893,-5628763.950,-22904132
3770,3712,177,-19095428,-4216510.0,8449791.34,29287955,34566759,8889058.330,27054480
3771,189,702,10116462,-7897105.5,3.227030906E7,-3607420,-24753622,35769153.950,-21109465
3772,244,543,22329691,-2.0948252E7,-2.642470605E7,21571990,-4278541,22659331.960,-18856254
3773,4114,359,33186276,2.0167432E7,-3.453294511E7,-32294210,32078420,-35870151.270,30138254
3774,2628,1989,-2706883,-3.4599536E7,-9484601.35,-36463269,14230649,-11853330.770,-15535072
3775,2809,1525,11287859,-4841562.0,-9920.06,34888798,33550033,-25145386.550,-30795906
3776,2221,676,29070582,-1.8117878E7,-2.74914769E7,-36605456,-15546983,28660195.670,5640658
3777,285,5,7490993,-9057677.0,3683857.31,12284211,35957711,-7751831.850,-7970407
3778,2401,88,-20071929,-1.4742184E7,-1148866.06,-19575722,-30870117,-22532325.760,36344531
3779,1261,17,-23618543,2591639.2,-8532333.7,32709872,10703977,-28563142.900,32507497
3780,4472,566,-34075330,1.2579678E7,1.705785401E7,27047440,-8859282,16821541.990,21744487
3781,65,1487,-14969945,2.915565E7,-2.364828345E7,-21883618,35550868,33460555.620,-7027086
3782,954,78,20559098,-9376054.0,-2.124745815E7,2892067,32980630,-33037519.970,37572847
3783,3886,2047,5599346,3.7099692E7,-3.65543216E7,4507179,-31572928,-2485247.680,3982755
3784,1457,1796,-32359026,-2.8399074E7,2.578757325E7,13876188,29979133,26465731.600,-8369837
3785,744,1712,-34563602,2.4898544E7,3.767569212E7,13423588,32664519,-6094982.130,-35720115
3786,3244,456,13826477,1.3456189E7,1.612009062E7,626570,23771341,-18282594.020,4313045
3787,884,1867,-24237481,-3.3091742E7,-7869067.54,3737260,35719614,-32896673.410,-10290179
3788,638,486,31969687,-2357927.5,-1875576.99,-13950654,-15827568,13049868.640,25035633
3789,1104,965,-5544633,-3.6973904E7,2.001052737E7,-16855907,8980172,-28589700.700,-27124311
3790,2774,1555,8448252,2.2809962E7,2.540763734E7,-23400823,-37675657,-36645277.880,32591883
3791,4527,2000,9379631,-1946864.2,3.087689363E7,3897552,-17113851,3001139.020,-36457726
3792,3584,1469,-22928113,-1.673949E7,-6251923.22,-3348142,-34772613,7111985.680,8637181
3793,2422,731,19838218,1.2495122E7,-3.567963022E7,-24987681,-14954363,-23579507.990,6907098
3794,1833,1441,20879338,8920355.0,2.981340798E7,19366868,2188351,-32676043.600,36246730
3795,3430,1763,16162413,1265438.6,-1.372897941E7,10941404,-18241050,21082146.160,17489414
3796,37,1491,9492411,4910589.5,-1.699945898E7,14114071,13095400,24643570.550,-27310008
3797,223,2350,-11561334,1.8531934E7,2.763563808E7,1003647,-33511172,24772800.960,-26938259
3798,3883,887,-36640335,1.6641794E7,3.316936619E7,36989179,-26755026,-34877039.020,-11297605
3799,1488,478,-27556504,-3.2151856E7,-2.619118418E7,17170322,10921018,13142344.020,-36076376
3800,263,1853,19500785,1.8479014E7,-2.704611034E7,-30769322,-4867551,-27947993.250,27540712
3801,1533,200,-32974623,-3.6741864E7,1.453628272E7,29960459,-13977336,26158999.370,5553097
3802,2927,2013,-31020470,-3465927.2,2.232649397E7,20231265,28694845,25442277.990,-31942594
3803,3306,833,36894873,-3.035762E7,1.478841516E7,-22656533,8407066,5154168.280,-17158743
3804,944,741,-15277388,1.2352182E7,-1391436.48,13697487,-15901428,-32436983.980,-36625782
3805,4020,2277,-26059941,-1.1072528E7,-3.731853578E7,-21560891,-7078409,161728.880,-29870203
3806,1790,1114,-24672541,7251741.5,-3.129674184E7,-33708119,22607226,18831175.200,-33064713
3807,4548,943,36380709,1.6264208E7,-6892715.98,-8944945,-27390201,-18895967.120,11650660
3808,4266,1545,-15528247,-3.0945428E7,2.808788607E7,-32129052,22283826,-10582009.590,-25482886
3809,1890,216,-27766472,-7921084.5,-1.181909235E7,19926152,-34951118,28124413.060,-23587355
3810,137,1733,-12538765,2.541277E7,-1.744171995E7,-27774149,24736753,-26671737.470,2321524
3811,1836,918,14042460,-2.88387E7,2.487284108E7,-17765604,21663653,-28472258.180,17685791
3812,982,865,-16430253,-1.926891E7,-8958378.31,1798332,-37648463,-14506406.230,10671661
3813,997,1070,-28440210,-1.9833664E7,-3.648440861E7,6166942,-2573791,36461173.590,35662151
3814,1196,72,13648888,3.1118516E7,6038433.69,-26092585,-34917667,-8659711.480,-23416664
3815,1058,155,14339096,-3.3324392E7,1.19124738E7,13825042,10491774,8641872.280,-20473511
3816,3578,1955,5626088,-6779341.5,3.45486075E7,-32867684,-37731327,-10321334.490,-33150720
3817,3746,746,14047108,2.9804958E7,-1.355289958E7,5538952,-27526481,4694712.730,12225710
3818,1072,135,-21821796,-2.6093462E7,2.242212662E7,-7299528,36979413,25475184.280,-4346315
3819,124,1844,6823894,-1.2527511E7,8362797.5,2265849,-17250705,-5703522.450,-23208065
3820,2534,1299,-19348665,-4272510.0,8561791.34,29676426,35025330,9007033.330,27413210
3821,1146,736,10250477,-8001905.5,3.269830906E7,-3655252,-25081935,36243524.950,-21389370
3822,4599,2244,22625779,-2.1225852E7,-2.677510605E7,21857886,-4335254,22959666.960,-19106178
3823,2367,1713,33625994,2.0434632E7,-3.499054511E7,-32722293,32503533,-36345528.270,30537663
3824,178,2148,-2742634,-3.5057936E7,-9610201.35,-36946462,14419149,-12010440.770,-15740789
3825,3614,2016,11437329,-4905562.0,-9920.06,35350938,33994445,-25478504.550,-31203734
3826,2471,961,29455490,-1.8357878E7,-2.78554769E7,-37090286,-15752846,29039725.670,5715265
3827,4396,36,7590169,-9177677.0,3732657.31,12446907,36433732,-7854371.850,-8075792
3828,3851,262,-20337682,-1.4937384E7,-1164066.06,-19834772,-31278712,-22830456.260,36825627
3829,1427,2078,-23931111,2626039.2,-8645133.7,33142583,10845531,-28940985.900,32937681
3830,424,1263,-34526003,1.2746078E7,1.728345401E7,27405311,-8976520,17044018.990,22032086
3831,2577,1108,-15167802,2.954125E7,-2.396108345E7,-22172926,36020952,33902931.620,-7120099
3832,114,1964,20830967,-9500054.0,-2.152825815E7,2930277,33416730,-33474274.470,38069687
3833,2379,1294,5673448,3.7590092E7,-3.70375216E7,4566767,-31990147,-2517985.180,4035356
3834,733,103,-32786558,-2.8774274E7,2.612837325E7,14059453,30375187,26815350.600,-8480452
3835,314,236,-35020303,2.5227344E7,3.817329212E7,13600914,33095944,-6175532.130,-36191916
3836,2685,1105,14009064,1.3633789E7,1.633289062E7,634968,24085195,-18524169.520,4370076
3837,2056,812,-24557371,-3.3528542E7,-7973067.54,3786522,36191320,-33330941.410,-10426035
3838,2940,1887,32391702,-2389127.5,-1900376.99,-14134697,-16036568,13222094.140,25365986
3839,4179,1882,-5617820,-3.7461904E7,2.027452737E7,-17078233,9098784,-28966849.200,-27482263
3840,3680,1510,8559657,2.3110762E7,2.574283734E7,-23709592,-38172720,-37128817.880,33021769
3841,1304,1611,9503395,-1972464.2,3.128409363E7,3948897,-17339501,3040761.520,-36938695
3842,4320,1554,-23230438,-1.696029E7,-6334323.22,-3392310,-35231184,7205675.180,8751011
3843,1077,1634,20099683,1.2659922E7,-3.615003022E7,-25317056,-15151488,-23890417.490,6998053
3844,364,2039,21154630,9037955.0,3.020620798E7,19622103,2217314,-33106589.100,36724303
3845,2168,2269,16375230,1282238.6,-1.390977941E7,11085623,-18481422,21360028.660,17719760
3846,2152,1630,9617336,4975389.5,-1.722345898E7,14299852,13267800,24968210.550,-27669641
3847,3762,877,-11713590,1.8775934E7,2.799963808E7,1016788,-33952441,25099098.460,-27292924
3848,2286,1533,-37122816,1.6860994E7,3.360616619E7,37476113,-27107351,-35336252.020,-11446376
3849,3729,1895,-27919307,-3.2575056E7,-2.653598418E7,17396264,11064768,13315405.520,-36551198
3850,1728,1016,19757301,1.8722214E7,-2.740211034E7,-31174117,-4931688,-28315714.250,27903031
3851,3913,93,-33408332,-3.7225064E7,1.472748272E7,30354540,-14161130,26503026.870,5626014
3852,2405,201,-31428517,-3511527.2,2.262009397E7,20497340,29072170,25776811.990,-32362713
3853,2278,1204,37379898,-3.075682E7,1.498281516E7,-22954315,8517653,5221957.280,-17384377
3854,2680,2162,-15478311,1.2514582E7,-1409836.48,13877617,-16110315,-32863434.480,-37107236
3855,3254,276,-26402302,-1.1218128E7,-3.780893578E7,-21844085,-7171434,163842.880,-30262774
3856,1674,1549,-24996651,7346941.5,-3.170794184E7,-34151028,22904251,19078577.700,-33499198
3857,3250,1183,36858503,1.6477808E7,-6983115.98,-9062525,-27749938,-19144100.620,11803593
3858,1386,2017,-15732186,-3.1351828E7,2.845668607E7,-32550797,22576301,-10721045.090,-25817613
3859,1209,1891,-28130920,-8025084.5,-1.197429235E7,20187849,-35409856,28493658.560,-23897071
3860,2224,51,-12703412,2.574637E7,-1.767051995E7,-28138620,25061362,-27021642.970,2352010
3861,608,1193,14226698,-2.92171E7,2.519924108E7,-17998561,21947940,-28845755.680,17917760
3862,2738,1629,-16645762,-1.952171E7,-9075978.31,1821814,-38142359,-14696683.730,10811739
3863,3715,651,-28813112,-2.0093664E7,-3.696280861E7,6247900,-2607453,36939202.090,36129833
3864,3760,2322,13827935,3.1526516E7,6117633.69,-26434550,-35375417,-8773110.980,-23723558
3865,4076,369,14527053,-3.3761192E7,1.20684738E7,14006326,10629161,8755232.780,-20741956
3866,4121,2078,5699714,-6868141.5,3.50014075E7,-33298364,-38225670,-10456503.490,-33584978
3867,4466,409,14231158,3.0195358E7,-1.373049958E7,5611481,-27886968,4756326.730,12385956
3868,4265,1495,-22107590,-2.6435062E7,2.271572662E7,-7395181,37463772,25808770.780,-4403239
3869,3199,1419,6913242,-1.2691511E7,8472397.5,2295603,-17476518,-5778280.950,-23511998
3870,1357,23,-19601902,-4328510.0,8673791.34,30064897,35483902,9125008.330,27771940
3871,2103,771,10384492,-8106705.5,3.312630906E7,-3703084,-25410247,36717895.950,-21669275
3872,4309,1546,22921867,-2.1503452E7,-2.712550605E7,22143781,-4391966,23260001.960,-19356102
3873,619,669,34065712,2.0701832E7,-3.544814511E7,-33150377,32928645,-36820905.270,30937073
3874,2373,2308,-2778385,-3.5516336E7,-9735801.35,-37429656,14607649,-12167550.770,-15946506
3875,4419,109,11586800,-4969562.0,-9920.06,35813078,34438858,-25811622.550,-31611563
3876,2721,1246,29840398,-1.8597878E7,-2.82194769E7,-37575117,-15958708,29419255.670,5789872
3877,3863,68,7689345,-9297677.0,3781457.31,12609603,36909753,-7956911.850,-8181178
3878,656,436,-20603435,-1.5132584E7,-1179266.06,-20093822,-31687307,-23128586.760,37306723
3879,1593,1740,-24243679,2660439.2,-8757933.7,33575294,10987085,-29318828.900,33367864
3880,1022,1960,-34976677,1.2912478E7,1.750905401E7,27763183,-9093757,17266495.990,22319685
3881,445,729,-15365659,2.992685E7,-2.427388345E7,-22462233,36491036,34345307.620,-7213112
3882,3919,1452,21102836,-9624054.0,-2.180905815E7,2968486,33852830,-33911028.970,38566528
3883,871,541,5747550,3.8080492E7,-3.75207216E7,4626354,-32407365,-2550722.680,4087957
3884,9,807,-33214089,-2.9149474E7,2.646917325E7,14242717,30771242,27164969.600,-8591067
3885,4529,1158,-35477004,2.5556144E7,3.867089212E7,13778240,33527369,-6256082.130,-36663717
3886,2125,1754,14191652,1.3811389E7,1.654569062E7,643366,24399049,-18765745.020,4427108
3887,3227,2154,-24877261,-3.3965344E7,-8077067.54,3835784,36663026,-33765209.410,-10561892
3888,598,890,32813716,-2420327.5,-1925176.99,-14318740,-16245568,13394319.640,25696338
3889,2609,401,-5691008,-3.7949904E7,2.053852737E7,-17300559,9217397,-29343997.700,-27840216
3890,4586,1465,8671062,2.3411562E7,2.607803734E7,-24018361,-38669782,-37612357.880,33451656
3891,2727,1222,9627159,-1998064.2,3.169129363E7,4000242,-17565151,3080384.020,-37419664
3892,412,1638,-23532764,-1.718109E7,-6416723.22,-3436479,-35689756,7299364.680,8864841
3893,4377,139,20361149,1.2824722E7,-3.662043022E7,-25646431,-15348613,-24201326.990,7089008
3894,3540,239,21429922,9155555.0,3.059900798E7,19877338,2246276,-33537134.600,37201875
3895,905,376,16588048,1299038.6,-1.409057941E7,11229841,-18721793,21637911.160,17950106
3896,4267,1770,9742261,5040189.5,-1.744745898E7,14485633,13440200,25292850.550,-28029274
3897,2656,1802,-11865846,1.9019934E7,2.836363808E7,1029930,-34393709,25425395.960,-27647589
3898,688,2178,-37605298,1.7080194E7,3.404296619E7,37963046,-27459676,-35795465.020,-11595146
3899,1325,914,-28282110,-3.2998256E7,-2.688078418E7,17622206,11208518,13488467.020,-37026020
