3481,1293,1551,465,1243,-10182372,-10561041.51,-2.9793506E7,1.625624232E7,16922194.430,26177856.00,1.2026579E7,-1997979,-4280348
3482,948,1183,355,1293,-19940602,34716010.04,3.3644544E7,-2.418505055E7,4258735.030,-9076848.00,-6793944.5,-8521271,12472836
3483,166,1457,833,2037,-32213985,3273792.24,-1.938637E7,-2345606.34,-16490520.270,-29147264.00,-4290617.5,18667124,-246526
3484,299,1886,380,118,18028441,7065168.84,-4018697.8,1.197706875E7,34250568.860,-5347328.00,-5406586.5,-5550432,-18583463
3485,640,2129,348,1166,-1460688,32361982.51,1.6625238E7,1.432417229E7,8770686.660,32447088.00,2125290.0,15767270,34613962
3486,349,1939,1044,1211,-25482453,25409017.40,9421771.0,2.582175331E7,11295721.870,-17590936.00,1.4175321E7,26873710,-33748386
3487,90,342,1229,2248,17683367,-9697053.84,-1.6113953E7,-1.852104919E7,-9084837.150,20146272.00,3843906.8,-27259269,-29670101
3488,1535,277,337,2345,-6274447,882140.59,1954077.1,1175156.43,9363855.720,25179280.00,-1.6857564E7,-18740097,5569311
3489,123,366,242,72,-2304750,-21195830.55,2.0603872E7,956031.2,2347558.580,28556120.00,8885753.0,-3273563,-19697915
3490,988,2195,119,1306,-5170115,3779937.71,-64893.34,1.648177689E7,-18985590.340,-25792512.00,-9491024.0,34273216,-6314407
3491,1431,663,725,1321,-24157178,-13343757.90,-6655674.5,3.116781675E7,-12137627.630,10465944.00,-1.2856508E7,3193361,20674874
3492,41,1690,923,802,2792930,-8485526.55,4302931.0,-2.905646913E7,-30998139.120,-7426136.00,3.05676E7,-18739834,12007640
3493,155,1056,717,1521,12965024,-321529.76,1.5095896E7,-1.145906331E7,22127179.380,-7814496.00,1562394.5,28490104,5137733
3494,1283,1990,1418,2563,27665805,-4048270.42,-6702619.5,-1.419341099E7,20682429.150,25552720.00,1.2696097E7,-25271282,-3224199
3495,336,383,988,135,-723564,30909945.17,-7101266.5,1842453.56,27072838.610,29558232.00,7208091.0,723542,-32899601
3496,197,982,854,304,-22318119,30931665.12,-1.4198762E7,-2.829400002E7,-15323540.990,-9962240.00,-2.0537808E7,-8872040,-7442886
3497,930,1562,1064,2699,-27899778,10950115.69,-1.4598851E7,8220792.75,-29505110.640,-15377856.00,-1.2932359E7,-16849567,-31789644
3498,711,1114,144,2604,1409961,29002160.86,1.5942529E7,-3191780.44,10717810.750,13768528.00,-6270863.5,-29021124,20000127
3499,490,1877,886,918,23985965,7820965.13,1.8917686E7,1.998650633E7,-34068149.880,12367424.00,7160699.0,-14402144,27665096
3500,1130,55,8,331,-14312742,9069420.70,1347561.8,-2.996583547E7,33826353.480,7119984.00,118437.3,23874345,-24750754
3501,151,241,750,2553,-724919,-20750287.79,3.2654022E7,2.18532563E7,-20580844.690,23855648.00,8620150.0,31386974,-13624230
3502,617,2027,372,2606,-2536589,-14790544.72,1.5854879E7,-3.081047563E7,-26823572.190,33602312.00,-1.0879375E7,-7428359,5201801
3503,860,1267,221,326,-9824581,14249271.59,-2.0003316E7,1.507599799E7,-10106010.080,25448784.00,1341083.5,-18385082,351828
3504,470,1015,212,100,-21984510,3972713.64,3.40777E7,-2.584006949E7,34123992.590,1153408.00,-2.3539806E7,-6660132,32522022
3505,1566,1681,1778,633,-25740550,-15774575.51,2.7694868E7,-2.164443888E7,-33433491.290,783712.00,-1.839724E7,33443155,2894666
3506,1519,2255,794,1177,-3115752,-24761062.71,3.0285696E7,9863016.17,900990.110,19785436.00,1.3455595E7,-27866201,-17333655
3507,872,1062,517,1008,-19317326,13975498.47,-3.0359516E7,-8132201.72,9889027.440,-18634144.00,3.451784E7,-32589680,-6006272
3508,213,1265,1639,1361,23884250,-24285462.23,1.3129826E7,-2123040.21,-33267768.680,-3780048.00,3250643.8,-13296697,9251757
3509,1125,635,632,568,-19119760,-12481117.96,2.0946802E7,2.879406048E7,-29600088.760,31163520.00,-112330.06,22650049,-10266505
3510,1436,196,1119,1631,3808323,24210752.24,3.2573574E7,-9375520.23,-6875686.420,-1128016.00,2.138739E7,-25419201,-12205614
3511,993,943,177,2690,-19104557,10974438.14,-4947188.5,2.033209593E7,16857302.010,-30209540.00,-7474806.0,30572187,-31836982
3512,1580,492,1016,2114,25054595,19560471.97,1.3376321E7,-7857043.15,2375974.570,31915968.00,-1402790.6,-4333093,-16173853
3513,124,2156,1399,470,5977420,-804746.27,-1.9170508E7,-1.276513119E7,8991185.290,-25734896.00,1.7148436E7,22667002,11056077
3514,96,914,744,882,-23090581,17938799.44,-3.372702E7,-2.552865118E7,3268649.350,2537584.00,119696.56,2171501,15021
3515,297,2113,58,2088,-26029138,-4205956.59,4108311.2,5507691.89,26716464.650,18852156.00,1.4509767E7,-16405499,25949423
3516,254,1454,58,2659,-30092828,4776922.10,3822862.5,-4617486.96,10474999.330,-4209920.00,2.5032618E7,-22753597,28833301
3517,896,286,1471,73,10132722,13864569.56,-7371411.0,1.547608106E7,-28311715.270,-35004432.00,1.7382838E7,-25734135,-25852489
3518,1035,2242,1791,1289,30397498,24359334.82,-3.2018328E7,-1.058458714E7,31349352.040,5300960.00,1.895986E7,7041116,-10496971
3519,690,1983,1041,1512,7566457,-20187558.68,1.469948E7,62979.6,30825956.530,-14235232.00,1579691.4,30754872,28292193
3520,625,1443,1596,2084,-5529042,19469175.32,6640823.5,-8841418.18,-5677949.010,-4340944.00,-1.5703818E7,2802208,10152066
3521,1457,2357,1517,2577,-7509784,-24644783.09,-1863664.0,-3.481963617E7,8717454.650,-2882736.00,2.2187644E7,-26314147,27163036
3522,933,394,1585,2661,31523105,6968724.72,2.0853066E7,-2755745.56,-33921631.460,-27632768.00,9074261.0,-33719419,22091511
3523,624,2023,1346,1895,-15724536,-30741147.02,1.1381411E7,2.706635495E7,-6553873.160,-22131064.00,-1.2062337E7,14771702,-31290250
3524,140,2165,457,275,-23119091,-7735437.41,-2.37991E7,-2.176573392E7,-11197120.600,-784624.00,-1.6853298E7,-12789929,7426038
3525,723,813,1754,1853,-15125755,826601.50,1.3591888E7,1.50613762E7,-3093799.190,-13928608.00,-6655488.5,21792644,-27522195
3526,578,1501,346,2177,8999654,-6950410.45,1.3193053E7,-1.505309137E7,-27924133.160,-26228384.00,2.6407488E7,-15875105,-775013
3527,222,1728,464,1306,-33734688,12185409.45,-2.4148302E7,-4227006.03,25766368.770,-15567520.00,-3.0582024E7,13526581,70061
3528,798,1065,429,2106,6654686,26370341.81,1.2578265E7,9252033.59,-534507.630,-23985152.00,1.9425602E7,-15330791,715261
3529,1054,737,423,1045,-32539983,14735068.83,-2.1912618E7,1.129385742E7,-2549073.800,-12879440.00,3493577.0,18270141,-23509699
3530,161,237,1009,1030,21481720,15148251.66,2.8065754E7,4242552.68,24509283.500,9544624.00,2.9709902E7,27426915,13995165
3531,259,407,845,1029,-10328591,-10712596.01,-3.0221506E7,1.648984232E7,17165187.930,26553856.00,1.2199379E7,-2026700,-4341868
3532,558,972,1030,1124,-20226811,35214386.54,3.4127744E7,-2.453225055E7,4319874.030,-9207248.00,-6891544.5,-8643619,12651811
3533,268,1658,1275,2527,-32676308,3320767.74,-1.966477E7,-2379206.34,-16727366.270,-29565664.00,-4352217.5,18935222,-250126
3534,1598,1133,1839,321,18287291,7166459.34,-4076297.8,1.214906875E7,34742027.860,-5424128.00,-5484186.5,-5630116,-18850109
3535,146,2047,1368,716,-1481564,32826188.01,1.6863638E7,1.452977229E7,8896452.160,32912688.00,2155690.0,15993396,35110450
3536,1609,1153,203,1267,-25847837,25773494.40,9556971.0,2.619215331E7,11457800.370,-17843136.00,1.4378521E7,27259133,-34232526
3537,543,47,568,2021,17936876,-9835979.34,-1.6345153E7,-1.878664919E7,-9215136.150,20435072.00,3899106.8,-27650083,-30095536
3538,714,1086,782,855,-6364347,894652.09,1982077.1,1191956.43,9498014.220,25540080.00,-1.7099164E7,-19008856,5649155
3539,1224,1538,690,7,-2337719,-21499513.05,2.0899072E7,969631.2,2381299.580,28965320.00,9012953.0,-3320358,-19980279
3540,1398,848,611,2179,-5244320,3834165.21,-65693.34,1.671777689E7,-19257544.840,-26162112.00,-9627024.0,34764379,-6404770
3541,200,1351,1848,236,-24503280,-13534867.40,-6750874.5,3.161421675E7,-12311534.130,10615944.00,-1.3040508E7,3239076,20971027
3542,976,2149,262,2322,2832826,-8607166.55,4364531.0,-2.947246913E7,-31441902.120,-7532436.00,3.10052E7,-19008251,12179543
3543,1339,1296,1068,889,13150508,-326075.76,1.5311896E7,-1.162306331E7,22444049.880,-7926496.00,1584794.5,28897849,5211294
3544,46,1562,1709,1743,28061607,-4106202.42,-6798619.5,-1.439661099E7,20978291.150,25918320.00,1.2877697E7,-25633055,-3270412
3545,742,1214,1618,707,-733831,31352122.67,-7202866.5,1868853.56,27460050.610,29981032.00,7311291.0,733931,-33370142
3546,1550,265,1303,1412,-22637201,31373985.12,-1.4401962E7,-2.869880002E7,-15542789.990,-10104640.00,-2.0831408E7,-8999057,-7549243
3547,972,489,265,989,-28298567,11106592.69,-1.4807651E7,8338392.75,-29927107.640,-15597856.00,-1.3117159E7,-17090510,-32244148
3548,1531,1547,121,1174,1430183,29416819.36,1.6170529E7,-3237380.44,10871054.750,13965328.00,-6360463.5,-29435895,20285983
3549,1172,941,619,1643,24328651,7932598.63,1.9188086E7,2.027210633E7,-34554981.880,12544224.00,7263099.0,-14607977,28060381
3550,957,1432,1160,221,-14517303,9198878.70,1366761.8,-3.039383547E7,34309531.480,7221584.00,120037.3,24215404,-25104419
3551,1567,151,1034,1723,-735345,-21046744.29,3.3120422E7,2.21652563E7,-20874773.690,24196448.00,8743350.0,31835301,-13818734
3552,1195,2158,294,920,-2572676,-15001814.22,1.6081279E7,-3.125047563E7,-27206507.690,34082112.00,-1.1034575E7,-7534478,5276196
3553,1109,346,1790,1982,-9964843,14452701.59,-2.0288916E7,1.529119799E7,-10250130.080,25811984.00,1360283.5,-18647479,356891
3554,1404,107,1563,713,-22298350,4029357.14,3.45641E7,-2.620886949E7,34611021.090,1169808.00,-2.3875806E7,-6755177,32986133
3555,1384,517,1012,83,-26107814,-15999504.51,2.8090068E7,-2.195323888E7,-33910501.790,794912.00,-1.865964E7,33920335,2935967
3556,491,2202,1804,246,-3160064,-25114141.21,3.0717696E7,1.000381617E7,913698.110,20067736.00,1.3647595E7,-28263739,-17580867
3557,1469,1609,1236,1743,-19592682,14174644.47,-3.0792316E7,-8248201.72,10029886.940,-18899744.00,3.500984E7,-33054319,-6091781
3558,594,599,416,2449,24224705,-24631684.73,1.3317026E7,-2153440.21,-33741851.180,-3834048.00,3297043.8,-13486238,9383667
3559,1000,969,1080,2107,-19392301,-12659101.96,2.1245202E7,2.920446048E7,-30021873.760,31607520.00,-113930.06,22972726,-10412885
3560,264,1060,1382,2423,3862703,24555669.24,3.3037574E7,-9509120.23,-6973679.420,-1144016.00,2.169219E7,-25781420,-12379620
3561,1105,1449,1160,1261,-19376631,11130822.64,-5017588.5,2.062169593E7,17097481.510,-30639740.00,-7581206.0,31007586,-32290493
3562,1316,226,1395,1414,25411322,19838825.97,1.3566721E7,-7969043.15,2409736.070,32370368.00,-1422790.6,-4394678,-16404113
3563,50,2392,167,2483,6062608,-816221.77,-1.9443308E7,-1.294673119E7,9119282.290,-26101296.00,1.7392436E7,22989504,11213398
3564,289,1694,1733,1617,-23419152,18194067.44,-3.420702E7,-2.589185118E7,3315152.350,2573584.00,121296.56,2202448,15239
3565,731,809,722,2256,-26399528,-4265848.59,4166711.2,5586091.89,27096548.650,19120356.00,1.4716167E7,-16638921,26318642
3566,1563,2019,1782,1304,-30520747,4844908.60,3877262.5,-4683086.96,10623870.830,-4269920.00,2.5388618E7,-23077259,29243207
3567,1080,402,1534,2175,10276871,14061538.06,-7476211.0,1.569608106E7,-28714094.270,-35502032.00,1.7630038E7,-26099921,-26220118
3568,1038,1436,163,664,30829475,24705678.32,-3.2473528E7,-1.073498714E7,31794902.540,5376160.00,1.922946E7,7141058,-10646078
3569,502,263,1699,1507,7674009,-20474487.18,1.490828E7,63779.6,31264081.530,-14437632.00,1602091.4,31191842,28694289
3570,683,227,198,2366,-5607484,19745607.32,6735223.5,-8967018.18,-5758717.010,-4402544.00,-1.5927018E7,2842098,10296258
3571,1419,19,1312,594,-7616412,-24994715.09,-1890064.0,-3.531403617E7,8841275.150,-2923536.00,2.2502844E7,-26687839,27548838
3572,758,1587,548,1665,31970646,7067613.22,2.1149066E7,-2794945.56,-34403188.460,-28025168.00,9203061.0,-34198100,22404999
3573,1513,1619,624,355,-15947703,-31177340.02,1.1543011E7,2.745035495E7,-6646829.660,-22445064.00,-1.2233537E7,14981408,-31734237
3574,20,1622,518,1187,-23446981,-7845086.91,-2.41367E7,-2.207453392E7,-11355950.100,-795824.00,-1.7092498E7,-12971399,7531288
3575,591,606,1615,2187,-15340367,838257.50,1.3784688E7,1.52749762E7,-3137559.190,-14126208.00,-6749888.5,22101648,-27912710
3576,1336,1346,594,2,9127360,-7049071.95,1.3380253E7,-1.526669137E7,-28320192.160,-26600384.00,2.6781888E7,-16100252,-785989
3577,541,456,436,743,-34212972,12358265.95,-2.4490702E7,-4287006.03,26131568.770,-15788320.00,-3.1015624E7,13718320,71056
3578,1099,1161,358,627,6748987,26744062.81,1.2756665E7,9383233.59,-541995.130,-24325152.00,1.9700802E7,-15548186,725369
3579,1405,1700,1318,1583,-33001108,14943720.83,-2.2223018E7,1.145385742E7,-2585279.800,-13061840.00,3543177.0,18528862,-23842781
3580,70,2321,664,92,21785959,15362866.66,2.8463354E7,4302552.68,24856548.000,9679824.00,3.0130702E7,27815265,14193519
3581,849,1661,1224,816,-10474810,-10864150.51,-3.0649506E7,1.672344232E7,17408181.430,26929856.00,1.2372179E7,-2055421,-4403388
3582,169,762,1705,955,-20513019,35712763.04,3.4610944E7,-2.487945055E7,4381013.030,-9337648.00,-6989144.5,-8765967,12830786
3583,369,1860,1717,290,-33138631,3367743.24,-1.994317E7,-2412806.34,-16964212.270,-29984064.00,-4413817.5,19203321,-253725
3584,1274,380,1442,523,18546140,7267749.84,-4133897.8,1.232106875E7,35233486.860,-5500928.00,-5561786.5,-5709800,-19116756
3585,1276,1965,533,266,-1502439,33290393.51,1.7102038E7,1.473537229E7,9022217.660,33378288.00,2186090.0,16219522,35606938
3586,1244,368,1218,1324,-26213221,26137971.40,9692171.0,2.656255331E7,11619878.870,-18095336.00,1.4581721E7,27644557,-34716667
3587,995,2150,1763,1794,18190385,-9974904.84,-1.6576353E7,-1.905224919E7,-9345435.150,20723872.00,3954306.8,-28040898,-30520970
3588,1518,1896,1227,2093,-6454246,907163.59,2010077.1,1208756.43,9632172.720,25900880.00,-1.7340764E7,-19277614,5728999
3589,701,312,1137,2670,-2370688,-21803195.55,2.1194272E7,983231.2,2415040.580,29374520.00,9140153.0,-3367153,-20262644
3590,183,1898,1103,325,-5318524,3888392.71,-66493.34,1.695377689E7,-19529499.340,-26531712.00,-9763024.0,35255543,-6495134
3591,594,2038,1114,1880,-24849381,-13725976.90,-6846074.5,3.206061675E7,-12485440.630,10765944.00,-1.3224508E7,3284791,21267181
3592,288,210,1457,1113,2872723,-8728806.55,4426131.0,-2.988846913E7,-31885665.120,-7638736.00,3.14428E7,-19276667,12351447
3593,899,1536,1419,257,13335993,-330621.76,1.5527896E7,-1.178706331E7,22760920.380,-8038496.00,1607194.5,29305594,5284854
3594,433,1133,143,924,28457409,-4164134.42,-6894619.5,-1.459981099E7,21274153.150,26283920.00,1.3059297E7,-25994827,-3316625
3595,1149,2045,392,1279,-744097,31794300.17,-7304466.5,1895253.56,27847262.610,30403832.00,7414491.0,744320,-33840684
3596,1278,1946,1752,2519,-22956282,31816305.12,-1.4605162E7,-2.910360002E7,-15762038.990,-10247040.00,-2.1125008E7,-9126074,-7655599
3597,1014,1813,1323,2007,-28697356,11263069.69,-1.5016451E7,8455992.75,-30349104.640,-15817856.00,-1.3301959E7,-17331454,-32698651
3598,727,1980,98,2472,1450406,29831477.86,1.6398529E7,-3282980.44,11024298.750,14162128.00,-6450063.5,-29850665,20571839
3599,229,5,351,2369,24671338,8044232.13,1.9458486E7,2.055770633E7,-35041813.880,12721024.00,7365499.0,-14813809,28455667
3600,785,411,457,111,-14721863,9328336.70,1385961.8,-3.082183547E7,34792709.480,7323184.00,121637.3,24556464,-25458084
3601,1358,60,1317,894,-745771,-21343200.79,3.358682E7,2.24772563E7,-21168702.690,24537248.00,8866550.0,32283628,-14013238
3602,149,2289,216,1961,-2608764,-15213083.72,1.6307679E7,-3.169047563E7,-27589443.190,34561912.00,-1.1189775E7,-7640596,5350591
3603,1357,1822,1503,911,-10105106,14656131.59,-2.0574516E7,1.550639799E7,-10394250.080,26175184.00,1379483.5,-18909876,361954
3604,714,1596,1058,1326,-22612190,4086000.64,3.50505E7,-2.657766949E7,35098049.590,1186208.00,-2.4211806E7,-6850221,33450244
3605,1201,1750,246,2261,-26475079,-16224433.51,2.8485268E7,-2.226203888E7,-34387512.290,806112.00,-1.892204E7,34397515,2977268
3606,1086,2150,958,2042,-3204376,-25467219.71,3.1149696E7,1.014461617E7,926406.110,20350036.00,1.3839595E7,-28661277,-17828079
3607,443,2156,100,2477,-19868038,14373790.47,-3.1225116E7,-8364201.72,10170746.440,-19165344.00,3.550184E7,-33518957,-6177291
3608,974,2331,1050,808,24565160,-24977907.23,1.3504226E7,-2183840.21,-34215933.680,-3888048.00,3343443.8,-13675780,9515577
3609,876,1303,1528,917,-19664843,-12837085.96,2.1543602E7,2.961486048E7,-30443658.760,32051520.00,-115530.06,23295402,-10559265
3610,716,1924,1645,487,3917083,24900586.24,3.3501574E7,-9642720.23,-7071672.420,-1160016.00,2.199699E7,-26143639,-12553625
3611,1218,1955,287,2560,-19648705,11287207.14,-5087988.5,2.091129593E7,17337661.010,-31069940.00,-7687606.0,31442986,-32744004
3612,1053,2357,1773,715,25768049,20117179.97,1.3757121E7,-8081043.15,2443497.570,32824768.00,-1442790.6,-4456263,-16634373
3613,1600,230,790,1767,6147795,-827697.27,-1.9716108E7,-1.312833119E7,9247379.290,-26467696.00,1.7636436E7,23312005,11370720
3614,481,77,866,2352,-23747723,18449335.44,-3.468702E7,-2.625505118E7,3361655.350,2609584.00,122896.56,2233394,15458
3615,1165,1902,1386,2423,-26769918,-4325740.59,4225111.5,5664491.89,27476632.650,19388556.00,1.4922567E7,-16872342,26687862
3616,1248,187,1650,2676,-30948667,4912895.10,3931662.5,-4748686.96,10772742.330,-4329920.00,2.5744618E7,-23400920,29653113
3617,1265,517,1597,1550,10421019,14258506.56,-7581011.0,1.591608106E7,-29116473.270,-35999632.00,1.7877238E7,-26465707,-26587746
3618,1041,630,391,39,31261451,25052021.82,-3.2928728E7,-1.088538714E7,32240453.040,5451360.00,1.949906E7,7241000,-10795185
3619,314,941,500,1501,7781561,-20761415.68,1.511708E7,64579.6,31702206.530,-14640032.00,1624491.4,31628812,29096384
3620,741,1408,657,2649,-5685926,20022039.32,6829623.5,-9092618.18,-5839485.010,-4464144.00,-1.6150218E7,2881988,10440450
3621,1381,79,1107,1340,-7723040,-25344647.09,-1916464.0,-3.580843617E7,8965095.650,-2964336.00,2.2818044E7,-27061532,27934641
3622,582,381,1368,669,32418187,7166501.72,2.1445066E7,-2834145.56,-34884745.460,-28417568.00,9331861.0,-34676781,22718486
3623,778,1215,1758,1543,-16170870,-31613533.02,1.1704611E7,2.783435495E7,-6739786.160,-22759064.00,-1.2404737E7,15191114,-32178224
3624,1524,1079,579,2098,-23774870,-7954736.41,-2.44743E7,-2.238333392E7,-11514779.600,-807024.00,-1.7331698E7,-13152868,7636538
3625,459,399,1477,2521,-15554978,849913.50,1.3977488E7,1.54885762E7,-3181319.190,-14323808.00,-6844288.5,22410651,-28303225
3626,469,1190,842,554,9255066,-7147733.45,1.3567453E7,-1.548029137E7,-28716251.160,-26972384.00,2.7156288E7,-16325399,-796965
3627,861,1582,408,180,-34691256,12531122.45,-2.4833102E7,-4347006.03,26496768.770,-16009120.00,-3.1449224E7,13910059,72050
3628,1401,1257,287,1876,6843289,27117783.81,1.2935065E7,9514433.59,-549482.630,-24665152.00,1.9976002E7,-15765582,735477
3629,132,264,358,2121,-33462232,15152372.83,-2.2533418E7,1.161385742E7,-2621485.800,-13244240.00,3592777.0,18787584,-24175863
3630,1602,2006,319,1881,22090197,15577481.66,2.8860954E7,4362552.68,25203812.500,9815024.00,3.0551502E7,28203615,14391874
3631,1439,517,1604,602,-10621029,-11015705.01,-3.1077506E7,1.695704232E7,17651174.930,27305856.00,1.2544979E7,-2084142,-4464908
3632,1403,551,524,786,-20799228,36211139.54,3.5094144E7,-2.522665055E7,4442152.030,-9468048.00,-7086744.5,-8888315,13009761
3633,471,2061,303,780,-33600954,3414718.74,-2.022157E7,-2446406.34,-17201058.270,-30402464.00,-4475417.5,19471419,-257325
3634,949,2025,1045,726,18804990,7369040.34,-4191497.8,1.249306875E7,35724945.860,-5577728.00,-5639386.5,-5789484,-19383402
3635,782,1883,1553,2544,-1523315,33754599.01,1.7340438E7,1.494097229E7,9147983.160,33843888.00,2216490.0,16445648,36103426
3636,880,1980,377,1380,-26578605,26502448.40,9827371.0,2.693295331E7,11781957.370,-18347536.00,1.4784921E7,28029980,-35200807
3637,1448,1855,1102,1567,18443894,-10113830.34,-1.6807554E7,-1.931784919E7,-9475734.150,21012672.00,4009506.8,-28431712,-30946405
3638,697,307,1672,603,-6544146,919675.09,2038077.1,1225556.43,9766331.220,26261680.00,-1.7582364E7,-19546373,5808843
3639,178,1484,1585,2605,-2403657,-22106878.05,2.1489472E7,996831.2,2448781.580,29783720.00,9267353.0,-3413948,-20545008
3640,593,551,1595,1198,-5392729,3942620.21,-67293.34,1.718977689E7,-19801453.840,-26901312.00,-9899024.0,35746706,-6585497
3641,987,328,381,795,-25195483,-13917086.40,-6941274.5,3.250701675E7,-12659347.130,10915944.00,-1.3408508E7,3330506,21563334
3642,1223,669,796,2633,2912619,-8850446.55,4487731.0,-3.030446913E7,-32329428.120,-7745036.00,3.18804E7,-19545084,12523350
3643,459,1776,1770,2353,13521477,-335167.76,1.5743896E7,-1.195106331E7,23077790.880,-8150496.00,1629594.5,29713339,5358415
3644,820,705,434,104,28853211,-4222066.42,-6990619.5,-1.480301099E7,21570015.150,26649520.00,1.3240897E7,-26356600,-3362838
3645,1555,478,1022,1851,-754364,32236477.67,-7406066.5,1921653.56,28234474.610,30826632.00,7517691.0,754709,-34311225
3646,1007,1229,345,899,-23275364,32258625.12,-1.4808362E7,-2.950840002E7,-15981287.990,-10389440.00,-2.1418608E7,-9253091,-7761956
3647,1056,740,524,297,-29096145,11419546.69,-1.5225251E7,8573592.75,-30771101.640,-16037856.00,-1.3486759E7,-17572397,-33153155
3648,1547,15,75,1042,1470628,30246136.36,1.6626529E7,-3328580.44,11177542.750,14358928.00,-6539663.5,-30265436,20857695
3649,911,1467,84,366,25014024,8155865.63,1.9728886E7,2.084330633E7,-35528645.880,12897824.00,7467899.0,-15019642,28850952
3650,612,1788,1609,1,-14926424,9457794.70,1405161.8,-3.124983547E7,35275887.480,7424784.00,123237.3,24897523,-25811749
3651,1150,2368,1601,64,-756197,-21639657.29,3.405322E7,2.27892563E7,-21462631.690,24878048.00,8989750.0,32731955,-14207742
3652,727,22,138,275,-2644851,-15424353.22,1.6534079E7,-3.213047563E7,-27972378.690,35041712.00,-1.1344975E7,-7746715,5424986
3653,1606,901,1216,2567,-10245368,14859561.59,-2.0860116E7,1.572159799E7,-10538370.080,26538384.00,1398683.5,-19172273,367017
3654,24,688,553,1939,-22926030,4142644.14,3.55369E7,-2.694646949E7,35585078.090,1202608.00,-2.4547806E7,-6945266,33914355
3655,1019,586,1336,1711,-26842343,-16449362.51,2.8880468E7,-2.257083888E7,-34864522.790,817312.00,-1.918444E7,34874695,3018569
3656,58,2097,112,1111,-3248688,-25820298.21,3.1581696E7,1.028541617E7,939114.110,20632336.00,1.4031595E7,-29058815,-18075291
3657,1040,305,819,484,-20143394,14572936.47,-3.1657916E7,-8480201.72,10311605.940,-19430944.00,3.599384E7,-33983596,-6262800
3658,1355,1665,1683,1896,24905615,-25324129.73,1.3691426E7,-2214240.21,-34690016.180,-3942048.00,3389843.8,-13865321,9647487
3659,751,1637,120,2456,-19937384,-13015069.96,2.1842002E7,3.002526048E7,-30865443.760,32495520.00,-117130.06,23618079,-10705645
3660,1168,390,52,1279,3971463,25245503.24,3.3965572E7,-9776320.23,-7169665.420,-1176016.00,2.230179E7,-26505858,-12727631
3661,1330,63,1270,1131,-19920779,11443591.64,-5158388.5,2.120089593E7,17577840.510,-31500140.00,-7794006.0,31878385,-33197515
3662,789,2091,296,15,26124776,20395533.97,1.3947521E7,-8193043.15,2477259.070,33279168.00,-1462790.6,-4517848,-16864633
3663,1526,466,1414,1052,6232983,-839172.77,-1.9988908E7,-1.330993119E7,9375476.290,-26834096.00,1.7880436E7,23634507,11528041
3664,674,857,1855,359,-24076294,18704603.44,-3.516702E7,-2.661825118E7,3408158.350,2645584.00,124496.56,2264341,15676
3665,1599,598,194,2591,-27140308,-4385632.59,4283511.5,5742891.89,27856716.650,19656756.00,1.5128967E7,-17105764,27057081
3666,933,752,1518,1321,-31376586,4980881.60,3986062.5,-4814286.96,10921613.830,-4389920.00,2.6100618E7,-23724582,30063019
3667,1449,633,1660,924,10565168,14455475.06,-7685811.0,1.613608106E7,-29518852.270,-36497232.00,1.8124438E7,-26831493,-26955375
3668,1044,2222,619,2142,31693428,25398365.32,-3.3383928E7,-1.103578714E7,32686003.540,5526560.00,1.976866E7,7340942,-10944292
3669,126,1619,1158,1496,7889113,-21048344.18,1.532588E7,65379.6,32140331.530,-14842432.00,1646891.4,32065782,29498480
3670,799,192,1115,203,-5764368,20298471.32,6924023.5,-9218218.18,-5920253.010,-4525744.00,-1.6373418E7,2921878,10584642
3671,1343,139,902,2085,-7829668,-25694579.09,-1942864.0,-3.630283617E7,9088916.150,-3005136.00,2.3133244E7,-27435224,28320443
3672,407,1574,331,2401,32865728,7265390.22,2.1741066E7,-2873345.56,-35366302.460,-28809968.00,9460661.0,-35155462,23031974
3673,43,811,1036,3,-16394037,-32049726.02,1.1866211E7,2.821835495E7,-6832742.660,-23073064.00,-1.2575937E7,15400820,-32622211
3674,1404,536,640,282,-24102760,-8064385.91,-2.48119E7,-2.269213392E7,-11673609.100,-818224.00,-1.7570898E7,-13334338,7741788
3675,327,192,1338,127,-15769590,861569.50,1.4170288E7,1.57021762E7,-3225079.190,-14521408.00,-6938688.5,22719655,-28693740
3676,1227,1035,1090,1107,9382772,-7246394.95,1.3754653E7,-1.569389137E7,-29112310.160,-27344384.00,2.7530688E7,-16550546,-807941
3677,1180,310,380,2345,-35169540,12703978.95,-2.5175502E7,-4407006.03,26861968.770,-16229920.00,-3.1882824E7,14101798,73045
3678,78,1353,216,397,6937590,27491504.81,1.3113465E7,9645633.59,-556970.130,-25005152.00,2.0251202E7,-15982977,745585
3679,483,1227,1253,2659,-33923357,15361024.83,-2.2843818E7,1.177385742E7,-2657691.800,-13426640.00,3642377.0,19046305,-24508945
3680,1511,1692,1830,943,22394436,15792096.66,2.9258554E7,4422552.68,25551077.000,9950224.00,3.0972302E7,28591965,14590228
3681,405,1771,127,389,-10767248,-11167259.51,-3.1505506E7,1.719064232E7,17894168.430,27681856.00,1.2717779E7,-2112863,-4526428
3682,1014,341,1199,617,-21085436,36709516.04,3.5577344E7,-2.557385055E7,4503291.030,-9598448.00,-7184344.5,-9010663,13188736
3683,572,2263,745,1271,-34063277,3461694.24,-2.049997E7,-2480006.34,-17437904.270,-30820864.00,-4537017.5,19739518,-260924
3684,625,1272,648,928,19063839,7470330.84,-4249097.5,1.266506875E7,36216404.860,-5654528.00,-5716986.5,-5869168,-19650049
3685,288,1801,718,2094,-1544190,34218804.51,1.7578838E7,1.514657229E7,9273748.660,34309488.00,2246890.0,16671774,36599914
3686,515,1195,1392,1437,-26943989,26866925.40,9962571.0,2.730335331E7,11944035.870,-18599736.00,1.4988121E7,28415404,-35684948
3687,276,1560,441,1340,18697403,-10252755.84,-1.7038754E7,-1.958344919E7,-9606033.150,21301472.00,4064706.8,-28822527,-31371839
3688,1501,1117,261,1841,-6634045,932186.59,2066077.1,1242356.43,9900489.720,26622480.00,-1.7823964E7,-19815131,5888687
3689,1279,258,176,2540,-2436626,-22410560.55,2.1784672E7,1010431.2,2482522.580,30192920.00,9394553.0,-3460743,-20827373
3690,1002,1601,231,2072,-5466933,3996847.71,-68093.34,1.742577689E7,-20073408.340,-27270912.00,-1.0035024E7,36237870,-6675861
3691,1381,1015,1503,2439,-25541584,-14108195.90,-7036474.5,3.295341675E7,-12833253.630,11065944.00,-1.3592508E7,3376221,21859488
3692,535,1128,135,1424,2952516,-8972086.55,4549331.0,-3.072046913E7,-32773191.120,-7851336.00,3.2318E7,-19813500,12695254
3693,19,2016,265,1721,13706962,-339713.76,1.5959896E7,-1.211506331E7,23394661.380,-8262496.00,1651994.5,30121084,5431975
3694,1207,276,724,2013,29249013,-4279998.42,-7086619.5,-1.500621099E7,21865877.150,27015120.00,1.3422497E7,-26718372,-3409051
3695,338,1309,1652,2423,-764630,32678655.17,-7507666.5,1948053.56,28621686.610,31249432.00,7620891.0,765098,-34781767
3696,735,512,794,2006,-23594445,32700945.12,-1.5011562E7,-2.991320002E7,-16200536.990,-10531840.00,-2.1712208E7,-9380108,-7868312
3697,1098,2064,1582,1315,-29494934,11576023.69,-1.5434051E7,8691192.75,-31193098.640,-16257856.00,-1.3671559E7,-17813341,-33607658
3698,743,448,52,2340,1490851,30660794.86,1.685453E7,-3374180.44,11330786.750,14555728.00,-6629263.5,-30680206,21143551
3699,1592,531,1672,1092,25356711,8267499.13,1.9999286E7,2.112890633E7,-36015477.880,13074624.00,7570299.0,-15225474,29246238
3700,440,767,906,2619,-15130984,9587252.70,1424361.8,-3.167783547E7,35759065.480,7526384.00,124837.3,25238583,-26165414
3701,941,2277,28,1963,-766623,-21936113.79,3.451962E7,2.31012563E7,-21756560.690,25218848.00,9112950.0,33180282,-14402246
3702,1305,153,60,1316,-2680939,-15635622.72,1.6760479E7,-3.257047563E7,-28355314.190,35521512.00,-1.1500175E7,-7852833,5499381
3703,230,2377,929,1496,-10385631,15062991.59,-2.1145716E7,1.593679799E7,-10682490.080,26901584.00,1417883.5,-19434670,372080
3704,958,2177,48,2552,-23239870,4199287.64,3.60233E7,-2.731526949E7,36072106.590,1219008.00,-2.4883806E7,-7040310,34378466
3705,836,1819,570,1161,-27209608,-16674291.51,2.9275668E7,-2.287963888E7,-35341533.290,828512.00,-1.944684E7,35351875,3059870
3706,653,2045,1122,179,-3293000,-26173376.71,3.2013696E7,1.042621617E7,951822.110,20914636.00,1.4223595E7,-29456353,-18322503
3707,14,852,1539,1218,-20418750,14772082.47,-3.2090716E7,-8596201.72,10452465.440,-19696544.00,3.648584E7,-34448234,-6348310
3708,111,999,461,255,25246070,-25670352.23,1.3878626E7,-2244640.21,-35164098.680,-3996048.00,3436243.8,-14054863,9779397
3709,627,1971,568,1266,-20209926,-13193053.96,2.2140402E7,3.043566048E7,-31287228.760,32939520.00,-118730.06,23940755,-10852025
3710,1620,1254,315,2071,4025843,25590420.24,3.4429572E7,-9909920.23,-7267658.420,-1192016.00,2.260659E7,-26868077,-12901636
3711,1443,569,397,2430,-20192853,11599976.14,-5228788.5,2.149049593E7,17818020.010,-31930340.00,-7900406.0,32313785,-33651026
3712,526,1824,674,2044,26481503,20673887.97,1.4137921E7,-8305043.15,2511020.570,33733568.00,-1482790.6,-4579433,-17094893
3713,1452,702,181,336,6318170,-850648.27,-2.0261708E7,-1.349153119E7,9503573.290,-27200496.00,1.8124436E7,23957008,11685363
3714,866,1638,988,1094,-24404865,18959871.44,-3.564702E7,-2.698145118E7,3454661.350,2681584.00,126096.56,2295287,15895
3715,409,1691,858,30,-27510698,-4445524.59,4341911.5,5821291.89,28236800.650,19924956.00,1.5335367E7,-17339185,27426301
3716,618,1318,1386,2693,-31804506,5048868.10,4040462.5,-4879886.96,11070485.330,-4449920.00,2.6456618E7,-24048243,30472925
3717,10,748,1723,299,10709316,14652443.56,-7790611.0,1.635608106E7,-29921231.270,-36994832.00,1.8371638E7,-27197279,-27323003
3718,1047,1416,847,1517,32125404,25744708.82,-3.3839128E7,-1.118618714E7,33131554.040,5601760.00,2.003826E7,7440884,-11093399
3719,1562,2297,1815,1490,7996665,-21335272.68,1.553468E7,66179.6,32578456.530,-15044832.00,1669291.4,32502752,29900575
3720,857,1373,1574,486,-5842810,20574903.32,7018423.5,-9343818.18,-6001021.010,-4587344.00,-1.6596618E7,2961768,10728834
3721,1305,199,697,103,-7936296,-26044511.09,-1969264.0,-3.679723617E7,9212736.650,-3045936.00,2.3448444E7,-27808917,28706246
3722,231,368,1151,1405,33313269,7364278.72,2.2037066E7,-2912545.56,-35847859.460,-29202368.00,9589461.0,-35634143,23345461
3723,932,407,314,1191,-16617204,-32485919.02,1.2027811E7,2.860235495E7,-6925699.160,-23387064.00,-1.2747137E7,15610526,-33066198
3724,1284,2391,701,1193,-24430649,-8174035.41,-2.51495E7,-2.300093392E7,-11832438.600,-829424.00,-1.7810098E7,-13515807,7847038
3725,195,2383,1200,461,-15984201,873225.50,1.4363088E7,1.59157762E7,-3268839.190,-14719008.00,-7033088.5,23028658,-29084255
3726,360,879,1338,1659,9510478,-7345056.45,1.3941853E7,-1.590749137E7,-29508369.160,-27716384.00,2.7905088E7,-16775693,-818917
3727,1500,1436,352,1782,-35647824,12876835.45,-2.5517902E7,-4467006.03,27227168.770,-16450720.00,-3.2316424E7,14293537,74039
3728,380,1449,145,1646,7031892,27865225.81,1.3291865E7,9776833.59,-564457.630,-25345152.00,2.0526402E7,-16200373,755693
3729,834,2189,293,469,-34384481,15569676.83,-2.3154218E7,1.193385742E7,-2693897.800,-13609040.00,3691977.0,19305027,-24842027
3730,1419,1377,1485,4,22698674,16006711.66,2.9656154E7,4482552.68,25898341.500,10085424.00,3.1393102E7,28980315,14788583
3731,995,627,507,175,-10913467,-11318814.01,-3.1933506E7,1.742424232E7,18137161.930,28057856.00,1.2890579E7,-2141584,-4587948
3732,624,130,18,448,-21371645,37207892.54,3.6060544E7,-2.592105055E7,4564430.030,-9728848.00,-7281944.5,-9133011,13367711
3733,674,66,1187,1761,-34525600,3508669.74,-2.077837E7,-2513606.34,-17674750.270,-31239264.00,-4598617.5,20007616,-264524
3734,300,519,251,1131,19322689,7571621.34,-4306697.5,1.283706875E7,36707863.860,-5731328.00,-5794586.5,-5948852,-19916695
3735,1418,1719,1738,1644,-1565066,34683010.01,1.7817238E7,1.535217229E7,9399514.160,34775088.00,2277290.0,16897900,37096402
3736,151,409,551,1493,-27309373,27231402.40,1.0097771E7,2.767375331E7,12106114.370,-18851936.00,1.5191321E7,28800827,-36169088
3737,729,1265,1636,1113,18950912,-10391681.34,-1.7269954E7,-1.984904919E7,-9736332.150,21590272.00,4119906.8,-29213341,-31797274
3738,680,1926,706,351,-6723945,944698.09,2094077.1,1259156.43,10034648.220,26983280.00,-1.8065564E7,-20083890,5968531
3739,756,1430,624,2475,-2469595,-22714243.05,2.2079872E7,1024031.2,2516263.580,30602120.00,9521753.0,-3507538,-21109737
3740,1412,254,723,217,-5541138,4051075.21,-68893.34,1.766177689E7,-20345362.840,-27640512.00,-1.0171024E7,36729033,-6766224
3741,150,1703,770,1354,-25887686,-14299305.40,-7131674.5,3.339981675E7,-13007160.130,11215944.00,-1.3776508E7,3421936,22155641
3742,1470,1587,1330,216,2992412,-9093726.55,4610931.0,-3.113646913E7,-33216954.120,-7957636.00,3.27556E7,-20081917,12867157
3743,1203,2256,616,1089,13892446,-344259.76,1.6175896E7,-1.227906331E7,23711531.880,-8374496.00,1674394.5,30528829,5505536
3744,1594,2246,1015,1193,29644815,-4337930.42,-7182619.5,-1.520941099E7,22161739.150,27380720.00,1.3604097E7,-27080145,-3455264
3745,744,2140,426,267,-774897,33120832.67,-7609266.5,1974453.56,29008898.610,31672232.00,7724091.0,775487,-35252308
3746,464,2193,1243,386,-23913527,33143265.12,-1.5214762E7,-3.031800002E7,-16419785.990,-10674240.00,-2.2005808E7,-9507125,-7974669
3747,1140,991,783,2333,-29893723,11732500.69,-1.5642851E7,8808792.75,-31615095.640,-16477856.00,-1.3856359E7,-18054284,-34062162
3748,1563,881,29,910,1511073,31075453.36,1.708253E7,-3419780.44,11484030.750,14752528.00,-6718863.5,-31094977,21429407
3749,650,1993,1405,1817,25699397,8379132.63,2.0269686E7,2.141450633E7,-36502309.880,13251424.00,7672699.0,-15431307,29641523
3750,267,2144,202,2509,-15335545,9716710.70,1443561.8,-3.210583547E7,36242243.480,7627984.00,126437.3,25579642,-26519079
3751,733,2187,312,1133,-777049,-22232570.29,3.498602E7,2.34132563E7,-22050489.690,25559648.00,9236150.0,33628609,-14596750
3752,259,284,1838,2358,-2717026,-15846892.22,1.6986878E7,-3.301047563E7,-28738249.690,36001312.00,-1.1655375E7,-7958952,5573776
3753,479,1456,642,424,-10525893,15266421.59,-2.1431316E7,1.615199799E7,-10826610.080,27264784.00,1437083.5,-19697067,377143
3754,268,1269,1399,437,-23553710,4255931.14,3.65097E7,-2.768406949E7,36559135.090,1235408.00,-2.5219806E7,-7135355,34842577
3755,654,655,1660,611,-27576872,-16899220.51,2.9670868E7,-2.318843888E7,-35818543.790,839712.00,-1.970924E7,35829055,3101171
3756,1249,1992,276,1976,-3337312,-26526455.21,3.2445696E7,1.056701617E7,964530.110,21196936.00,1.4415595E7,-29853891,-18569715
3757,611,1399,402,1953,-20694106,14971228.47,-3.2523516E7,-8712201.72,10593324.940,-19962144.00,3.697784E7,-34912873,-6433819
3758,492,333,1094,1343,25586525,-26016574.73,1.4065826E7,-2275040.21,-35638181.180,-4050048.00,3482643.8,-14244404,9911307
3759,502,2305,1016,77,-20482467,-13371037.96,2.2438802E7,3.084606048E7,-31709013.760,33383520.00,-120330.06,24263432,-10998405
3760,448,2118,578,135,4080223,25935337.24,3.4893572E7,-1.004352023E7,-7365651.420,-1208016.00,2.291139E7,-27230296,-13075642
3761,1555,1075,1380,1001,-20464927,11756360.64,-5299188.5,2.178009593E7,18058199.510,-32360540.00,-8006806.0,32749184,-34104537
3762,262,1558,1053,1344,26838230,20952241.97,1.4328321E7,-8417043.15,2544782.070,34187968.00,-1502790.6,-4641018,-17325153
3763,1378,938,805,2349,6403358,-862123.77,-2.0534508E7,-1.367313119E7,9631670.290,-27566896.00,1.8368436E7,24279510,11842684
3764,1059,20,121,1829,-24733436,19215139.44,-3.612702E7,-2.734465118E7,3501164.350,2717584.00,127696.56,2326234,16113
3765,843,387,1522,198,-27881088,-4505416.59,4400311.5,5899691.89,28616884.650,20193156.00,1.5541767E7,-17572607,27795520
3766,303,1883,1254,1338,-32232425,5116854.60,4094862.5,-4945486.96,11219356.830,-4509920.00,2.6812618E7,-24371905,30882831
3767,194,864,1786,2401,10853465,14849412.06,-7895411.0,1.657608106E7,-30323610.270,-37492432.00,1.8618838E7,-27563065,-27690632
3768,1050,610,1075,892,32557381,26091052.32,-3.4294328E7,-1.133658714E7,33577104.540,5676960.00,2.030786E7,7540826,-11242506
3769,1374,577,617,1485,8104217,-21622201.18,1.574348E7,66979.6,33016581.530,-15247232.00,1691691.4,32939722,30302671
3770,915,157,176,768,-5921252,20851335.32,7112823.5,-9469418.18,-6081789.010,-4648944.00,-1.6819818E7,3001658,10873026
3771,1267,259,492,848,-8042924,-26394443.09,-1995664.0,-3.729163617E7,9336557.150,-3086736.00,2.3763644E7,-28182609,29092048
3772,56,1561,114,409,33760810,7463167.22,2.2333066E7,-2951745.56,-36329416.460,-29594768.00,9718261.0,-36112824,23658949
3773,197,3,1448,2379,-16840371,-32922112.02,1.2189411E7,2.898635495E7,-7018655.660,-23701064.00,-1.2918337E7,15820232,-33510185
3774,1164,1848,762,2105,-24758539,-8283684.91,-2.54871E7,-2.330973392E7,-11991268.100,-840624.00,-1.8049298E7,-13697277,7952288
3775,63,2176,1061,795,-16198813,884881.50,1.4555888E7,1.61293762E7,-3312599.190,-14916608.00,-7127488.5,23337662,-29474770
3776,1118,724,1586,2212,9638184,-7443717.95,1.4129053E7,-1.612109137E7,-29904428.160,-28088384.00,2.8279488E7,-17000840,-829893
3777,195,164,324,1219,-36126108,13049691.95,-2.5860302E7,-4527006.03,27592368.770,-16671520.00,-3.2750024E7,14485276,75034
3778,681,1545,74,167,7126193,28238946.81,1.3470265E7,9908033.59,-571945.130,-25685152.00,2.0801602E7,-16417768,765801
3779,1185,754,1188,1007,-34845606,15778328.83,-2.3464618E7,1.209385742E7,-2730103.800,-13791440.00,3741577.0,19563748,-25175109
3780,1328,1063,1140,1794,23002913,16221326.66,3.0053754E7,4542552.68,26245606.000,10220624.00,3.1813902E7,29368665,14986937
3781,1585,1881,886,2690,-11059686,-11470368.51,-3.2361506E7,1.765784232E7,18380155.430,28433856.00,1.3063379E7,-2170305,-4649468
3782,235,2318,693,279,-21657853,37706269.04,3.6543744E7,-2.626825055E7,4625569.030,-9859248.00,-7379544.5,-9255359,13546686
3783,775,268,1629,2252,-34987923,3555645.24,-2.105677E7,-2547206.34,-17911596.270,-31657664.00,-4660217.5,20275715,-268123
3784,1600,2164,1710,1333,19581538,7672911.84,-4364297.5,1.300906875E7,37199322.860,-5808128.00,-5872186.5,-6028536,-20183342
3785,924,1637,903,1194,-1585941,35147215.51,1.8055638E7,1.555777229E7,9525279.660,35240688.00,2307690.0,17124026,37592890
3786,1410,2022,1566,1550,-27674757,27595879.40,1.0232971E7,2.804415331E7,12268192.870,-19104136.00,1.5394521E7,29186251,-36653229
3787,1181,970,975,886,19204421,-10530606.84,-1.7501154E7,-2.011464919E7,-9866631.150,21879072.00,4175106.8,-29604156,-32222708
3788,1484,338,1151,1589,-6813844,957209.59,2122077.2,1275956.43,10168806.720,27344080.00,-1.8307164E7,-20352648,6048375
3789,233,204,1071,2410,-2502564,-23017925.55,2.2375072E7,1037631.2,2550004.580,31011320.00,9648953.0,-3554333,-21392102
3790,197,1304,1215,1091,-5615342,4105302.71,-69693.34,1.789777689E7,-20617317.340,-28010112.00,-1.0307024E7,37220197,-6856588
3791,544,2390,36,270,-26233787,-14490414.90,-7226874.5,3.384621675E7,-13181066.630,11365944.00,-1.3960508E7,3467651,22451795
3792,782,2046,669,1735,3032309,-9215366.55,4672531.0,-3.155246913E7,-33660717.120,-8063936.00,3.31932E7,-20350333,13039061
3793,763,98,967,457,14077931,-348805.76,1.6391896E7,-1.244306331E7,24028402.380,-8486496.00,1696794.5,30936574,5579096
3794,357,1817,1305,374,30040617,-4395862.42,-7278619.5,-1.541261099E7,22457601.150,27746320.00,1.3785697E7,-27441917,-3501477
3795,1151,573,1056,839,-785163,33563010.17,-7710866.5,2000853.56,29396110.610,32095032.00,7827291.0,785876,-35722850
3796,192,1476,1692,1493,-24232608,33585585.12,-1.5417962E7,-3.072280002E7,-16639034.990,-10816640.00,-2.2299408E7,-9634142,-8081025
3797,1182,2315,1841,623,-30292512,11888977.69,-1.5851651E7,8926392.75,-32037092.640,-16697856.00,-1.4041159E7,-18295228,-34516665
3798,759,1314,6,2208,1531296,31490111.86,1.731053E7,-3465380.44,11637274.750,14949328.00,-6808463.5,-31509747,21715263
3799,1331,1057,1137,2543,26042084,8490766.13,2.0540086E7,2.170010633E7,-36989141.880,13428224.00,7775099.0,-15637139,30036809
3800,95,1123,1355,2399,-15540105,9846168.70,1462761.8,-3.253383547E7,36725421.480,7729584.00,128037.3,25920702,-26872744
3801,524,2096,595,304,-787475,-22529026.79,3.545242E7,2.37252563E7,-22344418.690,25900448.00,9359350.0,34076936,-14791254
3802,837,415,1760,671,-2753114,-16058161.72,1.7213278E7,-3.345047563E7,-29121185.190,36481112.00,-1.1810575E7,-8065070,5648171
3803,727,534,355,2081,-10666156,15469851.59,-2.1716916E7,1.636719799E7,-10970730.080,27627984.00,1456283.5,-19959464,382206
3804,1202,360,894,1050,-23867550,4312574.64,3.69961E7,-2.805286949E7,37046163.590,1251808.00,-2.5555806E7,-7230399,35306688
3805,471,1888,894,61,-27944137,-17124149.51,3.0066068E7,-2.349723888E7,-36295554.290,850912.00,-1.997164E7,36306235,3142472
3806,220,1940,1286,1044,-3381624,-26879533.71,3.2877696E7,1.070781617E7,977238.110,21479236.00,1.4607595E7,-30251429,-18816927
3807,1209,1946,1122,2687,-20969462,15170374.47,-3.2956316E7,-8828201.72,10734184.440,-20227744.00,3.746984E7,-35377511,-6519329
3808,872,2065,1728,2430,25926980,-26362797.23,1.4253026E7,-2305440.21,-36112263.680,-4104048.00,3529043.8,-14433946,10043217
3809,378,241,1464,1615,-20755009,-13549021.96,2.2737202E7,3.125646048E7,-32130798.760,33827520.00,-121930.06,24586108,-11144785
3810,900,584,841,927,4134603,26280254.24,3.5357572E7,-1.017712023E7,-7463644.420,-1224016.00,2.321619E7,-27592515,-13249647
3811,44,1581,507,2300,-20737001,11912745.14,-5369588.5,2.206969593E7,18298379.010,-32790740.00,-8113206.0,33184584,-34558048
3812,1623,1291,1431,645,27194957,21230595.97,1.4518721E7,-8529043.15,2578543.570,34642368.00,-1522790.6,-4702603,-17555413
3813,1304,1174,1428,1633,6488545,-873599.27,-2.0807308E7,-1.385473119E7,9759767.290,-27933296.00,1.8612436E7,24602011,12000006
3814,1251,801,1110,2564,-25062007,19470407.44,-3.660702E7,-2.770785118E7,3547667.350,2753584.00,129296.56,2357180,16332
3815,1277,1480,330,365,-28251478,-4565308.59,4458711.5,5978091.89,28996968.650,20461356.00,1.5748167E7,-17806028,28164740
3816,1612,51,1122,2710,-32660345,5184841.10,4149262.5,-5011086.96,11368228.330,-4569920.00,2.7168618E7,-24695566,31292737
3817,379,979,1849,1776,10997613,15046380.56,-8000211.0,1.679608106E7,-30725989.270,-37990032.00,1.8866038E7,-27928851,-28058260
3818,1053,2202,1303,267,32989357,26437395.82,-3.4749528E7,-1.148698714E7,34022655.040,5752160.00,2.057746E7,7640768,-11391613
3819,1186,1255,1274,1479,8211769,-21909129.68,1.595228E7,67779.6,33454706.530,-15449632.00,1714091.4,33376692,30704766
3820,973,1338,635,1051,-5999694,21127767.32,7207223.5,-9595018.18,-6162557.010,-4710544.00,-1.7043018E7,3041548,11017218
3821,1229,319,287,1594,-8149552,-26744375.09,-2022064.0,-3.778603617E7,9460377.650,-3127536.00,2.4078844E7,-28556302,29477851
3822,1504,355,934,2141,34208351,7562055.72,2.2629066E7,-2990945.56,-36810973.460,-29987168.00,9847061.0,-36591505,23972436
3823,1086,1997,726,839,-17063538,-33358305.02,1.2351011E7,2.937035495E7,-7111612.160,-24015064.00,-1.3089537E7,16029938,-33954172
3824,1044,1305,823,288,-25086428,-8393334.41,-2.58247E7,-2.361853392E7,-12150097.600,-851824.00,-1.8288498E7,-13878746,8057538
3825,1555,1969,923,1129,-16413424,896537.50,1.4748688E7,1.63429762E7,-3356359.190,-15114208.00,-7221888.5,23646665,-29865285
3826,251,568,1834,36,9765890,-7542379.45,1.4316253E7,-1.633469137E7,-30300487.160,-28460384.00,2.8653888E7,-17225987,-840869
3827,515,1290,296,656,-36604392,13222548.45,-2.6202702E7,-4587006.03,27957568.770,-16892320.00,-3.3183624E7,14677015,76028
3828,983,1641,3,1416,7220495,28612667.81,1.3648665E7,1.003923359E7,-579432.630,-26025152.00,2.1076802E7,-16635164,775909
3829,1536,1716,228,1545,-35306730,15986980.83,-2.3775018E7,1.225385742E7,-2766309.800,-13973840.00,3791177.0,19822470,-25508191
3830,1236,748,795,855,23307151,16435941.66,3.0451354E7,4602552.68,26592870.500,10355824.00,3.2234702E7,29757015,15185292
3831,551,737,1266,2476,-11205905,-11621923.01,-3.2789506E7,1.789144232E7,18623148.930,28809856.00,1.3236179E7,-2199026,-4710988
3832,1469,2107,1368,110,-21944062,38204645.54,3.7026944E7,-2.661545055E7,4686708.030,-9989648.00,-7477144.5,-9377707,13725661
3833,877,469,215,14,-35450246,3602620.74,-2.133517E7,-2580806.34,-18148442.270,-32076064.00,-4721817.5,20543813,-271723
3834,1275,1411,1313,1536,19840388,7774202.34,-4421897.5,1.318106875E7,37690781.860,-5884928.00,-5949786.5,-6108220,-20449988
3835,430,1555,67,744,-1606817,35611421.01,1.8294038E7,1.576337229E7,9651045.160,35706288.00,2338090.0,17350152,38089378
3836,1046,1236,725,1606,-28040141,27960356.40,1.0368171E7,2.841455331E7,12430271.370,-19356336.00,1.5597721E7,29571674,-37137369
3837,10,675,314,659,19457930,-10669532.34,-1.7732354E7,-2.038024919E7,-9996930.150,22167872.00,4230307.0,-29994970,-32648143
3838,663,1147,1596,99,-6903744,969721.09,2150077.2,1292756.43,10302965.220,27704880.00,-1.8548764E7,-20621407,6128219
3839,1334,1376,1519,2345,-2535533,-23321608.05,2.2670272E7,1051231.2,2583745.580,31420520.00,9776153.0,-3601128,-21674466
3840,607,2355,1707,1964,-5689547,4159530.21,-70493.34,1.813377689E7,-20889271.840,-28379712.00,-1.0443024E7,37711360,-6946951
3841,937,680,1159,1913,-26579889,-14681524.40,-7322074.5,3.429261675E7,-13354973.130,11515944.00,-1.4144508E7,3513366,22747948
3842,93,107,8,527,3072205,-9337006.55,4734131.0,-3.196846913E7,-34104480.120,-8170236.00,3.36308E7,-20618750,13210964
3843,323,338,1318,2553,14263415,-353351.76,1.6607896E7,-1.260706331E7,24345272.880,-8598496.00,1719194.5,31344319,5652657
3844,744,1389,1596,2282,30436419,-4453794.42,-7374619.5,-1.561581099E7,22753463.150,28111920.00,1.3967297E7,-27803690,-3547690
3845,1557,1404,1686,1411,-795430,34005187.67,-7812466.5,2027253.56,29783322.610,32517832.00,7930491.0,796265,-36193391
3846,1545,759,285,2601,-24551690,34027905.12,-1.5621162E7,-3.112760002E7,-16858283.990,-10959040.00,-2.2593008E7,-9761159,-8187382
3847,1224,1242,1042,1641,-30691301,12045454.69,-1.6060451E7,9043992.75,-32459089.640,-16917856.00,-1.4225959E7,-18536171,-34971169
3848,1579,1747,1839,778,1551518,31904770.36,1.753853E7,-3510980.44,11790518.750,15146128.00,-6898063.5,-31924518,22001119
3849,389,121,870,540,26384770,8602399.63,2.0810486E7,2.198570633E7,-37475973.880,13605024.00,7877499.0,-15842972,30432094
3850,1546,102,651,2289,-15744666,9975626.70,1481961.8,-3.296183547E7,37208599.480,7831184.00,129637.3,26261761,-27226409
3851,316,2006,879,2202,-797901,-22825483.29,3.591882E7,2.40372563E7,-22638347.690,26241248.00,9482550.0,34525263,-14985758
3852,1415,546,1682,1713,-2789201,-16269431.22,1.7439678E7,-3.389047563E7,-29504120.690,36960912.00,-1.1965775E7,-8171189,5722566
3853,976,2011,68,1009,-10806418,15673281.59,-2.2002516E7,1.658239799E7,-11114850.080,27991184.00,1475483.5,-20221861,387269
3854,512,1850,389,1663,-24181390,4369218.14,3.74825E7,-2.842166949E7,37533192.090,1268208.00,-2.5891806E7,-7325444,35770799
3855,289,724,128,2239,-28311401,-17349078.51,3.0461268E7,-2.380603888E7,-36772564.790,862112.00,-2.023404E7,36783415,3183773
3856,816,1887,440,113,-3425936,-27232612.21,3.3309696E7,1.084861617E7,989946.110,21761536.00,1.4799595E7,-30648967,-19064139
3857,182,95,1841,694,-21244818,15369520.47,-3.3389116E7,-8944201.72,10875043.940,-20493344.00,3.796184E7,-35842150,-6604838
3858,1253,1399,505,790,26267435,-26709019.73,1.4440226E7,-2335840.21,-36586346.180,-4158048.00,3575443.8,-14623487,10175127
3859,253,575,56,426,-21027550,-13727005.96,2.3035602E7,3.166686048E7,-32552583.760,34271520.00,-123530.06,24908785,-11291165
3860,1352,1448,1104,1719,4188983,26625171.24,3.5821572E7,-1.031072023E7,-7561637.420,-1240016.00,2.352099E7,-27954734,-13423653
3861,156,2087,1490,871,-21009075,12069129.64,-5439988.5,2.235929593E7,18538558.510,-33220940.00,-8219606.0,33619983,-35011559
3862,1359,1025,1810,2673,27551684,21508949.97,1.4709121E7,-8641043.15,2612305.070,35096768.00,-1542790.6,-4764188,-17785673
3863,1230,1410,196,918,6573733,-885074.77,-2.1080108E7,-1.403633119E7,9887864.290,-28299696.00,1.8856436E7,24924513,12157327
3864,1444,1581,243,571,-25390578,19725675.44,-3.708702E7,-2.807105118E7,3594170.350,2789584.00,130896.56,2388127,16550
3865,87,176,994,533,-28621868,-4625200.59,4517111.5,6056491.89,29377052.650,20729556.00,1.5954567E7,-18039450,28533959
3866,1297,616,990,1355,-33088264,5252827.60,4203662.5,-5076686.96,11517099.830,-4629920.00,2.7524618E7,-25019228,31702643
3867,563,1095,56,1150,11141762,15243349.06,-8105011.0,1.701608106E7,-31128368.270,-38487632.00,1.9113238E7,-28294637,-28425889
3868,1056,1396,1531,2370,33421334,26783739.32,-3.5204728E7,-1.163738714E7,34468205.540,5827360.00,2.084706E7,7740710,-11540720
3869,998,1933,76,1474,8319321,-22196058.18,1.616108E7,68579.6,33892831.530,-15652032.00,1736491.4,33813662,31106862
3870,1031,122,1093,1333,-6078136,21404199.32,7301623.5,-9720618.18,-6243325.010,-4772144.00,-1.7266218E7,3081438,11161410
3871,1191,379,82,2339,-8256180,-27094307.09,-2048464.0,-3.828043617E7,9584198.150,-3168336.00,2.4394044E7,-28929994,29863653
3872,1329,1548,1753,1145,34655892,7660944.22,2.2925066E7,-3030145.56,-37292530.460,-30379568.00,9975861.0,-37070186,24285924
3873,351,1593,4,2027,-17286705,-33794498.02,1.2512611E7,2.975435495E7,-7204568.660,-24329064.00,-1.3260737E7,16239644,-34398159
3874,924,762,884,1200,-25414318,-8502983.91,-2.61623E7,-2.392733392E7,-12308927.100,-863024.00,-1.8527698E7,-14060216,8162788
3875,1423,1762,784,1463,-16628036,908193.50,1.4941488E7,1.65565762E7,-3400119.190,-15311808.00,-7316288.5,23955669,-30255800
3876,1009,413,226,589,9893596,-7641040.95,1.4503453E7,-1.654829137E7,-30696546.160,-28832384.00,2.9028288E7,-17451134,-851845
3877,834,18,268,93,-37082676,13395404.95,-2.6545102E7,-4647006.03,28322768.770,-17113120.00,-3.3617224E7,14868754,77023
3878,1284,1737,1788,2665,7314796,28986388.81,1.3827065E7,1.017043359E7,-586920.130,-26365152.00,2.1352002E7,-16852559,786017
3879,263,281,1123,2083,-35767855,16195632.83,-2.4085418E7,1.241385742E7,-2802515.800,-14156240.00,3840777.0,20081191,-25841273
3880,1145,434,450,2645,23611390,16650556.66,3.0848954E7,4662552.68,26940135.000,10491024.00,3.2655502E7,30145365,15383646
3881,1141,1991,1645,2263,-11352124,-11773477.51,-3.3217506E7,1.812504232E7,18866142.430,29185856.00,1.3408979E7,-2227747,-4772508
3882,1080,1897,187,2669,-22230270,38703022.04,3.7510144E7,-2.696265055E7,4747847.030,-10120048.00,-7574744.5,-9500055,13904636
3883,978,671,657,505,-35912569,3649596.24,-2.161357E7,-2614406.34,-18385288.270,-32494464.00,-4783417.5,20811912,-275322
3884,951,658,916,1738,20099237,7875492.84,-4479497.5,1.335306875E7,38182240.860,-5961728.00,-6027386.5,-6187904,-20716635
3885,1560,1473,1088,294,-1627692,36075626.51,1.8532438E7,1.596897229E7,9776810.660,36171888.00,2368490.0,17576278,38585866
3886,681,451,1740,1663,-28405525,28324833.40,1.0503371E7,2.878495331E7,12592349.870,-19608536.00,1.5800921E7,29957098,-37621510
3887,462,380,1509,432,19711439,-10808457.84,-1.7963554E7,-2.064584919E7,-10127229.150,22456672.00,4285507.0,-30385785,-33073577
3888,1467,1957,185,1337,-6993643,982232.59,2178077.2,1309556.43,10437123.720,28065680.00,-1.8790364E7,-20890165,6208063
3889,811,150,110,2280,-2568502,-23625290.55,2.2965472E7,1064831.2,2617486.580,31829720.00,9903353.0,-3647923,-21956831
3890,1016,1007,343,110,-5763751,4213757.71,-71293.34,1.836977689E7,-21161226.340,-28749312.00,-1.0579024E7,38202524,-7037315
3891,1331,1367,425,829,-26925990,-14872633.90,-7417274.5,3.473901675E7,-13528879.630,11665944.00,-1.4328508E7,3559081,23044102
3892,1029,566,1203,2046,3112102,-9458646.55,4795731.0,-3.238446913E7,-34548243.120,-8276536.00,3.40684E7,-20887166,13382868
3893,1507,578,1669,1921,14448900,-357897.76,1.6823896E7,-1.277106331E7,24662143.380,-8710496.00,1741594.5,31752064,5726217
3894,1131,960,30,1463,30832221,-4511726.42,-7470619.5,-1.581901099E7,23049325.150,28477520.00,1.4148897E7,-28165462,-3593903
3895,340,2235,460,1983,-805696,34447365.17,-7914066.5,2053653.56,30170534.610,32940632.00,8033691.0,806654,-36663933
3896,1273,42,734,980,-24870771,34470225.12,-1.5824362E7,-3.153240002E7,-17077532.990,-11101440.00,-2.2886608E7,-9888176,-8293738
3897,1266,168,244,2659,-31090090,12201931.69,-1.6269251E7,9161592.75,-32881086.640,-17137856.00,-1.4410759E7,-18777115,-35425672
3898,775,2180,1816,2076,1571741,32319428.86,1.776653E7,-3556580.44,11943762.750,15342928.00,-6987663.5,-32339288,22286975
3899,1070,1583,602,1266,26727457,8714033.13,2.1080886E7,2.227130633E7,-37962805.880,13781824.00,7979899.0,-16048804,30827380
3900,1374,1479,1804,2179,-15949226,10105084.70,1501161.8,-3.338983547E7,37691777.480,7932784.00,131237.3,26602821,-27580074
3901,107,1915,1162,1373,-808327,-23121939.79,3.638522E7,2.43492563E7,-22932276.690,26582048.00,9605750.0,34973590,-15180262
3902,369,677,1604,26,-2825289,-16480700.72,1.7666078E7,-3.433047563E7,-29887056.190,37440712.00,-1.2120975E7,-8277307,5796961
3903,1224,1089,1637,2666,-10946681,15876711.59,-2.2288116E7,1.679759799E7,-11258970.080,28354384.00,1494683.5,-20484258,392332
3904,1446,941,1740,2276,-24495230,4425861.64,3.79689E7,-2.879046949E7,38020220.590,1284608.00,-2.6227806E7,-7420488,36234910
3905,106,1957,1218,1689,-28678666,-17574007.51,3.0856468E7,-2.411483888E7,-37249575.290,873312.00,-2.049644E7,37260595,3225074
3906,1411,1835,1450,1909,-3470248,-27585690.71,3.3741696E7,1.098941617E7,1002654.110,22043836.00,1.4991595E7,-31046505,-19311351
3907,780,642,705,1428,-21520174,15568666.47,-3.3821916E7,-9060201.72,11015903.440,-20758944.00,3.845384E7,-36306788,-6690348
3908,9,733,1139,1877,26607890,-27055242.23,1.4627426E7,-2366240.21,-37060428.680,-4212048.00,3621843.8,-14813029,10307037
3909,129,909,504,1964,-21300092,-13904989.96,2.3334002E7,3.207726048E7,-32974368.760,34715520.00,-125130.06,25231461,-11437545
3910,180,2312,1367,2511,4243363,26970088.24,3.6285572E7,-1.044432023E7,-7659630.420,-1256016.00,2.382579E7,-28316953,-13597658
3911,269,195,617,2170,-21281149,12225514.14,-5510388.5,2.264889593E7,18778738.010,-33651140.00,-8326006.0,34055383,-35465070
3912,1096,758,332,1974,27908411,21787303.97,1.4899521E7,-8753043.15,2646066.570,35551168.00,-1562790.6,-4825773,-18015933
3913,1156,1646,819,202,6658920,-896550.27,-2.1352908E7,-1.421793119E7,10015961.290,-28666096.00,1.9100436E7,25247014,12314649
3914,12,2362,1232,1306,-25719149,19980943.44,-3.756702E7,-2.843425118E7,3640673.350,2825584.00,132496.56,2419073,16769
3915,521,1269,1658,700,-28992258,-4685092.59,4575511.5,6134891.89,29757136.650,20997756.00,1.6160967E7,-18272871,28903179
3916,982,1182,858,2727,-33516184,5320814.10,4258062.5,-5142286.96,11665971.330,-4689920.00,2.7880618E7,-25342889,32112549
3917,748,1210,119,525,11285910,15440317.56,-8209811.0,1.723608106E7,-31530747.270,-38985232.00,1.9360438E7,-28660423,-28793517
3918,1059,590,1759,1745,33853310,27130082.82,-3.5659928E7,-1.178778714E7,34913756.040,5902560.00,2.111666E7,7840652,-11689827
3919,810,213,733,1468,8426873,-22482986.68,1.636988E7,69379.6,34330956.530,-15854432.00,1758891.4,34250632,31508957
3920,1089,1303,1552,1616,-6156578,21680631.32,7396023.5,-9846218.18,-6324093.010,-4833744.00,-1.7489418E7,3121328,11305602
3921,1153,439,1733,357,-8362808,-27444239.09,-2074864.0,-3.877483617E7,9708018.650,-3209136.00,2.4709244E7,-29303687,30249456
3922,1153,342,717,149,35103433,7759832.72,2.3221066E7,-3069345.56,-37774087.460,-30771968.00,1.0104661E7,-37548867,24599411
3923,1240,1189,1138,487,-17509872,-34230691.02,1.2674211E7,3.013835495E7,-7297525.160,-24643064.00,-1.3431937E7,16449350,-34842146
3924,804,219,945,2111,-25742207,-8612633.41,-2.64999E7,-2.423613392E7,-12467756.600,-874224.00,-1.8766898E7,-14241685,8268038
3925,1291,1555,646,1797,-16842647,919849.50,1.5134288E7,1.67701762E7,-3443879.190,-15509408.00,-7410688.5,24264672,-30646315
3926,142,257,474,1141,10021302,-7739702.45,1.4690653E7,-1.676189137E7,-31092605.160,-29204384.00,2.9402688E7,-17676281,-862821
3927,1154,1144,240,2258,-37560960,13568261.45,-2.6887502E7,-4707006.03,28687968.770,-17333920.00,-3.4050824E7,15060493,78017
3928,1586,1833,1717,1186,7409098,29360109.81,1.4005465E7,1.030163359E7,-594407.630,-26705152.00,2.1627202E7,-17069955,796125
3929,614,1243,163,2621,-36228979,16404284.83,-2.4395818E7,1.257385742E7,-2838721.800,-14338640.00,3890377.0,20339913,-26174355
3930,1053,119,105,1706,23915628,16865171.66,3.1246554E7,4722552.68,27287399.500,10626224.00,3.3076302E7,30533715,15582001
3931,107,847,169,2049,-11498343,-11925032.01,-3.3645504E7,1.835864232E7,19109135.930,29561856.00,1.3581779E7,-2256468,-4834028
3932,690,1686,862,2500,-22516479,39201398.54,3.7993344E7,-2.730985055E7,4808986.030,-10250448.00,-7672344.5,-9622403,14083611
3933,1080,872,1099,995,-36374892,3696571.74,-2.189197E7,-2648006.34,-18622134.270,-32912864.00,-4845017.5,21080010,-278922
3934,626,2303,519,1941,20358087,7976783.34,-4537097.5,1.352506875E7,38673699.860,-6038528.00,-6104986.5,-6267588,-20983281
3935,1066,1391,252,2572,-1648568,36539832.01,1.8770838E7,1.617457229E7,9902576.160,36637488.00,2398890.0,17802404,39082354
3936,317,2063,899,1719,-28770909,28689310.40,1.0638571E7,2.915535331E7,12754428.370,-19860736.00,1.6004121E7,30342521,-38105650
3937,915,85,848,205,19964948,-10947383.34,-1.8194754E7,-2.091144919E7,-10257528.150,22745472.00,4340707.0,-30776599,-33499012
3938,646,368,630,2575,-7083543,994744.09,2206077.2,1326356.43,10571282.220,28426480.00,-1.9031964E7,-21158924,6287907
3939,288,1322,558,2215,-2601471,-23928973.05,2.3260672E7,1078431.2,2651227.580,32238920.00,1.0030553E7,-3694718,-22239195
3940,1426,2058,835,983,-5837956,4267985.21,-72093.34,1.860577689E7,-21433180.840,-29118912.00,-1.0715024E7,38693687,-7127678
3941,100,2055,1548,2472,-27272092,-15063743.40,-7512474.5,3.518541675E7,-13702786.130,11815944.00,-1.4512508E7,3604796,23340255
3942,340,1025,542,838,3151998,-9580286.55,4857331.0,-3.280046913E7,-34992006.120,-8382836.00,3.4506E7,-21155583,13554771
3943,1067,818,164,1289,14634384,-362443.76,1.7039896E7,-1.293506331E7,24979013.880,-8822496.00,1763994.5,32159809,5799778
3944,1518,532,321,643,31228023,-4569658.42,-7566619.5,-1.602221099E7,23345187.150,28843120.00,1.4330497E7,-28527235,-3640116
3945,746,668,1090,2555,-815963,34889542.67,-8015666.5,2080053.56,30557746.610,33363432.00,8136891.0,817043,-37134474
3946,1002,1723,1183,2088,-25189853,34912545.12,-1.6027562E7,-3.193720002E7,-17296781.990,-11243840.00,-2.3180208E7,-10015193,-8400095
3947,1308,1493,1301,949,-31488879,12358408.69,-1.6478051E7,9279192.75,-33303083.640,-17357856.00,-1.4595559E7,-19018058,-35880176
3948,1595,215,1793,646,1591963,32734087.36,1.799453E7,-3602180.44,12097006.750,15539728.00,-7077263.5,-32754059,22572831
3949,128,647,335,1991,27070143,8825666.63,2.1351286E7,2.255690633E7,-38449637.880,13958624.00,8082299.0,-16254637,31222665
3950,1201,458,1100,2069,-16153787,10234542.70,1520361.8,-3.381783547E7,38174955.480,8034384.00,132837.3,26943880,-27933739
3951,1523,1825,1446,543,-818753,-23418396.29,3.685162E7,2.46612563E7,-23226205.690,26922848.00,9728950.0,35421917,-15374766
3952,947,808,1526,1068,-2861376,-16691970.22,1.7892478E7,-3.477047563E7,-30269991.690,37920512.00,-1.2276175E7,-8383426,5871356
3953,1473,168,1350,1594,-11086943,16080141.59,-2.2573716E7,1.701279799E7,-11403090.080,28717584.00,1513883.5,-20746655,397395
3954,756,33,1235,161,-24809070,4482505.14,3.84553E7,-2.915926949E7,38507249.090,1301008.00,-2.6563806E7,-7515533,36699021
3955,1548,793,452,1139,-29045930,-17798936.51,3.1251668E7,-2.442363888E7,-37726585.790,884512.00,-2.075884E7,37737775,3266375
3956,383,1782,604,978,-3514560,-27938769.21,3.4173696E7,1.113021617E7,1015362.110,22326136.00,1.5183595E7,-31444043,-19558563
3957,1377,1189,1424,2163,-21795530,15767812.47,-3.4254716E7,-9176201.72,11156762.940,-21024544.00,3.894584E7,-36771427,-6775857
3958,390,67,1772,237,26948345,-27401464.73,1.4814626E7,-2396640.21,-37534511.180,-4266048.00,3668243.8,-15002570,10438947
3959,4,1243,952,775,-21572633,-14082973.96,2.3632402E7,3.248766048E7,-33396153.760,35159520.00,-126730.06,25554138,-11583925
3960,632,778,1630,575,4297743,27315005.24,3.6749572E7,-1.057792023E7,-7757623.420,-1272016.00,2.413059E7,-28679172,-13771664
3961,381,701,1600,741,-21553223,12381898.64,-5580788.5,2.293849593E7,19018917.510,-34081340.00,-8432406.0,34490782,-35918581
3962,832,492,711,1274,28265138,22065657.97,1.5089921E7,-8865043.15,2679828.070,36005568.00,-1582790.6,-4887358,-18246193
3963,1082,1882,1443,2215,6744108,-908025.77,-2.1625708E7,-1.439953119E7,10144058.290,-29032496.00,1.9344436E7,25569516,12471970
3964,205,744,365,2041,-26047720,20236211.44,-3.804702E7,-2.879745118E7,3687176.350,2861584.00,134096.56,2450020,16987
3965,955,2363,466,868,-29362648,-4744984.59,4633911.5,6213291.89,30137220.650,21265956.00,1.6367367E7,-18506293,29272398
3966,667,1747,726,1372,-33944103,5388800.60,4312462.5,-5207886.96,11814842.830,-4749920.00,2.8236618E7,-25666551,32522455
3967,932,1326,182,2627,11430059,15637286.06,-8314611.0,1.745608106E7,-31933126.270,-39482832.00,1.9607638E7,-29026209,-29161146
3968,1062,2182,131,1120,34285287,27476426.32,-3.6115128E7,-1.193818714E7,35359306.540,5977760.00,2.138626E7,7940594,-11838934
3969,622,891,1391,1463,8534425,-22769915.18,1.657868E7,70179.6,34769081.530,-16056832.00,1781291.4,34687602,31911053
3970,1147,87,154,1898,-6235020,21957063.32,7490423.5,-9971818.18,-6404861.010,-4895344.00,-1.7712618E7,3161218,11449794
3971,1115,499,1528,1102,-8469436,-27794171.09,-2101264.0,-3.926923617E7,9831839.150,-3249936.00,2.5024444E7,-29677379,30635258
3972,978,1535,1536,1881,35550974,7858721.22,2.3517066E7,-3108545.56,-38255644.460,-31164368.00,1.0233461E7,-38027548,24912899
3973,505,785,416,1675,-17733039,-34666884.02,1.2835811E7,3.052235495E7,-7390481.660,-24957064.00,-1.3603137E7,16659056,-35286133
3974,684,2074,1006,295,-26070097,-8722282.91,-2.68375E7,-2.454493392E7,-12626586.100,-885424.00,-1.9006098E7,-14423155,8373288
3975,1159,1348,507,2131,-17057259,931505.50,1.5327088E7,1.69837762E7,-3487639.190,-15707008.00,-7505088.5,24573676,-31036830
3976,900,102,722,1694,10149008,-7838363.95,1.4877853E7,-1.697549137E7,-31488664.160,-29576384.00,2.9777088E7,-17901428,-873797
3977,1473,2270,212,1695,-38039244,13741117.95,-2.7229902E7,-4767006.03,29053168.770,-17554720.00,-3.4484424E7,15252232,79012
3978,263,1929,1646,2435,7503399,29733830.81,1.4183865E7,1.043283359E7,-601895.130,-27045152.00,2.1902402E7,-17287350,806233
3979,965,2206,1058,431,-36690104,16612936.83,-2.4706218E7,1.273385742E7,-2874927.800,-14521040.00,3939977.0,20598634,-26507437
3980,962,2203,1616,768,24219867,17079786.66,3.1644154E7,4782552.68,27634664.000,10761424.00,3.3497102E7,30922065,15780355
3981,697,2101,548,1836,-11644562,-12076586.51,-3.4073504E7,1.859224232E7,19352129.430,29937856.00,1.3754579E7,-2285189,-4895548
3982,301,1476,1537,2331,-22802687,39699775.04,3.8476544E7,-2.765705055E7,4870125.030,-10380848.00,-7769944.5,-9744751,14262586
3983,1181,1074,1541,1486,-36837215,3743547.24,-2.217037E7,-2681606.34,-18858980.270,-33331264.00,-4906617.5,21348109,-282521
3984,302,1550,122,2143,20616936,8078073.84,-4594697.5,1.369706875E7,39165158.860,-6115328.00,-6182586.5,-6347272,-21249928
3985,572,1309,1273,2122,-1669443,37004037.51,1.9009238E7,1.638017229E7,10028341.660,37103088.00,2429290.0,18028530,39578842
3986,1576,1278,58,1776,-29136293,29053787.40,1.0773771E7,2.952575331E7,12916506.870,-20112936.00,1.6207321E7,30727945,-38589791
3987,1367,2188,187,2706,20218457,-11086308.84,-1.8425954E7,-2.117704919E7,-10387827.150,23034272.00,4395907.0,-31167414,-33924446
3988,1450,1178,1075,1085,-7173442,1007255.59,2234077.2,1343156.43,10705440.720,28787280.00,-1.9273564E7,-21427682,6367751
3989,1389,96,1005,2150,-2634440,-24232655.55,2.3555872E7,1092031.2,2684968.580,32648120.00,1.0157753E7,-3741513,-22521560
3990,211,710,1327,1857,-5912160,4322212.71,-72893.34,1.884177689E7,-21705135.340,-29488512.00,-1.0851024E7,39184851,-7218042
3991,494,344,814,1388,-27618193,-15254852.90,-7607674.5,3.563181675E7,-13876692.630,11965944.00,-1.4696508E7,3650511,23636409
3992,1276,1484,1737,2357,3191895,-9701926.55,4918931.0,-3.321646913E7,-35435769.120,-8489136.00,3.49436E7,-21423999,13726675
3993,627,1058,515,657,14819869,-366989.76,1.7255896E7,-1.309906331E7,25295884.380,-8934496.00,1786394.5,32567554,5873338
3994,281,103,611,2552,31623825,-4627590.42,-7662619.5,-1.622541099E7,23641049.150,29208720.00,1.4512097E7,-28889007,-3686329
3995,1153,1499,1720,399,-826229,35331720.17,-8117266.5,2106453.56,30944958.610,33786232.00,8240091.0,827432,-37605016
3996,730,1006,1632,467,-25508934,35354865.12,-1.6230762E7,-3.234200002E7,-17516030.990,-11386240.00,-2.3473808E7,-10142210,-8506451
3997,1350,419,503,1967,-31887668,12514885.69,-1.6686851E7,9396792.75,-33725080.640,-17577856.00,-1.4780359E7,-19259002,-36334679
3998,791,648,1770,1944,1612186,33148745.86,1.822253E7,-3647780.44,12250250.750,15736528.00,-7166863.5,-33168829,22858687
3999,809,2109,67,2717,27412830,8937300.13,2.1621686E7,2.284250633E7,-38936469.880,14135424.00,8184699.0,-16460469,31617951
4000,1029,1835,397,1959,-16358347,10364000.70,1539561.8,-3.424583547E7,38658133.480,8135984.00,134437.3,27284940,-28287404
4001,1314,1734,1729,2442,-829179,-23714852.79,3.731802E7,2.49732563E7,-23520134.690,27263648.00,9852150.0,35870244,-15569270
4002,1525,939,1448,2109,-2897464,-16903239.72,1.8118878E7,-3.521047563E7,-30652927.190,38400312.00,-1.2431375E7,-8489544,5945751
4003,97,1644,1063,523,-11227206,16283571.59,-2.2859316E7,1.722799799E7,-11547210.080,29080784.00,1533083.5,-21009052,402458
4004,66,1522,730,774,-25122910,4539148.64,3.89417E7,-2.952806949E7,38994277.590,1317408.00,-2.6899806E7,-7610577,37163132
4005,1365,2026,1542,589,-29413195,-18023865.51,3.1646868E7,-2.473243888E7,-38203596.290,895712.00,-2.102124E7,38214955,3307676
4006,978,1730,1614,46,-3558872,-28291847.71,3.4605696E7,1.127101617E7,1028070.110,22608436.00,1.5375595E7,-31841581,-19805775
4007,351,1736,288,169,-22070886,15966958.47,-3.4687516E7,-9292201.72,11297622.440,-21290144.00,3.943784E7,-37236065,-6861367
4008,770,1799,550,1324,27288800,-27747687.23,1.5001826E7,-2427040.21,-38008593.680,-4320048.00,3714643.8,-15192112,10570857
4009,1504,1577,1400,2313,-21845175,-14260957.96,2.3930802E7,3.289806048E7,-33817938.760,35603520.00,-128330.06,25876814,-11730305
4010,1084,1642,37,1367,4352123,27659922.24,3.7213572E7,-1.071152023E7,-7855616.420,-1288016.00,2.443539E7,-29041391,-13945669
4011,494,1207,727,2040,-21825297,12538283.14,-5651188.5,2.322809593E7,19259097.010,-34511540.00,-8538806.0,34926182,-36372092
4012,569,225,1089,575,28621865,22344011.97,1.5280321E7,-8977043.15,2713589.570,36459968.00,-1602790.6,-4948943,-18476453
4013,1008,2118,210,1499,6829295,-919501.27,-2.1898508E7,-1.458113119E7,10272155.290,-29398896.00,1.9588436E7,25892017,12629292
4014,397,1525,1354,48,-26376291,20491479.44,-3.852702E7,-2.916065118E7,3733679.350,2897584.00,135696.56,2480966,17206
4015,1389,1058,1130,1035,-29733038,-4804876.59,4692311.5,6291691.89,30517304.650,21534156.00,1.6573767E7,-18739714,29641618
4016,352,2313,594,16,-34372023,5456787.10,4366862.5,-5273486.96,11963714.330,-4809920.00,2.8592618E7,-25990212,32932361
4017,1117,1441,245,2002,11574207,15834254.56,-8419411.0,1.767608106E7,-32335505.270,-39980432.00,1.9854838E7,-29391995,-29528774
4018,1065,1376,359,495,34717263,27822769.82,-3.6570328E7,-1.208858714E7,35804857.040,6052960.00,2.165586E7,8040536,-11988041
4019,434,1569,192,1457,8641977,-23056843.68,1.678748E7,70979.6,35207206.530,-16259232.00,1803691.4,35124572,32313148
4020,1205,1268,613,2181,-6313462,22233495.32,7584823.5,-1.009741818E7,-6485629.010,-4956944.00,-1.7935818E7,3201108,11593986
4021,1077,559,1323,1848,-8576064,-28144103.09,-2127664.0,-3.976363617E7,9955659.650,-3290736.00,2.5339644E7,-30051072,31021061
4022,802,329,500,885,35998515,7957609.72,2.3813066E7,-3147745.56,-38737201.460,-31556768.00,1.0362261E7,-38506229,25226386
4023,1394,381,1550,135,-17956206,-35103077.02,1.2997411E7,3.090635495E7,-7483438.160,-25271064.00,-1.3774337E7,16868762,-35730120
4024,564,1531,1067,1206,-26397986,-8831932.41,-2.71751E7,-2.485373392E7,-12785415.600,-896624.00,-1.9245298E7,-14604624,8478538
4025,1027,1141,369,2465,-17271870,943161.50,1.5519888E7,1.71973762E7,-3531399.190,-15904608.00,-7599488.5,24882679,-31427345
4026,33,2344,970,2246,10276714,-7937025.45,1.5065053E7,-1.718909137E7,-31884723.160,-29948384.00,3.0151488E7,-18126575,-884773
4027,169,998,184,1132,-38517528,13913974.45,-2.7572302E7,-4827006.03,29418368.770,-17775520.00,-3.4918024E7,15443971,80006
4028,565,2025,1575,956,7597701,30107551.81,1.4362265E7,1.056403359E7,-609382.630,-27385152.00,2.2177602E7,-17504746,816341
4029,1316,770,98,969,-37151228,16821588.83,-2.5016618E7,1.289385742E7,-2911133.800,-14703440.00,3989577.0,20857356,-26840519
4030,870,1888,1271,2557,24524105,17294401.66,3.2041754E7,4842552.68,27981928.500,10896624.00,3.39179E7,31310415,15978710
4031,1287,957,928,1622,-11790781,-12228141.01,-3.4501504E7,1.882584232E7,19595122.930,30313856.00,1.3927379E7,-2313910,-4957068
4032,1535,1265,356,2162,-23088896,40198151.54,3.8959744E7,-2.800425055E7,4931264.030,-10511248.00,-7867544.5,-9867099,14441561
4033,1283,1275,127,1976,-37299538,3790522.74,-2.244877E7,-2715206.34,-19095826.270,-33749664.00,-4968217.5,21616207,-286121
4034,1601,797,1581,2346,20875786,8179364.34,-4652297.5,1.386906875E7,39656617.860,-6192128.00,-6260186.5,-6426956,-21516574
4035,78,1227,437,1672,-1690319,37468243.01,1.9247638E7,1.658577229E7,10154107.160,37568688.00,2459690.0,18254656,40075330
4036,1212,492,1073,1832,-29501677,29418264.40,1.0908971E7,2.989615331E7,13078585.370,-20365136.00,1.6410521E7,31113368,-39073931
4037,196,1893,1382,2479,20471966,-11225234.34,-1.8657154E7,-2.144264919E7,-10518126.150,23323072.00,4451107.0,-31558228,-34349881
4038,629,1987,1520,2323,-7263342,1019767.09,2262077.2,1359956.43,10839599.220,29148080.00,-1.9515164E7,-21696441,6447595
4039,866,1268,1453,2085,-2667409,-24536338.05,2.3851072E7,1105631.2,2718709.580,33057320.00,1.0284953E7,-3788308,-22803924
4040,621,1761,1819,2,-5986365,4376440.21,-73693.34,1.907777689E7,-21977089.840,-29858112.00,-1.0987024E7,39676014,-7308405
4041,887,1032,81,303,-27964295,-15445962.40,-7702874.5,3.607821675E7,-14050599.130,12115944.00,-1.4880508E7,3696226,23932562
4042,587,1943,1076,1149,3231791,-9823566.55,4980531.0,-3.363246913E7,-35879532.120,-8595436.00,3.53812E7,-21692416,13898578
4043,187,1298,866,25,15005353,-371535.76,1.7471896E7,-1.326306331E7,25612754.880,-9046496.00,1808794.5,32975299,5946899
4044,668,2073,902,1732,32019627,-4685522.42,-7758619.5,-1.642861099E7,23936911.150,29574320.00,1.4693697E7,-29250780,-3732542
4045,1559,2330,494,971,-836496,35773897.67,-8218866.5,2132853.56,31332170.610,34209032.00,8343291.0,837821,-38075557
4046,459,289,225,1575,-25828016,35797185.12,-1.6433962E7,-3.274680002E7,-17735279.990,-11528640.00,-2.3767408E7,-10269227,-8612808
4047,1392,1744,1560,257,-32286457,12671362.69,-1.689565E7,9514392.75,-34147077.640,-17797856.00,-1.4965159E7,-19499945,-36789183
4048,1611,1081,1747,514,1632408,33563404.36,1.845053E7,-3693380.44,12403494.750,15933328.00,-7256463.5,-33583600,23144543
4049,1491,1173,1656,714,27755516,9048933.63,2.1892086E7,2.312810633E7,-39423301.880,14312224.00,8287099.0,-16666302,32013236
4050,856,814,1549,1849,-16562908,10493458.70,1558761.8,-3.467383547E7,39141311.480,8237584.00,136037.3,27625999,-28641069
4051,1106,1644,157,1612,-839605,-24011309.29,3.778442E7,2.52852563E7,-23814063.690,27604448.00,9975350.0,36318571,-15763774
4052,479,1070,1370,423,-2933551,-17114509.22,1.8345278E7,-3.565047563E7,-31035862.690,38880112.00,-1.2586575E7,-8595663,6020146
4053,346,723,776,2179,-11367468,16487001.59,-2.3144916E7,1.744319799E7,-11691330.080,29443984.00,1552283.5,-21271449,407521
4054,1000,614,225,1387,-25436750,4595792.14,3.94281E7,-2.989686949E7,39481306.090,1333808.00,-2.7235806E7,-7705622,37627243
4055,1183,862,776,39,-29780459,-18248794.51,3.2042068E7,-2.504123888E7,-38680606.790,906912.00,-2.128364E7,38692135,3348977
4056,1574,1677,768,1843,-3603184,-28644926.21,3.5037696E7,1.141181617E7,1040778.110,22890736.00,1.5567595E7,-32239119,-20052987
4057,948,2283,1007,904,-22346242,16166104.47,-3.5120316E7,-9408201.72,11438481.940,-21555744.00,3.992984E7,-37700704,-6946876
4058,1151,1133,1183,2412,27629255,-28093909.73,1.5189026E7,-2457440.21,-38482676.180,-4374048.00,3761043.8,-15381653,10702767
4059,1379,1911,1848,1124,-22117716,-14438941.96,2.4229202E7,3.330846048E7,-34239723.760,36047520.00,-129930.06,26199491,-11876685
4060,1536,108,300,2159,4406503,28004839.24,3.7677572E7,-1.084512023E7,-7953609.420,-1304016.00,2.474019E7,-29403610,-14119675
