1,837,1096,911,2,7,44,6484#WOdPyQFLAR8pRoBES,1665,-3112,-4020,2002-06-30 18:59:33.000,13733.7500
2,691,563,4202,2,10,27,9431#ZtaY3Qbj0SwrczfOt,-15428,-7100,-5066,2005-02-21 04:22:32.000,-953.0000
3,50,1389,2753,2,13,54,28759#pZ4ohn9epDzxMJDiD,20110,20314,-30323,2019-05-20 19:44:21.000,-20475.0000
4,1244,1025,500,1,6,64,12054#LtRGL6KeQnGCAygBx,38461,-19444,20181,2009-05-07 04:12:48.000,12107.0000
5,1259,104,1053,1,13,65,41062#QcKD7idYeJwFKxWR5,-44112,-2649,37809,2007-10-14 15:12:53.000,7761.0000
6,1424,2526,1689,2,10,33,48087#7kvhOF4Hfvxegxdxg,42281,-91,-36066,2017-07-25 23:44:59.000,4292.0000
7,1582,817,4337,2,9,16,38408#MXQDWHqzKG1rwW7WQ,14101,-36605,36995,2000-10-07 04:43:09.000,76076.2000
8,2407,1253,4261,1,14,16,47548#VEgPHxhdtAtOcYoaS,58114,-29408,59709,2013-02-12 03:43:10.000,-10161.4400
9,1266,1704,3239,1,14,62,23686#MjtN47GFUQ3MQbCxn,25572,4889,52024,2003-10-17 01:23:52.000,68083.5000
10,782,533,2303,3,12,27,20691#tqVxldxyYMdOtvNpt,599,-53562,-92661,2005-06-13 08:40:41.000,104591.0000
11,722,1033,609,3,11,58,17758#EeVueR9UpYrGhYWJL,106194,114998,26197,2002-11-29 10:41:33.000,65477.0000
12,894,852,1038,2,11,12,52015#4tm3e5qsuTu8AUgdD,113085,20561,28860,2014-08-09 16:51:42.000,-44241.0000
13,233,2637,2709,3,13,13,35543#lMkyFZ1zSSoVOF0Wt,37138,-113527,-124640,2007-07-01 15:31:11.000,92335.8100
14,207,2467,3854,2,1,24,124865#r4hF4JNJi7Bp5HmCU,94430,-2314,31160,2016-08-26 21:28:31.000,-90559.0000
15,432,1992,3807,2,6,62,80787#lnQ2sVhhLr4x545fT,-123148,-49544,-85381,2002-06-24 20:09:29.000,99924.5000
16,226,804,3098,3,2,49,48672#kpD1rRVmEn6MkPrIl,81358,154805,-158794,2010-02-25 10:42:32.000,-32833.9200
17,1867,1209,990,2,7,63,137104#j3ozcHBJaLwwadJUI,105300,143190,-7315,2017-05-10 13:37:41.000,91359.5400
18,429,2588,3618,2,2,71,42867#JFtN7D7ZnL5DUobDR,56380,61652,-169492,2017-07-24 04:15:32.000,169324.0000
19,1873,963,250,1,13,15,139985#tG8175VUPfbpaRCNb,-139225,-108013,-98474,2003-09-20 05:59:44.000,40823.0000
20,116,1857,304,1,10,15,129716#qIR7fq3nUIYmJxJaj,-45565,194853,-1150,2002-08-21 20:29:25.000,-149392.0000
21,243,867,3330,1,14,72,126006#Od9RL6WaYjwZdGYR7,-36204,-187376,138740,2001-01-27 23:40:35.000,29023.5200
22,1418,489,1758,2,13,45,32007#Sx2RvUIWPE3HvGmZI,-82220,159358,-162458,2010-08-11 21:37:22.000,-56300.0000
23,621,435,4080,2,11,4,184324#Nqbl9R6H7AeQltLnm,145577,-188322,105346,2011-12-12 19:53:38.000,8148.0000
24,1953,1620,3805,1,9,55,14405#GAbrNPdjQD6tWx3Pb,188733,230942,-105480,2008-02-01 03:46:51.000,-211636.0000
25,1645,1593,3819,2,10,20,116001#N5ruxjilbmulBCBgT,-235591,-58336,206050,2004-11-26 04:05:50.000,38551.5000
26,741,1876,1135,1,9,57,202764#jLTHlAGBqTDFVkS57,-42499,-160447,266540,2014-04-19 14:12:31.000,-61093.5000
27,1793,1142,1569,3,4,31,54109#9og9U397BmrEl2kCW,-63229,122482,264860,2011-03-25 03:07:28.000,-44607.6400
28,853,1291,2984,2,11,58,158986#e6wSVOkR6IktZuwZV,23967,101715,-60709,2001-03-31 00:14:55.000,52700.0000
29,525,1976,555,3,11,3,20232#VTI7S7Jq9uG7rUM2d,242905,-126536,-27059,2012-07-29 15:14:40.000,-97426.5000
30,553,2605,3887,1,11,19,41293#64wcGLNv0yUnV9jh6,-156235,-256223,4666,2007-04-15 09:55:38.000,142704.0000
31,1616,2720,2010,2,6,62,90961#DpGilemvZrwOVsbLo,263250,189464,-119665,2002-02-09 17:38:38.000,-247622.7500
32,23,2724,4258,1,3,20,177525#XG6G1kfeQ5l9d0pbb,315001,49046,119404,2001-11-19 10:02:38.000,20760.0000
33,1039,21,1089,1,12,18,198232#VTI7S7Jq9uG7rUM2d,-106639,-260874,117779,2004-01-23 06:07:32.000,214642.0000
34,597,2674,578,1,4,31,310323#ryqkZlVKSTl8zNr4M,321650,157555,-174908,2009-10-18 00:37:14.000,-83904.0000
35,794,842,3556,2,5,53,333549#tR8I3VcJvH72hfz6W,310120,303234,-14313,2014-05-05 21:55:56.000,-7832.0000
36,717,362,3214,2,11,22,110238#Yi3WkvQi4BkR2PIA4,41470,-127445,191641,2018-05-05 00:12:55.000,-12810.4800
37,2086,1473,757,3,5,7,333211#UuQPOwKn43zUC4EoC,85614,287612,-366842,2009-01-30 06:37:46.000,-282757.5000
38,2346,1321,1904,2,1,66,194892#WZ3qeDgubLK1lPYA0,-110369,47042,53968,2000-09-13 02:31:43.000,279614.0000
39,2151,1253,3362,3,10,22,97088#iPRa71et1uiJGn4fH,73526,-139830,-16993,2007-07-28 04:58:44.000,-94298.9300
40,2133,2654,861,3,9,47,181069#CF67SyuoNlPhpCTzU,40733,-289454,-218329,2003-11-07 02:38:54.000,-100876.0000
41,1173,1632,113,2,14,35,95757#yT5dmS2QRff6o1C28,-345562,-352961,-185656,2001-07-17 11:22:58.000,397182.5000
42,1807,2714,2425,3,10,3,29021#U3c6biAipYeqR1uYb,-359166,38109,-393487,2002-12-11 14:01:46.000,73665.0000
43,950,768,1335,2,2,53,371442#ENnY1ETEDsigdFssh,241689,-425644,398900,2000-12-08 01:23:20.000,91797.5000
44,1793,334,2614,3,13,44,95444#IaZWRCG6y37PzZcZW,-155801,416642,345293,2015-07-31 02:13:27.000,176144.0000
45,1390,2127,3526,3,11,7,108990#dqql63i8SLlxqRZmu,184004,149055,17374,2009-05-11 08:02:29.000,375158.5000
46,1620,278,1641,1,3,10,105551#7nPzVD8mSYsiRWnmx,77080,-324686,301165,2007-10-05 06:39:50.000,-84207.0000
47,2226,2406,1358,3,1,42,37226#J0Q96NFPbwg9ON5Kx,155938,-135053,-413643,2001-04-03 17:32:46.000,-241853.8800
48,1502,1772,4021,3,7,61,264726#Z5qNLVQXe3SZTFXIl,46208,337932,219943,2014-02-18 03:57:14.000,-192336.0000
49,836,1319,3040,3,9,19,423490#z2EdQMwVC5iC9eOra,206514,-38661,408290,2016-01-25 17:34:54.000,-265147.5000
50,959,1108,613,2,10,16,300057#LmXOx1lsKwBiaJy09,-186058,44946,33601,2015-07-12 08:29:02.000,-319338.0000
51,489,504,3603,3,13,47,51553#2B7nmeJSS5qdXimIY,-379451,-479870,-52583,2002-12-07 13:36:38.000,215621.2500
52,333,1672,746,1,11,37,175014#oKbZKFBbJvqwldIr2,-160665,-357993,-302982,2005-07-07 03:38:48.000,-148778.0000
53,561,2715,686,2,4,68,485170#lGlWyTGVN3GP6u2jB,242360,236216,-382218,2019-05-28 05:35:51.000,-349225.0000
54,2365,2074,787,2,4,27,129911#IlxGubpYTJk5SwLG5,416936,-138647,326254,2009-08-13 06:41:39.000,197782.0000
55,2252,333,3542,1,10,37,389776#YH6CPoOeSsvChImsJ,-528037,-26890,466558,2008-02-03 21:47:48.000,143611.0000
56,322,1758,3514,2,10,64,411552#0JVRBGAeeFBXxzdx0,403787,-33316,-307841,2017-08-18 20:25:25.000,54992.0000
57,2284,146,1912,2,12,54,268821#t98fhbdmusCM6EZNq,80151,-260501,308635,2001-04-01 02:18:54.000,564106.2000
58,1070,550,4320,2,8,46,333367#OFXYng6fT5GRixnTz,474282,-223961,457413,2013-04-17 07:38:43.000,-39970.4400
59,1503,722,1840,1,5,51,127368#n2hdVxnxWMvb4Rxpj,142747,26945,345352,2004-03-13 17:31:33.000,434058.5000
60,1011,834,3134,1,13,53,113001#N5ruxjilbmulBCBgT,-13575,-295207,-567959,2005-10-25 02:05:55.000,599666.0000
61,1969,1774,3393,2,6,58,62867#JFtN7D7ZnL5DUobDR,579094,602072,176574,2003-05-05 05:59:25.000,335027.0000
62,1846,2095,1413,1,1,68,256959#4Qhp7vBZNwedYJUHM,590393,136908,129902,2014-09-29 11:49:30.000,-265378.5000
63,885,1610,4378,1,6,53,170019#rogbIBo4TZL3JifDU,146163,-563355,-590895,2007-10-24 23:25:56.000,470304.3100
64,1356,2317,4273,3,10,23,559626#SK9Yg79PDVOHnVSZN,406580,-24843,161743,2016-09-28 03:11:29.000,-426784.0000
65,1114,500,901,3,13,15,317892#WZ3qeDgubLK1lPYA0,-508698,-235111,-381064,2002-12-02 21:02:17.000,445699.5000
66,2213,1015,1695,1,8,12,192617#pIFvFOH6lxXgfLH4T,339399,619609,-635430,2010-05-27 19:28:55.000,-139989.9200
67,415,2189,1676,2,2,47,537583#lA2bnzDottnyiZDxY,415532,561316,-24141,2017-06-05 11:06:35.000,353240.5400
68,2396,1798,2411,3,4,59,146445#8XREYLYVZ3Fjxk5Kq,194055,245960,-646738,2017-08-17 05:26:25.000,626824.0000
69,2134,1563,4015,2,6,68,494938#hBJA3sXXX22le2wzY,-527425,-394566,-376355,2004-02-17 07:56:53.000,171073.0000
70,899,1997,3287,3,5,14,437579#V06NoHMlMYfrXx9cQ,-135708,693762,3478,2003-01-28 20:17:12.000,-514592.0000
71,1637,762,1835,3,8,54,419588#Q52NMHvsZK2joEN1M,-139742,-611888,490660,2001-07-21 07:13:32.000,104679.5200
72,472,1787,412,3,3,37,92912#tUD7cizAhw2B643Ro,-283770,511493,-539957,2010-11-07 08:38:31.000,-181600.0000
73,1811,2573,2814,3,7,45,563507#s8DB2TfqVRyLD1Eyr,445140,-589341,347049,2012-02-26 03:29:49.000,4348.0000
74,792,2205,4355,2,5,64,42767#aGphL9VxWLOOhxjQA,568983,707870,-339881,2008-05-21 18:16:02.000,-639811.0000
75,1890,2176,3439,2,1,58,341603#4rgQqCMsBhEp06KYn,-690291,-185114,603449,2005-04-14 21:06:10.000,113926.5000
76,1656,2104,2808,3,3,30,586384#v36r03KM9NM6MP490,-112649,-471703,765377,2014-06-12 13:00:33.000,-168181.0000
77,123,2207,482,1,10,19,136685#aT3qAtWykvky5fKny,-192766,363839,762282,2011-06-15 04:07:25.000,-144073.6400
78,1481,1860,1231,2,6,48,426428#A0OgAQC7loZZTGLuh,56867,278271,-152550,2001-09-20 09:11:31.000,130750.0000
79,583,2095,151,1,8,60,44559#QRMhC0Nk9B77A9IQC,664755,-327780,-62988,2012-10-07 10:07:17.000,-252851.5000
80,1259,496,3038,1,5,42,96503#62U0X1PCnppkI09V9,-403129,-672859,18438,2007-08-11 15:52:56.000,386704.0000
81,1057,852,2129,2,8,46,232035#aDUViqse48VXUh7PS,679775,495882,-299573,2002-07-25 10:50:33.000,-657285.2500
82,1323,727,3285,2,7,1,442782#bdUxerpVWp5Sily1Q,802001,114001,303657,2002-05-06 06:48:06.000,45110.0000
83,1498,1149,746,1,3,59,494048#ZawYU4z55VBrkNIu8,-268851,-648190,306875,2004-06-19 06:05:19.000,546742.0000
84,2321,1781,205,3,11,45,762052#ucjDjkyO3j8d5PWWy,805650,390057,-441801,2010-01-21 11:49:26.000,-219904.0000
85,2155,2702,3055,2,7,17,809533#I4aPBCijRGiN5pKqp,741845,746387,-35994,2014-06-28 16:44:46.000,-31432.0000
86,2072,2339,153,1,9,30,249881#tvuP2AVN0vb2Gfl4t,99370,-303110,450902,2018-05-22 02:46:35.000,-20669.4800
87,56,1002,872,3,7,60,775939#2DlUag8H2Fhzl3uO4,199789,680479,-857336,2009-05-12 10:41:04.000,-651932.5000
88,1518,1015,2246,1,9,42,443213#jZOrC2qjt95C3dQMa,-243519,119736,126850,2001-03-11 08:32:12.000,652664.0000
89,2347,2633,4254,1,10,8,209466#hyEpx48QZChoElwOj,165076,-327073,-38174,2007-11-21 09:04:46.000,-203892.4300
90,1951,2544,2307,2,8,59,395769#nKkoQjshBUUzDj89M,84196,-641853,-489974,2004-04-05 13:46:25.000,-238951.0000
91,712,367,1944,1,9,67,204172#gDpCiFDXtz5Pt0qlt,-757337,-783690,-402694,2002-01-05 05:59:14.000,871307.5000
92,1032,1510,1411,1,6,33,52013#QE354JsJBH4M6so1v,-786872,88432,-871716,2003-05-19 12:48:45.000,158790.0000
93,2208,1411,1282,1,9,37,793668#SREh4coTimDEOYDqg,515264,-913222,851800,2001-06-03 14:12:35.000,207822.5000
94,2093,1948,695,3,6,13,200297#9von9yn6tRufPAxDS,-322001,895746,728871,2015-09-11 17:35:56.000,365444.0000
95,85,2582,552,2,4,11,229771#FLFKf6QSdJwYzTKhk,386379,320202,45609,2009-08-19 08:45:21.000,797583.5000
96,2358,1818,4267,1,4,15,218708#p6v8BjT76AUlaYXyf,151017,-683824,624178,2008-01-28 02:44:40.000,-165332.0000
97,2352,1772,651,2,13,59,68953#OvwkZrIPTNhLMMiR5,319513,-282360,-851836,2001-09-25 16:12:03.000,-496455.8800
98,2109,1510,2088,1,11,64,539452#q71oScdE2EfdaGNx2,93958,694215,458176,2014-04-15 05:50:27.000,-385986.0000
99,703,887,1597,3,10,69,855213#jZOrC2qjt95C3dQMa,420676,-88278,816813,2016-03-03 23:03:36.000,-529322.5000
100,2274,1072,3735,2,10,53,599984#SPyxY7dgek3J4ViOF,-367133,91026,59509,2015-08-24 14:21:12.000,-647188.0000
101,141,2641,1834,1,5,50,96622#oD420CqEMSXuCnmtz,-760568,-956628,-101146,2003-05-16 08:13:42.000,417508.7500
102,2402,52,1751,3,12,47,340598#f2F6g8fV00jnk61LR,-305903,-708885,-600898,2005-11-20 02:55:04.000,-296603.0000
103,1072,1314,3080,2,9,11,941580#vjBeVVte8OTHzlWLk,464610,452118,-734112,2019-06-04 15:27:21.000,-677975.0000
104,1059,395,1074,3,2,62,247769#nKkoQjshBUUzDj89M,795411,-257850,632328,2009-11-19 09:10:30.000,383457.0000
105,819,561,1570,1,8,9,738490#z2EdQMwVC5iC9eOra,-1011962,-51132,895308,2008-05-26 04:22:43.000,279461.0000
106,1647,991,878,2,10,23,775017#F7VPuWSjaNX6ARXmm,765293,-66542,-579616,2017-09-11 17:05:52.000,105692.0000
107,559,2202,3948,2,2,20,499233#cM8KIVCt8Gc5nkUM4,146201,-484396,580276,2001-09-23 23:54:39.000,1052136.2000
108,2160,2575,4379,3,2,4,619187#IIx5sLLFo7CghI1mB,890451,-418515,855117,2013-06-20 11:34:16.000,-69779.4400
109,1740,2468,441,1,10,40,231050#J7Zt8sYtBXyTfP65N,259922,49000,638679,2004-08-09 09:39:15.000,800033.5000
110,1240,1135,3965,1,13,7,205312#OsLITTW5w8r9QLeuq,-27750,-536853,-1043257,2006-03-07 19:31:09.000,1094741.0000
111,788,2515,1716,1,14,58,107977#Zaxm2YsSuycRtNvrG,1051994,1089146,326950,2003-10-09 01:17:17.000,604577.0000
112,371,609,1788,3,4,52,461903#89RdB4XfzhMUNozwd,1067702,253254,230943,2014-11-19 06:47:19.000,-486516.0000
113,1537,583,1586,1,13,20,304496#9PuJAqHprQOVTo7ST,255188,-1013183,-1057150,2008-02-17 07:20:42.000,848272.8100
114,78,2167,231,1,5,22,994386#w06tl8zLQQaMVQHHJ,718730,-47372,292325,2016-10-30 08:54:26.000,-763009.0000
115,1796,1737,2456,1,6,40,554996#EV1OB9CRIB7lXms7F,-894248,-420678,-676748,2003-05-12 21:55:04.000,791474.5000
116,1772,1226,292,2,1,47,336562#bT2WLHeswGIjLNrLr,597439,1084413,-1112065,2010-08-27 04:15:17.000,-247145.9200
117,1390,441,2362,2,11,31,938062#QcKD7idYeJwFKxWR5,725765,979442,-40967,2017-07-01 08:35:28.000,615121.5400
118,1936,1008,1205,2,6,47,250024#B5n8ZLQlrhwUwoSfI,331730,430268,-1123985,2017-09-10 06:37:19.000,1084324.0000
119,2395,2163,3318,1,13,49,849892#WZ3qeDgubLK1lPYA0,-915625,-681118,-654237,2004-07-16 09:54:01.000,301323.0000
120,1682,2138,1810,2,14,13,745443#FHEgVY3aXOJ1R5UE9,-225852,1192670,8106,2003-07-07 20:04:59.000,-879792.0000
121,603,657,340,2,2,36,713171#zxo6xW6IvEH5QGypp,-243279,-1036400,842580,2002-01-11 14:46:29.000,180335.5200
122,1953,357,3528,2,8,29,153817#Y7N9F9FlhWxpGtuYd,-485320,863628,-917456,2011-02-02 19:39:40.000,-306900.0000
123,574,1983,1548,1,3,14,942691#tqVxldxyYMdOtvNpt,744702,-990360,588752,2012-05-11 11:06:01.000,548.0000
124,2058,63,444,2,2,1,71129#heOFRRiCu0QshOPgR,949233,1184798,-574283,2008-09-09 08:45:14.000,-1067986.0000
125,2135,31,3059,2,6,24,567206#h0i5o1UQI42pGFoNg,-1144991,-311892,1000849,2005-09-01 14:06:31.000,189301.5000
126,145,2332,20,2,11,3,970005#cK3MvlfYv72pBJtyp,-182799,-782959,1264213,2014-08-05 11:48:34.000,-275268.5000
127,879,543,3856,2,2,7,219262#Q1AcVafUrftFFs0PO,-322304,605196,1259704,2011-09-05 05:07:21.000,-243539.6400
128,2109,2429,3938,1,1,37,693870#111D5noIrHzyC90uA,89767,454828,-244392,2002-03-12 18:08:07.000,208800.0000
129,641,2214,4207,3,5,45,68886#wIDEPSxZ4np0QPuuq,1086605,-529024,-98918,2012-12-16 04:59:53.000,-408276.5000
130,1966,1115,2189,1,13,64,151713#vxhqv0NmwbIzdwjZF,-650022,-1089495,32211,2007-12-07 21:50:13.000,630704.0000
131,497,1712,2248,2,10,30,373108#ChDIu4RQ7zB1TEgHM,1096300,802301,-479480,2003-01-07 04:02:29.000,-1066947.7500
132,197,1458,2313,3,11,54,708039#OBeqbE2G0DXSYsoXB,1289001,178957,487910,2002-10-21 03:33:34.000,69460.0000
133,1957,2277,404,1,8,29,789864#4pkmlPqqIEfWhIWwd,-431064,-1035507,495972,2004-11-14 06:03:05.000,878842.0000
134,1618,888,4293,2,4,59,1213780#IYB0NPZ0Wzo0YGVZn,1289650,622558,-708695,2010-04-26 23:01:37.000,-355904.0000
135,1089,1834,2554,1,9,53,1285518#aJ00xRRsIFOd4kffX,1173570,1189540,-57674,2014-08-21 11:33:36.000,-55032.0000
136,999,1588,1553,2,7,38,389524#TLG0FxY6scQPdwUbx,157270,-478775,710162,2018-06-08 05:20:14.000,-28528.4800
137,453,531,987,3,9,41,1218667#5Tl0FxrYUjWIdjTwZ,313964,1073347,-1347830,2009-08-22 14:44:21.000,-1021107.5000
138,689,708,2587,3,3,18,691534#qdyVeNEBWIxwHj9ZL,-376669,192431,199731,2001-09-06 14:32:40.000,1025714.0000
139,116,1285,685,2,10,66,321845#ABvlKCf0TeAwULTWW,256626,-514316,-59354,2008-03-16 13:10:47.000,-313485.9300
140,1769,2434,3753,2,7,71,610470#wS14z4MucMJMloNhT,127658,-994252,-761620,2004-09-03 00:53:57.000,-377026.0000
141,251,1830,3775,3,4,27,312587#g7nXeQSvcg50dEZRK,-1169112,-1214419,-619732,2002-06-26 00:35:30.000,1345432.5000
142,257,305,397,3,2,64,75006#Od9RL6WaYjwZdGYR7,-1214578,138756,-1349945,2003-10-25 11:35:44.000,243915.0000
143,1039,2054,1229,3,1,21,1215895#K8HIGAwHLUqYuyjHq,788839,-1400801,1304701,2001-11-28 03:01:50.000,323847.5000
144,2394,834,3237,3,13,53,305149#zGasG7wsdRYg94pfD,-488201,1374850,1112449,2015-10-24 08:58:25.000,554744.0000
145,1207,309,2039,1,11,16,350553#2B7nmeJSS5qdXimIY,588754,491350,73845,2009-11-27 09:28:12.000,1220008.5000
146,669,630,2432,3,5,20,331864#4pkmlPqqIEfWhIWwd,224955,-1042962,947190,2008-05-21 22:49:29.000,-246457.0000
147,52,1138,4405,1,11,4,100680#pBDWl477oz3E1Vr4B,483089,-429668,-1290029,2002-03-19 14:51:21.000,-751057.8800
148,288,1247,155,2,1,67,814178#0X4BpyYL7meIWBk6L,141708,1050497,696410,2014-06-10 07:43:40.000,-579636.0000
149,569,454,154,3,11,47,1286937#QZ1VpkYjDJsepsqOp,634839,-137895,1225335,2016-04-11 04:32:18.000,-793497.5000
150,1162,1036,2396,2,10,18,899911#IlxGubpYTJk5SwLG5,-548208,137107,85418,2015-10-06 20:13:22.000,-975038.0000
151,2220,2049,65,2,11,53,141691#tqVxldxyYMdOtvNpt,-1141685,-1433386,-149709,2003-10-23 02:50:47.000,619396.2500
152,2044,1161,2756,2,13,57,506181#plhWgLvkqc9jffvJA,-451140,-1059778,-898814,2006-04-05 02:11:20.000,-444428.0000
153,1583,2640,1013,2,14,25,1397991#yq1q8g3GTE4ElqW8c,686860,668020,-1086007,2019-06-12 01:18:51.000,-1006725.0000
154,2180,1444,1361,1,14,25,365626#SK9Yg79PDVOHnVSZN,1173886,-377053,938401,2010-02-25 11:39:21.000,569132.0000
155,1812,790,4059,1,5,53,1087204#f3UeUpmkbD39rXX3X,-1495887,-75373,1324057,2008-09-15 10:57:39.000,415311.0000
156,545,223,2703,2,10,54,1138482#Me3hA4uyapzNIwrS1,1126799,-99767,-851391,2017-10-05 13:46:18.000,156392.0000
157,1261,1531,1523,2,5,58,729646#10PrJO4HyyG9z75si,212251,-708292,851916,2002-03-18 21:30:25.000,1540166.2000
158,823,1872,4438,1,10,34,905006#Od9RL6WaYjwZdGYR7,1306619,-613068,1252821,2013-08-23 15:29:49.000,-99588.4400
159,1977,1486,3503,1,1,29,334732#qipBA5roX3WAvIMzQ,377097,71056,932007,2005-01-05 01:46:57.000,1166008.5000
160,1469,1436,335,2,14,33,297622#oD420CqEMSXuCnmtz,-41925,-778498,-1518555,2006-07-19 12:56:23.000,1589816.0000
161,2035,528,39,3,9,58,153086#WipBPyiCOui6OfjCl,1524894,1576220,477327,2004-03-13 20:35:09.000,874127.0000
162,1323,1852,2163,2,8,36,666847#E8lNLdImiBkqJ1Cwa,1545010,369601,331985,2015-01-09 01:45:07.000,-707653.5000
163,2189,2284,3255,2,6,60,438972#Nt36S0LJjJcoLvY2f,364213,-1463011,-1523405,2008-06-11 15:15:28.000,1226241.3100
164,1227,2017,650,2,14,21,1429147#NXAPXqswNYiW3Z6oZ,1030880,-69901,422908,2016-12-01 14:37:23.000,-1099234.0000
165,51,245,4011,2,13,65,792101#ig2ePEspwPpFQ4tpW,-1279798,-606245,-972431,2003-10-20 22:47:52.000,1137249.5000
166,1332,1437,3350,3,7,10,480507#s8DB2TfqVRyLD1Eyr,855480,1549217,-1588701,2010-11-26 13:01:40.000,-354301.9200
167,2365,1421,3048,2,6,15,1338541#kP89fi7i5asgrL3Bn,1035997,1397568,-57793,2017-07-27 06:04:22.000,877002.5400
168,1476,218,4459,3,8,35,353602#zccU44YAmgCKYETlH,469405,614576,-1601231,2017-10-04 07:48:13.000,1541824.0000
169,229,35,2622,2,6,30,1204845#ABvlKCf0TeAwULTWW,-1303825,-967671,-932118,2004-12-13 11:51:10.000,431573.0000
170,38,2278,332,1,9,12,1053306#7FjxgW2xeubgaj7Cr,-315995,1691579,12735,2003-12-14 19:52:47.000,-1244992.0000
171,1997,552,3306,1,10,18,1006753#Pc2r8IVP20OssnQoo,-346817,-1460912,1194500,2002-07-04 22:19:26.000,255991.5200
172,1007,1655,2182,3,12,21,214722#PJH8ZtmjdetuDjNXD,-686870,1215763,-1294955,2011-05-01 06:40:49.000,-432200.0000
173,1764,1393,282,2,13,55,1321874#z4aGvOo5pphmVTKHf,1044265,-1391379,830455,2012-07-25 18:42:13.000,-3252.0000
174,897,648,994,3,12,10,99491#3FH79IFRCKZ9Ivrg9,1329483,1661726,-808684,2008-12-28 23:14:25.000,-1496161.0000
175,2380,614,2679,2,11,62,792808#CI74GUX7KcJFzXVx2,-1599691,-438670,1398248,2006-01-19 07:06:52.000,264676.5000
176,1060,2560,1693,1,5,48,1353625#nOKGiO4AkOYElySmj,-252949,-1094215,1763050,2014-09-28 10:36:35.000,-382356.0000
177,1636,1608,2769,3,8,67,301838#hb4lHT2WHTyx5DxwV,-451841,846553,1757126,2011-11-26 06:07:18.000,-343005.6400
178,310,270,2185,1,10,27,961312#OsLITTW5w8r9QLeuq,122667,631384,-336233,2002-09-02 03:04:43.000,286850.0000
179,699,2333,3803,1,2,30,93213#jZOrC2qjt95C3dQMa,1508455,-730268,-134847,2013-02-23 23:52:30.000,-563701.5000
180,245,1734,1340,1,7,15,206923#HEHUhqmSJPFwix0Qm,-896916,-1506131,45983,2008-04-04 03:47:31.000,874704.0000
181,2365,2572,2367,2,12,14,514182#pd1hDEYDJzTjQLOVP,1512825,1108719,-659388,2003-06-21 21:14:24.000,-1476610.2500
182,1497,2189,1340,1,1,35,973296#QudX0gPvWmg6xYhsV,1776001,243912,672163,2003-04-07 00:19:02.000,93810.0000
183,2416,677,61,1,13,70,1085680#pBDWl477oz3E1Vr4B,-593276,-1422823,685068,2005-04-11 06:00:52.000,1210942.0000
184,915,2723,3920,1,11,1,1665509#tOx8EG6DIO8THsFKc,1773650,855060,-975588,2010-07-31 10:13:48.000,-491904.0000
185,23,966,2053,1,11,17,1761502#HNJDlBxJaMwxqZgsJ,1605295,1632693,-79355,2014-10-14 06:22:26.000,-78632.0000
186,2354,837,2953,1,5,46,529167#oMMQyd6eduj9UG0Sg,215170,-654440,969423,2018-06-25 07:53:53.000,-36387.4800
187,850,60,1102,3,11,22,1661395#JWA6oJgBgKWdV0Yxi,428139,1466214,-1838324,2009-12-02 18:47:38.000,-1390282.5000
188,2288,402,2929,2,11,66,939855#1A94ZpMiNSo86LN3s,-509819,265125,272613,2002-03-04 20:33:09.000,1398764.0000
189,312,2665,1577,3,10,52,434223#5O4ya7EOBcvIjS82S,348176,-701559,-80535,2008-07-10 17:16:49.000,-423079.4300
190,1587,2324,738,1,6,11,825170#lGlWyTGVN3GP6u2jB,171121,-1346651,-1033265,2005-01-31 12:01:28.000,-515101.0000
191,2217,565,1145,2,13,59,421002#fo4HeD4UOPKFqf1W5,-1580887,-1645148,-836770,2002-12-14 19:11:46.000,1819557.5000
192,1909,1829,3844,1,12,22,97998#5milWjEFFcvuWpdl6,-1642284,189079,-1828174,2004-04-01 10:22:44.000,329040.0000
193,2297,2697,1176,2,8,5,1638121#yKGGwyCEqXc64qSlA,1062414,-1888379,1757601,2002-05-24 15:51:05.000,439872.5000
194,267,2448,1318,3,6,22,410002#fo4HeD4UOPKFqf1W5,-654401,1853954,1496027,2015-12-06 00:20:53.000,744044.0000
195,2329,764,3526,3,4,20,471334#053lWA9ElsmiwkTWr,791129,662497,102080,2010-03-07 10:11:04.000,1642433.5000
196,1407,2170,597,3,6,25,445021#U3c6biAipYeqR1uYb,298892,-1402100,1270203,2008-09-13 18:54:19.000,-327582.0000
197,178,504,3698,3,9,21,132407#P2gDD0UQuhOMVonI7,646664,-576975,-1728222,2002-09-10 13:30:38.000,-1005659.8800
198,895,985,2683,3,5,70,1088904#ChsgIkT99zUMiXb9d,189458,1406780,934643,2014-08-05 09:36:54.000,-773286.0000
199,436,22,3172,3,12,25,1718660#O3kOycZWmUJmsysrk,849001,-187512,1633858,2016-05-19 10:01:00.000,-1057672.5000
200,50,1000,1057,2,10,55,1199838#hb4lHT2WHTyx5DxwV,-729283,183187,111326,2015-11-19 02:05:32.000,-1302888.0000
201,1872,1458,2757,3,3,56,186760#y6fqGua0Uxzs6lCLa,-1522802,-1910144,-198272,2004-03-30 21:27:52.000,821283.7500
202,1686,2269,3761,1,14,67,671765#SxOcgUP8pW3tdcDnu,-596378,-1410670,-1196730,2006-08-19 01:27:37.000,-592253.0000
203,2094,1239,3407,2,5,40,1854401#JJo0DWGXCp0kaeORz,909110,883922,-1437901,2019-06-19 11:10:20.000,-1335475.0000
204,874,2493,1648,2,12,60,483484#WOdPyQFLAR8pRoBES,1552361,-496256,1244475,2010-06-03 14:08:12.000,754807.0000
205,379,1018,2087,1,3,25,1435918#834a5fT9vZOJIdS03,-1979812,-99615,1752807,2009-01-05 17:32:34.000,551161.0000
206,1870,2184,67,2,10,13,1501947#L0dlRuxUvgGjBOpoV,1488305,-132993,-1123166,2017-10-29 10:26:45.000,207092.0000
207,1963,859,3559,2,9,24,960058#5RYGVztorr76J1LIp,278301,-932187,1123557,2002-09-10 19:06:10.000,2028196.2000
208,1913,1169,36,2,4,64,1190826#rosGjCaq9e6cEr362,1722788,-807622,1650525,2013-10-26 19:25:22.000,-129397.4400
209,2214,504,2104,1,6,18,438414#IxJSq87EROAWrUACt,494272,93111,1225334,2005-06-02 17:54:38.000,1531983.5000
210,1698,1737,1166,2,14,59,389933#IiPaULg8xNq9Uxh0G,-56100,-1020144,-1993853,2006-11-30 06:21:38.000,2084891.0000
211,854,1269,2823,2,3,58,198196#fBXsNPuTgL0c6gPFg,1997794,2063294,627703,2004-08-17 15:53:01.000,1143677.0000
212,2275,366,2538,1,11,20,871791#LaroJ8wyj5fvnAd0k,2022319,485947,433026,2015-02-28 20:42:55.000,-928791.0000
213,414,1257,463,2,13,27,573449#Hpg8ZWWJC9Dl5j6Wo,473238,-1912839,-1989660,2008-10-04 23:10:14.000,1604209.8100
214,2376,1867,1069,3,9,20,1863907#fAzkWwiIISbYMdCsM,1343030,-92430,553490,2017-01-02 20:20:20.000,-1435459.0000
215,733,1482,1105,3,6,18,1029205#MSUhJiKjR1Vy8MkXK,-1665348,-791812,-1268115,2004-03-29 23:40:39.000,1483024.5000
216,891,1648,1947,1,14,45,624452#q71oScdE2EfdaGNx2,1113520,2014021,-2065336,2011-02-25 21:48:03.000,-461457.9200
217,913,2401,3734,2,1,71,1739020#UTW5vJ2BXl6FrML1b,1346230,1815694,-74619,2017-08-22 03:33:15.000,1138883.5400
218,1016,2156,3253,2,10,23,457181#plhWgLvkqc9jffvJA,607080,798884,-2078478,2017-10-28 08:59:07.000,1999324.0000
219,490,635,1925,1,13,11,1559799#qhO8dnkoReJNFx16v,-1692025,-1254223,-1210000,2005-05-12 13:48:19.000,561823.0000
220,821,2419,3316,3,4,11,1361170#lGlWyTGVN3GP6u2jB,-406139,2190487,17363,2004-05-22 19:40:34.000,-1610192.0000
221,963,447,1811,3,4,72,1300336#f6cTE7rtSa8JwcmFP,-450354,-1885424,1546420,2002-12-26 05:52:24.000,331647.5200
222,61,225,837,2,3,13,275627#ey1EK40txeRHOtM2M,-888420,1567898,-1672454,2011-07-27 17:41:57.000,-557500.0000
223,527,803,3477,3,9,24,1701058#5RYGVztorr76J1LIp,1343827,-1792398,1072158,2012-10-09 02:18:24.000,-7052.0000
224,2163,1234,1544,3,9,19,127853#Nkxv3NZ3xvfn7Qq3f,1709733,2138654,-1043086,2009-04-18 13:43:36.000,-1924336.0000
225,198,1197,2299,2,2,28,1018411#6TfaKJFuH340gGvs6,-2054391,-565448,1795648,2006-06-08 00:07:13.000,340051.5000
226,1976,60,3366,3,13,21,1737246#TlkOarmCvofiDFjso,-323099,-1405471,2261886,2014-11-21 09:24:37.000,-489443.5000
227,2392,2672,1682,1,14,55,384415#xIGTIaBB4rYa8oU6F,-581379,1087910,2254548,2012-02-16 07:07:15.000,-442471.6400
228,938,839,431,3,5,16,1228754#N1NNx9k0UQaEsTMHx,155567,807941,-428075,2003-02-22 12:01:19.000,364900.0000
229,757,2452,3398,3,13,15,117540#y5e0HPYtYYRYYPsWJ,1930305,-931512,-170777,2013-05-04 18:45:07.000,-719126.5000
230,952,2353,491,1,1,37,262133#CZLT5Je4aAnuuPY5q,-1143809,-1922767,59756,2008-07-31 09:44:49.000,1118704.0000
231,1805,704,2486,2,14,70,655255#DF8FLEQjFrL4NUb13,1929350,1415138,-839295,2003-12-04 14:26:19.000,-1886272.7500
232,371,192,368,2,5,16,1238553#2B7nmeJSS5qdXimIY,2263001,308868,856416,2003-09-21 21:04:30.000,118160.0000
233,448,1805,4180,1,4,40,1381496#9PuJAqHprQOVTo7ST,-755489,-1810140,874165,2005-09-06 05:58:38.000,1543042.0000
234,212,1830,3547,3,4,15,2117237#X3DUk1xKrI4fZbwBY,2257650,1087561,-1242482,2010-11-03 21:25:59.000,-627904.0000
235,1384,98,1552,3,13,53,2237487#BuxaSXEMIdfyFDXtc,2037020,2075846,-101035,2014-12-07 01:11:17.000,-102232.0000
236,1281,86,4353,2,3,54,668810#kefdoWuqWYKjfEUXC,273070,-830105,1228683,2018-07-12 10:27:32.000,-44246.4800
237,1247,2317,1217,3,13,3,2104123#JW0zOKgTNzBHfVXA9,542314,1859082,-2328818,2010-03-14 22:50:55.000,-1759457.5000
238,1459,95,3270,1,5,42,1188176#jCulZxxQEqBy2JRFF,-642969,337820,345494,2002-08-31 02:33:38.000,1771814.0000
239,508,1317,2469,1,10,38,546602#zccU44YAmgCKYETlH,439726,-888802,-101715,2008-11-03 21:22:50.000,-532672.9300
240,1405,2214,2184,1,5,23,1039871#Y14Rj3rZvXBLb9zvk,214583,-1699050,-1304911,2005-06-30 23:09:00.000,-653176.0000
241,1756,2028,2976,1,8,19,529417#KSfprGKwJ41zIve0d,-1992662,-2075877,-1053808,2003-06-04 13:48:02.000,2293682.5000
242,1134,624,2830,3,8,53,120991#yq1q8g3GTE4ElqW8c,-2069990,239403,-2306403,2004-09-07 09:09:43.000,414165.0000
243,1128,612,1123,1,14,61,2060348#kpD3RNvJ7bV8MvWZT,1335989,-2375958,2210502,2002-11-18 04:40:21.000,555897.5000
244,568,1334,3860,3,13,62,514854#9H4UyzXZOseQcPqtN,-820601,2333058,1879605,2016-01-17 15:43:22.000,933344.0000
245,1024,1219,552,2,11,25,592116#bUplYND2e23TW2FjP,993504,833645,130316,2010-06-15 10:53:55.000,2064858.5000
246,2145,982,3223,2,7,30,558177#KEAs4H1Dpi27E22OA,372830,-1761238,1593215,2009-01-06 14:59:09.000,-408707.0000
247,305,2598,2991,2,7,38,164134#mxByK3ZmJQ2rF3QLM,810240,-724283,-2166415,2003-03-04 12:09:55.000,-1260261.8800
248,1501,722,750,1,9,1,1363630#SGQc6TiySdNVn6n9B,237208,1763062,1172877,2014-09-30 11:30:07.000,-966936.0000
249,302,2317,1729,3,13,3,2150384#v36r03KM9NM6MP490,1063164,-237129,2042380,2016-06-26 15:29:42.000,-1321847.5000
250,1365,964,4179,2,10,20,1499765#SxOcgUP8pW3tdcDnu,-910358,229268,137235,2016-01-01 07:57:42.000,-1630738.0000
251,1524,866,988,1,9,59,231829#5WXlxxtylVUTBEjc3,-1903919,-2386902,-246835,2004-09-06 16:04:56.000,1023171.2500
252,1328,650,305,3,1,5,837348#kpD3RNvJ7bV8MvWZT,-741615,-1761563,-1494646,2007-01-02 00:43:53.000,-740078.0000
253,178,2565,1340,2,10,54,2310812#GDkw8fZMg3vji2oLv,1131360,1099824,-1789796,2019-06-26 21:01:50.000,-1664225.0000
