697,50,3130695,2010-09-23 22:25:51.000,-4930998,-5380785,38.239,-2489062.620,-1825343,-536982.7,-785945,-3323128,3601764.7,-6884772,1431456.0
698,349,348220,2014-07-20 07:38:14.000,-6398079,-2593153,12.464,2760046.140,-3523262,4627245.5,-2780516,4098258,-1493974.2,3595769,-5933264.0
699,1391,3436267,2012-01-25 03:44:27.000,172958,-5061907,274.040,4220762.380,-3350551,2380653.8,111694,1867008,3610286.1,-3134767,-5037664.0
700,759,-1114151,2009-12-23 17:56:32.000,-3565773,-5055845,293.070,-3512204.000,5153090,-3587964.2,6066077,-5557035,5752714.5,-1988889,5374032.0
701,1339,6911128,2012-09-23 00:10:31.000,527362,-997661,326.680,6943390.840,-892928,3473245.8,-3431133,-3733144,3680005.4,-6750833,2431712.0
702,1907,-2216135,2020-01-14 15:53:23.000,-2082623,3691574,-67.600,-1390764.500,-4840599,-91095.98,-214382,-2213925,5830930.5,-1513745,2205184.0
703,7,4795198,2016-06-28 13:55:22.000,-3308659,-3365606,89.220,6249301.550,6053109,1728490.0,-1726565,-4768302,4676833.9,-4868633,4112176.0
704,76,-5519079,2009-07-14 15:34:03.000,4688629,-2411086,-156.900,2629004.240,3118462,-6089737.5,-2037305,1037575,-1497187.9,-3680839,-186640.0
705,2242,3726715,2011-04-14 11:25:09.000,2457711,3278918,182.700,6311413.250,-3121862,3860575.2,2006866,-5865845,4244764.6,5219033,1210144.0
706,683,-2258085,2008-01-24 01:28:41.000,-5518891,4302073,171.770,4238960.040,3895780,-3977195.0,2680573,-5520035,-3209230.6,2395211,-1201920.0
707,439,5930364,2019-06-30 09:45:36.000,-6219162,-3829818,174.990,-5341236.340,-5578928,-2810412.8,468450,233177,-4446483.5,2272646,6829552.0
708,1615,3357110,2020-02-29 10:24:12.000,-4217126,2685451,143.530,3814927.080,5655549,5183558.0,-3275871,-3314823,-4560509.8,-4411250,-5501200.0
709,1358,-3220220,2008-04-11 20:59:04.000,1555916,-4169824,243.260,345355.600,-2079987,6821497.5,-3748646,6059688,2257848.0,1987900,3890784.0
710,213,-97759,2011-09-23 02:45:54.000,3946216,2878511,136.210,-6487280.400,5723314,6465382.0,-2605142,4761913,-4302147.2,-809736,-6085152.0
711,1464,6904726,2010-08-11 04:29:09.000,-795820,-5263865,141.350,1435477.910,-4568284,-6179465.5,3375919,6047439,239721.8,-4281246,1038800.0
712,469,-918109,2008-10-07 01:59:43.000,2629023,-251906,-129.710,6096897.440,2393348,2483260.8,4582498,-5044962,-1217.7,-4559603,-2270832.0
713,2180,-5262023,2019-08-20 05:13:36.000,-3021253,-109827,-326.100,-6231514.500,4778044,-4526743.5,2641304,1542719,2682444.2,5729884,-5019392.0
714,1219,1218564,2013-10-07 12:45:39.000,3743232,-4955079,-117.530,-4999854.260,-1418227,-4791122.5,1090413,-6682532,-4930670.3,2047135,-3629968.0
715,2192,-785259,2011-11-23 18:04:34.000,2085731,-6841312,-4.015,1449832.650,-527717,-2396218.0,75202,-388485,2364903.6,4796909,-4566896.0
716,1633,5163390,2017-02-26 10:14:42.000,-1980651,-3233085,-263.670,-4550981.920,2347597,2882879.0,1967281,7008185,-3036747.2,-429043,1984016.0
717,1488,5523368,2010-05-06 01:24:34.000,-2743490,-6275003,167.150,218120.040,-1475507,-4038695.0,1638628,-3054437,-1998225.1,-4632285,4341888.0
718,2120,-4644949,2008-08-27 15:04:46.000,-5152924,627419,-20.580,-3668398.280,6972207,4659330.0,-927678,-4568205,-4147799.6,-3719691,2850688.0
719,1721,1191740,2016-12-03 03:22:29.000,-2616421,6440502,239.110,3794629.140,2095069,2177052.2,1817943,751678,4658854.4,865299,-6089680.0
720,1042,6602760,2012-08-30 12:19:50.000,4354774,5857319,78.010,6865352.000,-6755511,-6724198.0,-7032999,-2763166,-2967290.0,1202774,-129568.0
721,1971,-2571973,2018-03-31 09:56:34.000,-2534219,4801177,-95.320,2301622.910,4346595,4349127.5,4495082,5861440,-5745168.1,5222782,6022016.0
722,1462,244662,2014-10-11 12:50:37.000,3533359,3478935,155.550,2395619.960,2645741,1041633.5,3931050,-1620499,-6416569.3,2298158,-6175408.0
723,2303,2828993,2014-05-06 20:03:14.000,2761956,4374821,260.980,-1130344.290,-6056165,-1337648.9,-3517431,-969493,-607390.2,1416641,-4924240.0
724,1823,4881724,2011-08-29 02:59:58.000,-5622995,-3869577,-81.980,1744398.880,3750256,-3968363.8,2801439,-7148737,-2001102.2,6313401,-4333904.0
725,1280,-4995838,2011-10-27 02:34:34.000,2656443,1623184,-315.690,-6661008.250,1015375,3920645.8,1407261,767466,5940538.0,2761259,-3711440.0
726,742,-2740191,2019-07-25 01:50:52.000,-4316757,664918,279.180,-3006220.620,-5430582,5362704.0,6771268,2300361,580303.8,4574922,4685872.0
727,308,-6367214,2010-12-22 02:02:53.000,3697690,5815489,-198.870,-6308822.490,4772911,-4987678.0,2281202,-3705152,5393826.0,832376,1701488.0
728,2106,1527948,2020-01-03 23:32:17.000,7281485,-4738821,209.530,-5697893.360,2999672,5746339.0,-6933509,-5264386,1572592.3,4937232,1186208.0
729,265,4351209,2011-01-12 00:43:22.000,-648413,-5871528,-256.170,505406.250,5475579,-673831.6,-2549280,5818029,3237621.5,-6937783,1600864.0
730,597,3341217,2018-02-19 03:26:03.000,-239373,2975237,-95.690,-6017695.800,6001058,-1349433.9,3495150,-6264269,4647327.6,1255004,-4678096.0
731,1261,-5302316,2013-02-09 15:02:35.000,-990385,3022461,111.920,-4503521.500,4586404,-2686071.0,-1823253,4962054,-6520172.4,-3839432,-4398160.0
732,1852,6227502,2010-08-17 10:39:43.000,3435174,3717402,162.790,-3184652.440,-5438882,-4048226.0,-6563501,-2535087,-3116121.0,2974764,3738496.0
733,943,-3569375,2016-08-18 22:08:51.000,-2684773,2831363,-199.530,-5642735.500,3906705,6174044.5,-5396282,6742039,-5382777.5,-1122521,3297824.0
734,2334,-3905714,2010-07-12 06:24:45.000,-5497518,-3714384,-223.310,6106790.080,2262103,-2074836.8,-2804441,-1778038,1043725.8,1394235,-2485360.0
735,447,1867911,2015-02-06 13:03:48.000,-3526640,-672483,-115.140,551650.350,4176013,-3824800.5,-5733726,411681,-1329261.8,-942504,3419168.0
736,639,-487209,2016-09-02 19:27:06.000,6381381,3165502,20.616,-4401264.640,2967026,5683677.5,7237088,-5646400,-2865131.8,-6790677,-7085392.0
737,2298,1546312,2012-04-22 23:12:45.000,-1745190,2451896,143.260,5708778.940,-6516493,-5043321.0,-7242999,-245340,1070403.7,-1155134,6533872.0
738,1783,111418,2011-06-07 19:24:38.000,-3883636,-1739200,341.290,6953509.500,-183719,-184993.19,-5157132,2888518,5139566.9,3295919,5368672.0
739,2206,-7228157,2013-09-12 12:32:09.000,-3881062,-1794091,212.860,2805074.430,-2030435,-217017.38,438500,3509027,-4316645.1,-1447430,-4338656.0
740,1910,4894011,2017-01-11 11:27:56.000,1219863,-1535821,220.900,-2237485.800,6444450,304502.16,4475769,3241488,-2976104.8,4284411,-6399072.0
741,1837,-7071086,2012-06-01 14:17:12.000,327947,-2712649,-300.250,4498086.730,3439466,7373353.0,-7085723,726851,-4198316.8,-3312968,-727408.0
742,2371,6275472,2015-04-06 08:03:48.000,-7302879,5253393,40.298,-6127036.520,-5497935,2192471.0,-278728,3727742,-596363.3,2600782,-2804608.0
743,773,5468757,2016-02-25 11:40:14.000,2633129,4480101,-45.314,-2757029.500,807971,5100513.5,-4722221,-185634,2527547.8,611797,3726464.0
744,389,-1429398,2014-11-14 20:07:52.000,3305903,-3244380,152.640,3879935.920,-3028810,-3992661.0,5759767,1444495,5288791.3,2001787,3872256.0
745,1748,-4787837,2009-09-08 19:22:01.000,2051442,1478922,224.840,6384690.400,-4710551,414535.88,1939840,6628666,-6487648.2,-6243412,5116032.0
746,669,3207057,2020-01-18 12:17:21.000,3858726,2558241,-89.040,-4902933.780,4211476,559503.5,7253816,4245467,-849248.4,-1594180,-2561904.0
747,16,3354595,2011-02-20 05:25:44.000,-5284273,-5767189,41.589,-2667585.620,-1956330,-575382.7,-842935,-3561847,3860683.2,-7378309,1533856.0
748,1419,373795,2014-10-17 11:44:10.000,-6856404,-2778627,15.364,2958317.640,-3776325,4958445.5,-2979444,4391533,-1600535.7,3853157,-6358064.0
749,1944,3682492,2012-06-01 14:34:00.000,185901,-5423659,292.040,4522143.380,-3589776,2550253.8,119111,1999908,3868024.6,-3359542,-5397664.0
750,1812,-1194160,2010-06-03 06:51:43.000,-3820691,-5416391,316.070,-3763307.000,5520509,-3844764.2,6499705,-5954210,6164152.0,-2131601,5757232.0
751,2353,7403703,2013-01-19 05:03:54.000,564562,-1068526,348.680,7439132.840,-956241,3720445.8,-3675604,-3999294,3941998.4,-7232933,2605312.0
752,1715,-2374510,2020-01-17 07:10:01.000,-2231473,3954809,-72.600,-1489152.000,-5185099,-97495.98,-230157,-2371113,6246566.5,-1621445,2362784.0
753,1207,5135820,2016-08-26 09:07:43.000,-3543684,-3604769,95.220,6694144.050,6482934,1850890.0,-1849803,-5108002,5008870.4,-5215333,4404176.0
754,400,-5910704,2009-12-30 18:48:07.000,5021454,-2582556,-166.900,2815994.740,3340512,-6521737.5,-2181469,1111325,-1603672.4,-3942527,-199440.0
755,2235,3991265,2011-09-03 00:09:26.000,2632186,3511425,192.200,6758675.750,-3342750,4134175.2,2148616,-6282395,4545345.1,5588883,1295744.0
756,641,-2418285,2008-08-03 20:43:57.000,-5909404,4606203,186.270,4539877.040,4171373,-4258795.0,2869829,-5910435,-3436550.1,2564261,-1286720.0
757,1050,6349464,2019-07-11 16:22:04.000,-6659687,-4101222,187.990,-5718717.340,-5973103,-3009612.8,501850,249043,-4761127.0,2433921,7312752.0
758,2147,3594460,2020-03-01 02:10:00.000,-4514301,2875024,155.530,4084227.580,6054274,5549158.0,-3507302,-3549110,-4883255.8,-4723250,-5890000.0
759,554,-3446770,2008-10-18 17:53:13.000,1665916,-4463828,257.760,369775.600,-2226037,7302297.5,-4012478,6486338,2417054.0,2128088,4165184.0
760,1954,-104584,2012-02-05 05:04:02.000,4224291,3080539,145.710,-6943662.400,6126028,6921382.0,-2788218,5096738,-4604829.7,-866311,-6513952.0
761,420,7390826,2011-01-11 05:08:34.000,-851195,-5634723,152.850,1536818.410,-4889725,-6614665.5,3613245,6472195,256127.3,-4581921,1112400.0
762,1873,-982684,2009-04-07 15:54:56.000,2813023,-270019,-139.710,6525278.440,2560732,2657660.8,4904148,-5399124,-1007.2,-4879353,-2430832.0
763,1201,-5631523,2019-08-29 07:54:36.000,-3232803,-117949,-346.100,-6667839.500,5113144,-4844343.5,2825855,1650269,2870869.7,6131934,-5371392.0
764,1891,1303251,2014-01-18 11:08:41.000,4005857,-5302330,-127.530,-5349908.760,-1517102,-5127122.5,1166731,-7150032,-5276257.3,2189910,-3883568.0
765,264,-840134,2012-04-04 17:45:40.000,2232081,-7319627,-1.465,1551178.150,-564183,-2564218.0,80304,-415185,2530201.6,5132009,-4886096.0
766,148,5523690,2017-04-16 05:54:55.000,-2119439,-3459492,-283.670,-4869087.920,2512047,3084479.0,2104344,7498210,-3249141.2,-458918,2122416.0
767,1386,5908443,2010-10-11 03:44:35.000,-2935002,-6712290,175.650,233826.040,-1578983,-4320295.0,1753588,-3266887,-2137253.6,-4955235,4644288.0
768,26,-4967724,2009-02-28 22:45:42.000,-5511899,671575,-24.580,-3923971.280,7458032,4984130.0,-992238,-4886127,-4436070.1,-3978816,3049888.0
769,392,1274290,2017-01-24 20:08:54.000,-2798421,6888304,257.610,4058932.140,2241019,2328252.2,1945037,803928,4983377.9,925036,-6512880.0
770,1117,7061773,2012-12-29 17:29:07.000,4657153,6264582,85.510,7342272.000,-7224411,-7190598.0,-7521458,-2954616,-3173916.0,1286249,-139168.0
771,1778,-2750948,2018-05-01 21:59:42.000,-2710319,5133840,-100.320,2461208.410,4647757,4650727.5,4806646,6267390,-6143457.1,5585482,6439616.0
772,2155,261137,2015-01-06 22:10:31.000,3777759,3719924,164.550,2561878.960,2829516,1114433.5,4203730,-1732886,-6860433.3,2457395,-6602608.0
773,504,3024718,2014-08-09 06:15:43.000,2953356,4676767,278.480,-1209055.790,-6475665,-1429648.9,-3760028,-1037168,-649834.7,1514966,-5264240.0
774,2287,5218949,2012-01-13 23:53:31.000,-6011558,-4136158,-84.480,1865479.880,4009494,-4241964.0,2994977,-7641893,-2139783.2,6749251,-4633104.0
775,2274,-5340038,2012-03-10 11:48:49.000,2839743,1734807,-335.690,-7119940.750,1085750,4191045.8,1505002,819991,6349862.5,2951234,-3967440.0
776,586,-2928641,2019-08-04 10:48:25.000,-4614382,710376,300.180,-3212689.120,-5805007,5732304.0,7237380,2459055,619623.3,4889722,5008272.0
777,843,-6804539,2011-05-20 09:29:50.000,3951490,6215320,-213.870,-6742715.990,5100623,-5330878.0,2437512,-3960027,5765092.5,889764,1819088.0
778,1685,1633073,2020-01-07 03:38:12.000,7781410,-5064531,226.530,-6089711.860,3206203,6140739.0,-7409382,-5626423,1680876.8,5276969,1267808.0
779,318,4648984,2011-06-09 16:13:46.000,-693313,-6274858,-271.170,540018.750,5850583,-720231.6,-2724808,6217754,3460077.5,-7413708,1710464.0
780,995,3569967,2018-03-24 16:26:50.000,-256173,3178480,-100.690,-6429898.800,6411983,-1442233.9,3734955,-6693956,4965528.6,1341060,-4998896.0
781,2125,-5665666,2013-06-04 18:39:20.000,-1058623,3228607,121.420,-4811346.500,4900267,-2870071.0,-1948521,5302029,-6966165.4,-4101583,-4698960.0
782,428,6653202,2011-01-20 01:15:21.000,3670324,3971312,171.790,-3402110.940,-5810332,-4324226.0,-7011707,-2708387,-3329385.5,3178314,3993696.0
783,833,-3813325,2016-10-16 00:11:22.000,-2868036,3024086,-214.530,-6027910.500,4173280,6595644.5,-5763855,7201814,-5750384.5,-1199396,3523424.0
784,866,-4172139,2010-12-16 18:21:19.000,-5872118,-3967092,-238.310,6522646.080,2416053,-2215636.8,-2995120,-1898726,1114808.8,1488904,-2654160.0
785,1800,1995386,2015-04-30 16:23:31.000,-3766712,-718793,-119.640,589278.350,4459688,-4084800.5,-6123833,439856,-1419440.8,-1006804,3651168.0
786,1764,-519818,2016-10-30 09:16:35.000,6815081,3381133,21.166,-4700076.640,3168951,6069277.5,7728405,-6030550,-3059526.3,-7251455,-7566192.0
787,158,1651337,2012-08-29 19:29:15.000,-1864078,2618528,154.260,6095509.940,-6959243,-5384921.0,-7733979,-262515,1142567.2,-1233034,6977072.0
788,1705,118568,2011-10-29 02:05:31.000,-4146411,-1857242,362.790,7425097.000,-196194,-196993.19,-5505870,3084893,5488276.4,3519144,5732672.0
789,795,-7717732,2013-12-27 21:04:41.000,-4143287,-1915475,227.360,2994867.930,-2167710,-231417.38,468325,3746364,-4608944.6,-1544980,-4632256.0
790,2123,5224311,2017-03-04 09:44:26.000,1302413,-1640173,234.400,-2388904.300,6879900,325302.16,4778037,3461038,-3177209.8,4573786,-6831872.0
791,2393,-7548874,2012-10-07 03:00:22.000,350635,-2895424,-320.250,4801613.230,3671641,7870953.0,-7564041,775976,-4482184.8,-3535893,-776208.0
792,568,6698994,2015-06-26 08:35:58.000,-7794379,5607524,44.748,-6539989.520,-5867785,2340471.0,-296930,3978692,-635908.3,2775932,-2993408.0
793,2326,5836500,2016-05-01 23:23:15.000,2809879,4781573,-45.319,-2941954.500,862771,5443713.5,-5039546,-197852,2697469.3,652797,3977664.0
794,1799,-1524973,2015-02-10 09:56:19.000,3528453,-3462136,160.140,4140107.420,-3232535,-4260661.0,6146951,1541945,5644801.8,2136824,4132256.0
795,1991,-5108887,2010-02-28 15:44:42.000,2189442,1578308,241.840,6813346.400,-5026401,442535.88,2070358,7072966,-6923376.2,-6662962,5460032.0
796,379,3421957,2020-01-21 01:54:45.000,4117126,2729590,-94.040,-5231380.280,4494251,597103.5,7740643,4529367,-906660.4,-1700505,-2733104.0
797,2380,3578495,2011-07-19 12:25:38.000,-5637548,-6153593,44.939,-2846108.620,-2087318,-613782.7,-899925,-3800565,4119601.7,-7871847,1636256.0
798,91,399370,2015-01-14 15:50:06.000,-7314729,-2964101,18.264,3156589.140,-4029387,5289645.5,-3178371,4684808,-1707097.2,4110544,-6782864.0
799,98,3928717,2012-10-08 01:23:32.000,198845,-5785411,310.040,4823524.380,-3829001,2719853.8,126528,2132808,4125763.1,-3584317,-5757664.0
800,467,-1274169,2010-11-11 19:46:54.000,-4075610,-5776938,339.070,-4014410.000,5887929,-4101564.2,6933332,-6351385,6575589.5,-2274314,6140432.0
801,970,7896278,2013-05-17 09:57:17.000,601762,-1139391,370.680,7934874.840,-1019553,3967645.8,-3920075,-4265444,4203991.4,-7715033,2778912.0
802,1522,-2532885,2020-01-19 22:26:39.000,-2380323,4218043,-77.600,-1587539.500,-5529599,-103895.98,-245933,-2528300,6662202.5,-1729145,2520384.0
803,9,5476441,2016-10-24 04:20:03.000,-3778709,-3843932,101.220,7138986.550,6912759,1973290.0,-1973040,-5447702,5340906.9,-5562033,4696176.0
804,724,-6302329,2010-06-17 22:02:10.000,5354279,-2754026,-176.900,3002985.240,3562562,-6953737.5,-2325632,1185075,-1710156.9,-4204214,-212240.0
805,2228,4255815,2012-01-22 12:53:43.000,2806661,3743932,201.700,7205938.250,-3563637,4407775.0,2290365,-6698945,4845925.6,5958733,1381344.0
806,599,-2578485,2009-02-12 15:59:13.000,-6299916,4910334,200.770,4840794.040,4446967,-4540395.0,3059084,-6300835,-3663869.6,2733311,-1371520.0
807,1662,6768564,2019-07-22 22:58:33.000,-7100212,-4372626,200.990,-6096198.340,-6367278,-3208812.8,535250,264908,-5075770.5,2595196,7795952.0
808,281,3831810,2020-03-01 17:55:47.000,-4811476,3064596,167.530,4353528.080,6452999,5914758.0,-3738733,-3783398,-5206001.8,-5035250,-6278800.0
809,2147,-3673320,2009-04-26 14:47:22.000,1775916,-4757832,272.260,394195.600,-2372087,7783097.5,-4276310,6912988,2576260.0,2268275,4439584.0
810,1298,-111409,2012-06-19 07:22:09.000,4502366,3282568,155.210,-7400044.400,6528742,7377382.0,-2971295,5431563,-4907512.2,-922886,-6942752.0
811,1774,7876926,2011-06-13 05:47:59.000,-906570,-6005581,164.350,1638158.910,-5211165,-7049865.5,3850572,6896951,272532.8,-4882596,1186000.0
812,879,-1047259,2009-10-07 05:50:08.000,2997023,-288133,-149.710,6953659.440,2728116,2832060.8,5225799,-5753287,-796.7,-5199103,-2590832.0
813,221,-6001023,2019-09-07 10:35:36.000,-3444353,-126071,-366.100,-7104164.500,5448244,-5161943.5,3010407,1757819,3059295.2,6533984,-5723392.0
814,165,1387939,2014-05-01 09:31:43.000,4268482,-5649582,-137.530,-5699963.260,-1615977,-5463122.5,1243048,-7617532,-5621844.3,2332685,-4137168.0
815,733,-895009,2012-08-15 17:26:46.000,2378431,-7797941,1.085,1652523.650,-600648,-2732218.0,85406,-441885,2695499.6,5467109,-5205296.0
816,1061,5883990,2017-06-04 01:35:08.000,-2258226,-3685898,-303.670,-5187193.920,2676497,3286079.0,2241406,7988235,-3461535.2,-488793,2260816.0
817,1284,6293518,2011-03-18 06:04:36.000,-3126515,-7149577,184.150,249532.040,-1682460,-4601895.0,1868547,-3479337,-2276282.1,-5278185,4946688.0
818,330,-5290499,2009-09-02 06:26:38.000,-5870874,715732,-28.580,-4179544.280,7943857,5308930.0,-1056799,-5204048,-4724340.6,-4237941,3249088.0
819,1461,1356840,2017-03-18 12:55:19.000,-2980421,7336105,276.110,4323235.140,2386969,2479452.2,2072130,856178,5307901.4,984774,-6936080.0
820,1192,7520785,2013-04-29 22:38:24.000,4959531,6671845,93.010,7819192.000,-7693311,-7656998.0,-8009916,-3146066,-3380542.0,1369725,-148768.0
821,1585,-2929923,2018-06-02 10:02:50.000,-2886419,5466504,-105.320,2620793.910,4948920,4952327.5,5118209,6673340,-6541746.1,5948182,6857216.0
822,450,277612,2015-04-04 07:30:26.000,4022159,3960913,173.550,2728137.960,3013291,1187233.5,4476411,-1845274,-7304297.3,2616633,-7029808.0
823,1103,3220443,2014-11-11 16:28:12.000,3144756,4978714,295.980,-1287767.290,-6895165,-1521648.9,-4002626,-1104844,-692279.2,1613291,-5604240.0
824,353,5556174,2012-05-30 20:47:05.000,-6400120,-4402740,-86.980,1986560.880,4268731,-4515564.0,3188516,-8135049,-2278464.2,7185101,-4932304.0
825,870,-5684238,2012-07-23 21:03:04.000,3023043,1846430,-355.690,-7578873.250,1156125,4461445.5,1602743,872516,6759187.0,3141209,-4223440.0
826,430,-3117091,2019-08-14 19:45:59.000,-4912007,755834,321.180,-3419157.620,-6179432,6101904.0,7703492,2617748,658942.8,5204522,5330672.0
827,1378,-7241864,2011-10-16 16:56:46.000,4205290,6615151,-228.870,-7176609.490,5428336,-5674078.0,2593821,-4214902,6136359.0,947151,1936688.0
828,1264,1738198,2020-01-10 07:44:08.000,8281335,-5390241,243.530,-6481530.360,3412734,6535139.0,-7885256,-5988461,1789161.3,5616707,1349408.0
829,371,4946759,2011-11-05 07:44:11.000,-738213,-6678187,-286.170,574631.250,6225588,-766631.6,-2900336,6617479,3682533.5,-7889633,1820064.0
830,1393,3798717,2018-04-27 05:27:37.000,-272973,3381723,-105.690,-6842101.800,6822908,-1535033.9,3974760,-7123644,5283729.6,1427116,-5319696.0
831,591,-6029016,2013-09-27 22:16:06.000,-1126860,3434753,130.920,-5119171.500,5214129,-3054071.0,-2073790,5642004,-7412158.4,-4363735,-4999760.0
832,1402,7078902,2011-06-24 15:50:58.000,3905474,4225223,180.790,-3619569.440,-6181782,-4600226.0,-7459913,-2881687,-3542650.0,3381864,4248896.0
833,723,-4057275,2016-12-13 02:13:52.000,-3051298,3216808,-229.530,-6413085.500,4439855,7017244.5,-6131428,7661589,-6117991.5,-1276271,3749024.0
834,1797,-4438564,2011-05-23 06:17:53.000,-6246718,-4219799,-253.310,6938502.080,2570003,-2356436.8,-3185800,-2019413,1185891.8,1583572,-2822960.0
835,756,2122861,2015-07-22 19:43:13.000,-4006783,-765104,-124.140,626906.350,4743363,-4344800.5,-6513940,468031,-1509619.8,-1071104,3883168.0
836,491,-552427,2016-12-26 23:06:05.000,7248781,3596765,21.716,-4998888.640,3370876,6454877.5,8219722,-6414700,-3253920.8,-7712233,-8046992.0
837,416,1756362,2013-01-05 15:45:45.000,-1982965,2785161,165.260,6482240.940,-7401993,-5726521.0,-8224959,-279690,1214730.7,-1310934,7420272.0
838,1628,125718,2012-03-20 08:46:25.000,-4409186,-1975284,384.290,7896684.500,-208669,-208993.19,-5854608,3281268,5836985.9,3742369,6096672.0
839,1782,-8207307,2014-04-13 05:37:13.000,-4405512,-2036859,241.860,3184661.430,-2304985,-245817.38,498150,3983702,-4901244.1,-1642530,-4925856.0
840,2335,5554611,2017-04-25 08:00:57.000,1384963,-1744526,247.900,-2540322.800,7315350,346102.16,5080304,3680588,-3378314.8,4863161,-7264672.0
841,551,-8026661,2013-02-11 15:43:32.000,373322,-3078199,-340.250,5105139.730,3903816,8368553.0,-8042360,825101,-4766052.8,-3758818,-825008.0
842,1163,7122515,2015-09-15 09:08:08.000,-8285879,5961654,49.198,-6952942.520,-6237635,2488471.0,-315133,4229642,-675453.3,2951082,-3182208.0
843,1481,6204244,2016-07-07 11:06:15.000,2986629,5083045,-45.324,-3126879.500,917571,5786913.5,-5356871,-210071,2867390.8,693797,4228864.0
844,811,-1620548,2015-05-08 23:44:46.000,3751003,-3679891,167.640,4400278.920,-3436260,-4528661.0,6534135,1639395,6000812.3,2271862,4392256.0
845,2233,-5429937,2010-08-20 12:07:23.000,2327442,1677695,258.840,7242002.400,-5342251,470535.88,2200876,7517266,-7359104.2,-7082512,5804032.0
846,89,3636857,2020-01-23 15:32:09.000,4375526,2900940,-99.040,-5559826.780,4777026,634703.5,8227470,4813267,-964072.4,-1806830,-2904304.0
847,2346,3802395,2011-12-15 19:25:31.000,-5990823,-6539997,48.289,-3024631.620,-2218305,-652182.7,-956915,-4039284,4378520.2,-8365384,1738656.0
848,1161,424945,2015-04-13 19:56:02.000,-7773054,-3149575,21.164,3354860.640,-4282450,5620845.5,-3377299,4978083,-1813658.7,4367932,-7207664.0
849,651,4174942,2013-02-13 12:13:05.000,211788,-6147163,328.040,5124905.380,-4068226,2889453.8,133945,2265708,4383501.6,-3809092,-6117664.0
850,1520,-1354178,2011-04-22 08:42:05.000,-4330528,-6137484,362.070,-4265513.000,6255348,-4358364.5,7366960,-6748560,6987027.0,-2417026,6523632.0
851,1984,8388853,2013-09-12 14:50:40.000,638962,-1210256,392.680,8430616.840,-1082866,4214846.0,-4164546,-4531594,4465984.4,-8197133,2952512.0
852,1330,-2691260,2020-01-22 13:43:17.000,-2529173,4481278,-82.600,-1685927.000,-5874099,-110295.98,-261708,-2685488,7077838.5,-1836845,2677984.0
853,1209,5817063,2016-12-21 23:32:24.000,-4013734,-4083095,107.220,7583829.050,7342584,2095690.0,-2096278,-5787402,5672943.4,-5908733,4988176.0
854,1048,-6693954,2010-12-04 01:16:14.000,5687104,-2925496,-186.900,3189975.740,3784612,-7385737.5,-2469796,1258825,-1816641.4,-4465902,-225040.0
855,2221,4520365,2012-06-12 01:38:00.000,2981136,3976439,211.200,7653200.750,-3784525,4681375.0,2432115,-7115495,5146506.1,6328583,1466944.0
856,557,-2738685,2009-08-24 11:14:28.000,-6690429,5214464,215.270,5141711.040,4722560,-4821995.0,3248340,-6691235,-3891189.1,2902361,-1456320.0
857,2273,7187664,2019-08-03 05:35:01.000,-7540737,-4644030,213.990,-6473679.340,-6761453,-3408012.8,568650,280774,-5390414.0,2756471,8279152.0
858,813,4069160,2020-03-02 09:41:35.000,-5108651,3254169,179.530,4622828.580,6851724,6280358.0,-3970164,-4017685,-5528747.8,-5347250,-6667600.0
859,1343,-3899870,2009-11-02 11:41:31.000,1885916,-5051836,286.760,418615.600,-2518137,8263897.5,-4540142,7339638,2735466.0,2408463,4713984.0
860,641,-118234,2012-11-01 09:40:16.000,4780441,3484596,164.710,-7856426.400,6931456,7833382.0,-3154371,5766388,-5210194.7,-979461,-7371552.0
861,730,8363026,2011-11-13 06:27:23.000,-961945,-6376439,175.850,1739499.410,-5532606,-7485065.5,4087898,7321707,288938.3,-5183271,1259600.0
862,2283,-1111834,2010-04-07 19:45:21.000,3181023,-306246,-159.710,7382040.440,2895500,3006460.8,5547449,-6107449,-586.2,-5518853,-2750832.0
863,1640,-6370523,2019-09-16 13:16:36.000,-3655903,-134193,-386.100,-7540489.500,5783344,-5479543.5,3194958,1865369,3247720.7,6936034,-6075392.0
864,837,1472626,2014-08-12 07:54:45.000,4531107,-5996833,-147.530,-6050017.760,-1714852,-5799122.5,1319366,-8085032,-5967431.3,2475460,-4390768.0
865,1203,-949884,2012-12-26 17:07:52.000,2524781,-8276256,3.635,1753869.150,-637114,-2900218.0,90508,-468585,2860797.6,5802209,-5524496.0
866,1974,6244290,2017-07-22 21:15:21.000,-2397014,-3912305,-323.670,-5505299.920,2840947,3487679.0,2378469,8478260,-3673929.2,-518668,2399216.0
867,1182,6678593,2011-08-23 08:24:36.000,-3318027,-7586864,192.650,265238.040,-1785936,-4883495.0,1983507,-3691787,-2415310.6,-5601135,5249088.0
868,634,-5613274,2010-03-06 14:07:34.000,-6229849,759888,-32.580,-4435117.280,8429682,5633730.0,-1121359,-5521970,-5012611.1,-4497066,3448288.0
869,132,1439390,2017-05-10 05:41:44.000,-3162421,7783907,294.610,4587538.140,2532919,2630652.2,2199224,908428,5632424.9,1044511,-7359280.0
870,1267,7979798,2013-08-29 03:47:42.000,5261910,7079108,100.510,8296112.000,-8162211,-8123398.0,-8498375,-3337516,-3587168.0,1453200,-158368.0
871,1392,-3108898,2018-07-03 22:05:58.000,-3062519,5799167,-110.320,2780379.410,5250082,5253927.5,5429773,7079290,-6940035.1,6310882,7274816.0
872,1143,294087,2015-06-30 16:50:20.000,4266559,4201902,182.550,2894396.960,3197066,1260033.5,4749091,-1957661,-7748161.3,2775870,-7457008.0
873,1702,3416168,2015-02-14 02:40:41.000,3336156,5280660,313.480,-1366478.790,-7314665,-1613648.9,-4245223,-1172519,-734723.7,1711616,-5944240.0
874,817,5893399,2012-10-15 17:40:38.000,-6788683,-4669321,-89.480,2107641.880,4527969,-4789164.0,3382054,-8628205,-2417145.2,7620951,-5231504.0
875,1864,-6028438,2012-12-06 06:17:19.000,3206343,1958053,-375.690,-8037805.750,1226500,4731845.5,1700484,925041,7168511.5,3331184,-4479440.0
876,274,-3305541,2019-08-25 04:43:32.000,-5209632,801292,342.180,-3625626.120,-6553857,6471504.0,8169604,2776442,698262.3,5519322,5653072.0
877,1913,-7679189,2012-03-14 00:23:43.000,4459090,7014982,-243.870,-7610502.990,5756048,-6017278.0,2750131,-4469777,6507625.5,1004539,2054288.0
878,843,1843323,2020-01-13 11:50:04.000,8781260,-5715951,260.530,-6873348.860,3619265,6929539.0,-8361129,-6350498,1897445.8,5956444,1431008.0
879,424,5244534,2012-04-01 23:14:36.000,-783113,-7081517,-301.170,609243.750,6600592,-813031.6,-3075864,7017204,3904989.5,-8365558,1929664.0
880,1791,4027467,2018-05-30 18:28:24.000,-289773,3584966,-110.690,-7254304.800,7233833,-1627833.9,4214565,-7553331,5601930.6,1513172,-5640496.0
881,1455,-6392366,2014-01-21 01:52:51.000,-1195098,3640899,140.420,-5426996.500,5527992,-3238071.0,-2199058,5981979,-7858151.4,-4625886,-5300560.0
882,2376,7504602,2011-11-27 06:26:35.000,4140624,4479133,189.790,-3837027.940,-6553232,-4876226.0,-7908119,-3054987,-3755914.5,3585414,4504096.0
883,613,-4301225,2017-02-09 04:16:23.000,-3234561,3409531,-244.530,-6798260.500,4706430,7438844.5,-6499001,8121364,-6485598.5,-1353146,3974624.0
884,329,-4704989,2011-10-27 18:14:27.000,-6621318,-4472507,-268.310,7354358.080,2723953,-2497236.8,-3376479,-2140101,1256974.8,1678241,-2991760.0
885,2109,2250336,2015-10-13 23:02:56.000,-4246855,-811414,-128.640,664534.350,5027038,-4604800.5,-6904047,496206,-1599798.8,-1135404,4115168.0
886,1616,-585036,2017-02-22 12:55:34.000,7682481,3812396,22.266,-5297700.640,3572801,6840477.5,8711039,-6798850,-3448315.3,-8173011,-8527792.0
887,674,1861387,2013-05-14 12:02:15.000,-2101853,2951793,176.260,6868971.940,-7844743,-6068121.0,-8715939,-296865,1286894.2,-1388834,7863472.0
888,1550,132868,2012-08-10 15:27:18.000,-4671961,-2093326,405.790,8368272.000,-221144,-220993.19,-6203346,3477643,6185695.4,3965594,6460672.0
889,371,-8696882,2014-07-28 14:09:44.000,-4667737,-2158243,256.360,3374454.930,-2442260,-260217.38,527975,4221039,-5193543.6,-1740080,-5219456.0
890,150,5884911,2017-06-16 06:17:28.000,1467513,-1848878,261.400,-2691741.300,7750800,366902.16,5382572,3900138,-3579419.8,5152536,-7697472.0
891,1107,-8504449,2013-06-19 04:26:41.000,396010,-3260974,-360.250,5408666.230,4135991,8866153.0,-8520678,874226,-5049920.8,-3981743,-873808.0
892,1758,7546037,2015-12-05 09:40:18.000,-8777379,6315785,53.648,-7365895.520,-6607485,2636471.0,-333335,4480592,-714998.3,3126232,-3371008.0
893,636,6571987,2016-09-11 22:49:16.000,3163379,5384517,-45.329,-3311804.500,972371,6130113.5,-5674196,-222289,3037312.3,734797,4480064.0
894,2221,-1716123,2015-08-04 13:33:12.000,3973553,-3897647,175.140,4660450.420,-3639985,-4796661.0,6921319,1736845,6356822.8,2406899,4652256.0
895,78,-5750987,2011-02-09 08:30:04.000,2465442,1777081,275.840,7670658.400,-5658101,498535.88,2331394,7961566,-7794832.2,-7502062,6148032.0
896,2197,3851757,2020-01-26 05:09:33.000,4633926,3072289,-104.040,-5888273.280,5059801,672303.5,8714297,5097167,-1021484.4,-1913155,-3075504.0
897,2312,4026295,2012-05-13 02:25:24.000,-6344098,-6926401,51.639,-3203154.620,-2349293,-690582.7,-1013905,-4278002,4637438.7,-8858922,1841056.0
898,2231,450520,2015-07-12 00:01:58.000,-8231379,-3335049,24.064,3553132.140,-4535512,5952045.5,-3576226,5271358,-1920220.2,4625319,-7632464.0
899,1203,4421167,2013-06-21 23:02:37.000,224732,-6508915,346.040,5426286.380,-4307451,3059053.8,141362,2398608,4641240.1,-4033867,-6477664.0
900,175,-1434187,2011-09-30 21:37:17.000,-4585447,-6498031,385.070,-4516616.000,6622768,-4615164.5,7800587,-7145735,7398464.5,-2559739,6906832.0
901,601,8881428,2014-01-08 19:44:03.000,676162,-1281121,414.680,8926358.840,-1146178,4462046.0,-4409017,-4797744,4727977.4,-8679233,3126112.0
902,1137,-2849635,2020-01-25 04:59:55.000,-2678023,4744512,-87.600,-1784314.500,-6218599,-116695.98,-277484,-2842675,7493474.5,-1944545,2835584.0
903,11,6157684,2017-02-18 18:44:45.000,-4248759,-4322258,113.220,8028671.550,7772409,2218090.0,-2219515,-6127102,6004979.9,-6255433,5280176.0
904,1372,-7085579,2011-05-22 04:30:18.000,6019929,-3096966,-196.900,3376966.240,4006662,-7817737.5,-2613959,1332575,-1923125.9,-4727589,-237840.0
905,2214,4784915,2012-10-31 14:22:16.000,3155611,4208946,220.700,8100463.250,-4005412,4954975.0,2573864,-7532045,5447086.6,6698433,1552544.0
906,515,-2898885,2010-03-05 06:29:44.000,-7080941,5518595,229.770,5442628.040,4998154,-5103595.0,3437595,-7081635,-4118508.6,3071411,-1541120.0
907,487,7606764,2019-08-14 12:11:29.000,-7981262,-4915434,226.990,-6851160.340,-7155628,-3607212.8,602050,296639,-5705057.5,2917746,8762352.0
908,1345,4306510,2020-03-03 01:27:23.000,-5405826,3443741,191.530,4892129.080,7250449,6645958.0,-4201595,-4251973,-5851493.8,-5659250,-7056400.0
909,538,-4126420,2010-05-11 08:35:40.000,1995916,-5345840,301.260,443035.600,-2664187,8744698.0,-4803974,7766288,2894672.0,2548650,4988384.0
910,2383,-125059,2013-03-16 11:58:24.000,5058516,3686625,174.210,-8312808.400,7334170,8289382.0,-3337448,6101213,-5512877.2,-1036036,-7800352.0
911,2084,8849126,2012-04-14 07:06:48.000,-1017320,-6747297,187.350,1840839.910,-5854046,-7920265.5,4325225,7746463,305343.8,-5483946,1333200.0
912,1289,-1176409,2010-10-07 09:40:33.000,3365023,-324360,-169.710,7810421.440,3062884,3180860.8,5869100,-6461612,-375.7,-5838603,-2910832.0
913,660,-6740023,2019-09-25 15:57:36.000,-3867453,-142315,-406.100,-7976814.500,6118444,-5797143.5,3379510,1972919,3436146.2,7338084,-6427392.0
914,1509,1557314,2014-11-23 06:17:47.000,4793732,-6344085,-157.530,-6400072.260,-1813727,-6135122.5,1395683,-8552532,-6313018.3,2618235,-4644368.0
915,1672,-1004759,2013-05-08 16:48:58.000,2671131,-8754570,6.185,1855214.650,-673579,-3068218.0,95610,-495285,3026095.6,6137309,-5843696.0
916,489,6604590,2017-09-09 16:55:34.000,-2535801,-4138711,-343.670,-5823405.920,3005397,3689279.0,2515531,8968285,-3886323.2,-548543,2537616.0
917,1080,7063668,2012-01-28 10:44:37.000,-3509540,-8024151,201.150,280944.040,-1889413,-5165095.0,2098466,-3904237,-2554339.1,-5924085,5551488.0
918,938,-5936049,2010-09-07 21:48:30.000,-6588824,804045,-36.580,-4690690.280,8915507,5958530.0,-1185920,-5839891,-5300881.6,-4756191,3647488.0
919,1201,1521940,2017-07-01 22:28:10.000,-3344421,8231708,313.110,4851841.140,2678869,2781852.2,2326317,960678,5956948.4,1104249,-7782480.0
920,1342,8438810,2013-12-28 08:56:59.000,5564288,7486371,108.010,8773032.000,-8631111,-8589798.0,-8986833,-3528966,-3793794.0,1536676,-167968.0
921,1199,-3287873,2018-08-04 10:09:06.000,-3238619,6131831,-115.320,2939964.910,5551245,5555527.5,5741336,7485240,-7338324.1,6673582,7692416.0
922,1836,310562,2015-09-26 02:10:14.000,4510959,4442891,191.550,3060655.960,3380841,1332833.5,5021772,-2070049,-8192025.3,2935108,-7884208.0
923,2301,3611893,2015-05-19 12:53:09.000,3527556,5582607,330.980,-1445190.290,-7734165,-1705648.9,-4487821,-1240195,-777168.2,1809941,-6284240.0
924,1281,6230624,2013-03-02 14:34:11.000,-7177245,-4935903,-91.980,2228722.880,4787206,-5062764.0,3575593,-9121361,-2555826.2,8056801,-5530704.0
925,460,-6372638,2013-04-20 15:31:34.000,3389643,2069676,-395.690,-8496738.250,1296875,5002245.5,1798225,977566,7577836.0,3521159,-4735440.0
926,118,-3493991,2019-09-04 13:41:06.000,-5507257,846750,363.180,-3832094.620,-6928282,6841104.0,8635716,2935135,737581.8,5834122,5975472.0
927,50,-8116514,2012-08-10 07:50:39.000,4712890,7414813,-258.870,-8044396.490,6083761,-6360478.0,2906440,-4724652,6878892.0,1061926,2171888.0
928,422,1948448,2020-01-16 15:56:00.000,9281185,-6041661,277.530,-7265167.360,3825796,7323939.0,-8837003,-6712536,2005730.3,6296182,1512608.0
