3900,3193,179,20013817,1.8965414E7,-2.775811034E7,-31578911,-4995826,-28683435.250,28265350
3901,1648,2385,-33842041,-3.7708264E7,1.491868272E7,30748621,-14344923,26847054.370,5698930
3902,1882,788,-31836564,-3557127.2,2.291369397E7,20763415,29449495,26111345.990,-32782832
3903,1251,1576,37864924,-3.115602E7,1.517721516E7,-23252098,8628241,5289746.280,-17610011
3904,4416,1184,-15679234,1.2676982E7,-1428236.48,14057748,-16319203,-33289884.980,-37588690
3905,2489,674,-26744663,-1.1363728E7,-3.829933578E7,-22127279,-7264459,165956.880,-30655345
3906,1557,1984,-25320761,7442141.5,-3.211914184E7,-34593936,23201276,19325980.200,-33933682
3907,1953,1422,37336298,1.6691408E7,-7073515.98,-9180106,-28109676,-19392234.120,11956525
3908,3151,90,-15936125,-3.1758228E7,2.882548607E7,-32972542,22868776,-10860080.590,-26152341
3909,528,1168,-28495368,-8129084.5,-1.212949235E7,20449547,-35868593,28862904.060,-24206787
3910,4312,768,-12868059,2.607997E7,-1.789931995E7,-28503092,25385971,-27371548.470,2382497
3911,4026,1469,14410935,-2.95955E7,2.552564108E7,-18231518,22232228,-29219253.180,18149729
3912,4495,2392,-16861270,-1.977451E7,-9193578.31,1845296,-38636255,-14886961.230,10951817
3913,1787,233,-29186014,-2.0353664E7,-3.744120861E7,6328859,-2641116,37417230.590,36597515
3914,1680,2174,14006982,3.1934516E7,6196833.69,-26776515,-35833167,-8886510.480,-24030452
3915,2450,582,14715009,-3.4197992E7,1.22244738E7,14187610,10766549,8868593.280,-21010400
3916,19,2201,5773339,-6956941.5,3.54542075E7,-33729045,-38720014,-10591672.490,-34019236
3917,541,73,14415209,3.0585758E7,-1.390809958E7,5684010,-28247456,4817940.730,12546201
3918,2812,458,-22393384,-2.6776662E7,2.300932662E7,-7490834,37948131,26142357.280,-4460163
3919,1629,994,7002591,-1.2855511E7,8581997.5,2325356,-17702330,-5853039.450,-23815931
3920,179,1145,-19855139,-4384510.0,8785791.34,30453368,35942473,9242983.330,28130670
3921,3060,805,10518507,-8211505.5,3.355430906E7,-3750916,-25738560,37192266.950,-21949180
3922,4019,849,23217955,-2.1781052E7,-2.747590605E7,22429677,-4448679,23560336.960,-19606026
3923,3517,2023,34505430,2.0969032E7,-3.590574511E7,-33578460,33353758,-37296282.270,31336482
3924,4568,69,-2814136,-3.5974736E7,-9861401.35,-37912849,14796149,-12324660.770,-16152223
3925,579,600,11736270,-5033562.0,-9920.06,36275218,34883270,-26144740.550,-32019391
3926,2971,1531,30225306,-1.8837878E7,-2.85834769E7,-38059947,-16164571,29798785.670,5864479
3927,3329,99,7788521,-9417677.0,3830257.31,12772299,37385774,-8059451.850,-8286563
3928,2106,610,-20869188,-1.5327784E7,-1194466.06,-20352872,-32095902,-23426717.260,37787819
3929,1759,1403,-24556247,2694839.2,-8870733.7,34008005,11128639,-29696671.900,33798048
3930,1619,259,-35427350,1.3078878E7,1.773465401E7,28121054,-9210995,17488972.990,22607284
3931,2957,350,-15563516,3.031245E7,-2.458668345E7,-22751541,36961120,34787683.620,-7306125
3932,3079,940,21374705,-9748054.0,-2.208985815E7,3006696,34288930,-34347783.470,39063368
3933,4009,2186,5821652,3.8570892E7,-3.80039216E7,4685942,-32824584,-2583460.180,4140558
3934,3930,1512,-33641621,-2.9524674E7,2.680997325E7,14425982,31167296,27514588.600,-8701682
3935,4099,2080,-35933705,2.5884944E7,3.916849212E7,13955566,33958794,-6336632.130,-37135518
3936,1566,5,14374239,1.3988989E7,1.675849062E7,651764,24712903,-19007320.520,4484139
3937,4399,1099,-25197151,-3.4402144E7,-8181067.54,3885046,37134732,-34199477.410,-10697748
3938,2900,2291,33235731,-2451527.5,-1949976.99,-14502783,-16454568,13566545.140,26026691
3939,1039,1318,-5764195,-3.8437904E7,2.080252737E7,-17522885,9336009,-29721146.200,-28198168
3940,847,1420,8782467,2.3712362E7,2.641323734E7,-24327130,-39166845,-38095897.880,33881542
3941,4149,833,9750923,-2023664.2,3.209849363E7,4051587,-17790801,3120006.520,-37900633
3942,1148,1723,-23835089,-1.740189E7,-6499123.22,-3480647,-36148327,7393054.180,8978671
3943,3032,1042,20622614,1.2989522E7,-3.709083022E7,-25975806,-15545738,-24512236.490,7179963
3944,2071,837,21705214,9273155.0,3.099180798E7,20132573,2275239,-33967680.100,37679448
3945,4288,882,16800865,1315838.6,-1.427137941E7,11374060,-18962165,21915793.660,18180452
3946,1737,1909,9867186,5104989.5,-1.767145898E7,14671414,13612600,25617490.550,-28388907
3947,1550,329,-12018102,1.9263934E7,2.872763808E7,1043071,-34834978,25751693.460,-28002254
3948,3736,426,-38087779,1.7299394E7,3.447976619E7,38449980,-27812001,-36254678.020,-11743917
3949,3566,2331,-28644913,-3.3421456E7,-2.722558418E7,17848148,11352268,13661528.520,-37500842
3950,13,1740,20270333,1.9208614E7,-2.811411034E7,-31983706,-5059963,-29051156.250,28627669
3951,4028,2278,-34275750,-3.8191464E7,1.510988272E7,31142702,-14528717,27191081.870,5771847
3952,1360,1374,-32244611,-3602727.2,2.320729397E7,21029490,29826820,26445879.990,-33202951
3953,223,1947,38349949,-3.155522E7,1.537161516E7,-23549880,8738828,5357535.280,-17835645
3954,1507,207,-15880157,1.2839382E7,-1446636.48,14237878,-16528090,-33716335.480,-38070144
3955,1723,1071,-27087024,-1.1509328E7,-3.878973578E7,-22410473,-7357484,168070.880,-31047916
3956,1441,21,-25644871,7537341.5,-3.253034184E7,-35036845,23498301,19573382.700,-34368167
3957,655,1662,37814092,1.6905008E7,-7163915.98,-9297686,-28469413,-19640367.620,12109458
3958,271,562,-16140064,-3.2164628E7,2.919428607E7,-33394287,23161251,-10999116.090,-26487068
3959,4492,445,-28859816,-8233084.5,-1.228469235E7,20711244,-36327331,29232149.560,-24516503
3960,1754,1484,-13032706,2.641357E7,-1.812811995E7,-28867563,25710580,-27721453.970,2412983
3961,2798,1744,14595173,-2.99739E7,2.585204108E7,-18464475,22516515,-29592750.680,18381698
3962,1606,758,-17076779,-2.002731E7,-9311178.31,1868778,-39130151,-15077238.730,11091895
3963,4505,2212,-29558916,-2.0613664E7,-3.791960861E7,6409817,-2674778,37895259.090,37065197
3964,4244,2026,14186029,3.2342516E7,6276033.69,-27118480,-36290917,-8999909.980,-24337346
3965,823,796,14902966,-3.4634792E7,1.23804738E7,14368894,10903936,8981953.780,-21278845
3966,562,2324,5846965,-7045741.5,3.59070075E7,-34159725,-39214357,-10726841.490,-34453494
3967,1261,2134,14599259,3.0976158E7,-1.408569958E7,5756539,-28607943,4879554.730,12706447
3968,1360,1818,-22679178,-2.7118262E7,2.330292662E7,-7586487,38432490,26475943.780,-4517087
3969,59,569,7091939,-1.3019511E7,8691597.5,2355110,-17928143,-5927797.950,-24119864
3970,3647,2267,-20108376,-4440510.0,8897791.34,30841839,36401045,9360958.330,28489400
3971,4017,840,10652522,-8316305.5,3.398230906E7,-3798748,-26066872,37666637.950,-22229085
3972,3729,151,23514043,-2.2058652E7,-2.782630605E7,22715572,-4505391,23860671.960,-19855950
3973,1769,979,34945148,2.1236232E7,-3.636334511E7,-34006544,33778870,-37771659.270,31735892
3974,2118,229,-2849887,-3.6433136E7,-9987001.35,-38396043,14984649,-12481770.770,-16357940
3975,1384,1091,11885741,-5097562.0,-9920.06,36737358,35327683,-26477858.550,-32427220
3976,3221,1816,30610214,-1.9077878E7,-2.89474769E7,-38544778,-16370433,30178315.670,5939086
3977,2796,131,7887697,-9537677.0,3879057.31,12934995,37861795,-8161991.850,-8391949
3978,3556,784,-21134941,-1.5522984E7,-1209666.06,-20611922,-32504497,-23724847.760,38268915
3979,1925,1065,-24868815,2729239.2,-8983533.7,34440716,11270193,-30074514.900,34228231
3980,2217,956,-35878024,1.3245278E7,1.796025401E7,28478926,-9328232,17711449.990,22894883
3981,825,2369,-15761373,3.069805E7,-2.489948345E7,-23040848,37431204,35230059.620,-7399138
3982,2239,428,21646574,-9872054.0,-2.237065815E7,3044905,34725030,-34784537.970,39560209
3983,2501,1433,5895754,3.9061292E7,-3.84871216E7,4745529,-33241802,-2616197.680,4193159
3984,3206,2216,-34069152,-2.9899874E7,2.715077325E7,14609246,31563351,27864207.600,-8812297
3985,3669,604,-36390406,2.6213744E7,3.966609212E7,14132892,34390219,-6417182.130,-37607319
3986,1006,654,14556827,1.4166589E7,1.697129062E7,660162,25026757,-19248896.020,4541171
3987,925,43,-25517041,-3.4838944E7,-8285067.54,3934308,37606438,-34633745.410,-10833605
3988,558,1294,33657745,-2482727.5,-1974776.99,-14686826,-16663568,13738770.640,26357043
3989,4114,2235,-5837383,-3.8925904E7,2.106652737E7,-17745211,9454622,-30098294.700,-28556121
3990,1753,1375,8893872,2.4013162E7,2.674843734E7,-24635899,-39663907,-38579437.880,34311429
3991,927,444,9874687,-2049264.2,3.250569363E7,4102932,-18016451,3159629.020,-38381602
3992,1885,1807,-24137415,-1.762269E7,-6581523.22,-3524816,-36606899,7486743.680,9092501
3993,1687,1945,20884080,1.3154322E7,-3.756123022E7,-26305181,-15742863,-24823145.990,7270918
3994,602,1435,21980506,9390755.0,3.138460798E7,20387808,2304201,-34398225.600,38157020
3995,3025,1387,17013683,1332638.6,-1.445217941E7,11518278,-19202536,22193676.160,18410798
3996,3852,2049,9992111,5169789.5,-1.789545898E7,14857195,13785000,25942130.550,-28748540
3997,444,1254,-12170358,1.9507934E7,2.909163808E7,1056213,-35276246,26077990.960,-28356919
3998,2138,1071,-38570261,1.7518594E7,3.491656619E7,38936913,-28164326,-36713891.020,-11892687
3999,1162,1350,-29007716,-3.3844656E7,-2.757038418E7,18074090,11496018,13834590.020,-37975664
4000,1478,903,20526849,1.9451814E7,-2.847011034E7,-32388500,-5124101,-29418877.250,28989988
4001,1763,2172,-34709459,-3.8674664E7,1.530108272E7,31536783,-14712510,27535109.370,5844763
4002,837,1961,-32652658,-3648327.2,2.350089397E7,21295565,30204145,26780413.990,-33623070
4003,3841,2319,38834975,-3.195442E7,1.556601516E7,-23847663,8849416,5425324.280,-18061279
4004,3243,1627,-16081080,1.3001782E7,-1465036.48,14418009,-16736978,-34142785.980,-38551598
4005,958,1469,-27429385,-1.1654928E7,-3.928013578E7,-22693667,-7450509,170184.880,-31440487
4006,1324,456,-25968981,7632541.5,-3.294154184E7,-35479753,23795326,19820785.200,-34802651
4007,4003,1901,38291887,1.7118608E7,-7254315.98,-9415267,-28829151,-19888501.120,12262390
4008,2036,1033,-16344003,-3.2571028E7,2.956308607E7,-33816032,23453726,-11138151.590,-26821796
4009,3811,2120,-29224264,-8337084.5,-1.243989235E7,20972942,-36786068,29601395.060,-24826219
4010,3842,2201,-13197353,2.674717E7,-1.835691995E7,-29232035,26035189,-28071359.470,2443470
4011,1571,2020,14779410,-3.03523E7,2.617844108E7,-18697432,22800803,-29966248.180,18613667
4012,3363,1521,-17292287,-2.028011E7,-9428778.31,1892260,-39624047,-15267516.230,11231973
4013,2577,1794,-29931818,-2.0873664E7,-3.839800861E7,6490776,-2708441,38373287.590,37532879
4014,2164,1878,14365076,3.2750516E7,6355233.69,-27460445,-36748667,-9113309.480,-24644240
4015,3842,1009,15090922,-3.5071592E7,1.25364738E7,14550178,11041324,9095314.280,-21547289
4016,1105,49,5920590,-7134541.5,3.63598075E7,-34590406,-39708701,-10862010.490,-34887752
4017,1981,1798,14783310,3.1366558E7,-1.426329958E7,5829068,-28968431,4941168.730,12866692
4018,4552,781,-22964972,-2.7459862E7,2.359652662E7,-7682140,38916849,26809530.280,-4574011
4019,3134,144,7181288,-1.3183511E7,8801197.5,2384863,-18153955,-6002556.450,-24423797
4020,2469,991,-20361613,-4496510.0,9009791.34,31230310,36859616,9478933.330,28848130
4021,329,874,10786537,-8421106.0,3.441030906E7,-3846580,-26395185,38141008.950,-22508990
4022,3439,1852,23810131,-2.2336252E7,-2.817670605E7,23001468,-4562104,24161006.960,-20105874
4023,22,2333,35384866,2.1503432E7,-3.682094511E7,-34434627,34203983,-38247036.270,32135301
4024,4313,388,-2885638,-3.6891536E7,-1.011260135E7,-38879236,15173149,-12638880.770,-16563657
4025,2189,1582,12035211,-5161562.0,-9920.06,37199498,35772095,-26810976.550,-32835048
4026,3471,2101,30995122,-1.9317878E7,-2.93114769E7,-39029608,-16576296,30557845.670,6013693
4027,2262,162,7986873,-9657677.0,3927857.31,13097691,38337816,-8264531.850,-8497334
4028,361,958,-21400694,-1.5718184E7,-1224866.06,-20870972,-32913092,-24022978.260,38750011
4029,2091,728,-25181383,2763639.2,-9096333.7,34873427,11411747,-30452357.900,34658415
4030,2814,1653,-36328697,1.3411678E7,1.818585401E7,28836797,-9445470,17933926.990,23182482
4031,3337,1990,-15959230,3.108365E7,-2.521228345E7,-23330156,37901288,35672435.620,-7492151
4032,1399,2314,21918443,-9996054.0,-2.265145815E7,3083115,35161130,-35221292.470,40057049
4033,994,680,5969856,3.9551692E7,-3.89703216E7,4805117,-33659021,-2648935.180,4245760
4034,2482,523,-34496684,-3.0275074E7,2.749157325E7,14792511,31959405,28213826.600,-8922912
4035,3239,1526,-36847107,2.6542544E7,4.016369212E7,14310218,34821644,-6497732.130,-38079120
4036,447,1303,14739414,1.4344189E7,1.718409062E7,668560,25340611,-19490471.520,4598202
4037,2097,1386,-25836931,-3.5275744E7,-8389067.54,3983570,38078144,-35068013.410,-10969461
4038,2860,297,34079760,-2513927.5,-1999576.99,-14870869,-16872568,13910996.140,26687396
4039,2544,754,-5910570,-3.9413904E7,2.133052737E7,-17967537,9573234,-30475443.200,-28914073
4040,2659,1330,9005277,2.4313962E7,2.708363734E7,-24944668,-40160970,-39062977.880,34741315
4041,2349,55,9998451,-2074864.2,3.291289363E7,4154277,-18242101,3199251.520,-38862571
4042,2621,1892,-24439740,-1.784349E7,-6663923.22,-3568984,-37065470,7580433.180,9206331
4043,342,450,21145545,1.3319122E7,-3.803163022E7,-26634556,-15939988,-25134055.490,7361873
4044,3778,2033,22255798,9508355.0,3.177740798E7,20643043,2333164,-34828771.100,38634593
4045,1763,1893,17226500,1349438.6,-1.463297941E7,11662497,-19442908,22471558.660,18641144
4046,1322,2188,10117036,5234589.5,-1.811945898E7,15042976,13957400,26266770.550,-29108173
4047,3983,2179,-12322614,1.9751934E7,2.945563808E7,1069354,-35717515,26404288.460,-28711584
4048,541,1717,-39052742,1.7737794E7,3.535336619E7,39423847,-28516651,-37173104.020,-12041458
4049,3403,369,-29370519,-3.4267856E7,-2.791518418E7,18300032,11639768,14007651.520,-38450486
4050,2943,66,20783365,1.9695014E7,-2.882611034E7,-32793295,-5188238,-29786598.250,29352307
4051,4143,2065,-35143168,-3.9157864E7,1.549228272E7,31930864,-14896304,27879136.870,5917680
4052,315,149,-33060705,-3693927.2,2.379449397E7,21561640,30581470,27114947.990,-34043189
4053,2813,292,39320000,-3.235362E7,1.576041516E7,-24145445,8960003,5493113.280,-18286913
4054,334,650,-16282003,1.3164182E7,-1483436.48,14598139,-16945865,-34569236.480,-39033052
4055,192,1866,-27771746,-1.1800528E7,-3.977053578E7,-22976861,-7543534,172298.880,-31833058
4056,1208,891,-26293091,7727741.5,-3.335274184E7,-35922662,24092351,20068187.700,-35237136
4057,2705,2141,38769681,1.7332208E7,-7344715.98,-9532847,-29188888,-20136634.620,12415323
4058,3801,1505,-16547942,-3.2977428E7,2.993188607E7,-34237777,23746201,-11277187.090,-27156523
4059,3130,1397,-29588712,-8441084.0,-1.259509235E7,21234639,-37244806,29970640.560,-25135935
4060,1284,519,-13362000,2.708077E7,-1.858571995E7,-29596506,26359798,-28421264.970,2473956
4061,343,2295,14963648,-3.07307E7,2.650484108E7,-18930389,23085090,-30339745.680,18845636
4062,474,2285,-17507796,-2.053291E7,-9546378.31,1915742,-40117943,-15457793.730,11372051
4063,650,1375,-30304720,-2.1133664E7,-3.887640861E7,6571734,-2742103,38851316.090,38000561
4064,83,1730,14544123,3.3158516E7,6434433.69,-27802410,-37206417,-9226708.980,-24951134
4065,2215,1223,15278879,-3.5508392E7,1.26924738E7,14731462,11178711,9208674.780,-21815734
4066,1648,172,5994216,-7223341.5,3.68126075E7,-35021086,-40203044,-10997179.490,-35322010
4067,2701,1461,14967360,3.1756958E7,-1.444089958E7,5901597,-29328918,5002782.730,13026938
4068,3100,2141,-23250766,-2.7801462E7,2.389012662E7,-7777793,39401208,27143116.780,-4630935
4069,1564,2117,7270636,-1.3347511E7,8910797.5,2414617,-18379768,-6077314.950,-24727730
4070,1292,2113,-20614850,-4552510.0,9121791.34,31618781,37318188,9596908.330,29206860
4071,1286,909,10920552,-8525906.0,3.483830906E7,-3894412,-26723497,38615379.950,-22788895
4072,3149,1154,24106219,-2.2613852E7,-2.852710605E7,23287363,-4618816,24461341.960,-20355798
4073,2919,1289,35824584,2.1770632E7,-3.727854511E7,-34862711,34629095,-38722413.270,32534711
4074,1863,548,-2921389,-3.7349936E7,-1.023820135E7,-39362430,15361649,-12795990.770,-16769374
4075,2994,2073,12184682,-5225562.0,-9920.06,37661638,36216508,-27144094.550,-33242877
4076,3721,2386,31380030,-1.9557878E7,-2.96754769E7,-39514439,-16782158,30937375.670,6088300
4077,1729,194,8086049,-9777677.0,3976657.31,13260387,38813837,-8367071.850,-8602720
4078,1811,1132,-21666447,-1.5913384E7,-1240066.06,-21130022,-33321687,-24321108.760,39231107
4079,2257,390,-25493951,2798039.2,-9209133.7,35306138,11553301,-30830200.900,35088598
4080,3412,2350,-36779371,1.3578078E7,1.841145401E7,29194669,-9562707,18156403.990,23470081
4081,1205,1611,-16157087,3.146925E7,-2.552508345E7,-23619463,38371372,36114811.620,-7585164
4082,559,1802,22190312,-1.0120054E7,-2.293225815E7,3121324,35597230,-35658046.970,40553890
4083,4131,2325,6043958,4.0042092E7,-3.94535216E7,4864704,-34076239,-2681672.680,4298361
4084,1758,1227,-34924215,-3.0650274E7,2.783237325E7,14975775,32355460,28563445.600,-9033527
4085,2809,50,-37303808,2.6871344E7,4.066129212E7,14487544,35253069,-6578282.130,-38550921
4086,4532,1952,14922002,1.4521789E7,1.739689062E7,676958,25654465,-19732047.020,4655234
4087,3268,330,-26156821,-3.5712544E7,-8493067.54,4032832,38549850,-35502281.410,-11105318
4088,518,1698,34501774,-2545127.5,-2024376.99,-15054912,-17081568,14083221.640,27017748
4089,974,1671,-5983758,-3.9901904E7,2.159452737E7,-18189863,9691847,-30852591.700,-29272026
4090,3565,1285,9116682,2.4614762E7,2.741883734E7,-25253437,-40658032,-39546517.880,35171202
4091,3772,2064,10122215,-2100464.2,3.332009363E7,4205622,-18467751,3238874.020,-39343540
4092,3358,1976,-24742066,-1.806429E7,-6746323.22,-3613153,-37524042,7674122.680,9320161
4093,3642,1353,21407011,1.3483922E7,-3.850203022E7,-26963931,-16137113,-25444964.990,7452828
4094,2309,233,22531090,9625955.0,3.217020798E7,20898278,2362126,-35259316.600,39112165
4095,500,2398,17439318,1366238.6,-1.481377941E7,11806715,-19683279,22749441.160,18871490
4096,3437,2328,10241961,5299389.5,-1.834345898E7,15228757,14129800,26591410.550,-29467806
4097,2877,706,-12474870,1.9995934E7,2.981963808E7,1082496,-36158783,26730585.960,-29066249
4098,3588,2362,-39535224,1.7956994E7,3.579016619E7,39910780,-28868976,-37632317.020,-12190228
4099,999,1786,-29733322,-3.4691056E7,-2.825998418E7,18525974,11783518,14180713.020,-38925308
4100,4408,1627,21039881,1.9938214E7,-2.918211034E7,-33198089,-5252376,-30154319.250,29714626
4101,1878,1959,-35576877,-3.9641064E7,1.568348272E7,32324945,-15080097,28223164.370,5990596
4102,4437,736,-33468752,-3739527.2,2.408809397E7,21827715,30958795,27449481.990,-34463308
4103,1786,664,39805026,-3.275282E7,1.595481516E7,-24443228,9070591,5560902.280,-18512547
4104,2070,2070,-16482926,1.3326582E7,-1501836.48,14778270,-17154753,-34995686.980,-39514506
4105,4072,2264,-28114107,-1.1946128E7,-4.026093578E7,-23260055,-7636559,174412.880,-32225629
4106,1091,1326,-26617201,7822941.5,-3.376394184E7,-36365570,24389376,20315590.200,-35671620
4107,1408,2380,39247476,1.7545808E7,-7435115.98,-9650428,-29548626,-20384768.120,12568255
4108,921,1976,-16751881,-3.3383828E7,3.030068607E7,-34659522,24038676,-11416222.590,-27491251
4109,2449,674,-29953160,-8545084.0,-1.275029235E7,21496337,-37703543,30339886.060,-25445651
4110,3372,1236,-13526647,2.741437E7,-1.881451995E7,-29960978,26684407,-28771170.470,2504443
4111,3761,173,15147885,-3.11091E7,2.683124108E7,-19163346,23369378,-30713243.180,19077605
4112,2231,650,-17723304,-2.078571E7,-9663978.31,1939224,-40611839,-15648071.230,11512129
4113,3367,957,-30677622,-2.1393664E7,-3.935480861E7,6652693,-2775766,39329344.590,38468243
4114,2648,1582,14723170,3.3566516E7,6513633.69,-28144375,-37664167,-9340108.480,-25258028
4115,589,1436,15466835,-3.5945192E7,1.28484738E7,14912746,11316099,9322035.280,-22084178
4116,2191,295,6067841,-7312141.5,3.72654075E7,-35451767,-40697388,-11132348.490,-35756268
4117,3421,1125,15151411,3.2147358E7,-1.461849958E7,5974126,-29689406,5064396.730,13187183
4118,1647,1104,-23536560,-2.8143062E7,2.418372662E7,-7873446,39885567,27476703.280,-4687859
4119,4639,1692,7359985,-1.3511511E7,9020397.5,2444370,-18605580,-6152073.450,-25031663
4120,114,837,-20868087,-4608510.0,9233791.34,32007252,37776759,9714883.330,29565590
4121,2243,943,11054567,-8630706.0,3.526630906E7,-3942244,-27051810,39089750.950,-23068800
4122,2859,457,24402307,-2.2891452E7,-2.887750605E7,23573259,-4675529,24761676.960,-20605722
4123,1172,245,36264302,2.2037832E7,-3.773614511E7,-35290794,35054208,-39197790.270,32934120
4124,4058,707,-2957140,-3.7808336E7,-1.036380135E7,-39845623,15550149,-12953100.770,-16975091
4125,3799,166,12334152,-5289562.0,-9920.06,38123778,36660920,-27477212.550,-33650705
4126,3971,273,31764938,-1.9797878E7,-3.00394769E7,-39999269,-16988021,31316905.670,6162907
4127,1195,225,8185225,-9897677.0,4025457.31,13423083,39289858,-8469611.850,-8708105
4128,3261,1306,-21932200,-1.6108584E7,-1255266.06,-21389072,-33730282,-24619239.260,39712203
4129,2423,53,-25806519,2832439.2,-9321933.7,35738849,11694855,-31208043.900,35518782
4130,4009,649,-37230044,1.3744478E7,1.863705401E7,29552540,-9679945,18378880.990,23757680
4131,3717,1232,-16354944,3.185485E7,-2.583788345E7,-23908771,38841456,36557187.620,-7678177
4132,4364,1290,22462181,-1.0244054E7,-2.321305815E7,3159534,36033330,-36094801.470,41050730
4133,2624,1572,6118060,4.0532492E7,-3.99367216E7,4924292,-34493458,-2714410.180,4350962
4134,1034,1932,-35351747,-3.1025474E7,2.817317325E7,15159040,32751514,28913064.600,-9144142
4135,2379,972,-37760509,2.7200144E7,4.115889212E7,14664870,35684494,-6658832.130,-39022722
4136,3973,203,15104589,1.4699389E7,1.760969062E7,685356,25968319,-19973622.520,4712265
4137,4440,1673,-26476711,-3.6149344E7,-8597067.54,4082094,39021556,-35936549.410,-11241174
4138,2820,701,34923789,-2576327.5,-2049176.99,-15238955,-17290568,14255447.140,27348101
4139,4049,190,-6056945,-4.0389904E7,2.185852737E7,-18412189,9810459,-31229740.200,-29629978
4140,4471,1240,9228087,2.4915562E7,2.775403734E7,-25562206,-41155095,-40030057.880,35601088
4141,549,1675,10245979,-2126064.2,3.372729363E7,4256967,-18693401,3278496.520,-39824509
4142,4094,2061,-25044391,-1.828509E7,-6828723.22,-3657321,-37982613,7767812.180,9433991
4143,2297,2256,21668476,1.3648722E7,-3.897243022E7,-27293306,-16334238,-25755874.490,7543783
4144,840,831,22806382,9743555.0,3.256300798E7,21153513,2391089,-35689862.100,39589738
4145,3883,506,17652135,1383038.6,-1.499457941E7,11950934,-19923651,23027323.660,19101836
4146,907,69,10366886,5364189.5,-1.856745898E7,15414538,14302200,26916050.550,-29827439
4147,1771,1631,-12627126,2.0239934E7,3.018363808E7,1095637,-36600052,27056883.460,-29420914
4148,1991,610,-40017705,1.8176194E7,3.622696619E7,40397714,-29221301,-38091530.020,-12338999
4149,3240,805,-30096125,-3.5114256E7,-2.860478418E7,18751916,11927268,14353774.520,-39400130
4150,1228,790,21296397,2.0181414E7,-2.953811034E7,-33602884,-5316513,-30522040.250,30076945
4151,4258,1852,-36010586,-4.0124264E7,1.587468272E7,32719026,-15263891,28567191.870,6063513
4152,3915,1322,-33876799,-3785127.2,2.438169397E7,22093790,31336120,27784015.990,-34883427
4153,758,1035,40290051,-3.315202E7,1.614921516E7,-24741010,9181178,5628691.280,-18738181
4154,3806,1093,-16683849,1.3488982E7,-1520236.48,14958400,-17363640,-35422137.480,-39995960
4155,3306,263,-28456468,-1.2091728E7,-4.075133578E7,-23543249,-7729584,176526.880,-32618200
4156,975,1761,-26941311,7918141.5,-3.417514184E7,-36808479,24686401,20562992.700,-36106105
4157,110,222,39725270,1.7759408E7,-7525515.98,-9768008,-29908363,-20632901.620,12721188
4158,2686,50,-16955820,-3.3790228E7,3.066948607E7,-35081267,24331151,-11555258.090,-27825978
4159,1768,2349,-30317608,-8649084.0,-1.290549235E7,21758034,-38162281,30709131.560,-25755367
4160,814,1952,-13691294,2.774797E7,-1.904331995E7,-30325449,27009016,-29121075.970,2534929
4161,2533,448,15332123,-3.14875E7,2.715764108E7,-19396303,23653665,-31086740.680,19309574
4162,3987,1414,-17938813,-2.103851E7,-9781578.31,1962706,-41105735,-15838348.730,11652207
4163,1440,538,-31050524,-2.1653664E7,-3.983320861E7,6733651,-2809428,39807373.090,38935925
4164,567,1434,14902217,3.3974516E7,6592833.69,-28486340,-38121917,-9453507.980,-25564922
4165,3607,1650,15654792,-3.6381992E7,1.30044738E7,15094030,11453486,9435395.780,-22352623
4166,2734,418,6141467,-7400941.5,3.77182075E7,-35882447,-41191731,-11267517.490,-36190526
4167,4141,788,15335461,3.2537758E7,-1.479609958E7,6046655,-30049893,5126010.730,13347429
4168,195,66,-23822354,-2.8484662E7,2.447732662E7,-7969099,40369926,27810289.780,-4744783
4169,3069,1267,7449333,-1.3675511E7,9129997.5,2474124,-18831393,-6226831.950,-25335596
4170,3582,1959,-21121324,-4664510.0,9345791.34,32395723,38235331,9832858.330,29924320
4171,3200,978,11188582,-8735506.0,3.569430906E7,-3990076,-27380122,39564121.950,-23348705
4172,2569,2157,24698395,-2.3169052E7,-2.922790605E7,23859154,-4732241,25062011.960,-20855646
4173,4069,1599,36704020,2.2305032E7,-3.819374511E7,-35718878,35479320,-39673167.270,33333530
4174,1608,867,-2992891,-3.8266736E7,-1.048940135E7,-40328817,15738649,-13110210.770,-17180808
4175,4604,657,12483623,-5353562.0,-9920.06,38585918,37105333,-27810330.550,-34058534
4176,4221,558,32149846,-2.0037878E7,-3.04034769E7,-40484100,-17193883,31696435.670,6237514
4177,662,257,8284401,-1.0017677E7,4074257.31,13585779,39765879,-8572151.850,-8813491
4178,66,1480,-22197953,-1.6303784E7,-1270466.06,-21648122,-34138877,-24917369.760,40193299
4179,2589,2113,-26119087,2866839.2,-9434733.7,36171560,11836409,-31585886.900,35948965
4180,4607,1346,-37680718,1.3910878E7,1.886265401E7,29910412,-9797182,18601357.990,24045279
4181,1585,853,-16552801,3.224045E7,-2.615068345E7,-24198078,39311540,36999563.620,-7771190
4182,3524,778,22734050,-1.0368054E7,-2.349385815E7,3197743,36469430,-36531555.970,41547571
4183,1116,819,6192162,4.1022892E7,-4.04199216E7,4983879,-34910676,-2747147.680,4403563
4184,310,238,-35779278,-3.1400674E7,2.851397325E7,15342304,33147569,29262683.600,-9254757
4185,1949,1894,-38217210,2.7528944E7,4.165649212E7,14842196,36115919,-6739382.130,-39494523
4186,3413,852,15287177,1.4876989E7,1.782249062E7,693754,26282173,-20215198.020,4769297
4187,966,617,-26796601,-3.6586144E7,-8701067.54,4131356,39493262,-36370817.410,-11377031
4188,478,2102,35345803,-2607527.5,-2073976.99,-15422998,-17499568,14427672.640,27678453
4189,2479,1107,-6130133,-4.0877904E7,2.212252737E7,-18634515,9929072,-31606888.700,-29987931
4190,732,1195,9339492,2.5216362E7,2.808923734E7,-25870975,-41652157,-40513597.880,36030975
4191,1972,1286,10369743,-2151664.2,3.413449363E7,4308312,-18919051,3318119.020,-40305478
4192,186,2145,-25346717,-1.850589E7,-6911123.22,-3701490,-38441185,7861501.680,9547821
4193,952,761,21929942,1.3813522E7,-3.944283022E7,-27622681,-16531363,-26066783.990,7634738
4194,4016,1429,23081674,9861155.0,3.295580798E7,21408748,2420051,-36120407.600,40067310
4195,2620,1011,17864953,1399838.6,-1.517537941E7,12095152,-20164022,23305206.160,19332182
4196,3022,209,10491811,5428989.5,-1.879145898E7,15600319,14474600,27240690.550,-30187072
4197,665,158,-12779382,2.0483934E7,3.054763808E7,1108779,-37041320,27383180.960,-29775579
4198,393,1255,-40500187,1.8395394E7,3.666376619E7,40884647,-29573626,-38550743.020,-12487769
4199,836,2222,-30458928,-3.5537456E7,-2.894958418E7,18977858,12071018,14526836.020,-39874952
4200,2693,2351,21552913,2.0424614E7,-2.989411034E7,-34007678,-5380651,-30889761.250,30439264
4201,1993,1746,-36444295,-4.0607464E7,1.606588272E7,33113107,-15447684,28911219.370,6136429
4202,3392,1909,-34284846,-3830727.2,2.467529397E7,22359865,31713445,28118549.990,-35303546
4203,4376,1407,40775077,-3.355122E7,1.634361516E7,-25038793,9291766,5696480.280,-18963815
4204,897,115,-16884772,1.3651382E7,-1538636.48,15138531,-17572528,-35848587.980,-40477414
4205,2541,661,-28798829,-1.2237328E7,-4.124173578E7,-23826443,-7822609,178640.880,-33010771
4206,858,2196,-27265421,8013341.5,-3.458634184E7,-37251387,24983426,20810395.200,-36540589
4207,3458,461,40203065,1.7973008E7,-7615915.98,-9885589,-30268101,-20881035.120,12874120
4208,4451,521,-17159759,-3.4196628E7,3.103828607E7,-35503012,24623626,-11694293.590,-28160706
4209,1087,1626,-30682056,-8753084.0,-1.306069235E7,22019732,-38621018,31078377.060,-26065083
4210,2902,271,-13855941,2.808157E7,-1.927211995E7,-30689921,27333625,-29470981.470,2565416
4211,1306,724,15516360,-3.18659E7,2.748404108E7,-19629260,23937953,-31460238.180,19541543
4212,1099,2177,-18154321,-2.129131E7,-9899178.31,1986188,-41599631,-16028626.230,11792285
4213,4157,120,-31423426,-2.1913664E7,-4.031160861E7,6814610,-2843091,40285401.590,39403607
4214,3132,1286,15081264,3.4382516E7,6672033.69,-28828305,-38579667,-9566907.480,-25871816
4215,1981,1863,15842748,-3.6818792E7,1.31604738E7,15275314,11590874,9548756.280,-22621067
4216,3277,541,6215092,-7489741.5,3.81710075E7,-36313128,-41686075,-11402686.490,-36624784
4217,216,452,15519512,3.2928158E7,-1.497369958E7,6119184,-30410381,5187624.730,13507674
4218,3387,1427,-24108148,-2.8826262E7,2.477092662E7,-8064752,40854285,28143876.280,-4801707
4219,1499,842,7538682,-1.3839511E7,9239597.5,2503877,-19057205,-6301590.450,-25639529
4220,2404,683,-21374561,-4720510.0,9457791.34,32784194,38693902,9950833.330,30283050
4221,4157,1012,11322597,-8840306.0,3.612230906E7,-4037908,-27708435,40038492.950,-23628610
4222,2279,1460,24994483,-2.3446652E7,-2.957830605E7,24145050,-4788954,25362346.960,-21105570
4223,2322,555,37143738,2.2572232E7,-3.865134511E7,-36146961,35904433,-40148544.270,33732939
4224,3803,1026,-3028642,-3.8725136E7,-1.061500135E7,-40812010,15927149,-13267320.770,-17386525
4225,764,1148,12633093,-5417562.0,-9920.06,39048058,37549745,-28143448.550,-34466362
4226,4471,843,32534754,-2.0277878E7,-3.07674769E7,-40968930,-17399746,32075965.670,6312121
4227,128,288,8383577,-1.0137677E7,4123057.31,13748475,40241900,-8674691.850,-8918876
4228,1516,1654,-22463706,-1.6498984E7,-1285666.06,-21907172,-34547472,-25215500.260,40674395
4229,2755,1776,-26431655,2901239.2,-9547533.7,36604271,11977963,-31963729.900,36379149
4230,559,2043,-38131391,1.4077278E7,1.908825401E7,30268283,-9914420,18823834.990,24332878
4231,4097,474,-16750658,3.262605E7,-2.646348345E7,-24487386,39781624,37441939.620,-7864203
4232,2684,266,23005919,-1.0492054E7,-2.377465815E7,3235953,36905530,-36968310.470,42044411
4233,4254,66,6266264,4.1513292E7,-4.09031216E7,5043467,-35327895,-2779885.180,4456164
4234,4231,943,-36206810,-3.1775874E7,2.885477325E7,15525569,33543623,29612302.600,-9365372
4235,1519,418,-38673911,2.7857744E7,4.215409212E7,15019522,36547344,-6819932.130,-39966324
4236,2854,1501,15469764,1.5054589E7,1.803529062E7,702152,26596027,-20456773.520,4826328
4237,2138,1960,-27116491,-3.7022944E7,-8805067.54,4180618,39964968,-36805085.410,-11512887
4238,2780,1105,35767818,-2638727.5,-2098776.99,-15607041,-17708568,14599898.140,28008806
4239,909,2024,-6203320,-4.1365904E7,2.238652737E7,-18856841,10047684,-31984037.200,-30345883
4240,1638,1150,9450897,2.5517162E7,2.842443734E7,-26179744,-42149220,-40997137.880,36460861
4241,3394,897,10493507,-2177264.2,3.454169363E7,4359657,-19144701,3357741.520,-40786447
4242,922,2230,-25649042,-1.872669E7,-6993523.22,-3745658,-38899756,7955191.180,9661651
4243,4252,1664,22191407,1.3978322E7,-3.991323022E7,-27952056,-16728488,-26377693.490,7725693
4244,2547,2027,23356966,9978755.0,3.334860798E7,21663983,2449014,-36550953.100,40544883
4245,1358,1517,18077770,1416638.6,-1.535617941E7,12239371,-20404394,23583088.660,19562528
4246,492,348,10616736,5493789.5,-1.901545898E7,15786100,14647000,27565330.550,-30546705
4247,4204,1083,-12931638,2.0727934E7,3.091163808E7,1121920,-37482589,27709478.460,-30130244
4248,3441,1901,-40982668,1.8614594E7,3.710056619E7,41371581,-29925951,-39009956.020,-12636540
4249,3077,1241,-30821731,-3.5960656E7,-2.929438418E7,19203800,12214768,14699897.520,-40349774
4250,4158,1514,21809429,2.0667814E7,-3.025011034E7,-34412473,-5444788,-31257482.250,30801583
4251,4373,1639,-36878004,-4.1090664E7,1.625708272E7,33507188,-15631478,29255246.870,6209346
4252,2870,97,-34692893,-3876327.2,2.496889397E7,22625940,32090770,28453083.990,-35723665
4253,3348,1778,41260102,-3.395042E7,1.653801516E7,-25336575,9402353,5764269.280,-19189449
4254,2633,1536,-17085695,1.3813782E7,-1557036.48,15318661,-17781415,-36275038.480,-40958868
4255,1775,1058,-29141190,-1.2382928E7,-4.173213578E7,-24109637,-7915634,180754.880,-33403342
4256,742,233,-27589531,8108541.5,-3.499754184E7,-37694296,25280451,21057797.700,-36975074
4257,2160,701,40680859,1.8186608E7,-7706315.98,-10003169,-30627838,-21129168.620,13027053
4258,1571,993,-17363698,-3.4603028E7,3.140708607E7,-35924757,24916101,-11833329.090,-28495433
4259,406,903,-31046504,-8857084.0,-1.321589235E7,22281429,-39079756,31447622.560,-26374799
4260,344,987,-14020588,2.841517E7,-1.950091995E7,-31054392,27658234,-29820886.970,2595902
4261,78,999,15700598,-3.22443E7,2.781044108E7,-19862217,24222240,-31833735.680,19773512
4262,2855,543,-18369830,-2.154411E7,-1.001677831E7,2009670,-42093527,-16218903.730,11932363
4263,2230,2099,-31796328,-2.2173664E7,-4.079000861E7,6895568,-2876753,40763430.090,39871289
4264,1051,1138,15260311,3.4790516E7,6751233.69,-29170270,-39037417,-9680306.980,-26178710
4265,354,2077,16030705,-3.7255592E7,1.33164738E7,15456598,11728261,9662116.780,-22889512
4266,3820,664,6288718,-7578541.5,3.86238075E7,-36743808,-42180418,-11537855.490,-37059042
4267,936,115,15703562,3.3318558E7,-1.515129958E7,6191713,-30770868,5249238.730,13667920
4268,1935,389,-24393942,-2.9167862E7,2.506452662E7,-8160405,41338644,28477462.780,-4858631
4269,4574,417,7628030,-1.4003511E7,9349197.5,2533631,-19283018,-6376348.950,-25943462
4270,1227,1805,-21627798,-4776510.0,9569791.34,33172665,39152474,10068808.330,30641780
4271,469,1047,11456612,-8945106.0,3.655030906E7,-4085740,-28036747,40512863.950,-23908515
4272,1989,762,25290571,-2.3724252E7,-2.992870605E7,24430945,-4845666,25662681.960,-21355494
4273,574,1909,37583456,2.2839432E7,-3.910894511E7,-36575045,36329545,-40623921.270,34132349
4274,1353,1186,-3064393,-3.9183536E7,-1.074060135E7,-41295204,16115649,-13424430.770,-17592242
4275,1569,1639,12782564,-5481562.0,-9920.06,39510198,37994158,-28476566.550,-34874191
4276,76,1128,32919662,-2.0517878E7,-3.11314769E7,-41453761,-17605608,32455495.670,6386728
4277,4240,320,8482753,-1.0257677E7,4171857.31,13911171,40717921,-8777231.850,-9024262
4278,2966,1828,-22729459,-1.6694184E7,-1300866.06,-22166222,-34956067,-25513630.760,41155491
4279,2921,1438,-26744223,2935639.2,-9660333.7,37036982,12119517,-32341572.900,36809332
4280,1157,342,-38582065,1.4243678E7,1.931385401E7,30626155,-10031657,19046311.990,24620477
4281,1965,95,-16948515,3.301165E7,-2.677628345E7,-24776693,40251708,37884315.620,-7957216
4282,1844,2152,23277788,-1.0616054E7,-2.405545815E7,3274162,37341630,-37405064.970,42541252
4283,2746,1711,6340366,4.2003692E7,-4.13863216E7,5103054,-35745113,-2812622.680,4508765
4284,3507,1647,-36634341,-3.2151074E7,2.919557325E7,15708833,33939678,29961921.600,-9475987
4285,1089,1340,-39130612,2.8186544E7,4.265169212E7,15196848,36978769,-6900482.130,-40438125
4286,2294,2150,15652352,1.5232189E7,1.824809062E7,710550,26909881,-20698349.020,4883360
4287,3309,904,-27436381,-3.7459744E7,-8909067.54,4229880,40436674,-37239353.410,-11648744
4288,438,108,36189832,-2669927.5,-2123576.99,-15791084,-17917568,14772123.640,28339158
4289,3984,543,-6276508,-4.1853904E7,2.265052737E7,-19079167,10166297,-32361185.700,-30703836
4290,2544,1105,9562302,2.5817962E7,2.875963734E7,-26488513,-42646282,-41480677.880,36890748
4291,172,508,10617271,-2202864.2,3.494889363E7,4411002,-19370351,3397364.020,-41267416
4292,1659,2314,-25951368,-1.894749E7,-7075923.22,-3789827,-39358328,8048880.680,9775481
4293,2907,169,22452873,1.4143122E7,-4.038363022E7,-28281431,-16925613,-26688602.990,7816648
4294,1078,227,23632258,1.0096355E7,3.374140798E7,21919218,2477976,-36981498.600,41022455
4295,95,2022,18290588,1433438.6,-1.553697941E7,12383589,-20644765,23860971.160,19792874
4296,2607,488,10741661,5558589.5,-1.923945898E7,15971881,14819400,27889970.550,-30906338
4297,3098,2008,-13083894,2.0971934E7,3.127563808E7,1135062,-37923857,28035775.960,-30484909
4298,1843,148,-41465150,1.8833794E7,3.753736619E7,41858514,-30278276,-39469169.020,-12785310
4299,673,260,-31184534,-3.6383856E7,-2.963918418E7,19429742,12358518,14872959.020,-40824596
4300,978,677,22065945,2.0911014E7,-3.060611034E7,-34817267,-5508926,-31625203.250,31163902
4301,2108,1533,-37311713,-4.1573864E7,1.644828272E7,33901269,-15815271,29599274.370,6282262
4302,2347,684,-35100940,-3921927.2,2.526249397E7,22892015,32468095,28787617.990,-36143784
4303,2321,2150,41745128,-3.434962E7,1.673241516E7,-25634358,9512941,5832058.280,-19415083
4304,4369,558,-17286618,1.3976182E7,-1575436.48,15498792,-17990303,-36701488.980,-41440322
4305,1010,1456,-29483551,-1.2528528E7,-4.222253578E7,-24392831,-8008659,182868.880,-33795913
4306,625,668,-27913641,8203741.5,-3.540874184E7,-38137204,25577476,21305200.200,-37409558
4307,863,940,41158654,1.8400208E7,-7796715.98,-10120750,-30987576,-21377302.120,13179985
4308,3336,1464,-17567637,-3.5009428E7,3.177588607E7,-36346502,25208576,-11972364.590,-28830161
4309,4370,180,-31410952,-8961084.0,-1.337109235E7,22543127,-39538493,31816868.060,-26684515
4310,2432,1704,-14185235,2.874877E7,-1.972971995E7,-31418864,27982843,-30170792.470,2626389
4311,3496,1275,15884835,-3.26227E7,2.813684108E7,-20095174,24506528,-32207233.180,20005481
4312,4612,1306,-18585338,-2.179691E7,-1.013437831E7,2033152,-42587423,-16409181.230,12072441
4313,302,1681,-32169230,-2.2433664E7,-4.126840861E7,6976527,-2910416,41241458.590,40338971
4314,3616,990,15439358,3.5198516E7,6830433.69,-29512235,-39495167,-9793706.480,-26485604
4315,3373,2290,16218661,-3.7692392E7,1.34724738E7,15637882,11865649,9775477.280,-23157956
4316,4363,787,6362343,-7667341.5,3.90766075E7,-37174489,-42674762,-11673024.490,-37493300
4317,1656,2177,15887613,3.370896E7,-1.532889958E7,6264242,-31131356,5310852.730,13828165
4318,482,1750,-24679736,-2.9509462E7,2.535812662E7,-8256058,41823003,28811049.280,-4915555
4319,3004,2390,7717379,-1.4167511E7,9458797.5,2563384,-19508830,-6451107.450,-26247395
4320,49,529,-21881035,-4832510.0,9681791.34,33561136,39611045,10186783.330,31000510
4321,1426,1081,11590627,-9049906.0,3.697830906E7,-4133572,-28365060,40987234.950,-24188420
4322,1699,65,25586659,-2.4001852E7,-3.027910605E7,24716841,-4902379,25963016.960,-21605418
4323,3472,865,38023174,2.3106632E7,-3.956654511E7,-37003128,36754658,-41099298.270,34531758
4324,3548,1345,-3100144,-3.9641936E7,-1.086620135E7,-41778397,16304149,-13581540.770,-17797959
4325,2374,2130,12932034,-5545562.0,-9920.06,39972338,38438570,-28809684.550,-35282019
4326,326,1413,33304570,-2.0757878E7,-3.14954769E7,-41938591,-17811471,32835025.670,6461335
4327,3706,351,8581929,-1.0377677E7,4220657.31,14073867,41193942,-8879771.850,-9129647
4328,4416,2002,-22995212,-1.6889384E7,-1316066.06,-22425272,-35364662,-25811761.260,41636587
4329,3087,1101,-27056791,2970039.2,-9773133.7,37469693,12261071,-32719415.900,37239516
4330,1754,1039,-39032738,1.4410078E7,1.953945401E7,30984026,-10148895,19268788.990,24908076
4331,4477,2114,-17146372,3.339725E7,-2.708908345E7,-25066001,40721792,38326691.620,-8050229
4332,1004,1640,23549657,-1.0740054E7,-2.433625815E7,3312372,37777730,-37841819.470,43038092
4333,1239,958,6414468,4.2494092E7,-4.18695216E7,5162642,-36162332,-2845360.180,4561366
4334,2783,2352,-37061873,-3.2526274E7,2.953637325E7,15892098,34335732,30311540.600,-9586602
4335,659,2262,-39587313,2.8515344E7,4.314929212E7,15374174,37410194,-6981032.130,-40909926
4336,1735,401,15834939,1.5409789E7,1.846089062E7,718948,27223735,-20939924.520,4940391
4337,4481,2247,-27756271,-3.7896544E7,-9013067.54,4279142,40908380,-37673621.410,-11784600
4338,2740,1509,36611847,-2701127.5,-2148376.99,-15975127,-18126568,14944349.140,28669511
4339,2414,1460,-6349695,-4.2341904E7,2.291452737E7,-19301493,10284909,-32738334.200,-31061788
4340,3450,1060,9673707,2.6118762E7,2.909483734E7,-26797282,-43143345,-41964217.880,37320634
4341,1594,119,10741035,-2228464.2,3.535609363E7,4462347,-19596001,3436986.520,-41748385
4342,2395,1,-26253693,-1.916829E7,-7158323.22,-3833995,-39816899,8142570.180,9889311
4343,1562,1072,22714338,1.4307922E7,-4.085403022E7,-28610806,-17122738,-26999512.490,7907603
4344,4254,825,23907550,1.0213955E7,3.413420798E7,22174453,2506939,-37412044.100,41500028
4345,3478,130,18503405,1450238.6,-1.571777941E7,12527808,-20885137,24138853.660,20023220
4346,77,627,10866586,5623389.5,-1.946345898E7,16157662,14991800,28214610.550,-31265971
4347,1992,535,-13236150,2.1215934E7,3.163963808E7,1148203,-38365126,28362073.460,-30839574
4348,246,794,-41947631,1.9052994E7,3.797416619E7,42345448,-30630601,-39928382.020,-12934081
4349,2914,1677,-31547337,-3.6807056E7,-2.998398418E7,19655684,12502268,15046020.520,-41299418
4350,2443,2238,22322461,2.1154214E7,-3.096211034E7,-35222062,-5573063,-31992924.250,31526221
4351,4488,1426,-37745422,-4.2057064E7,1.663948272E7,34295350,-15999065,29943301.870,6355179
4352,1825,1270,-35508987,-3967527.2,2.555609397E7,23158090,32845420,29122151.990,-36563903
4353,1293,123,42230153,-3.474882E7,1.692681516E7,-25932140,9623528,5899847.280,-19640717
4354,1460,1979,-17487541,1.4138582E7,-1593836.48,15678922,-18199190,-37127939.480,-41921776
4355,244,1853,-29825912,-1.2674128E7,-4.271293578E7,-24676025,-8101684,184982.880,-34188484
4356,509,1103,-28237751,8298941.5,-3.581994184E7,-38580113,25874501,21552602.700,-37844043
4357,4210,1180,41636448,1.8613808E7,-7887115.98,-10238330,-31347313,-21625435.620,13332918
4358,456,1936,-17771576,-3.5415828E7,3.214468607E7,-36768247,25501051,-12111400.090,-29164888
4359,3689,1855,-31775400,-9065084.0,-1.352629235E7,22804824,-39997231,32186113.560,-26994231
4360,4519,22,-14349882,2.908237E7,-1.995851995E7,-31783335,28307452,-30520697.970,2656875
4361,2268,1550,16069073,-3.30011E7,2.846324108E7,-20328131,24790815,-32580730.680,20237450
4362,1723,2070,-18800847,-2.204971E7,-1.025197831E7,2056634,-43081319,-16599458.730,12212519
4363,3020,1262,-32542132,-2.2693664E7,-4.174680861E7,7057485,-2944078,41719487.090,40806653
4364,1535,842,15618405,3.5606516E7,6909633.69,-29854200,-39952917,-9907105.980,-26792498
4365,1746,106,16406618,-3.8129192E7,1.36284738E7,15819166,12003036,9888837.780,-23426401
4366,261,910,6435969,-7756141.5,3.95294075E7,-37605169,-43169105,-11808193.490,-37927558
4367,2376,1840,16071663,3.409936E7,-1.550649958E7,6336771,-31491843,5372466.730,13988411
4368,3675,712,-24965530,-2.9851062E7,2.565172662E7,-8351711,42307362,29144635.780,-4972479
4369,1434,1965,7806727,-1.4331511E7,9568397.5,2593138,-19734643,-6525865.950,-26551328
4370,3517,1651,-22134272,-4888510.0,9793791.34,33949607,40069617,10304758.330,31359240
4371,2383,1116,11724642,-9154706.0,3.740630906E7,-4181404,-28693372,41461605.950,-24468325
4372,1409,1765,25882747,-2.4279452E7,-3.062950605E7,25002736,-4959091,26263351.960,-21855342
4373,1724,2219,38462892,2.3373832E7,-4.002414511E7,-37431212,37179770,-41574675.270,34931168
4374,1098,1505,-3135895,-4.0100336E7,-1.099180135E7,-42261591,16492649,-13738650.770,-18003676
4375,3179,223,13081505,-5609562.0,-9920.06,40434478,38882983,-29142802.550,-35689848
4376,576,1698,33689478,-2.0997878E7,-3.18594769E7,-42423422,-18017333,33214555.670,6535942
4377,3173,383,8681105,-1.0497677E7,4269457.31,14236563,41669963,-8982311.850,-9235033
4378,1221,2176,-23260965,-1.7084584E7,-1331266.06,-22684322,-35773257,-26109891.760,42117683
4379,3253,763,-27369359,3004439.2,-9885933.7,37902404,12402625,-33097258.900,37669699
4380,2352,1736,-39483412,1.4576478E7,1.976505401E7,31341898,-10266132,19491265.990,25195675
4381,2345,1735,-17344229,3.3782848E7,-2.740188345E7,-25355308,41191876,38769067.620,-8143242
4382,164,1128,23821526,-1.0864054E7,-2.461705815E7,3350581,38213830,-38278573.970,43534933
4383,4376,205,6488570,4.2984492E7,-4.23527216E7,5222229,-36579550,-2878097.680,4613967
4384,2059,658,-37489404,-3.2901474E7,2.987717325E7,16075362,34731787,30661159.600,-9697217
4385,229,786,-40044014,2.8844144E7,4.364689212E7,15551500,37841619,-7061582.130,-41381727
4386,1175,1050,16017527,1.5587389E7,1.867369062E7,727346,27537589,-21181500.020,4997423
4387,1007,1191,-28076161,-3.8333344E7,-9117067.54,4328404,41380086,-38107889.410,-11920457
4388,398,512,37033861,-2732327.5,-2173176.99,-16159170,-18335568,15116574.640,28999863
4389,844,2377,-6422883,-4.2829904E7,2.317852737E7,-19523819,10403522,-33115482.700,-31419741
4390,4356,1015,9785112,2.6419562E7,2.943003734E7,-27106051,-43640407,-42447757.880,37750521
4391,3017,2128,10864799,-2254064.2,3.576329363E7,4513692,-19821651,3476609.020,-42229354
4392,3132,85,-26556019,-1.938909E7,-7240723.22,-3878164,-40275471,8236259.680,10003141
4393,217,1975,22975804,1.4472722E7,-4.132443022E7,-28940181,-17319863,-27310421.990,7998558
4394,2785,1423,24182842,1.0331555E7,3.452700798E7,22429688,2535901,-37842589.600,41977600
4395,2215,635,18716223,1467038.6,-1.589857941E7,12672026,-21125508,24416736.160,20253566
4396,2192,767,10991511,5688189.5,-1.968745898E7,16343443,15164200,28539250.550,-31625604
4397,886,1460,-13388406,2.1459934E7,3.200363808E7,1161345,-38806394,28688370.960,-31194239
4398,3293,1439,-42430113,1.9272194E7,3.841096619E7,42832381,-30982926,-40387595.020,-13082851
4399,510,696,-31910140,-3.7230256E7,-3.032878418E7,19881626,12646018,15219082.020,-41774240
4400,3908,1401,22578977,2.1397414E7,-3.131811034E7,-35626856,-5637201,-32360645.250,31888540
4401,2223,1320,-38179131,-4.2540264E7,1.683068272E7,34689431,-16182858,30287329.370,6428095
4402,1302,1857,-35917034,-4013127.2,2.584969397E7,23424165,33222745,29456685.990,-36984022
4403,266,495,42715179,-3.514802E7,1.712121516E7,-26229923,9734116,5967636.280,-19866351
4404,3196,1001,-17688464,1.4300982E7,-1612236.48,15859053,-18408078,-37554389.980,-42403230
4405,4124,2251,-30168273,-1.2819728E7,-4.320333578E7,-24959219,-8194709,187096.880,-34581055
4406,392,1538,-28561861,8394142.0,-3.623114184E7,-39023021,26171526,21800005.200,-38278527
4407,2913,1419,42114243,1.8827408E7,-7977515.98,-10355911,-31707051,-21873569.120,13485850
4408,2221,9,-17975515,-3.5822228E7,3.251348607E7,-37189992,25793526,-12250435.590,-29499616
4409,3008,1132,-32139848,-9169084.0,-1.368149235E7,23066522,-40455968,32555359.060,-27303947
4410,1962,739,-14514529,2.941597E7,-2.018731995E7,-32147807,28632061,-30870603.470,2687362
4411,1041,1826,16253310,-3.33795E7,2.878964108E7,-20561088,25075103,-32954228.180,20469419
4412,3480,435,-19016355,-2.230251E7,-1.036957831E7,2080116,-43575215,-16789736.230,12352597
4413,1092,844,-32915034,-2.2953664E7,-4.222520861E7,7138444,-2977741,42197515.590,41274335
4414,4100,694,15797452,3.6014516E7,6988833.69,-30196165,-40410667,-10020505.480,-27099392
4415,120,319,16594574,-3.8565992E7,1.37844738E7,16000450,12140424,10002198.280,-23694845
4416,804,1033,6509594,-7844941.5,3.99822075E7,-38035850,-43663449,-11943362.490,-38361816
4417,3096,1504,16255714,3.448976E7,-1.568409958E7,6409300,-31852331,5434080.730,14148656
4418,2222,2073,-25251324,-3.0192662E7,2.594532662E7,-8447364,42791721,29478222.280,-5029403
4419,4509,1540,7896076,-1.4495511E7,9677997.5,2622891,-19960455,-6600624.450,-26855261
4420,2339,375,-22387509,-4944510.0,9905791.34,34338078,40528188,10422733.330,31717970
4421,3340,1150,11858657,-9259506.0,3.783430906E7,-4229236,-29021685,41935976.950,-24748230
4422,1119,1068,26178835,-2.4557052E7,-3.097990605E7,25288632,-5015804,26563686.960,-22105266
4423,4622,1175,38902610,2.3641032E7,-4.048174511E7,-37859295,37604883,-42050052.270,35330577
4424,3293,1664,-3171646,-4.0558736E7,-1.111740135E7,-42744784,16681149,-13895760.770,-18209393
4425,3984,714,13230975,-5673562.0,-9920.06,40896618,39327395,-29475920.550,-36097676
4426,826,1983,34074386,-2.1237878E7,-3.22234769E7,-42908252,-18223196,33594085.670,6610549
4427,2639,414,8780281,-1.0617677E7,4318257.31,14399259,42145984,-9084851.850,-9340418
4428,2671,2350,-23526718,-1.7279784E7,-1346466.06,-22943372,-36181852,-26408022.260,42598779
4429,3419,426,-27681927,3038839.2,-9998733.7,38335115,12544179,-33475101.900,38099883
4430,2949,35,-39934085,1.4742878E7,1.999065401E7,31699769,-10383370,19713742.990,25483274
4431,212,1356,-17542086,3.4168448E7,-2.771468345E7,-25644616,41661960,39211443.620,-8236255
4432,3969,616,24093395,-1.0988054E7,-2.489785815E7,3388791,38649930,-38715328.470,44031773
4433,2869,1850,6562672,4.3474892E7,-4.28359216E7,5281817,-36996769,-2910835.180,4666568
4434,1335,1363,-37916936,-3.3276674E7,3.021797325E7,16258627,35127841,31010778.600,-9807832
4435,4444,1708,-40500715,2.9172944E7,4.414449212E7,15728826,38273044,-7142132.130,-41853528
4436,616,1699,16200114,1.5764989E7,1.888649062E7,735744,27851443,-21423075.520,5054454
4437,2179,136,-28396051,-3.8770144E7,-9221067.54,4377666,41851792,-38542157.410,-12056313
4438,2700,1913,37455876,-2763527.5,-2197976.99,-16343213,-18544568,15288800.140,29330216
4439,3919,896,-6496070,-4.3317904E7,2.344252737E7,-19746145,10522134,-33492631.200,-31777693
4440,617,970,9896517,2.6720362E7,2.976523734E7,-27414820,-44137470,-42931297.880,38180407
4441,4439,1739,10988563,-2279664.2,3.617049363E7,4565037,-20047301,3516231.520,-42710323
4442,3868,170,-26858344,-1.960989E7,-7323123.22,-3922332,-40734042,8329949.180,10116971
4443,3517,480,23237269,1.4637522E7,-4.179483022E7,-29269556,-17516988,-27621331.490,8089513
4444,1316,2021,24458134,1.0449155E7,3.491980798E7,22684923,2564864,-38273135.100,42455173
4445,953,1141,18929040,1483838.6,-1.607937941E7,12816245,-21365880,24694618.660,20483912
4446,4307,906,11116436,5752989.5,-1.991145898E7,16529224,15336600,28863890.550,-31985237
4447,4425,2385,-13540662,2.1703934E7,3.236763808E7,1174486,-39247663,29014668.460,-31548904
4448,1696,2085,-42912594,1.9491394E7,3.884776619E7,43319315,-31335251,-40846808.020,-13231622
4449,2751,2113,-32272943,-3.7653456E7,-3.067358418E7,20107568,12789768,15392143.520,-42249062
4450,728,564,22835493,2.1640614E7,-3.167411034E7,-36031651,-5701338,-32728366.250,32250859
4451,4603,1213,-38612840,-4.3023464E7,1.702188272E7,35083512,-16366652,30631356.870,6501012
4452,780,45,-36325081,-4058727.2,2.614329397E7,23690240,33600070,29791219.990,-37404141
4453,3883,866,43200204,-3.554722E7,1.731561516E7,-26527705,9844703,6035425.280,-20091985
4454,287,24,-17889387,1.4463382E7,-1630636.48,16039183,-18616965,-37980840.480,-42884684
4455,3358,250,-30510634,-1.2965328E7,-4.369373578E7,-25242413,-8287734,189210.880,-34973626
4456,276,1973,-28885971,8489342.0,-3.664234184E7,-39465930,26468551,22047407.700,-38713012
4457,1615,1659,42592037,1.9041008E7,-8067915.98,-10473491,-32066788,-22121702.620,13638783
4458,3986,481,-18179454,-3.6228628E7,3.288228607E7,-37611737,26086001,-12389471.090,-29834343
4459,2327,409,-32504296,-9273084.0,-1.383669235E7,23328219,-40914706,32924604.560,-27613663
4460,4049,1455,-14679176,2.974957E7,-2.041611995E7,-32512278,28956670,-31220508.970,2717848
4461,4458,2101,16437548,-3.37579E7,2.911604108E7,-20794045,25359390,-33327725.680,20701388
