558,1021,2072,-2272212,-4529428.0,4115886.07,-4715627,3272951,-1544702.090,-3725598
559,4350,1649,-4077352,-1161084.2,-1731092.35,2915814,-5133181,4123455.560,-3455815
560,3799,722,-1836710,3728769.8,-2569719.95,-4083501,3637168,-3927879.970,339901
561,2658,2194,2067023,-4242700.5,3656841.08,-2623399,3184965,-4194920.680,2607806
562,2934,1596,-2422201,-2836910.0,-1314378.31,272002,-5545223,-2138368.730,1566591
563,870,1894,-4201580,-2933663.8,-5388408.61,904639,-385728,5389321.090,5262821
564,1723,100,2010833,4598517.0,890433.69,-3864860,-5163917,-1288743.980,-3468554
565,4590,666,2121924,-4932391.0,1772473.8,2041582,1561586,1273439.780,-3024619
566,798,1154,840431,-1007341.44,5116607.5,-4873451,-5598999,-1535349.490,-4923950
567,3396,1036,2083825,4428958.5,-2008899.58,824567,-4094793,689802.730,1809753
568,2585,428,-3245186,-3889463.0,3338126.62,-1082083,5496078,3792061.780,-646255
569,4629,693,1016241,-1867511.0,1238797.5,331872,-2572893,-844219.950,-3452420
570,107,309,-2888260,-632510.2,1281791.34,4425811,5218183,1338658.330,4095760
571,3971,892,1539502,-1189905.6,4878309.06,-546172,-3741622,5409409.950,-3195545
572,224,2019,3380059,-3181851.2,-3999106.05,3274678,-648941,3437891.960,-2861118
573,4474,31,5044324,3066632.0,-5246545.11,-4896866,4871220,-5446023.270,4576046
574,1498,1373,-418819,-5261937.5,-1446201.35,-5538885,2166649,-1798290.770,-2369184
575,2384,1275,1721747,-745562.2,-9920.06,5311838,5107633,-3825834.550,-4694882
576,156,1620,4436470,-2757878.0,-4195476.9,-5576304,-2371783,4370275.670,865810
577,1914,387,1143729,-1377677.2,560657.31,1871667,5492367,-1189271.850,-1225735
578,2501,942,-3063737,-2249384.2,-176066.06,-2996522,-4720037,-3451973.760,5554387
579,4572,35,-3614191,390039.25,-1313133.7,5016368,1644521,-4381190.900,4975753
580,3392,1520,-5232226,1930077.9,2619454.01,4143664,-1356082,2583013.990,3338151
581,1840,1763,-2307097,4477250.0,-3629083.45,-3367938,5465492,5148491.620,-1074254
582,3619,1672,3159482,-1440053.6,-3276258.15,446659,5070230,-5085231.970,5775055
583,2821,2279,856818,5714093.0,-5629521.6,693579,-4870944,-390047.680,616291
584,1343,2270,-4997010,-4386273.5,3976373.25,2147260,4631645,4090115.600,-1290477
585,394,256,-5334738,3855343.2,5829292.12,2074724,5053319,-939782.130,-5524851
586,1892,2084,2140877,2089789.1,2500890.62,89098,3684685,-2821762.020,663029
587,228,2275,-3764521,-5136543.0,-1213067.54,584492,5530430,-5103521.410,-1595363
588,1918,1946,4960759,-361127.4,-288376.99,-2171902,-2451568,2027436.640,3893073
589,4039,2227,-860633,-5741905.0,3114527.37,-2627043,1388972,-4452196.700,-4215351
590,530,2037,1318332,3558762.8,3954837.34,-3639607,-5863657,-5698717.880,5079147
591,1742,518,1458735,-308464.2,4816093.63,611472,-2672251,465299.020,-5675710
592,2898,857,-3579281,-2608289.8,-978323.22,-521358,-5424037,1115857.680,1352061
593,247,491,3104426,1947921.8,-5574030.22,-3907681,-2338363,-3681299.990,1085978
594,2949,1537,3260650,1393955.0,4674207.98,3031828,334751,-5121131.600,5682090
595,620,585,2542093,190238.66,-2157779.41,1711420,-2857274,3297666.160,2747270
596,4027,2155,1497211,763389.7,-2663458.98,2224087,2061800,3866610.550,-4293496
597,1332,702,-1816950,2915934.8,4339638.08,162591,-5269988,3889760.960,-4239699
598,3933,341,-5761519,2612994.0,5214166.19,5825435,-4206226,-5487407.020,-1776293
599,2059,914,-4337112,-5067055.0,-4123984.18,2710034,1721018,2066408.020,-5687768
600,4048,267,3083761,2914214.8,-4262110.34,-4862474,-762751,-4413849.250,4352296
601,2498,2220,-5217247,-5817065.5,2299482.72,4739275,-2214552,4141239.370,886441
602,3852,447,-4905462,-547527.3,3536093.97,3202465,4546045,4032101.990,-5054978
603,4036,1037,5853241,-4808821.0,2346815.16,-3598453,1329466,815672.280,-2718167
604,1320,953,-2418316,1958582.0,-213836.48,2169135,-2532628,-5144151.980,-5812726
605,1917,817,-4148837,-1754128.5,-5932935.78,-3436475,-1124809,26432.880,-4745659
606,4601,2050,-3929501,1158941.6,-4979941.84,-5361975,3597626,2997415.200,-5257705
607,3978,3,5801861,2593807.5,-1107115.98,-1419793,-4367001,-3015423.120,1862980
608,2786,145,-2476151,-4935828.0,4484686.07,-5137372,3565426,-1683737.590,-4060326
609,3669,926,-4441800,-1265084.2,-1886292.35,3177512,-5591918,4492701.060,-3765531
610,1242,1439,-2001357,4062369.8,-2798519.95,-4447973,3961777,-4277785.470,370388
611,1431,72,2251260,-4621100.5,3983241.08,-2856356,3469253,-4568418.180,2839775
612,46,2359,-2637709,-3089710.0,-1431978.31,295484,-6039119,-2328646.230,1706669
613,3587,1476,-4574482,-3193663.8,-5866808.61,985598,-419391,5867349.590,5730503
614,4288,2350,2189880,5006517.0,969633.69,-4206825,-5621667,-1402143.480,-3775448
615,2964,879,2309880,-5369191.0,1928473.8,2222866,1698974,1386800.280,-3293063
616,1341,1277,914056,-1096141.4,5569407.5,-5304132,-6093343,-1670518.490,-5358208
617,4116,700,2267876,4819358.5,-2186499.58,897096,-4455281,751416.730,1969998
618,1132,1789,-3530980,-4231063.0,3631726.62,-1177736,5980437,4125648.280,-703179
619,3059,268,1105590,-2031511.0,1348397.5,361625,-2798705,-918978.450,-3756353
620,3574,1431,-3141497,-688510.2,1393791.34,4814282,5676754,1456633.330,4454490
621,283,926,1673517,-1294705.6,5306309.06,-594004,-4069935,5883780.950,-3475450
622,4579,1322,3676147,-3459451.2,-4349506.05,3560574,-705654,3738226.960,-3111042
623,2727,1385,5484042,3333832.0,-5704145.11,-5324949,5296333,-5921400.270,4975455
624,3693,1532,-454570,-5720337.5,-1571801.35,-6022078,2355149,-1955400.770,-2574901
625,3189,1766,1871217,-809562.2,-9920.06,5773978,5552045,-4158952.550,-5102710
626,406,1905,4821378,-2997878.0,-4559476.9,-6061134,-2577646,4749805.670,940417
627,1380,418,1242905,-1497677.2,609457.31,2034363,5968388,-1291811.850,-1331120
628,3951,1116,-3329490,-2444584.2,-191266.06,-3255572,-5128632,-3750104.260,6035483
629,93,2096,-3926759,424439.25,-1425933.7,5449079,1786075,-4759033.900,5405937
630,3989,2217,-5682899,2096477.9,2845054.01,4501535,-1473320,2805490.990,3625750
631,4352,1384,-2504954,4862850.0,-3941883.45,-3657246,5935576,5590867.620,-1167267
632,2779,1160,3431351,-1564053.6,-3557058.15,484869,5506330,-5521986.470,6271895
633,1314,1526,930920,6204493.0,-6112721.6,753167,-5288163,-422785.180,668892
634,619,577,-5424542,-4761473.5,4317173.25,2330525,5027699,4439734.600,-1401092
635,4609,1178,-5791439,4184143.2,6326892.12,2252050,5484744,-1020332.130,-5996652
636,1333,335,2323464,2267389.2,2713690.62,97496,3998539,-3063337.520,720060
637,1400,1220,-4084411,-5573343.0,-1317067.54,633754,6002136,-5537789.410,-1731219
638,4220,949,5382774,-392327.4,-313176.99,-2355945,-2660568,2199662.140,4223426
639,2469,746,-933820,-6229905.0,3378527.37,-2849369,1507584,-4829345.200,-4573303
640,1436,1992,1429737,3859562.8,4290037.34,-3948376,-6360720,-6182257.880,5509033
641,3164,129,1582499,-334064.2,5223293.63,662817,-2897901,504921.520,-6156679
642,3634,942,-3881606,-2829089.8,-1060723.22,-565526,-5882608,1209547.180,1465891
643,3547,1394,3365891,2112721.8,-6044430.22,-4237056,-2535488,-3992209.490,1176933
644,1480,2135,3535942,1511555.0,5067007.98,3287063,363714,-5551677.100,6159663
645,4003,1091,2754910,207038.66,-2338579.41,1855639,-3097646,3575548.660,2977616
646,1497,2294,1622136,828189.7,-2887458.98,2409868,2234200,4191250.550,-4653129
647,226,1627,-1969206,3159934.8,4703638.08,175732,-5711257,4216058.460,-4594364
648,2336,987,-6244000,2832194.0,5650966.19,6312369,-4558551,-5946620.020,-1925064
649,4300,2331,-4699915,-5490255.0,-4468784.18,2935976,1864768,2239469.520,-6162590
650,868,1828,3340277,3157414.8,-4618110.34,-5267269,-826888,-4781570.250,4714615
651,233,2113,-5650956,-6300265.5,2490682.72,5133356,-2398346,4485266.870,959358
652,3330,1033,-5313509,-593127.3,3829693.97,3468540,4923370,4366635.990,-5475097
653,3008,1408,6338266,-5208021.0,2541215.16,-3896235,1440053,883461.280,-2943801
654,3056,2374,-2619239,2120982.0,-232236.48,2349265,-2741515,-5570602.480,-6294180
655,1151,1214,-4491198,-1899728.5,-6423335.78,-3719669,-1217834,28546.880,-5138230
656,4485,87,-4253611,1254141.6,-5391141.84,-5804884,3894651,3244817.700,-5692190
657,2680,243,6279655,2807407.5,-1197515.98,-1537373,-4726738,-3263556.620,2015913
658,4551,617,-2680090,-5342228.0,4853486.07,-5559117,3857901,-1822773.090,-4395053
659,2988,203,-4806248,-1369084.2,-2041492.35,3439209,-6050656,4861946.560,-4075247
660,3329,2155,-2166004,4395970.0,-3027319.95,-4812444,4286386,-4627690.970,400874
661,203,347,2435498,-4999500.5,4309641.08,-3089313,3753540,-4941915.680,3071744
662,1802,725,-2853218,-3342510.0,-1549578.31,318966,-6533015,-2518923.730,1846747
663,1660,1057,-4947384,-3453663.8,-6345208.61,1066556,-453053,6345378.090,6198185
664,2207,2202,2368927,5414517.0,1048833.69,-4548790,-6079417,-1515542.980,-4082342
665,1337,1093,2497837,-5805991.0,2084473.8,2404150,1836361,1500160.780,-3561508
666,1884,1400,987682,-1184941.4,6022207.5,-5734812,-6587686,-1805687.490,-5792466
667,191,363,2451926,5209758.5,-2364099.58,969625,-4815768,813030.730,2130244
668,4325,751,-3816774,-4572663.0,3925326.62,-1273389,6464796,4459234.780,-760103
669,1489,2241,1194938,-2195511.0,1457997.5,391379,-3024518,-993736.950,-4060286
670,2397,155,-3394734,-744510.2,1505791.34,5202753,6135326,1574608.330,4813220
671,1240,961,1807532,-1399505.6,5734309.06,-641836,-4398247,6358151.950,-3755355
672,4289,624,3972235,-3737051.2,-4699906.05,3846469,-762366,4038561.960,-3360966
673,979,341,5923760,3601032.0,-6161745.11,-5753033,5721445,-6396777.270,5374865
674,1243,1692,-490321,-6178737.5,-1697401.35,-6505272,2543649,-2112510.770,-2780618
675,3994,2257,2020688,-873562.2,-9920.06,6236118,5996458,-4492070.550,-5510539
676,656,2190,5206286,-3237878.0,-4923476.9,-6545965,-2783508,5129335.670,1015024
677,847,450,1342081,-1617677.2,658257.31,2197059,6444409,-1394351.850,-1436506
678,756,1290,-3595243,-2639784.2,-206466.06,-3514622,-5537227,-4048234.760,6516579
679,259,1758,-4239327,458839.25,-1538733.7,5881790,1927629,-5136876.900,5836120
680,4587,516,-6133573,2262878.0,3070654.01,4859407,-1590557,3027967.990,3913349
681,2220,1005,-2702811,5248450.0,-4254683.45,-3946553,6405660,6033243.620,-1260280
682,1939,648,3703220,-1688053.6,-3837858.15,523078,5942430,-5958740.970,6768736
683,4451,773,1005022,6694893.0,-6595921.6,812754,-5705381,-455522.680,721493
684,4540,1281,-5852073,-5136673.5,4657973.25,2513789,5423754,4789353.600,-1511707
685,4179,2100,-6248140,4512943.5,6824492.12,2429376,5916169,-1100882.130,-6468453
686,773,984,2506052,2444989.2,2926490.62,105894,4312393,-3304913.020,777092
687,2571,164,-4404301,-6010143.0,-1421067.54,683016,6473842,-5972057.410,-1867076
688,1878,2350,5804788,-423527.4,-337976.99,-2539988,-2869568,2371887.640,4553778
689,899,1663,-1007008,-6717905.0,3642527.37,-3071695,1626197,-5206493.700,-4931256
690,2342,1947,1541142,4160362.8,4625237.34,-4257145,-6857782,-6665797.880,5938920
691,4587,2138,1706263,-359664.2,5630493.63,714162,-3123551,544544.020,-6637648
692,4371,1026,-4183932,-3049889.8,-1143123.22,-609695,-6341180,1303236.680,1579721
693,2202,2297,3627357,2277521.8,-6514830.22,-4566431,-2732613,-4303118.990,1267888
694,11,335,3811234,1629155.0,5459807.98,3542298,392676,-5982222.600,6637235
695,2740,1596,2967728,223838.66,-2519379.41,1999857,-3338017,3853431.160,3207962
696,3612,36,1747061,892989.7,-3111458.98,2595649,2406600,4515890.550,-5012762
697,3765,154,-2121462,3403934.8,5067638.08,188874,-6152525,4542355.960,-4949029
698,738,1632,-6726482,3051394.0,6087766.19,6799302,-4910876,-6405833.020,-2073834
699,1896,1350,-5062718,-5913455.0,-4813584.18,3161918,2008518,2412531.020,-6637412
700,2333,991,3596793,3400614.8,-4974110.34,-5672063,-891026,-5149291.250,5076934
701,2613,2007,-6084665,-6783465.5,2681882.72,5527437,-2582139,4829294.370,1032274
702,2807,1620,-5721556,-638727.3,4123293.97,3734615,5300695,4701169.990,-5895216
703,1981,1780,6823292,-5607221.0,2735615.16,-4194018,1550641,951250.280,-3169435
704,147,1396,-2820162,2283382.0,-250636.48,2529396,-2950403,-5997052.980,-6775634
705,386,1612,-4833559,-2045328.5,-6913735.78,-4002863,-1310859,30660.880,-5530801
706,4368,522,-4577721,1349341.6,-5802341.84,-6247792,4191676,3492220.200,-6126674
707,1383,482,6757450,3021007.5,-1287915.98,-1654954,-5086476,-3511690.120,2168845
708,1671,1088,-2884029,-5748628.0,5222286.07,-5980862,4150376,-1961808.590,-4729781
709,2307,1878,-5170696,-1473084.2,-2196692.35,3700907,-6509393,5231192.060,-4384963
710,772,474,-2330651,4729570.0,-3256119.95,-5176916,4610995,-4977596.470,431361
711,3621,623,2619735,-5377900.5,4636041.08,-3322270,4037828,-5315413.180,3303713
712,3559,1488,-3068726,-3595310.0,-1667178.31,342448,-7026911,-2709201.230,1986825
713,4377,639,-5320286,-3713663.8,-6823608.61,1147515,-486716,6823406.590,6665867
714,127,2054,2547974,5822517.0,1128033.69,-4890755,-6537167,-1628942.480,-4389236
715,4356,1306,2685793,-6242791.0,2240473.8,2585434,1973749,1613521.280,-3829952
716,2427,1523,1061307,-1273741.4,6475007.5,-6165493,-7082030,-1940856.490,-6226724
717,911,27,2635977,5600158.5,-2541699.58,1042154,-5176256,874644.730,2290489
718,2872,2112,-4102568,-4914263.0,4218926.62,-1369042,6949155,4792821.280,-817027
719,4564,1816,1284287,-2359511.0,1567597.5,421132,-3250330,-1068495.450,-4364219
720,1219,1277,-3647971,-800510.2,1617791.34,5591224,6593897,1692583.330,5171950
721,2197,995,1941547,-1504305.6,6162309.06,-689668,-4726560,6832522.950,-4035260
722,3999,2325,4268323,-4014651.2,-5050306.05,4132365,-819079,4338896.960,-3610890
723,3877,1695,6363478,3868232.0,-6619345.11,-6181116,6146558,-6872154.270,5774274
724,3438,1851,-526072,-6637137.5,-1823001.35,-6988465,2732149,-2269620.770,-2986335
725,154,350,2170158,-937562.2,-9920.06,6698258,6440870,-4825188.550,-5918367
726,906,77,5591194,-3477878.0,-5287476.9,-7030795,-2989371,5508865.670,1089631
727,313,481,1441257,-1737677.2,707057.31,2359755,6920430,-1496891.850,-1541891
728,2206,1464,-3860996,-2834984.2,-221666.06,-3773672,-5945822,-4346365.260,6997675
729,425,1421,-4551895,493239.25,-1651533.7,6314501,2069183,-5514719.900,6266304
730,539,1213,-6584246,2429278.0,3296254.01,5217278,-1707795,3250444.990,4200948
731,87,626,-2900668,5634050.0,-4567483.45,-4235861,6875744,6475619.620,-1353293
732,1099,136,3975089,-1812053.6,-4118658.15,561288,6378530,-6395495.470,7265576
733,2944,20,1079124,7185293.0,-7079121.6,872342,-6122600,-488260.180,774094
734,3816,1986,-6279605,-5511873.5,4998773.25,2697054,5819808,5138972.600,-1622322
735,3749,624,-6704841,4841743.5,7322092.12,2606702,6347594,-1181432.130,-6940254
736,214,1633,2688639,2622589.2,3139290.62,114292,4626247,-3546488.520,834123
737,3743,1507,-4724191,-6446943.0,-1525067.54,732278,6945548,-6406325.410,-2002932
738,4180,1353,6226803,-454727.4,-362776.99,-2724031,-3078568,2544113.140,4884131
739,3974,182,-1080195,-7205905.0,3906527.37,-3294021,1744809,-5583642.200,-5289208
740,3248,1902,1652547,4461163.0,4960437.34,-4565914,-7354845,-7149337.880,6368806
741,1364,1749,1830027,-385264.2,6037693.63,765507,-3349201,584166.520,-7118617
742,462,1111,-4486257,-3270689.8,-1225523.22,-653863,-6799751,1396926.180,1693551
743,857,802,3888822,2442321.8,-6985230.22,-4895806,-2929738,-4614028.490,1358843
744,3187,933,4086526,1746755.0,5852607.98,3797533,421639,-6412768.100,7114808
745,1478,2102,3180545,240638.66,-2700179.41,2144076,-3578389,4131313.660,3438308
746,1082,175,1871986,957789.7,-3335458.98,2781430,2579000,4840530.550,-5372395
747,2659,1079,-2273718,3647934.8,5431638.08,202015,-6593794,4868653.460,-5303694
748,3786,2278,-7208963,3270594.0,6524566.19,7286236,-5263201,-6865046.020,-2222605
749,4137,369,-5425521,-6336655.0,-5158384.18,3387860,2152268,2585592.520,-7112234
750,3798,154,3853309,3643814.8,-5330110.34,-6076858,-955163,-5517012.250,5439253
751,348,1900,-6518374,-7266665.5,2873082.72,5921518,-2765933,5173321.870,1105191
752,2285,2206,-6129603,-684327.3,4416893.97,4000690,5678020,5035703.990,-6315335
753,953,2151,7308317,-6006421.0,2930015.16,-4491800,1661228,1019039.280,-3395069
754,1883,419,-3021085,2445782.0,-269036.48,2709526,-3159290,-6423503.480,-7257088
755,4265,2009,-5175920,-2190928.5,-7404135.78,-4286057,-1403884,32774.880,-5923372
756,4252,957,-4901831,1444541.6,-6213541.84,-6690701,4488701,3739622.700,-6561159
757,85,722,7235244,3234607.5,-1378315.98,-1772534,-5446213,-3759823.620,2321778
758,3436,1560,-3087968,-6155028.0,5591086.07,-6402607,4442851,-2100844.090,-5064508
759,1626,1155,-5535144,-1577084.2,-2351892.35,3962604,-6968131,5600437.560,-4694679
760,2859,1190,-2495298,5063170.0,-3484919.95,-5541387,4935604,-5327501.970,461847
761,2393,898,2803973,-5756300.5,4962441.08,-3555227,4322115,-5688910.680,3535682
762,670,2252,-3284235,-3848110.0,-1784778.31,365930,-7520807,-2899478.730,2126903
763,2450,220,-5693188,-3973663.8,-7302008.61,1228473,-520378,7301435.090,7133549
764,2691,1906,2727021,6230517.0,1207233.69,-5232720,-6994917,-1742341.980,-4696130
765,2729,1520,2873750,-6679591.0,2396473.8,2766718,2111136,1726881.780,-4098397
766,2970,1646,1134933,-1362541.4,6927807.5,-6596173,-7576373,-2076025.490,-6660982
767,1631,2088,2820027,5990558.5,-2719299.58,1114683,-5536743,936258.730,2450735
768,1420,1074,-4388362,-5255863.0,4512526.62,-1464695,7433514,5126407.780,-873951
769,2994,1391,1373635,-2523511.0,1677197.5,450886,-3476143,-1143253.950,-4668152
770,42,1,-3901208,-856510.2,1729791.34,5979695,7052469,1810558.330,5530680
771,3154,1030,2075562,-1609105.6,6590309.06,-737500,-5054872,7306893.950,-4315165
772,3709,1627,4564411,-4292251.0,-5400706.05,4418260,-875791,4639231.960,-3860814
773,2129,651,6803196,4135432.0,-7076945.11,-6609200,6571670,-7347531.270,6173684
774,988,2011,-561823,-7095537.5,-1948601.35,-7471659,2920649,-2426730.770,-3192052
775,959,841,2319629,-1001562.2,-9920.06,7160398,6885283,-5158306.550,-6326196
776,1156,362,5976102,-3717878.0,-5651476.9,-7515626,-3195233,5888395.670,1164238
777,4425,513,1540433,-1857677.2,755857.31,2522451,7396451,-1599431.850,-1647277
778,3656,1638,-4126749,-3030184.2,-236866.06,-4032722,-6354417,-4644495.760,7478771
779,591,1083,-4864463,527639.25,-1764333.7,6747212,2210737,-5892562.900,6696487
780,1137,1910,-7034920,2595678.0,3521854.01,5575150,-1825032,3472921.990,4488547
781,2600,247,-3098525,6019650.0,-4880283.45,-4525168,7345828,6917995.620,-1446306
782,259,2022,4246958,-1936053.6,-4399458.15,599497,6814630,-6832249.970,7762417
783,1436,1665,1153226,7675693.0,-7562321.6,931929,-6539818,-520997.680,826695
784,3092,292,-6707136,-5887073.5,5339573.25,2880318,6215863,5488591.600,-1732937
785,3319,1546,-7161542,5170543.5,7819692.12,2784028,6779019,-1261982.130,-7412055
786,4299,2282,2871227,2800189.2,3352090.62,122690,4940101,-3788064.020,891155
787,269,451,-5044081,-6883743.0,-1629067.54,781540,7417254,-6840593.410,-2138789
788,1838,356,6648817,-485927.4,-387576.99,-2908074,-3287568,2716338.640,5214483
789,2404,1099,-1153383,-7693905.0,4170527.37,-3516347,1863422,-5960790.700,-5647161
790,4154,1857,1763952,4761963.0,5295637.34,-4874683,-7851907,-7632877.880,6798693
791,2787,1360,1953791,-410864.2,6444893.63,816852,-3574851,623789.020,-7599586
792,1199,1195,-4788583,-3491489.8,-1307923.22,-698032,-7258323,1490615.680,1807381
793,4157,1705,4150288,2607121.8,-7455630.22,-5225181,-3126863,-4924937.990,1449798
794,1718,1531,4361818,1864355.0,6245407.98,4052768,450601,-6843313.600,7592380
795,215,209,3393363,257438.66,-2880979.41,2288294,-3818760,4409196.160,3668654
796,3197,315,1996911,1022589.7,-3559458.98,2967211,2751400,5165170.550,-5732028
797,1553,2004,-2425974,3891934.8,5795638.08,215157,-7035062,5194950.960,-5658359
798,2188,525,-7691445,3489794.0,6961366.19,7773169,-5615526,-7324259.020,-2371375
799,1733,1786,-5788324,-6759855.0,-5503184.18,3613802,2296018,2758654.020,-7587056
800,618,1715,4109825,3887014.8,-5686110.34,-6481652,-1019301,-5884733.250,5801572
801,2728,1794,-6952083,-7749865.5,3064282.72,6315599,-2949726,5517349.370,1178107
802,1762,395,-6537650,-729927.3,4710493.97,4266765,6055345,5370237.990,-6735454
803,4571,125,7793343,-6405621.0,3124415.16,-4789583,1771816,1086828.280,-3620703
804,3619,1839,-3222008,2608182.0,-287436.48,2889657,-3368178,-6849953.980,-7738542
805,3500,9,-5518281,-2336528.5,-7894535.78,-4569251,-1496909,34888.880,-6315943
806,4135,1392,-5225941,1539741.6,-6624741.84,-7133609,4785726,3987025.200,-6995643
807,3433,961,7713039,3448207.5,-1468715.98,-1890115,-5805951,-4007957.120,2474710
808,556,2031,-3291907,-6561428.0,5959886.07,-6824352,4735326,-2239879.590,-5399236
809,945,432,-5899592,-1681084.2,-2507092.35,4224302,-7426868,5969683.060,-5004395
810,302,1907,-2659945,5396770.0,-3713719.95,-5905859,5260213,-5677407.470,492334
811,1166,1174,2988210,-6134700.5,5288841.08,-3788184,4606403,-6062408.180,3767651
812,2427,617,-3499743,-4100910.0,-1902378.31,389412,-8014703,-3089756.230,2266981
813,522,2200,-6066090,-4233663.5,-7780408.61,1309432,-554041,7779463.590,7601231
814,611,1758,2906068,6638517.0,1286433.69,-5574685,-7452667,-1855741.480,-5003024
815,1103,1733,3061706,-7116391.0,2552473.8,2948002,2248524,1840242.280,-4366841
816,3513,1769,1208558,-1451341.4,7380607.5,-7026854,-8070717,-2211194.490,-7095240
817,2351,1752,3004078,6380958.5,-2896899.58,1187212,-5897231,997872.730,2610980
818,4612,37,-4674156,-5597463.0,4806126.62,-1560348,7917873,5459994.280,-930875
819,1424,966,1462984,-2687511.0,1786797.5,480639,-3701955,-1218012.450,-4972085
820,3509,1123,-4154445,-912510.2,1841791.34,6368166,7511040,1928533.330,5889410
821,4111,1064,2209577,-1713905.6,7018309.06,-785332,-5383185,7781264.950,-4595070
822,3419,930,4860499,-4569851.0,-5751106.05,4704156,-932504,4939566.960,-4110738
823,382,2005,7242914,4402632.0,-7534545.11,-7037283,6996783,-7822908.270,6573093
824,3183,2170,-597574,-7553937.5,-2074201.35,-7954852,3109149,-2583840.770,-3397769
825,1764,1332,2469099,-1065562.2,-9920.06,7622538,7329695,-5491424.550,-6734024
826,1406,647,6361010,-3957878.0,-6015476.9,-8000456,-3401096,6267925.670,1238845
827,3891,544,1639609,-1977677.2,804657.31,2685147,7872472,-1701971.850,-1752662
828,461,1812,-4392502,-3225384.2,-252066.06,-4291772,-6763012,-4942626.260,7959867
829,757,746,-5177031,562039.25,-1877133.7,7179923,2352291,-6270405.900,7126671
830,1734,209,-7485593,2762078.0,3747454.01,5933021,-1942270,3695398.990,4776146
831,467,2266,-3296382,6405250.0,-5193083.45,-4814476,7815912,7360371.620,-1539319
832,4064,1510,4518827,-2060053.6,-4680258.15,637707,7250730,-7269004.470,8259257
833,4574,912,1227328,8166093.0,-8045521.6,991517,-6957037,-553735.180,879296
834,2368,997,-7134668,-6262273.5,5680373.25,3063583,6611917,5838210.600,-1843552
835,2889,70,-7618243,5499343.5,8317292.12,2961354,7210444,-1342532.130,-7883856
836,3740,533,3053814,2977789.2,3564890.62,131088,5253955,-4029639.520,948186
837,1441,1794,-5363971,-7320543.0,-1733067.54,830802,7888960,-7274861.410,-2274645
838,4140,1757,7070832,-517127.4,-412376.99,-3092117,-3496568,2888564.140,5544836
839,834,2016,-1226570,-8181905.0,4434527.37,-3738673,1982034,-6337939.200,-6005113
840,415,1812,1875357,5062763.0,5630837.34,-5183452,-8348970,-8116417.880,7228579
841,4209,971,2077555,-436464.2,6852093.63,868197,-3800501,663411.520,-8080555
842,1935,1280,-5090908,-3712289.8,-1390323.22,-742200,-7716894,1584305.180,1921211
843,2812,210,4411753,2771921.8,-7926030.22,-5554556,-3323988,-5235847.490,1540753
844,249,2129,4637110,1981955.0,6638207.98,4308003,479564,-7273859.100,8069953
845,3598,715,3606180,274238.66,-3061779.41,2432513,-4059132,4687078.660,3899000
846,667,454,2121836,1087389.6,-3783458.98,3152992,2923800,5489810.550,-6091661
847,447,531,-2578230,4135934.8,6159638.08,228298,-7476331,5521248.460,-6013024
848,591,1171,-8173926,3708994.0,7398166.19,8260103,-5967851,-7783472.020,-2520146
849,3974,805,-6151127,-7183055.0,-5847984.18,3839744,2439768,2931715.520,-8061878
850,2083,878,4366341,4130214.8,-6042110.34,-6886447,-1083438,-6252454.250,6163891
851,463,1687,-7385792,-8233065.5,3255482.72,6709680,-3133520,5861376.870,1251024
852,1240,981,-6945697,-775527.3,5004093.97,4532840,6432670,5704771.990,-7155573
853,3543,496,8278368,-6804821.0,3318815.16,-5087365,1882403,1154617.280,-3846337
854,710,862,-3422931,2770582.0,-305836.48,3069787,-3577065,-7276404.480,-8219996
855,2734,406,-5860642,-2482128.5,-8384935.78,-4852445,-1589934,37002.880,-6708514
856,4019,1827,-5550051,1634941.6,-7035941.84,-7576518,5082751,4234427.700,-7430128
857,2135,1201,8190833,3661807.5,-1559115.98,-2007695,-6165688,-4256090.620,2627643
858,2321,105,-3495846,-6967828.0,6328686.07,-7246097,5027801,-2378915.090,-5733963
859,264,2107,-6264040,-1785084.2,-2662292.35,4485999,-7885606,6338928.560,-5314111
860,2389,225,-2824592,5730370.0,-3942519.95,-6270330,5584822,-6027312.970,522820
861,4583,1449,3172448,-6513100.5,5615241.08,-4021141,4890690,-6435905.680,3999620
862,4183,1381,-3715252,-4353710.0,-2019978.31,412894,-8508599,-3280033.730,2407059
863,3240,1781,-6438992,-4493663.5,-8258808.61,1390390,-587703,8257492.090,8068913
864,3175,1610,3085115,7046517.0,1365633.69,-5916650,-7910417,-1969140.980,-5309918
865,4121,1947,3249663,-7553191.0,2708473.8,3129286,2385911,1953602.780,-4635286
866,4056,1892,1282184,-1540141.4,7833407.5,-7457534,-8565060,-2346363.490,-7529498
867,3071,1415,3188128,6771358.5,-3074499.58,1259741,-6257718,1059486.730,2771226
868,3160,1397,-4959950,-5939063.0,5099726.62,-1656001,8402232,5793580.780,-987799
869,4499,541,1552332,-2851511.0,1896397.5,510393,-3927768,-1292770.950,-5276018
870,2332,2245,-4407682,-968510.2,1953791.34,6756637,7969612,2046508.330,6248140
871,423,1099,2343592,-1818705.6,7446309.06,-833164,-5711497,8255635.950,-4874975
872,3129,232,5156587,-4847451.0,-6101506.05,4990051,-989216,5239901.960,-4360662
873,3279,961,7682632,4669832.0,-7992145.11,-7465367,7421895,-8298285.270,6972503
874,733,2330,-633325,-8012337.5,-2199801.35,-8438046,3297649,-2740950.770,-3603486
875,2569,1823,2618570,-1129562.2,-9920.06,8084678,7774108,-5824542.550,-7141853
876,1656,932,6745918,-4197878.0,-6379476.9,-8485287,-3606958,6647455.670,1313452
877,3358,576,1738785,-2097677.2,853457.31,2847843,8348493,-1804511.850,-1858048
878,1911,1986,-4658255,-3420584.2,-267266.06,-4550822,-7171607,-5240756.760,8440963
879,923,408,-5489599,596439.25,-1989933.7,7612634,2493845,-6648248.900,7556854
880,2332,906,-7936267,2928478.0,3973054.01,6290893,-2059507,3917875.990,5063745
881,2980,1887,-3494239,6790850.0,-5505883.45,-5103783,8285996,7802747.620,-1632332
882,3224,998,4790696,-2184053.5,-4961058.15,675916,7686830,-7705758.970,8756098
883,3066,159,1301430,8656493.0,-8528721.6,1051104,-7374255,-586472.680,931897
884,1644,1701,-7562199,-6637473.5,6021173.25,3246847,7007972,6187829.600,-1954167
885,2459,992,-8074944,5828143.5,8814892.12,3138680,7641869,-1423082.130,-8355657
886,3180,1182,3236402,3155389.2,3777690.62,139486,5567809,-4271215.020,1005218
887,2612,738,-5683861,-7757343.0,-1837067.54,880064,8360666,-7709129.410,-2410502
888,1798,760,7492846,-548327.4,-437176.99,-3276160,-3705568,3060789.640,5875188
889,3909,535,-1299758,-8669905.0,4698527.37,-3960999,2100647,-6715087.700,-6363066
890,1321,1767,1986762,5363563.0,5966037.34,-5492221,-8846032,-8599957.880,7658466
891,987,582,2201319,-462064.2,7259293.63,919542,-4026151,703034.020,-8561524
892,2672,1364,-5393234,-3933089.8,-1472723.22,-786369,-8175466,1677994.680,2035041
893,1467,1113,4673219,2936721.8,-8396430.22,-5883931,-3521113,-5546756.990,1631708
894,3425,329,4912402,2099555.0,7031007.98,4563238,508526,-7704404.600,8547525
895,2335,1220,3818998,291038.66,-3242579.41,2576731,-4299503,4964961.160,4129346
896,2782,594,2246761,1152189.6,-4007458.98,3338773,3096200,5814450.550,-6451294
897,3986,1456,-2730486,4379934.5,6523638.08,241440,-7917599,5847545.960,-6367689
898,3638,1816,-8656408,3928194.0,7834966.19,8747036,-6320176,-8242685.020,-2668916
899,1570,2222,-6513930,-7606255.0,-6192784.18,4065686,2583518,3104777.020,-8536700
900,3548,41,4622857,4373415.0,-6398110.34,-7291241,-1147576,-6620175.250,6526210
901,2843,1581,-7819501,-8716265.0,3446682.72,7103761,-3317313,6205404.370,1323940
902,717,1568,-7353744,-821127.3,5297693.97,4798915,6809995,6039305.990,-7575692
903,2516,868,8763394,-7204021.0,3513215.16,-5385148,1992991,1222406.280,-4071971
904,2446,2282,-3623854,2932982.0,-324236.48,3249918,-3785953,-7702854.980,-8701450
905,1969,804,-6203003,-2627728.5,-8875335.78,-5135639,-1682959,39116.880,-7101085
906,3902,2262,-5874161,1730141.6,-7447141.84,-8019426,5379776,4481830.200,-7864612
907,838,1440,8668628,3875407.5,-1649515.98,-2125276,-6525426,-4504224.120,2780575
908,4086,576,-3699785,-7374228.0,6697486.07,-7667842,5320276,-2517950.590,-6068691
909,4228,1384,-6628488,-1889084.2,-2817492.35,4747697,-8344343,6708174.060,-5623827
910,4477,942,-2989239,6063970.0,-4171319.95,-6634802,5909431,-6377218.470,553307
911,3356,1725,3356685,-6891500.5,5941641.08,-4254098,5174978,-6809403.180,4231589
912,1295,2144,-3930760,-4606510.0,-2137578.31,436376,-9002495,-3470311.230,2547137
913,1312,1363,-6811894,-4753663.5,-8737208.61,1471349,-621366,8735520.590,8536595
914,1095,1462,3264162,7454517.0,1444833.69,-6258615,-8368167,-2082540.480,-5616812
915,2495,2160,3437619,-7989991.0,2864473.8,3310570,2523299,2066963.280,-4903730
916,4599,2015,1355809,-1628941.4,8286207.5,-7888215,-9059404,-2481532.490,-7963756
917,3791,1079,3372179,7161758.5,-3252099.58,1332270,-6618206,1121100.730,2931471
918,1707,360,-5245744,-6280663.0,5393326.62,-1751654,8886591,6127167.280,-1044723
919,2929,116,1641681,-3015511.0,2005997.5,540146,-4153580,-1367529.450,-5579951
920,1154,969,-4660919,-1024510.2,2065791.34,7145108,8428183,2164483.330,6606870
921,1380,1133,2477607,-1923505.6,7874309.06,-880996,-6039810,8730006.950,-5154880
922,2839,1933,5452675,-5125051.0,-6451906.05,5275947,-1045929,5540236.960,-4610586
923,1532,2315,8122350,4937032.0,-8449745.11,-7893450,7847008,-8773662.270,7371912
924,2928,91,-669076,-8470738.0,-2325401.35,-8921239,3486149,-2898060.770,-3809203
925,3374,2314,2768040,-1193562.2,-9920.06,8546818,8218520,-6157660.550,-7549681
926,1906,1217,7130826,-4437878.0,-6743476.9,-8970117,-3812821,7026985.670,1388059
927,2824,607,1837961,-2217677.2,902257.31,3010539,8824514,-1907051.850,-1963433
928,3361,2160,-4924008,-3615784.2,-282466.06,-4809872,-7580202,-5538887.260,8922059
929,1089,71,-5802167,630839.25,-2102733.7,8045345,2635399,-7026091.900,7987038
930,2929,1603,-8386940,3094878.0,4198654.01,6648764,-2176745,4140352.990,5351344
931,847,1508,-3692096,7176450.0,-5818683.45,-5393091,8756080,8245123.620,-1725345
932,2384,486,5062565,-2308053.5,-5241858.15,714126,8122930,-8142513.470,9252938
933,1559,1804,1375532,9146893.0,-9011921.6,1110692,-7791474,-619210.180,984498
934,920,8,-7989731,-7012673.5,6361973.25,3430112,7404026,6537448.600,-2064782
935,2029,1914,-8531645,6156943.5,9312492.12,3316006,8073294,-1503632.130,-8827458
936,2621,1831,3418989,3332989.2,3990490.62,147884,5881663,-4512790.520,1062249
937,3784,2081,-6003751,-8194143.0,-1941067.54,929326,8832372,-8143397.410,-2546358
938,4100,2161,7914861,-579527.4,-461976.99,-3460203,-3914568,3233015.140,6205541
939,2339,1452,-1372945,-9157905.0,4962527.37,-4183325,2219259,-7092236.200,-6721018
940,2227,1722,2098167,5664363.0,6301237.34,-5800990,-9343095,-9083497.880,8088352
941,2409,193,2325083,-487664.2,7666493.63,970887,-4251801,742656.520,-9042493
942,3408,1449,-5695559,-4153889.8,-1555123.22,-830537,-8634037,1771684.180,2148871
943,122,2016,4934684,3101521.8,-8866830.22,-6213306,-3718238,-5857666.490,1722663
944,1956,927,5187694,2217155.0,7423807.98,4818473,537489,-8134950.100,9025098
945,1073,1726,4031815,307838.66,-3423379.41,2720950,-4539875,5242843.660,4359692
946,252,733,2371686,1216989.6,-4231458.98,3524554,3268600,6139090.550,-6810927
947,2880,2381,-2882742,4623934.5,6887638.08,254581,-8358868,6173843.460,-6722354
948,2041,64,-9138889,4147394.0,8271766.19,9233970,-6672501,-8701898.020,-2817687
949,3811,1241,-6876733,-8029455.0,-6537584.18,4291628,2727268,3277838.520,-9011522
950,368,1602,4879373,4616615.0,-6754110.34,-7696036,-1211713,-6987896.250,6888529
951,578,1474,-8253210,-9199465.0,3637882.72,7497842,-3501107,6549431.870,1396857
952,195,2154,-7761791,-866727.3,5591293.97,5064990,7187320,6373839.990,-7995811
953,1488,1239,9248419,-7603221.0,3707615.16,-5682930,2103578,1290195.280,-4297605
954,4182,1305,-3824777,3095382.0,-342636.48,3430048,-3994840,-8129305.480,-9182904
955,1203,1201,-6545364,-2773328.5,-9365735.78,-5418833,-1775984,41230.880,-7493656
956,3786,299,-6198271,1825341.6,-7858341.84,-8462335,5676801,4729232.700,-8299097
957,4185,1680,9146422,4089007.5,-1739915.98,-2242856,-6885163,-4752357.620,2933508
958,1206,1048,-3903724,-7780628.0,7066286.07,-8089587,5612751,-2656986.090,-6403418
959,3547,661,-6992936,-1993084.2,-2972692.35,5009394,-8803081,7077419.560,-5933543
960,1919,1658,-3153886,6397570.0,-4400119.95,-6999273,6234040,-6727123.970,583793
961,2128,2000,3540923,-7269900.5,6268041.08,-4487055,5459265,-7182900.680,4463558
962,3051,510,-4146269,-4859310.0,-2255178.31,459858,-9496391,-3660588.730,2687215
963,4030,944,-7184796,-5013663.5,-9215608.61,1552307,-655028,9213549.090,9004277
964,3659,1314,3443209,7862517.0,1524033.69,-6600580,-8825917,-2195939.980,-5923706
965,868,2374,3625576,-8426791.0,3020473.8,3491854,2660686,2180323.780,-5172175
966,497,2138,1429435,-1717741.4,8739007.5,-8318895,-9553747,-2616701.490,-8398014
967,4511,742,3556229,7552158.5,-3429699.58,1404799,-6978693,1182714.730,3091717
968,255,1720,-5531538,-6622263.0,5686926.62,-1847307,9370950,6460753.780,-1101647
969,1359,2089,1731029,-3179511.0,2115597.5,569900,-4379393,-1442287.950,-5883884
970,4622,2091,-4914156,-1080510.1,2177791.34,7533579,8886755,2282458.330,6965600
971,2337,1168,2611622,-2028305.6,8302309.06,-928828,-6368122,9204377.950,-5434785
972,2549,1235,5748763,-5402651.0,-6802306.05,5561842,-1102641,5840571.960,-4860510
973,4429,1271,8562068,5204232.0,-8907345.11,-8321534,8272120,-9249039.270,7771322
974,478,251,-704827,-8929138.0,-2451001.35,-9404433,3674649,-3055170.770,-4014920
975,4179,407,2917511,-1257562.2,-9920.06,9008958,8662933,-6490778.550,-7957510
976,2156,1502,7515734,-4677878.0,-7107476.9,-9454948,-4018683,7406515.670,1462666
977,2291,639,1937137,-2337677.2,951057.31,3173235,9300535,-2009591.850,-2068819
978,166,2334,-5189761,-3810984.2,-297666.06,-5068922,-7988797,-5837017.760,9403155
979,1255,2131,-6114735,665239.25,-2215533.7,8478056,2776953,-7403934.900,8417221
980,3527,2300,-8837614,3261278.0,4424254.01,7006636,-2293982,4362829.990,5638943
981,3360,1129,-3889953,7562050.0,-6131483.45,-5682398,9226164,8687499.620,-1818358
982,1544,2372,5334434,-2432053.5,-5522658.15,752335,8559030,-8579267.970,9749779
983,51,1051,1449634,9637293.0,-9495121.6,1170279,-8208692,-651947.680,1037099
984,196,712,-8417262,-7387873.5,6702773.25,3613376,7800081,6887067.600,-2175397
985,1599,438,-8988346,6485743.5,9810092.12,3493332,8504719,-1584182.130,-9299259
986,2061,82,3601577,3510589.2,4203290.62,156282,6195517,-4754366.020,1119281
987,310,1025,-6323641,-8630943.0,-2045067.54,978588,9304078,-8577665.410,-2682215
988,1758,1164,8336875,-610727.4,-486776.99,-3644246,-4123568,3405240.640,6535893
989,769,2369,-1446133,-9645905.0,5226527.37,-4405651,2337872,-7469384.700,-7078971
990,3133,1677,2209572,5965163.0,6636437.34,-6109759,-9840157,-9567037.880,8518239
991,3832,2202,2448847,-513264.2,8073693.63,1022232,-4477451,782279.020,-9523462
992,4145,1533,-5997885,-4374690.0,-1637523.22,-874706,-9092609,1865373.680,2262701
993,3422,521,5196150,3266321.8,-9337230.22,-6542681,-3915363,-6168575.990,1813618
994,487,1525,5462986,2334755.0,7816607.98,5073708,566451,-8565495.600,9502670
995,4455,2231,4244633,324638.66,-3604179.41,2865168,-4780246,5520726.160,4590038
996,2367,873,2496611,1281789.6,-4455458.98,3710335,3441000,6463730.550,-7170560
997,1774,908,-3034998,4867934.5,7251638.08,267723,-8800136,6500140.960,-7077019
998,443,709,-9621371,4366594.0,8708566.19,9720903,-7024826,-9161111.020,-2966457
999,1407,260,-7239536,-8452655.0,-6882384.18,4517570,2871018,3450900.020,-9486344
1000,1833,765,5135889,4859815.0,-7110110.34,-8100830,-1275851,-7355617.250,7250848
1001,2958,1368,-8686919,-9682665.0,3829082.72,7891923,-3684900,6893459.370,1469773
1002,4317,343,-8169838,-912327.3,5884893.97,5331065,7564645,6708373.990,-8415930
1003,461,1611,9733445,-8002421.0,3902015.16,-5980713,2214166,1357984.280,-4523239
1004,1273,327,-4025700,3257782.0,-361036.48,3610179,-4203728,-8555755.980,-9664358
1005,438,1599,-6887725,-2918928.5,-9856135.78,-5702027,-1869009,43344.880,-7886227
1006,3669,734,-6522381,1920541.6,-8269541.84,-8905243,5973826,4976635.200,-8733581
1007,2888,1919,9624217,4302607.5,-1830315.98,-2360437,-7244901,-5000491.120,3086440
1008,2971,1519,-4107663,-8187028.0,7435086.07,-8511332,5905226,-2796021.590,-6738146
1009,2866,2336,-7357384,-2097084.2,-3127892.35,5271092,-9261818,7446665.060,-6243259
1010,4007,2375,-3318533,6731170.0,-4628919.95,-7363745,6558649,-7077029.470,614280
1011,901,2276,3725160,-7648300.5,6594441.08,-4720012,5743553,-7556398.180,4695527
1012,163,1273,-4361777,-5112110.0,-2372778.31,483340,-9990287,-3850866.230,2827293
1013,2102,526,-7557698,-5273663.5,-9694008.61,1633266,-688691,9691577.590,9471959
1014,1579,1166,3622256,8270517.0,1603233.69,-6942545,-9283667,-2309339.480,-6230600
1015,3887,189,3813532,-8863591.0,3176473.8,3673138,2798074,2293684.280,-5440619
1016,1040,2261,1503060,-1806541.4,9191807.5,-8749576,-10048091,-2751870.490,-8832272
1017,586,406,3740280,7942558.5,-3607299.58,1477328,-7339181,1244328.730,3251962
1018,3447,683,-5817332,-6963863.0,5980526.62,-1942960,9855309,6794340.280,-1158571
1019,4434,1664,1820378,-3343511.0,2225197.5,599653,-4605205,-1517046.450,-6187817
1020,3444,815,-5167393,-1136510.1,2289791.34,7922050,9345326,2400433.330,7324330
1021,3294,1202,2745637,-2133105.5,8730309.06,-976660,-6696435,9678748.950,-5714690
1022,2259,538,6044851,-5680251.0,-7152706.05,5847738,-1159354,6140906.960,-5110434
1023,2682,227,9001786,5471432.0,-9364945.11,-8749617,8697233,-9724416.270,8170731
1024,2673,410,-740578,-9387538.0,-2576601.35,-9887626,3863149,-3212280.770,-4220637
1025,339,898,3066981,-1321562.2,-9920.06,9471098,9107345,-6823896.550,-8365338
1026,2406,1787,7900642,-4917878.0,-7471476.9,-9939778,-4224546,7786045.670,1537273
1027,1757,670,2036313,-2457677.2,999857.31,3335931,9776556,-2112131.850,-2174204
1028,1616,110,-5455514,-4006184.2,-312866.06,-5327972,-8397392,-6135148.260,9884251
1029,1421,1794,-6427303,699639.25,-2328333.7,8910767,2918507,-7781777.900,8847405
1030,4124,599,-9288287,3427678.0,4649854.01,7364507,-2411220,4585306.990,5926542
1031,1227,750,-4087810,7947650.0,-6444283.45,-5971706,9696248,9129875.620,-1911371
1032,704,1860,5606303,-2556053.5,-5803458.15,790545,8995130,-9016022.470,10246619
1033,3189,298,1523736,1.0127693E7,-9978321.6,1229867,-8625911,-684685.180,1089700
1034,4117,1417,-8844794,-7763073.5,7043573.25,3796641,8196135,7236686.600,-2286012
1035,1169,1360,-9445047,6814543.5,1.030769212E7,3670658,8936144,-1664732.130,-9771060
1036,1502,731,3784164,3688189.2,4416090.62,164680,6509371,-4995941.520,1176312
1037,1482,2368,-6643531,-9067743.0,-2149067.54,1027850,9775784,-9011933.410,-2818071
1038,4060,167,8758890,-641927.4,-511576.99,-3828289,-4332568,3577466.140,6866246
1039,3844,888,-1519320,-1.0133905E7,5490527.37,-4627977,2456484,-7846533.200,-7436923
1040,4039,1632,2320977,6265963.0,6971637.34,-6418528,-10337220,-10050577.880,8948125
1041,609,1813,2572611,-538864.2,8480893.63,1073577,-4703101,821901.520,-10004431
1042,236,1618,-6300210,-4595490.0,-1719923.22,-918874,-9551180,1959063.180,2376531
1043,2077,1424,5457615,3431121.8,-9807630.22,-6872056,-4112488,-6479485.490,1904573
1044,3663,2123,5738278,2452355.0,8209407.98,5328943,595414,-8996041.100,9980243
1045,3193,339,4457450,341438.66,-3784979.41,3009387,-5020618,5798608.660,4820384
1046,4482,1012,2621536,1346589.6,-4679458.98,3896116,3613400,6788370.550,-7530193
1047,668,1833,-3187254,5111934.5,7615638.08,280864,-9241405,6826438.460,-7431684
1048,3491,1355,-10103852,4585794.0,9145366.19,10207837,-7377151,-9620324.020,-3115228
1049,3648,1677,-7602339,-8875855.0,-7227184.18,4743512,3014768,3623961.520,-9961166
1050,3298,2326,5392405,5103015.0,-7466110.34,-8505625,-1339988,-7723338.250,7613167
1051,693,1261,-9120628,-1.0165865E7,4020282.72,8286004,-3868694,7237486.870,1542690
1052,3795,929,-8577885,-957927.3,6178493.97,5597140,7941970,7042907.990,-8836049
1053,4078,1982,10218470,-8401621.0,4096415.16,-6278495,2324753,1425773.280,-4748873
1054,3009,1748,-4226623,3420182.0,-379436.48,3790309,-4412615,-8982206.480,-10145812
1055,4317,1996,-7230086,-3064528.5,-1.034653578E7,-5985221,-1962034,45458.880,-8278798
1056,3553,1169,-6846491,2015741.6,-8680741.84,-9348152,6270851,5224037.700,-9168066
1057,1590,2159,10102011,4516207.5,-1920715.98,-2478017,-7604638,-5248624.620,3239373
1058,91,1991,-4311602,-8593428.0,7803886.07,-8933077,6197701,-2935057.090,-7072873
1059,2185,1613,-7721832,-2201084.2,-3283092.35,5532789,-9720556,7815910.560,-6552975
1060,1449,693,-3483180,7064770.0,-4857719.95,-7728216,6883258,-7426934.970,644766
1061,4318,153,3909398,-8026700.5,6920841.08,-4952969,6027840,-7929895.680,4927496
1062,1919,2037,-4577286,-5364910.0,-2490378.31,506822,-10484183,-4041143.730,2967371
1063,175,107,-7930600,-5533663.5,-1.017240861E7,1714224,-722353,10169606.090,9939641
1064,4143,1018,3801303,8678517.0,1682433.69,-7284510,-9741417,-2422738.980,-6537494
1065,2260,403,4001489,-9300391.0,3332473.8,3854422,2935461,2407044.780,-5709064
1066,1583,2384,1576686,-1895341.4,9644607.5,-9180256,-10542434,-2887039.490,-9266530
1067,1306,69,3924330,8332958.5,-3784899.58,1549857,-7699668,1305942.730,3412208
1068,1995,2043,-6103126,-7305463.0,6274126.62,-2038613,10339668,7127926.780,-1215495
1069,2864,1239,1909726,-3507511.0,2334797.5,629407,-4831018,-1591804.950,-6491750
1070,2267,1937,-5420630,-1192510.1,2401791.34,8310521,9803898,2518408.330,7683060
1071,4251,1237,2879652,-2237905.5,9158309.06,-1024492,-7024747,10153119.950,-5994595
1072,1969,2238,6340939,-5957851.0,-7503106.05,6133633,-1216066,6441241.960,-5360358
1073,934,1581,9441504,5738632.0,-9822545.11,-9177701,9122345,-10199793.270,8570141
1074,223,570,-776329,-9845938.0,-2702201.35,-10370820,4051649,-3369390.770,-4426354
1075,1144,1389,3216452,-1385562.2,-9920.06,9933238,9551758,-7157014.550,-8773167
1076,2656,2072,8285550,-5157878.0,-7835476.9,-10424609,-4430408,8165575.670,1611880
1077,1224,702,2135489,-2577677.2,1048657.31,3498627,10252577,-2214671.850,-2279590
1078,3066,284,-5721267,-4201384.5,-328066.06,-5587022,-8805987,-6433278.760,10365347
1079,1587,1456,-6739871,734039.25,-2441133.7,9343478,3060061,-8159620.900,9277588
1080,77,1296,-9738961,3594078.0,4875454.01,7722379,-2528457,4807783.990,6214141
1081,3740,371,-4285667,8333250.0,-6757083.45,-6261013,10166332,9572251.620,-2004384
1082,4509,1348,5878172,-2680053.5,-6084258.15,828754,9431230,-9452776.970,10743460
1083,1681,1943,1597838,1.0618093E7,-1.04615216E7,1289454,-9043129,-717422.680,1142301
1084,3393,2121,-9272325,-8138273.5,7384373.25,3979905,8592190,7586305.600,-2396627
1085,739,2282,-9901748,7143343.5,1.080529212E7,3847984,9367569,-1745282.130,-10242861
1086,942,1380,3966752,3865789.2,4628890.62,173078,6823225,-5237517.020,1233344
1087,2653,1312,-6963421,-9504543.0,-2253067.54,1077112,10247490,-9446201.410,-2953928
1088,1718,1568,9180904,-673127.4,-536376.99,-4012332,-4541568,3749691.640,7196598
1089,2274,1805,-1592508,-1.0621905E7,5754527.37,-4850303,2575097,-8223681.700,-7794876
1090,300,1587,2432382,6566763.0,7306837.34,-6727297,-10834282,-10534117.880,9378012
1091,2032,1424,2696375,-564464.2,8888093.63,1124922,-4928751,861524.020,-10485400
1092,973,1702,-6602536,-4816290.0,-1802323.22,-963043,-10009752,2052752.680,2490361
1093,732,2327,5719081,3595921.8,-1.027803022E7,-7201431,-4309613,-6790394.990,1995528
1094,2194,323,6013570,2569955.0,8602207.98,5584178,624376,-9426586.600,10457815
1095,1930,844,4670268,358238.66,-3965779.41,3153605,-5260989,6076491.160,5050730
1096,1952,1152,2746461,1411389.6,-4903458.98,4081897,3785800,7113010.550,-7889826
1097,4207,360,-3339510,5355934.5,7979638.08,294006,-9682673,7152735.960,-7786349
1098,1893,2000,-10586334,4804994.0,9582166.19,10694770,-7729476,-10079537.020,-3263998
1099,1244,696,-7965142,-9299055.0,-7571984.18,4969454,3158518,3797023.020,-10435988
1100,118,1489,5648921,5346215.0,-7822110.34,-8910419,-1404126,-8091059.250,7975486
1101,3073,1155,-9554337,-1.0649065E7,4211482.72,8680085,-4052487,7581514.370,1615606
1102,3272,1516,-8985932,-1003527.3,6472093.97,5863215,8319295,7377441.990,-9256168
1103,3051,2354,10703496,-8800821.0,4290815.16,-6576278,2435341,1493562.280,-4974507
1104,100,770,-4427546,3582582.0,-397836.48,3970440,-4621503,-9408656.980,-10627266
1105,3552,2394,-7572447,-3210128.5,-1.083693578E7,-6268415,-2055059,47572.880,-8671369
1106,3436,1604,-7170601,2110941.5,-9091941.84,-9791060,6567876,5471440.200,-9602550
1107,293,2398,10579806,4729807.5,-2011115.98,-2595598,-7964376,-5496758.120,3392305
1108,1856,64,-4515541,-8999828.0,8172686.07,-9354822,6490176,-3074092.590,-7407601
1109,1504,890,-8086280,-2305084.2,-3438292.35,5794487,-10179293,8185156.060,-6862691
1110,3537,1410,-3647827,7398370.0,-5086519.95,-8092688,7207867,-7776840.470,675253
1111,3091,429,4093635,-8405101.0,7247241.08,-5185926,6312128,-8303393.180,5159465
1112,3676,402,-4792794,-5617710.0,-2607978.31,530304,-10978079,-4231421.230,3107449
1113,2892,2087,-8303502,-5793663.5,-1.065080861E7,1795183,-756016,10647634.590,10407323
1114,2063,870,3980350,9086517.0,1761633.69,-7626475,-10199167,-2536138.480,-6844388
