1115,634,616,4189445,-9737191.0,3488473.8,4035706,3072849,2520405.280,-5977508
1116,2126,109,1650311,-1984141.4,1.00974075E7,-9610937,-11036778,-3022208.490,-9700788
1117,2026,2131,4108381,8723359.0,-3962499.58,1622386,-8060156,1367556.730,3572453
1118,542,1006,-6388920,-7647063.0,6567726.62,-2134266,10824027,7461513.280,-1272419
1119,1294,814,1999075,-3671511.0,2444397.5,659160,-5056830,-1666563.450,-6795683
1120,1089,661,-5673867,-1248510.1,2513791.34,8698992,10262469,2636383.330,8041790
1121,563,1271,3013667,-2342705.5,9586309.06,-1072324,-7353060,10627490.950,-6274500
1122,1679,1541,6637027,-6235451.0,-7853506.05,6419529,-1272779,6741576.960,-5610282
1123,3832,537,9881222,6005832.0,-1.028014511E7,-9605784,9547458,-10675170.270,8969550
1124,2418,729,-812080,-1.0304338E7,-2827801.35,-10854013,4240149,-3526500.770,-4632071
1125,1949,1880,3365922,-1449562.2,-9920.06,10395378,9996170,-7490132.550,-9180995
1126,2906,2357,8670458,-5397878.0,-8199476.9,-10909439,-4636271,8545105.670,1686487
1127,690,733,2234665,-2697677.2,1097457.31,3661323,10728598,-2317211.850,-2384975
1128,4516,458,-5987020,-4396584.5,-343266.06,-5846072,-9214582,-6731409.260,10846443
1129,1753,1119,-7052439,768439.25,-2553933.7,9776189,3201615,-8537463.900,9707772
1130,674,1993,-10189634,3760478.0,5101054.01,8080250,-2645695,5030260.990,6501740
1131,1607,2390,-4483524,8718850.0,-7069883.45,-6550321,10636416,10014627.620,-2097397
1132,3669,836,6150041,-2804053.5,-6365058.15,866964,9867330,-9889531.470,11240300
1133,174,1190,1671940,1.1108493E7,-1.09447216E7,1349042,-9460348,-750160.180,1194902
1134,2669,428,-9699857,-8513473.0,7725173.25,4163170,8988244,7935924.600,-2507242
1135,309,806,-10358449,7472143.5,1.130289212E7,4025310,9798994,-1825832.130,-10714662
1136,383,2029,4149339,4043389.2,4841690.62,181476,7137079,-5479092.520,1290375
1137,3825,257,-7283311,-9941343.0,-2357067.54,1126374,10719196,-9880469.410,-3089784
1138,4020,571,9602919,-704327.4,-561176.99,-4196375,-4750568,3921917.140,7526951
1139,704,324,-1665695,-1.1109905E7,6018527.37,-5072629,2693709,-8600830.200,-8152828
1140,1206,1542,2543787,6867563.0,7642037.34,-7036066,-11331345,-11017657.880,9807898
1141,3454,1035,2820139,-590064.2,9295293.63,1176267,-5154401,901146.520,-10966369
1142,1709,1787,-6904861,-5037090.0,-1884723.22,-1007211,-10468323,2146442.180,2604191
1143,4032,832,5980546,3760721.8,-1.074843022E7,-7530806,-4506738,-7101304.490,2086483
1144,725,921,6288862,2687555.0,8995007.98,5839413,653339,-9857132.100,10935388
1145,668,1350,4883085,375038.66,-4146579.41,3297824,-5501361,6354373.660,5281076
1146,4067,1291,2871386,1476189.6,-5127458.98,4267678,3958200,7437650.550,-8249459
1147,3101,1285,-3491766,5599934.5,8343638.08,307147,-10123942,7479033.460,-8141014
1148,296,248,-11068815,5024194.0,1.001896619E7,11181704,-8081801,-10538750.020,-3412769
1149,3485,2113,-8327945,-9722255.0,-7916784.18,5195396,3302268,3970084.520,-10910810
1150,1583,652,5905437,5589415.0,-8178110.34,-9315214,-1468263,-8458780.250,8337805
1151,808,1048,-9988046,-1.1132265E7,4402682.72,9074166,-4236281,7925541.870,1688523
1152,2750,2102,-9393979,-1049127.4,6765693.97,6129290,8696620,7711975.990,-9676287
1153,2023,327,11188521,-9200021.0,4485215.16,-6874060,2545928,1561351.280,-5200141
1154,1836,2191,-4628469,3744982.0,-416236.48,4150570,-4830390,-9835107.480,-11108720
1155,2786,393,-7914808,-3355728.5,-1.132733578E7,-6551609,-2148084,49686.880,-9063940
1156,3320,2039,-7494711,2206141.5,-9503141.84,-10233969,6864901,5718842.700,-10037035
1157,3640,240,11057600,4943407.5,-2101515.98,-2713178,-8324113,-5744891.620,3545238
1158,3621,536,-4719480,-9406228.0,8541486.07,-9776567,6782651,-3213128.090,-7742328
1159,823,167,-8450728,-2409084.2,-3593492.35,6056184,-10638031,8554401.560,-7172407
1160,979,2126,-3812474,7731970.0,-5315319.95,-8457159,7532476,-8126745.970,705739
1161,1863,704,4277873,-8783501.0,7573641.08,-5418883,6596415,-8676890.680,5391434
1162,787,1166,-5008303,-5870510.0,-2725578.31,553786,-11471975,-4421698.730,3247527
1163,965,1668,-8676404,-6053663.5,-1.112920861E7,1876141,-789678,11125663.090,10875005
1164,4627,722,4159397,9494517.0,1840833.69,-7968440,-10656917,-2649537.980,-7151282
1165,3652,830,4377402,-1.0173991E7,3644473.8,4216990,3210236,2633765.780,-6245953
1166,2669,232,1723937,-2072941.4,1.05502075E7,-10041617,-11531121,-3157377.490,-10135046
1167,2746,1794,4292431,9113759.0,-4140099.58,1694915,-8420643,1429170.730,3732699
1168,3735,2366,-6674714,-7988663.0,6861326.62,-2229919,11308386,7795099.780,-1329343
1169,4369,389,2088423,-3835511.0,2553997.5,688914,-5282643,-1741321.950,-7099616
1170,4557,1783,-5927104,-1304510.1,2625791.34,9087463,10721041,2754358.330,8400520
1171,1520,1306,3147682,-2447505.5,1.001430906E7,-1120156,-7681372,11101861.950,-6554405
1172,1389,843,6933115,-6513051.0,-8203906.05,6705424,-1329491,7041911.960,-5860206
1173,2084,1891,10320940,6273032.0,-1.073774511E7,-10033868,9972570,-11150547.270,9368960
1174,4613,889,-847831,-1.0762738E7,-2953401.35,-11337207,4428649,-3683610.770,-4837788
1175,2754,2371,3515393,-1513562.2,-9920.06,10857518,10440583,-7823250.550,-9588824
1176,3156,244,9055366,-5637878.0,-8563476.9,-11394270,-4842133,8924635.670,1761094
1177,157,765,2333841,-2817677.2,1146257.31,3824019,11204619,-2419751.850,-2490361
1178,1321,632,-6252773,-4591784.5,-358466.06,-6105122,-9623177,-7029539.760,11327539
1179,1919,781,-7365007,802839.25,-2666733.7,10208900,3343169,-8915306.900,10137955
1180,1272,292,-10640308,3926878.0,5326654.01,8438122,-2762932,5252737.990,6789339
1181,4120,2011,-4681381,9104450.0,-7382683.45,-6839628,11106500,10457003.620,-2190410
1182,2829,324,6421910,-2928053.5,-6645858.15,905173,10303430,-10326285.970,11737141
1183,3311,437,1746042,1.1598893E7,-1.14279216E7,1408629,-9877566,-782897.680,1247503
1184,1945,1132,-10127388,-8888673.0,8065973.25,4346434,9384299,8285543.600,-2617857
1185,4524,1728,-10815150,7800943.5,1.180049212E7,4202636,10230419,-1906382.130,-11186463
1186,4468,280,4331927,4220989.0,5054490.62,189874,7450933,-5720668.020,1347407
1187,351,1599,-7603201,-1.0378143E7,-2461067.54,1175636,11190902,-10314737.410,-3225641
1188,1678,1972,10024933,-735527.4,-585976.99,-4380418,-4959568,4094142.640,7857303
1189,3779,1241,-1738883,-1.1597905E7,6282527.37,-5294955,2812322,-8977978.700,-8510781
1190,2112,1497,2655192,7168363.0,7977237.34,-7344835,-11828407,-11501197.880,10237785
1191,232,646,2943903,-615664.2,9702493.63,1227612,-5380051,940769.020,-11447338
1192,2446,1871,-7207187,-5257890.0,-1967123.22,-1051380,-10926895,2240131.680,2718021
1193,2687,1735,6242012,3925521.8,-1.121883022E7,-7860181,-4703863,-7412213.990,2177438
1194,3901,1519,6564154,2805155.0,9387807.98,6094648,682301,-10287677.600,11412960
1195,4050,1855,5095903,391838.66,-4327379.41,3442042,-5741732,6632256.160,5511422
1196,1537,1431,2996311,1540989.6,-5351458.98,4453459,4130600,7762290.550,-8609092
1197,1995,2210,-3644022,5843934.5,8707638.08,320289,-10565210,7805330.960,-8495679
1198,3343,893,-11551297,5243394.0,1.045576619E7,11668637,-8434126,-10997963.020,-3561539
1199,1081,1132,-8690748,-1.0145455E7,-8261584.18,5421338,3446018,4143146.020,-11385632
1200,3048,2213,6161953,5832615.0,-8534110.34,-9720008,-1532401,-8826501.250,8700124
1201,3188,942,-10421755,-1.1615465E7,4593882.72,9468247,-4420074,8269569.370,1761439
1202,2227,291,-9802026,-1094727.4,7059293.97,6395365,9073945,8046509.990,-10096406
1203,996,699,11673547,-9599221.0,4679615.16,-7171843,2656516,1629140.280,-5425775
1204,3572,1213,-4829392,3907382.0,-434636.48,4330701,-5039278,-10261557.980,-11590174
1205,2021,791,-8257169,-3501328.5,-1.181773578E7,-6834803,-2241109,51800.880,-9456511
1206,3203,76,-7818821,2301341.5,-9914341.84,-10676877,7161926,5966245.200,-10471519
1207,2343,479,11535395,5157007.5,-2191915.98,-2830759,-8683851,-5993025.120,3698170
1208,741,1007,-4923419,-9812628.0,8910286.07,-10198312,7075126,-3352163.590,-8077056
1209,142,1842,-8815176,-2513084.2,-3748692.35,6317882,-11096768,8923647.060,-7482123
1210,3067,445,-3977121,8065570.0,-5544119.95,-8821631,7857085,-8476651.470,736226
1211,636,980,4462110,-9161901.0,7900041.08,-5651840,6880703,-9050388.180,5623403
1212,2544,1929,-5223811,-6123310.0,-2843178.31,577268,-11965871,-4611976.230,3387605
1213,3682,1250,-9049306,-6313663.5,-1.160760861E7,1957100,-823341,11603691.590,11342687
1214,2547,574,4338444,9902517.0,1920033.69,-8310405,-11114667,-2762937.480,-7458176
1215,2026,1043,4565358,-1.0610791E7,3800473.8,4398274,3347624,2747126.280,-6514397
1216,3212,355,1797562,-2161741.5,1.10030075E7,-10472298,-12025465,-3292546.490,-10569304
1217,3466,1458,4476482,9504159.0,-4317699.58,1767444,-8781131,1490784.730,3892944
1218,2282,1329,-6960508,-8330263.0,7154926.62,-2325572,11792745,8128686.280,-1386267
1219,2799,2362,2177772,-3999511.0,2663597.5,718667,-5508455,-1816080.450,-7403549
1220,3379,507,-6180341,-1360510.1,2737791.34,9475934,11179612,2872333.330,8759250
1221,2477,1340,3281697,-2552305.5,1.044230906E7,-1167988,-8009685,11576232.950,-6834310
1222,1099,146,7229203,-6790651.0,-8554306.05,6991320,-1386204,7342246.960,-6110130
1223,337,847,10760658,6540232.0,-1.119534511E7,-10461951,10397683,-11625924.270,9768369
1224,2163,1048,-883582,-1.1221138E7,-3079001.35,-11820400,4617149,-3840720.770,-5043505
1225,3559,464,3664863,-1577562.2,-9920.06,11319658,10884995,-8156368.550,-9996652
1226,3406,529,9440274,-5877878.0,-8927476.9,-11879100,-5047996,9304165.670,1835701
1227,4268,796,2433017,-2937677.2,1195057.31,3986715,11680640,-2522291.850,-2595746
1228,2771,806,-6518526,-4786984.5,-373666.06,-6364172,-10031772,-7327670.260,11808635
1229,2085,444,-7677575,837239.25,-2779533.7,10641611,3484723,-9293149.900,10568139
1230,1869,989,-11090981,4093278.0,5552254.01,8795993,-2880170,5475214.990,7076938
1231,1987,1632,-4879238,9490050.0,-7695483.45,-7128936,11576584,10899379.620,-2283423
1232,1989,2210,6693779,-3052053.5,-6926658.15,943383,10739530,-10763040.470,12233981
1233,1804,2082,1820144,1.2089293E7,-1.19111216E7,1468217,-10294785,-815635.180,1300104
1234,1221,1837,-10554920,-9263873.0,8406773.25,4529699,9780353,8635162.600,-2728472
1235,4094,252,-11271851,8129743.5,1.229809212E7,4379962,10661844,-1986932.130,-11658264
1236,3909,929,4514514,4398589.0,5267290.62,198272,7764787,-5962243.520,1404438
1237,1523,544,-7923091,-1.0814943E7,-2565067.54,1224898,11662608,-10749005.410,-3361497
1238,3980,975,10446948,-766727.4,-610776.99,-4564461,-5168568,4266368.140,8187656
1239,2209,2158,-1812070,-1.2085905E7,6546527.37,-5517281,2930934,-9355127.200,-8868733
1240,3018,1452,2766597,7469163.0,8312437.34,-7653604,-12325470,-11984737.880,10667671
1241,1654,257,3067667,-641264.2,1.010969363E7,1278957,-5605701,980391.520,-11928307
1242,3182,1956,-7509512,-5478690.0,-2049523.22,-1095548,-11385466,2333821.180,2831851
1243,1342,240,6503477,4090321.8,-1.168923022E7,-8189556,-4900988,-7723123.490,2268393
1244,2432,2117,6839446,2922755.0,9780607.98,6349883,711264,-10718223.100,11890533
1245,2788,2361,5308720,408638.66,-4508179.41,3586261,-5982104,6910138.660,5741768
1246,3652,1570,3121236,1605789.6,-5575458.98,4639240,4303000,8086930.550,-8968725
1247,889,737,-3796278,6087934.5,9071638.08,333430,-11006479,8131628.460,-8850344
1248,1746,1539,-12033778,5462594.0,1.089256619E7,12155571,-8786451,-11457176.020,-3710310
1249,3322,151,-9053551,-1.0568655E7,-8606384.18,5647280,3589768,4316207.520,-11860454
1250,4513,1376,6418469,6075815.0,-8890110.34,-10124803,-1596538,-9194222.250,9062443
1251,923,835,-10855464,-1.2098665E7,4785082.72,9862328,-4603868,8613596.870,1834356
1252,1705,877,-10210073,-1140327.4,7352893.97,6661440,9451270,8381043.990,-10516525
1253,4613,1070,12158572,-9998421.0,4874015.16,-7469625,2767103,1696929.280,-5651409
1254,663,236,-5030315,4069782.0,-453036.48,4510831,-5248165,-10688008.480,-12071628
1255,1255,1188,-8599530,-3646928.5,-1.230813578E7,-7117997,-2334134,53914.880,-9849082
1256,3087,511,-8142931,2396541.5,-1.032554184E7,-11119786,7458951,6213647.700,-10906004
1257,1045,719,12013189,5370607.5,-2282315.98,-2948339,-9043588,-6241158.620,3851103
1258,2506,1479,-5127358,-1.0219028E7,9279086.07,-10620057,7367601,-3491199.090,-8411783
1259,4106,1119,-9179624,-2617084.2,-3903892.35,6579579,-11555506,9292892.560,-7791839
1260,509,1161,-4141768,8399170.0,-5772919.95,-9186102,8181694,-8826556.970,766712
1261,4053,1255,4646348,-9540301.0,8226441.08,-5884797,7164990,-9423885.680,5855372
1262,4300,295,-5439320,-6376110.0,-2960778.31,600750,-12459767,-4802253.730,3527683
1263,1755,831,-9422208,-6573663.5,-1.208600861E7,2038058,-857003,12081720.090,11810369
1264,466,426,4517491,1.0310517E7,1999233.69,-8652370,-11572417,-2876336.980,-7765070
1265,399,1257,4753315,-1.1047591E7,3956473.8,4579558,3485011,2860486.780,-6782842
1266,3755,478,1871188,-2250541.5,1.14558075E7,-10902978,-12519808,-3427715.490,-11003562
1267,4186,1121,4660532,9894559.0,-4495299.58,1839973,-9141618,1552398.730,4053190
1268,830,291,-7246302,-8671863.0,7448526.62,-2421225,12277104,8462272.780,-1443191
1269,1229,1937,2267120,-4163511.0,2773197.5,748421,-5734268,-1890838.950,-7707482
1270,2202,1629,-6433578,-1416510.1,2849791.34,9864405,11638184,2990308.330,9117980
1271,3434,1375,3415712,-2657105.5,1.087030906E7,-1215820,-8337997,12050603.950,-7114215
1272,809,1846,7525291,-7068251.0,-8904706.05,7277215,-1442916,7642581.960,-6360054
1273,3234,2201,11200376,6807432.0,-1.165294511E7,-10890035,10822795,-12101301.270,10167779
1274,4358,1208,-919333,-1.1679538E7,-3204601.35,-12303594,4805649,-3997830.770,-5249222
1275,4364,955,3814334,-1641562.2,-9920.06,11781798,11329408,-8489486.550,-10404481
1276,3656,814,9825182,-6117878.0,-9291476.9,-12363931,-5253858,9683695.670,1910308
1277,3735,828,2532193,-3057677.2,1243857.31,4149411,12156661,-2624831.850,-2701132
1278,4221,980,-6784279,-4982184.5,-388866.06,-6623222,-10440367,-7625800.760,12289731
1279,2251,106,-7990143,871639.25,-2892333.7,11074322,3626277,-9670992.900,10998322
1280,2467,1686,-11541655,4259678.0,5777854.01,9153865,-2997407,5697691.990,7364537
1281,4500,1253,-5077095,9875650.0,-8008283.45,-7418243,12046668,11341755.620,-2376436
1282,1149,1698,6965648,-3176053.5,-7207458.15,981592,11175630,-11199794.970,12730822
1283,296,1329,1894246,1.2579693E7,-1.23943216E7,1527804,-10712003,-848372.680,1352705
1284,497,143,-10982451,-9639073.0,8747573.25,4712963,10176408,8984781.600,-2839087
1285,3664,1174,-11728552,8458543.0,1.279569212E7,4557288,11093269,-2067482.130,-12130065
1286,3349,1578,4697102,4576189.0,5480090.62,206670,8078641,-6203819.020,1461470
1287,2694,1886,-8242981,-1.1251743E7,-2669067.54,1274160,12134314,-11183273.410,-3497354
1288,1638,2376,10868962,-797927.4,-635576.99,-4748504,-5377568,4438593.640,8518008
1289,639,677,-1885258,-1.2573905E7,6810527.37,-5739607,3049547,-9732275.700,-9226686
1290,3924,1407,2878002,7769963.0,8647637.34,-7962373,-12822532,-12468277.880,11097558
1291,3077,2266,3191431,-666864.2,1.051689363E7,1330302,-5831351,1020014.020,-12409276
1292,3919,2040,-7811838,-5699490.0,-2131923.22,-1139717,-11844038,2427510.680,2945681
1293,4642,1143,6764943,4255121.5,-1.215963022E7,-8518931,-5098113,-8034032.990,2359348
1294,963,317,7114738,3040355.0,1.017340798E7,6605118,740226,-11148768.600,12368105
1295,1525,468,5521538,425438.66,-4688979.41,3730479,-6222475,7188021.160,5972114
1296,1122,1710,3246161,1670589.6,-5799458.98,4825021,4475400,8411570.550,-9328358
1297,4428,1662,-3948534,6331934.5,9435638.08,346572,-11447747,8457925.960,-9205009
1298,148,2184,-12516260,5681794.0,1.132936619E7,12642504,-9138776,-11916389.020,-3859080
1299,918,1568,-9416354,-1.0991855E7,-8951184.18,5873222,3733518,4489269.020,-12335276
1300,1333,539,6674985,6319015.0,-9246110.34,-10529597,-1660676,-9561943.250,9424762
1301,3303,729,-11289173,-1.2581865E7,4976282.72,10256409,-4787661,8957624.370,1907272
1302,1182,1464,-10618120,-1185927.4,7646493.97,6927515,9828595,8715577.990,-10936644
1303,3586,1442,12643598,-1.0397621E7,5068415.16,-7767408,2877691,1764718.280,-5877043
1304,2399,1656,-5231238,4232182.0,-471436.48,4690962,-5457053,-11114458.980,-12553082
1305,490,1586,-8941891,-3792528.5,-1.279853578E7,-7401191,-2427159,56028.880,-10241653
1306,2970,946,-8467041,2491741.5,-1.073674184E7,-11562694,7755976,6461050.200,-11340488
1307,4393,958,12490984,5584207.5,-2372715.98,-3065920,-9403326,-6489292.120,4004035
1308,4271,1950,-5331297,-1.0625428E7,9647886.07,-11041802,7660076,-3630234.590,-8746511
1309,3425,396,-9544072,-2721084.2,-4059092.35,6841277,-12014243,9662138.060,-8101555
1310,2597,1878,-4306415,8732770.0,-6001719.95,-9550574,8506303,-9176462.470,797199
1311,2826,1531,4830585,-9918701.0,8552841.08,-6117754,7449278,-9797383.180,6087341
1312,1412,1058,-5654828,-6628910.0,-3078378.31,624232,-12953663,-4992531.230,3667761
1313,4472,413,-9795110,-6833663.5,-1.256440861E7,2119017,-890666,12559748.590,12278051
1314,3031,278,4696538,1.0718517E7,2078433.69,-8994335,-12030167,-2989736.480,-8071964
1315,3418,1470,4941271,-1.1484391E7,4112473.8,4760842,3622399,2973847.280,-7051286
1316,4298,601,1944813,-2339341.5,1.19086075E7,-11333659,-13014152,-3562884.490,-11437820
1317,261,785,4844583,1.0284959E7,-4672899.58,1912502,-9502106,1614012.730,4213435
1318,4022,1652,-7532096,-9013463.0,7742126.62,-2516878,12761463,8795859.280,-1500115
1319,4304,1512,2356469,-4327511.0,2882797.5,778174,-5960080,-1965597.450,-8011415
1320,1024,353,-6686815,-1472510.1,2961791.34,10252876,12096755,3108283.330,9476710
1321,4391,1409,3549727,-2761905.5,1.129830906E7,-1263652,-8666310,12524974.950,-7394120
1322,519,1149,7821379,-7345851.0,-9255106.05,7563111,-1499629,7942916.960,-6609978
1323,1487,1157,11640094,7074632.0,-1.211054511E7,-11318118,11247908,-12576678.270,10567188
1324,1908,1367,-955084,-1.2137938E7,-3330201.35,-12786787,4994149,-4154940.770,-5454939
1325,524,1446,3963804,-1705562.2,-9920.06,12243938,11773820,-8822604.550,-10812309
1326,3906,1099,10210090,-6357878.0,-9655476.9,-12848761,-5459721,10063225.670,1984915
1327,3201,859,2631369,-3177677.2,1292657.31,4312107,12632682,-2727371.850,-2806517
1328,1026,1154,-7050032,-5177384.5,-404066.06,-6882272,-10848962,-7923931.260,12770827
1329,2417,2167,-8302711,906039.25,-3005133.7,11507033,3767831,-10048835.900,11428506
1330,3064,2383,-11992328,4426078.0,6003454.01,9511736,-3114645,5920168.990,7652136
1331,2367,874,-5274952,1.026125E7,-8321083.45,-7707551,12516752,11784131.620,-2469449
1332,309,1186,7237517,-3300053.5,-7488258.15,1019802,11611730,-11636549.470,13227662
1333,3434,576,1968348,1.3070093E7,-1.28775216E7,1587392,-11129222,-881110.180,1405306
1334,4418,848,-11409983,-1.0014273E7,9088373.25,4896228,10572462,9334400.600,-2949702
1335,3234,2096,-12185253,8787343.0,1.329329212E7,4734614,11524694,-2148032.130,-12601866
1336,2790,2227,4879689,4753789.0,5692890.62,215068,8392495,-6445394.520,1518501
1337,3866,831,-8562871,-1.1688543E7,-2773067.54,1323422,12606020,-11617541.410,-3633210
1338,3940,1379,11290977,-829127.4,-660376.99,-4932547,-5586568,4610819.140,8848361
1339,3714,1594,-1958445,-1.3061905E7,7074527.37,-5961933,3168159,-10109424.200,-9584638
1340,185,1362,2989407,8070763.0,8982837.34,-8271142,-13319595,-12951817.880,11527444
1341,4499,1877,3315195,-692464.2,1.092409363E7,1381647,-6057001,1059636.520,-12890245
1342,10,2125,-8114163,-5920290.0,-2214323.22,-1183885,-12302609,2521200.180,3059511
1343,3297,2046,7026408,4419921.5,-1.263003022E7,-8848306,-5295238,-8344942.490,2450303
1344,4139,915,7390030,3157955.0,1.056620798E7,6860353,769189,-11579314.100,12845678
1345,263,974,5734355,442238.66,-4869779.41,3874698,-6462847,7465903.660,6202460
1346,3237,1849,3371086,1735389.6,-6023458.98,5010802,4647800,8736210.550,-9687991
1347,3322,189,-4100790,6575934.5,9799638.08,359713,-11889016,8784223.460,-9559674
1348,3196,432,-12998741,5900994.0,1.176616619E7,13129438,-9491101,-12375602.020,-4007851
1349,3159,587,-9779157,-1.1415055E7,-9295984.18,6099164,3877268,4662330.520,-12810098
1350,2798,2100,6931501,6562215.0,-9602110.34,-10934392,-1724813,-9929664.250,9787081
1351,1038,622,-11722882,-1.3065065E7,5167482.72,10650490,-4971455,9301651.870,1980189
1352,660,2050,-11026167,-1231527.4,7940093.97,7193590,10205920,9050111.990,-11356763
1353,2558,1813,13128623,-1.0796821E7,5262815.16,-8065190,2988278,1832507.280,-6102677
1354,4135,679,-5432161,4394582.0,-489836.48,4871092,-5665940,-11540909.480,-13034536
1355,4369,1983,-9284252,-3938128.5,-1.328893578E7,-7684385,-2520184,58142.880,-10634224
1356,2854,1381,-8791151,2586941.5,-1.114794184E7,-12005603,8053001,6708452.700,-11774973
1357,3095,1198,12968778,5797807.5,-2463115.98,-3183500,-9763063,-6737425.620,4156968
1358,1391,24,-5535236,-1.1031828E7,1.001668607E7,-11463547,7952551,-3769270.090,-9081238
1359,2744,2071,-9908520,-2825084.2,-4214292.35,7102974,-12472981,10031383.560,-8411271
1360,39,196,-4471062,9066370.0,-6230519.95,-9915045,8830912,-9526367.970,827685
1361,1598,1806,5014823,-1.0297101E7,8879241.08,-6350711,7733565,-10170880.680,6319310
1362,3168,1822,-5870337,-6881710.0,-3195978.31,647714,-13447559,-5182808.730,3807839
1363,2545,2392,-10168012,-7093663.5,-1.304280861E7,2199975,-924328,13037777.090,12745733
1364,950,130,4875585,1.1126517E7,2157633.69,-9336300,-12487917,-3103135.980,-8378858
1365,1791,1684,5129228,-1.1921191E7,4268473.8,4942126,3759786,3087207.780,-7319731
1366,196,724,2018439,-2428141.5,1.23614075E7,-11764339,-13508495,-3698053.490,-11872078
1367,981,448,5028633,1.0675359E7,-4850499.58,1985031,-9862593,1675626.730,4373681
1368,2570,614,-7817890,-9355063.0,8035726.62,-2612531,13245822,9129445.780,-1557039
1369,2734,1087,2445817,-4491511.0,2992397.5,807928,-6185893,-2040355.950,-8315348
1370,4492,1475,-6940052,-1528510.1,3073791.34,10641347,12555327,3226258.330,9835440
1371,703,1444,3683742,-2866705.5,1.172630906E7,-1311484,-8994622,12999345.950,-7674025
1372,229,451,8117467,-7623451.0,-9605506.05,7849006,-1556341,8243251.960,-6859902
1373,4384,113,12079812,7341832.0,-1.256814511E7,-11746202,11673020,-13052055.270,10966598
1374,4103,1527,-990835,-1.2596338E7,-3455801.35,-13269981,5182649,-4312050.770,-5660656
1375,1329,1937,4113275,-1769562.2,-9920.06,12706078,12218233,-9155722.550,-11220138
1376,4156,1384,10594998,-6597878.0,-1.00194769E7,-13333592,-5665583,10442755.670,2059522
1377,2668,891,2730545,-3297677.2,1341457.31,4474803,13108703,-2829911.850,-2911903
1378,2476,1328,-7315785,-5372584.5,-419266.06,-7141322,-11257557,-8222061.760,13251923
1379,2583,1829,-8615279,940439.25,-3117933.7,11939744,3909385,-10426678.900,11858689
1380,3662,682,-12443002,4592478.0,6229054.01,9869608,-3231882,6142645.990,7939735
1381,235,495,-5472809,1.064685E7,-8633883.45,-7996858,12986836,12226507.620,-2562462
1382,4114,674,7509386,-3424053.5,-7769058.15,1058011,12047830,-12073303.970,13724503
1383,1926,2221,2042450,1.3560493E7,-1.33607216E7,1646979,-11546440,-913847.680,1457907
1384,3694,1552,-11837514,-1.0389473E7,9429173.25,5079492,10968517,9684019.600,-3060317
1385,2804,620,-12641954,9116143.0,1.379089212E7,4911940,11956119,-2228582.130,-13073667
1386,2230,478,5062277,4931389.0,5905690.62,223466,8706349,-6686970.020,1575533
1387,392,2173,-8882761,-1.2125343E7,-2877067.54,1372684,13077726,-12051809.410,-3769067
1388,1598,382,11712991,-860327.4,-685176.99,-5116590,-5795568,4783044.640,9178713
1389,2144,113,-2031633,-1.3549905E7,7338527.37,-6184259,3286772,-10486572.700,-9942591
1390,1091,1317,3100812,8371563.0,9318037.34,-8579911,-13816657,-13435357.880,11957331
1391,1277,1488,3438959,-718064.2,1.133129363E7,1432992,-6282651,1099259.020,-13371214
1392,747,2209,-8416489,-6141090.0,-2296723.22,-1228054,-12761181,2614889.680,3173341
1393,1952,551,7287874,4584721.5,-1.310043022E7,-9177681,-5492363,-8655851.990,2541258
1394,2670,1513,7665322,3275555.0,1.095900798E7,7115588,798151,-12009859.600,13323250
1395,3645,1479,5947173,459038.66,-5050579.41,4018916,-6703218,7743786.160,6432806
1396,707,1989,3496011,1800189.6,-6247458.98,5196583,4820200,9060850.550,-10047624
1397,2216,1114,-4253046,6819934.5,1.016363808E7,372855,-12330284,9110520.960,-9914339
1398,1598,1077,-13481223,6120194.0,1.220296619E7,13616371,-9843426,-12834815.020,-4156621
1399,755,2004,-10141960,-1.1838255E7,-9640784.18,6325106,4021018,4835392.020,-13284920
1400,4263,1263,7188017,6805415.0,-9958110.34,-11339186,-1788951,-10297385.250,10149400
1401,3418,516,-12156591,-1.3548265E7,5358682.72,11044571,-5155248,9645679.370,2053105
1402,137,239,-11434214,-1277127.4,8233693.97,7459665,10583245,9384645.990,-11776882
1403,1531,2185,13613649,-1.1196021E7,5457215.16,-8362973,3098866,1900296.280,-6328311
1404,1226,2099,-5633084,4556982.0,-508236.48,5051223,-5874828,-11967359.980,-13515990
1405,3604,2381,-9626613,-4083728.5,-1.377933578E7,-7967579,-2613209,60256.880,-11026795
1406,2737,1816,-9115261,2682141.5,-1.155914184E7,-12448511,8350026,6955855.200,-12209457
1407,1798,1437,13446573,6011407.5,-2553515.98,-3301081,-10122801,-6985559.120,4309900
1408,3156,495,-5739175,-1.1438228E7,1.038548607E7,-11885292,8245026,-3908305.590,-9415966
1409,2063,1348,-10272968,-2929084.2,-4369492.35,7364672,-12931718,10400629.060,-8720987
1410,2127,913,-4635709,9399970.0,-6459319.95,-10279517,9155521,-9876273.470,858172
1411,371,2082,5199060,-1.0675501E7,9205641.08,-6583668,8017853,-10544378.180,6551279
1412,280,187,-6085845,-7134510.0,-3313578.31,671196,-13941455,-5373086.230,3947917
1413,617,1974,-10540914,-7353663.5,-1.352120861E7,2280934,-957991,13515805.590,13213415
1414,3515,2380,5054632,1.1534517E7,2236833.69,-9678265,-12945667,-3216535.480,-8685752
1415,165,1897,5317184,-1.2357991E7,4424473.8,5123410,3897174,3200568.280,-7588175
1416,739,847,2092064,-2516941.5,1.28142075E7,-12195020,-14002839,-3833222.490,-12306336
1417,1701,112,5212684,1.1065759E7,-5028099.58,2057560,-10223081,1737240.730,4533926
1418,1117,1975,-8103684,-9696663.0,8329326.62,-2708184,13730181,9463032.280,-1613963
1419,1164,662,2535166,-4655511.0,3101997.5,837681,-6411705,-2115114.450,-8619281
1420,3314,199,-7193289,-1584510.1,3185791.34,11029818,13013898,3344233.330,10194170
1421,1660,1478,3817757,-2971505.5,1.215430906E7,-1359316,-9322935,13473716.950,-7953930
1422,4584,2152,8413555,-7901051.0,-9955906.05,8134902,-1613054,8543586.960,-7109826
1423,2637,1467,12519530,7609032.0,-1.302574511E7,-12174285,12098133,-13527432.270,11366007
1424,1653,1686,-1026586,-1.3054738E7,-3581401.35,-13753174,5371149,-4469160.770,-5866373
1425,2134,30,4262745,-1833562.2,-9920.06,13168218,12662645,-9488840.550,-11627966
1426,4406,1669,10979906,-6837878.0,-1.03834769E7,-13818422,-5871446,10822285.670,2134129
1427,2134,922,2829721,-3417677.2,1390257.31,4637499,13584724,-2932451.850,-3017288
1428,3926,1502,-7581538,-5567784.5,-434466.06,-7400372,-11666152,-8520192.260,13733019
1429,2749,1492,-8927847,974839.25,-3230733.7,12372455,4050939,-10804521.900,12288873
1430,4259,1379,-12893675,4758878.0,6454654.01,10227479,-3349120,6365122.990,8227334
1431,2747,116,-5670666,1.103245E7,-8946683.45,-8286166,13456920,12668883.620,-2655475
1432,3274,162,7781255,-3548053.5,-8049858.15,1096221,12483930,-12510058.470,14221343
1433,419,1468,2116552,1.4050893E7,-1.38439216E7,1706567,-11963659,-946585.180,1510508
1434,2970,2257,-12265046,-1.0764673E7,9769973.25,5262757,11364571,10033638.600,-3170932
1435,2374,1542,-13098655,9444943.0,1.428849212E7,5089266,12387544,-2309132.130,-13545468
1436,1671,1127,5244864,5108989.0,6118490.62,231864,9020203,-6928545.520,1632564
1437,1564,1118,-9202651,-1.2562143E7,-2981067.54,1421946,13549432,-12486077.410,-3904923
1438,3900,1783,12135006,-891527.4,-709976.99,-5300633,-6004568,4955270.140,9509066
1439,574,1030,-2104820,-1.4037905E7,7602527.37,-6406585,3405384,-10863721.200,-10300543
1440,1997,1272,3212217,8672363.0,9653237.34,-8888680,-14313720,-13918897.880,12387217
1441,2699,1099,3562723,-743664.2,1.173849363E7,1484337,-6508301,1138881.520,-13852183
1442,1483,2294,-8718814,-6361890.0,-2379123.22,-1272222,-13219752,2708579.180,3287171
1443,607,1454,7549339,4749521.5,-1.357083022E7,-9507056,-5689488,-8966761.490,2632213
1444,1201,2111,7940614,3393155.0,1.135180798E7,7370823,827114,-12440405.100,13800823
1445,2383,1985,6159990,475838.66,-5231379.41,4163135,-6943590,8021668.660,6663152
1446,2822,2128,3620936,1864989.6,-6471458.98,5382364,4992600,9385490.550,-10407257
1447,1110,2039,-4405302,7063934.5,1.052763808E7,385996,-12771553,9436818.460,-10269004
1448,1,1723,-13963704,6339394.0,1.263976619E7,14103305,-10195751,-13294028.020,-4305392
1449,2996,1023,-10504763,-1.2261455E7,-9985584.18,6551048,4164768,5008453.520,-13759742
1450,1083,426,7444533,7048615.0,-1.031411034E7,-11743981,-1853088,-10665106.250,10511719
1451,1153,409,-12590300,-1.4031465E7,5549882.72,11438652,-5339042,9989706.870,2126022
1452,4260,825,-11842261,-1322727.4,8527293.97,7725740,10960570,9719179.990,-12197001
1453,503,158,14098674,-1.1595221E7,5651615.16,-8660755,3209453,1968085.280,-6553945
1454,2962,1122,-5834007,4719382.0,-526636.48,5231353,-6083715,-12393810.480,-13997444
1455,2838,380,-9968974,-4229328.5,-1.426973578E7,-8250773,-2706234,62370.880,-11419366
1456,2621,2251,-9439371,2777341.5,-1.197034184E7,-12891420,8647051,7203257.700,-12643942
1457,500,1677,13924367,6225007.5,-2643915.98,-3418661,-10482538,-7233692.620,4462833
1458,276,967,-5943114,-1.1844628E7,1.075428607E7,-12307037,8537501,-4047341.090,-9750693
1459,1382,625,-10637416,-3033084.2,-4524692.35,7626369,-13390456,10769874.560,-9030703
1460,4214,1629,-4800356,9733570.0,-6688119.95,-10643988,9480130,-10226178.970,888658
1461,3788,2357,5383298,-1.1053901E7,9532041.08,-6816625,8302140,-10917875.680,6783248
1462,2036,951,-6301354,-7387310.0,-3431178.31,694678,-14435351,-5563363.730,4087995
1463,3335,1555,-10913816,-7613663.5,-1.399960861E7,2361892,-991653,13993834.090,13681097
1464,1434,2232,5233679,1.1942517E7,2316033.69,-10020230,-13403417,-3329934.980,-8992646
1465,3183,2111,5505141,-1.2794791E7,4580473.8,5304694,4034561,3313928.780,-7856620
1466,1282,970,2165690,-2605741.5,1.32670075E7,-12625700,-14497182,-3968391.490,-12740594
1467,2421,2173,5396734,1.1456159E7,-5205699.58,2130089,-10583568,1798854.730,4694172
1468,4310,937,-8389478,-1.0038263E7,8622926.62,-2803837,14214540,9796618.780,-1670887
1469,4239,237,2624514,-4819511.0,3211597.5,867435,-6637518,-2189872.950,-8923214
1470,2137,1321,-7446526,-1640510.1,3297791.34,11418289,13472470,3462208.330,10552900
1471,2617,1513,3951772,-3076305.5,1.258230906E7,-1407148,-9651247,13948087.950,-8233835
1472,4294,1454,8709643,-8178651.0,-1.030630605E7,8420797,-1669766,8843921.960,-7359750
1473,889,423,12959248,7876232.0,-1.348334511E7,-12602369,12523245,-14002809.270,11765417
1474,3848,1846,-1062337,-1.3513138E7,-3707001.35,-14236368,5559649,-4626270.770,-6072090
1475,2939,521,4412216,-1897562.2,-9920.06,13630358,13107058,-9821958.550,-12035795
1476,11,1954,11364814,-7077878.0,-1.07474769E7,-14303253,-6077308,11201815.670,2208736
1477,1601,954,2928897,-3537677.2,1439057.31,4800195,14060745,-3034991.850,-3122674
1478,731,1676,-7847291,-5762984.5,-449666.06,-7659422,-12074747,-8818322.760,14214115
1479,2915,1154,-9240415,1009239.25,-3343533.7,12805166,4192493,-11182364.900,12719056
1480,212,2076,-13344349,4925278.0,6680254.01,10585351,-3466357,6587599.990,8514933
1481,615,2135,-5868523,1.141805E7,-9259483.45,-8575473,13927004,13111259.620,-2748488
1482,2434,2048,8053124,-3672053.5,-8330658.15,1134430,12920030,-12946812.970,14718184
1483,3556,715,2190654,1.4541293E7,-1.43271216E7,1766154,-12380877,-979322.680,1563109
1484,2246,563,-12692577,-1.1139873E7,1.011077325E7,5446021,11760626,10383257.600,-3281547
1485,1944,66,-13555356,9773743.0,1.478609212E7,5266592,12818969,-2389682.130,-14017269
1486,1111,1776,5427452,5286589.0,6331290.62,240262,9334057,-7170121.020,1689596
1487,2735,62,-9522541,-1.2998943E7,-3085067.54,1471208,14021138,-12920345.410,-4040780
1488,1558,786,12557020,-922727.4,-734776.99,-5484676,-6213568,5127495.640,9839418
1489,3649,1947,-2178008,-1.4525905E7,7866527.37,-6628911,3523997,-11240869.700,-10658496
1490,2903,1227,3323622,8973163.0,9988437.34,-9197449,-14810782,-14402437.880,12817104
1491,4122,710,3686487,-769264.2,1.214569363E7,1535682,-6733951,1178504.020,-14333152
1492,2220,2378,-9021140,-6582690.0,-2461523.22,-1316391,-13678324,2802268.680,3401001
1493,3907,2357,7810805,4914321.5,-1.404123022E7,-9836431,-5886613,-9277670.990,2723168
1494,4377,311,8215906,3510755.0,1.174460798E7,7626058,856076,-12870950.600,14278395
1495,1120,92,6372808,492638.66,-5412179.41,4307353,-7183961,8299551.160,6893498
1496,292,2268,3745861,1929789.6,-6695458.98,5568145,5165000,9710130.550,-10766890
1497,4,566,-4557558,7307934.5,1.089163808E7,399138,-13212821,9763115.960,-10623669
1498,3048,2368,-14446186,6558594.0,1.307656619E7,14590238,-10548076,-13753241.020,-4454162
1499,592,42,-10867566,-1.2684655E7,-1.033038418E7,6776990,4308518,5181515.020,-14234564
1500,2548,1987,7701049,7291815.0,-1.067011034E7,-12148775,-1917226,-11032827.250,10874038
1501,3533,303,-13024009,-1.4514665E7,5741082.72,11832733,-5522835,10333734.370,2198938
1502,3737,1412,-12250308,-1368327.4,8820893.97,7991815,11337895,10053713.990,-12617120
1503,4121,530,14583700,-1.1994421E7,5846015.16,-8958538,3320041,2035874.280,-6779579
1504,53,144,-6034930,4881782.0,-545036.48,5411484,-6292603,-12820260.980,-14478898
1505,2073,778,-10311335,-4374928.5,-1.476013578E7,-8533967,-2799259,64484.880,-11811937
1506,2504,288,-9763481,2872541.5,-1.238154184E7,-13334328,8944076,7450660.200,-13078426
1507,3848,1916,14402162,6438607.5,-2734315.98,-3536242,-10842276,-7481826.120,4615765
1508,2041,1438,-6147053,-1.2251028E7,1.112308607E7,-12728782,8829976,-4186376.590,-10085421
1509,701,2300,-11001864,-3137084.2,-4679892.35,7888067,-13849193,11139120.060,-9340419
1510,1657,2346,-4965003,1.006717E7,-6916919.95,-11008460,9804739,-10576084.470,919145
1511,2561,235,5567535,-1.1432301E7,9858441.08,-7049582,8586428,-11291373.180,7015217
1512,3793,1714,-6516862,-7640110.0,-3548778.31,718160,-14929247,-5753641.230,4228073
1513,1407,1137,-11286718,-7873663.5,-1.447800861E7,2442851,-1025316,14471862.590,14148779
1514,3999,2084,5412726,1.2350517E7,2395233.69,-10362195,-13861167,-3443334.480,-9299540
1515,1557,2324,5693097,-1.3231591E7,4736473.8,5485978,4171949,3427289.280,-8125064
1516,1825,1093,2239315,-2694541.5,1.37198075E7,-13056381,-14991526,-4103560.490,-13174852
1517,3141,1837,5580785,1.1846559E7,-5383299.58,2202618,-10944056,1860468.730,4854417
1518,2857,2298,-8675272,-1.0379863E7,8916526.62,-2899490,14698899,10130205.280,-1727811
1519,2669,2210,2713863,-4983511.0,3321197.5,897188,-6863330,-2264631.450,-9227147
1520,959,45,-7699763,-1696510.1,3409791.34,11806760,13931041,3580183.330,10911630
1521,3574,1547,4085787,-3181105.5,1.301030906E7,-1454980,-9979560,14422458.950,-8513740
1522,4004,757,9005731,-8456251.0,-1.065670605E7,8706693,-1726479,9144256.960,-7609674
1523,3787,1777,13398966,8143432.0,-1.394094511E7,-13030452,12948358,-14478186.270,12164826
1524,1398,2005,-1098088,-1.3971538E7,-3832601.35,-14719561,5748149,-4783380.770,-6277807
1525,3744,1012,4561686,-1961562.2,-9920.06,14092498,13551470,-10155076.550,-12443623
1526,261,2239,11749722,-7317878.0,-1.11114769E7,-14788083,-6283171,11581345.670,2283343
1527,1067,985,3028073,-3657677.2,1487857.31,4962891,14536766,-3137531.850,-3228059
1528,2181,1850,-8113044,-5958184.5,-464866.06,-7918472,-12483342,-9116453.260,14695211
1529,3081,817,-9552983,1043639.25,-3456333.7,13237877,4334047,-11560207.900,13149240
1530,809,375,-13795022,5091678.0,6905854.01,10943222,-3583595,6810076.990,8802532
1531,3127,1756,-6066380,1.180365E7,-9572283.45,-8864781,14397088,13553635.620,-2841501
1532,1594,1536,8324993,-3796053.5,-8611458.15,1172640,13356130,-13383567.470,15215024
1533,2049,2360,2264756,1.5031693E7,-1.48103216E7,1825742,-12798096,-1012060.180,1615710
1534,1522,1268,-13120109,-1.1515073E7,1.045157325E7,5629286,12156680,10732876.600,-3392162
1535,1514,988,-14012057,1.0102543E7,1.528369212E7,5443918,13250394,-2470232.130,-14489070
1536,552,27,5610039,5464189.0,6544090.62,248660,9647911,-7411696.520,1746627
1537,3907,1405,-9842431,-1.3435743E7,-3189067.54,1520470,14492844,-13354613.410,-4176636
1538,3860,2187,12979035,-953927.4,-759576.99,-5668719,-6422568,5299721.140,10169771
1539,2079,466,-2251195,-1.5013905E7,8130527.37,-6851237,3642609,-11618018.200,-11016448
1540,3809,1182,3435027,9273963.0,1.032363734E7,-9506218,-15307845,-14885977.880,13246990
1541,899,321,3810251,-794864.2,1.255289363E7,1587027,-6959601,1218126.520,-14814121
1542,2956,65,-9323465,-6803490.0,-2543923.22,-1360559,-14136895,2895958.180,3514831
1543,2562,862,8072270,5079121.5,-1.451163022E7,-10165806,-6083738,-9588580.490,2814123
1544,2908,909,8491198,3628355.0,1.213740798E7,7881293,885039,-13301496.100,14755968
1545,4503,598,6585625,509438.66,-5592979.41,4451572,-7424333,8577433.660,7123844
1546,2407,9,3870786,1994589.6,-6919458.98,5753926,5337400,10034770.550,-11126523
1547,3543,1491,-4709814,7551934.5,1.125563808E7,412279,-13654090,10089413.460,-10978334
1548,1451,616,-14928667,6777794.0,1.351336619E7,15077172,-10900401,-14212454.020,-4602933
1549,2833,1459,-11230369,-1.3107855E7,-1.067518418E7,7002932,4452268,5354576.520,-14709386
1550,4013,1150,7957565,7535015.0,-1.102611034E7,-12553570,-1981363,-11400548.250,11236357
1551,1268,196,-13457718,-1.4997865E7,5932282.72,12226814,-5706629,10677761.870,2271855
1552,3215,1998,-12658355,-1413927.4,9114493.97,8257890,11715220,10388247.990,-13037239
1553,3093,901,15068725,-1.2393621E7,6040415.16,-9256320,3430628,2103663.280,-7005213
1554,1789,1565,-6235853,5044182.0,-563436.48,5591614,-6501490,-13246711.480,-14960352
1555,1307,1175,-10653696,-4520528.5,-1.525053578E7,-8817161,-2892284,66598.880,-12204508
1556,2388,723,-10087591,2967741.5,-1.279274184E7,-13777237,9241101,7698062.700,-13512911
1557,2550,2156,14879956,6652207.5,-2824715.98,-3653822,-11202013,-7729959.620,4768698
1558,3806,1910,-6350992,-1.2657428E7,1.149188607E7,-13150527,9122451,-4325412.090,-10420148
1559,20,1577,-11366312,-3241084.2,-4835092.35,8149764,-14307931,11508365.560,-9650135
1560,3744,664,-5129650,1.040077E7,-7145719.95,-11372931,10129348,-10925989.970,949631
1561,1333,510,5751773,-1.1810701E7,1.018484108E7,-7282539,8870715,-11664870.680,7247186
1562,904,80,-6732371,-7892910.0,-3666378.31,741642,-15423143,-5943918.730,4368151
1563,4125,718,-11659620,-8133663.5,-1.495640861E7,2523809,-1058978,14949891.090,14616461
1564,1918,1936,5591773,1.2758517E7,2474433.69,-10704160,-14318917,-3556733.980,-9606434
1565,4575,140,5881054,-1.3668391E7,4892473.8,5667262,4309336,3540649.780,-8393509
1566,2368,1216,2312941,-2783341.5,1.41726075E7,-13487061,-15485869,-4238729.490,-13609110
1567,3861,1500,5764835,1.2236959E7,-5560899.58,2275147,-11304543,1922082.730,5014663
1568,1405,1260,-8961066,-1.0721463E7,9210126.62,-2995143,15183258,10463791.780,-1784735
1569,1099,1785,2803211,-5147511.0,3430797.5,926942,-7089143,-2339389.950,-9531080
1570,4427,1167,-7953000,-1752510.1,3521791.34,12195231,14389613,3698158.330,11270360
1571,4531,1582,4219802,-3285905.5,1.343830906E7,-1502812,-10307872,14896829.950,-8793645
1572,3714,59,9301819,-8733851.0,-1.100710605E7,8992588,-1783191,9444591.960,-7859598
1573,2039,733,13838684,8410632.0,-1.439854511E7,-13458536,13373470,-14953563.270,12564236
1574,3593,2165,-1133839,-1.4429938E7,-3958201.35,-15202755,5936649,-4940490.770,-6483524
1575,4549,1503,4711157,-2025562.2,-9920.06,14554638,13995883,-10488194.550,-12851452
1576,511,126,12134630,-7557878.0,-1.14754769E7,-15272914,-6489033,11960875.670,2357950
1577,534,1017,3127249,-3777677.2,1536657.31,5125587,15012787,-3240071.850,-3333445
1578,3631,2024,-8378797,-6153384.5,-480066.06,-8177522,-12891937,-9414583.760,15176307
1579,3247,479,-9865551,1078039.2,-3569133.7,13670588,4475601,-11938050.900,13579423
1580,1407,1072,-14245696,5258078.0,7131454.01,11301094,-3700832,7032553.990,9090131
1581,995,1377,-6264237,1.218925E7,-9885083.45,-9154088,14867172,13996011.620,-2934514
1582,754,1024,8596862,-3920053.5,-8892258.15,1210849,13792230,-13820321.970,15711865
1583,541,1607,2338858,1.5522093E7,-1.52935216E7,1885329,-13215314,-1044797.680,1668311
1584,798,1972,-13547640,-1.1890273E7,1.079237325E7,5812550,12552735,11082495.600,-3502777
1585,1084,1910,-14468758,1.0431343E7,1.578129212E7,5621244,13681819,-2550782.130,-14960871
1586,4637,676,5792627,5641789.0,6756890.62,257058,9961765,-7653272.020,1803659
1587,433,349,-10162321,-1.3872543E7,-3293067.54,1569732,14964550,-13788881.410,-4312493
1588,1518,1190,13401049,-985127.4,-784376.99,-5852762,-6631568,5471946.640,10500123
1589,509,1383,-2324383,-1.5501905E7,8394527.37,-7073563,3761222,-11995166.700,-11374401
1590,70,1137,3546432,9574763.0,1.065883734E7,-9814987,-15804907,-15369517.880,13676877
1591,2322,2330,3934015,-820464.2,1.296009363E7,1638372,-7185251,1257749.020,-15295090
1592,3693,149,-9625791,-7024290.0,-2626323.22,-1404728,-14595467,2989647.680,3628661
1593,1217,1765,8333736,5243921.5,-1.498203022E7,-10495181,-6280863,-9899489.990,2905078
1594,1439,1507,8766490,3745955.0,1.253020798E7,8136528,914001,-13732041.600,15233540
1595,3240,1103,6798443,526238.6,-5773779.41,4595790,-7664704,8855316.160,7354190
1596,4522,149,3995711,2059389.6,-7143458.98,5939707,5509800,10359410.550,-11486156
1597,2437,18,-4862070,7795934.5,1.161963808E7,425421,-14095358,10415710.960,-11332999
1598,4498,1261,-15411149,6996994.0,1.395016619E7,15564105,-11252726,-14671667.020,-4751703
1599,429,478,-11593172,-1.3531055E7,-1.101998418E7,7228874,4596018,5527638.020,-15184208
1600,833,313,8214081,7778215.0,-1.138211034E7,-12958364,-2045501,-11768269.250,11598676
1601,3648,90,-13891427,-1.5481065E7,6123482.72,12620895,-5890422,11021789.370,2344771
1602,2692,187,-13066402,-1459527.4,9408093.97,8523965,12092545,10722781.990,-13457358
1603,2066,1273,15553751,-1.2792821E7,6234815.16,-9554103,3541216,2171452.280,-7230847
1604,3525,587,-6436776,5206582.0,-581836.48,5771745,-6710378,-13673161.980,-15441806
1605,542,1573,-10996057,-4666128.5,-1.574093578E7,-9100355,-2985309,68712.880,-12597079
1606,2271,1158,-10411701,3062941.5,-1.320394184E7,-14220145,9538126,7945465.200,-13947395
1607,1253,2395,15357751,6865807.5,-2915115.98,-3771403,-11561751,-7978093.120,4921630
1608,926,2381,-6554931,-1.3063828E7,1.186068607E7,-13572272,9414926,-4464447.590,-10754876
1609,3984,854,-11730760,-3345084.2,-4990292.35,8411462,-14766668,11877611.060,-9959851
1610,1187,1381,-5294297,1.073437E7,-7374519.95,-11737403,10453957,-11275895.470,980118
1611,106,786,5936010,-1.2189101E7,1.051124108E7,-7515496,9155003,-12038368.180,7479155
1612,2661,843,-6947879,-8145710.0,-3783978.31,765124,-15917039,-6134196.230,4508229
1613,2197,300,-12032522,-8393664.0,-1.543480861E7,2604768,-1092641,15427919.590,15084143
1614,4483,1788,5770820,1.3166517E7,2553633.69,-11046125,-14776667,-3670133.480,-9913328
1615,2949,353,6069010,-1.4105191E7,5048473.8,5848546,4446724,3654010.280,-8661953
1616,2911,1339,2386566,-2872141.5,1.46254075E7,-13917742,-15980213,-4373898.490,-14043368
1617,4581,1164,5948886,1.2627359E7,-5738499.58,2347676,-11665031,1983696.730,5174908
1618,4597,223,-9246860,-1.1063063E7,9503726.62,-3090796,15667617,10797378.280,-1841659
1619,4174,1360,2892560,-5311511.0,3540397.5,956695,-7314955,-2414148.450,-9835013
1620,3249,2289,-8206237,-1808510.1,3633791.34,12583702,14848184,3816133.330,11629090
1621,843,1616,4353817,-3390705.5,1.386630906E7,-1550644,-10636185,15371200.950,-9073550
1622,3424,1760,9597907,-9011451.0,-1.135750605E7,9278484,-1839904,9744926.960,-8109522
1623,292,2087,14278402,8677832.0,-1.485614511E7,-13886619,13798583,-15428940.270,12963645
1624,1143,2324,-1169590,-1.4888338E7,-4083801.35,-15685948,6125149,-5097600.770,-6689241
1625,709,1994,4860627,-2089562.2,-9920.06,15016778,14440295,-10821312.550,-13259280
1626,761,411,12519538,-7797878.0,-1.18394769E7,-15757744,-6694896,12340405.670,2432557
1627,4645,1048,3226425,-3897677.2,1585457.31,5288283,15488808,-3342611.850,-3438830
1628,436,2198,-8644550,-6348584.5,-495266.06,-8436572,-13300532,-9712714.260,15657403
1629,3413,142,-10178119,1112439.2,-3681933.7,14103299,4617155,-12315893.900,14009607
1630,2004,1769,-14696369,5424478.0,7357054.01,11658965,-3818070,7255030.990,9377730
1631,3507,998,-6462094,1.257485E7,-1.019788345E7,-9443396,15337256,14438387.620,-3027527
1632,4559,512,8868731,-4044053.5,-9173058.15,1249059,14228330,-14257076.470,16208705
1633,3679,854,2412960,1.6012493E7,-1.57767216E7,1944917,-13632533,-1077535.180,1720912
1634,74,279,-13975172,-1.2265473E7,1.113317325E7,5995815,12948789,11432114.600,-3613392
1635,654,434,-14925459,1.0760143E7,1.627889212E7,5798570,14113244,-2631332.130,-15432672
1636,4078,1325,5975214,5819389.0,6969690.62,265456,10275619,-7894847.520,1860690
1637,1605,1692,-10482211,-1.4309343E7,-3397067.54,1618994,15436256,-14223149.410,-4448349
1638,3820,193,13823064,-1016327.4,-809176.99,-6036805,-6840568,5644172.140,10830476
1639,3584,2300,-2397570,-1.5989905E7,8658527.37,-7295889,3879834,-12372315.200,-11732353
1640,976,1092,3657837,9875563.0,1.099403734E7,-10123756,-16301970,-15853057.880,14106763
1641,3744,1941,4057779,-846064.2,1.336729363E7,1689717,-7410901,1297371.520,-15776059
1642,4429,234,-9928116,-7245090.0,-2708723.22,-1448896,-15054038,3083337.180,3742491
1643,4517,270,8595201,5408721.5,-1.545243022E7,-10824556,-6477988,-10210399.490,2996033
1644,4615,2105,9041782,3863555.0,1.292300798E7,8391763,942964,-14162587.100,15711113
1645,1978,1609,7011260,543038.6,-5954579.41,4740009,-7905076,9133198.660,7584536
1646,1992,288,4120636,2124189.8,-7367458.98,6125488,5682200,10684050.550,-11845789
1647,1331,943,-5014326,8039934.5,1.198363808E7,438562,-14536627,10742008.460,-11687664
1648,2901,1907,-15893630,7216194.0,1.438696619E7,16051039,-11605051,-15130880.020,-4900474
1649,2670,1895,-11955975,-1.3954255E7,-1.136478418E7,7454816,4739768,5700699.520,-15659030
1650,2298,1874,8470597,8021415.0,-1.173811034E7,-13363159,-2109638,-12135990.250,11960995
1651,1383,2381,-14325136,-1.5964265E7,6314682.72,13014976,-6074216,11365816.870,2417688
1652,2170,773,-13474449,-1505127.4,9701693.97,8790040,12469870,11057315.990,-13877477
1653,1038,1644,16038776,-1.3192021E7,6429215.16,-9851885,3651803,2239241.280,-7456481
1654,616,2008,-6637699,5368982.0,-600236.48,5951875,-6919265,-14099612.480,-15923260
1655,4421,1970,-11338418,-4811728.5,-1.623133578E7,-9383549,-3078334,70826.880,-12989650
1656,2155,1593,-10735811,3158141.5,-1.361514184E7,-14663054,9835151,8192867.700,-14381880
1657,4600,237,15835545,7079407.5,-3005515.98,-3888983,-11921488,-8226226.620,5074563
1658,2691,455,-6758870,-1.3470228E7,1.222948607E7,-13994017,9707401,-4603483.090,-11089603
1659,3303,131,-12095208,-3449084.2,-5145492.35,8673159,-15225406,12246856.560,-10269567
1660,3274,2097,-5458944,1.106797E7,-7603319.95,-12101874,10778566,-11625800.970,1010604
1661,3523,1061,6120248,-1.2567501E7,1.083764108E7,-7748453,9439290,-12411865.680,7711124
1662,4417,1607,-7163388,-8398510.0,-3901578.31,788606,-16410935,-6324473.730,4648307
1663,270,2279,-12405424,-8653664.0,-1.591320861E7,2685726,-1126303,15905948.090,15551825
1664,2402,1640,5949867,1.3574517E7,2632833.69,-11388090,-15234417,-3783532.980,-10220222
1665,1322,567,6256967,-1.4541991E7,5204473.8,6029830,4584111,3767370.780,-8930398
1666,3454,1462,2460192,-2960941.5,1.50782075E7,-14348422,-16474556,-4509067.490,-14477626
1667,656,827,6132936,1.3017759E7,-5916099.58,2420205,-12025518,2045310.730,5335154
1668,3145,1583,-9532654,-1.1404663E7,9797326.62,-3186449,16151976,11130964.780,-1898583
1669,2604,935,2981908,-5475511.0,3649997.5,986449,-7540768,-2488906.950,-10138946
1670,2072,1013,-8459474,-1864510.1,3745791.34,12972173,15306756,3934108.330,11987820
1671,1800,1651,4487832,-3495505.5,1.429430906E7,-1598476,-10964497,15845571.950,-9353455
